-7.259153113680704150e-01 2.551898866069657323e-01 2.028920867311601317e-01
-8.079323730253022973e-01 2.767802664679582803e-01 1.849190376684511639e-01
-8.864553579475135114e-01 2.975977831930479156e-01 1.657800736194671165e-01
-9.614007593423885556e-01 3.175526454658241793e-01 1.457476027360786464e-01
-1.032712365463068105e+00 3.365596845628925360e-01 1.251088708159318608e-01
-1.100356733137614285e+00 3.545380873795233034e-01 1.041613121410456255e-01
-1.164318309385480310e+00 3.714109675308507885e-01 8.320778676739144786e-02
-1.224594314214814794e+00 3.871047772503201645e-01 6.255179919105639808e-02
-1.281189497839121172e+00 4.015485715057433569e-01 4.249278855421881329e-02
-1.334110888911875570e+00 4.146731461806373864e-01 2.332157380520037335e-02
-1.383362657945158780e+00 4.264100839630173834e-01 5.316026293622570439e-03
-1.428941231212759622e+00 4.366907545790478240e-01 -1.126297521541840679e-02
-1.470830802133525239e+00 4.454453294068767555e-01 -2.617527570345244692e-02
-1.508999394410728501e+00 4.526018816579532866e-01 -3.920485421513075081e-02
-1.543395629306668404e+00 4.580856484320434685e-01 -5.016292458833897239e-02
-1.573946336193658757e+00 4.618185277734814242e-01 -5.889074626647836791e-02
-1.600555121886857224e+00 4.637188732245679512e-01 -6.526216366253557999e-02
-1.623101983062524623e+00 4.637016332451012190e-01 -6.918588390117008657e-02
-1.641444010401173825e+00 4.616788657859088874e-01 -7.060748901084447360e-02
-1.655417195172055100e+00 4.575606398233397210e-01 -6.951116213581412517e-02
-1.664839310106123182e+00 4.512563156916049034e-01 -6.592109061867040820e-02
-1.669513797982077330e+00 4.426761760605232854e-01 -5.990249372389773452e-02
-1.669234565105047752e+00 4.317333620392864724e-01 -5.156221035294589888e-02
-1.663791544022638735e+00 4.183460558896023862e-01 -4.104877392622420518e-02
-1.652976860793243574e+00 4.024398433117752916e-01 -2.855189974833378594e-02
-1.636591417274594340e+00 3.839501833651410845e-01 -1.430131515335085653e-02
-1.614451679504135928e+00 3.628249114138297204e-01 1.435126763340646011e-03
-1.586396451337209079e+00 3.390266981464338802e-01 1.835409454494874720e-02
-1.552293409612182984e+00 3.125353841154953072e-01 3.612021441107060582e-02
-1.512045183095161782e+00 2.833501049496982005e-01 5.437030316994797413e-02
-1.465594771192165524e+00 2.514911206492362328e-01 7.271838437042497938e-02
-1.412930119242126414e+00 2.170012666558872316e-01 9.076144866520684251e-02
-1.354087695228918031e+00 1.799469557862079794e-01 1.080858907578322037e-01
-1.289154948635715447e+00 1.404186779436312760e-01 1.242745246831075678e-01
-1.218271577053497978e+00 9.853096841290211183e-02 1.389140476702432903e-01
-1.141629580032915925e+00 5.442184527382214893e-02 1.516027926699611283e-01
-1.059472138747630909e+00 8.251749908905285300e-03 1.619585852712540075e-01
-9.720914169470182831e-01 -3.979794314939429783e-02 1.696265071484031051e-01
-8.798254257393587352e-01 -8.952675520216224481e-02 1.742863670782295316e-01
-7.830541264966895953e-01 -1.407171634381524095e-01 1.756596891656372339e-01
-6.821949600484087384e-01 -1.931367778749522035e-01 1.735160420457514674e-01
-5.776979874333068032e-01 -2.465405235624357483e-01 1.676785507538282594e-01
-4.700408128093000459e-01 -3.006727283590326372e-01 1.580284552771446249e-01
-3.597234394703611171e-01 -3.552690367867170074e-01 1.445086064555502203e-01
-2.472631901740892924e-01 -4.100580949979132916e-01 1.271258191755574862e-01
-1.331898036544401920e-01 -4.647629766116889161e-01 1.059520336234053561e-01
-1.804079801687418633e-02 -5.191023420961256019e-01 8.112426806795987322e-02
9.764283182166624830e-02 -5.727913451464250461e-01 5.284338050167961681e-02
2.133205384380954805e-01 -6.255423181677957079e-01 2.137168849442134047e-02
3.284557429774151993e-01 -6.770652849303109289e-01 -1.297047601761196732e-02
4.425189428897826072e-01 -7.270683603493817149e-01 -4.980917836395058751e-02
5.549904073696314555e-01 -7.752581045415828376e-01 -8.872214378532647383e-02
6.653624696618204437e-01 -8.213399019991605154e-01 -1.292447439768965589e-01
7.731414325106613639e-01 -8.650184384053163367e-01 -1.708765740369938835e-01
8.778491130624810346e-01 -9.059983475127562080e-01 -2.130884860863493380e-01
9.790240701019150560e-01 -9.439850982667485901e-01 -2.553299526584340562e-01
1.076222579540423885e+00 -9.786861878960252392e-01 -2.970366463884451802e-01
1.169019449128899435e+00 -1.009812699854895524e+00 -3.376381397891837222e-01
1.257008784833551607e+00 -1.037081275931851732e+00 -3.765656464143026794e-01
1.339804835924672144e+00 -1.060216539901099209e+00 -4.132597401275439064e-01
1.417043052544813442e+00 -1.078953996973549989e+00 -4.471780014647593338e-01
1.488381487396343017e+00 -1.093043419790153958e+00 -4.778025477783052755e-01
1.553502660710264438e+00 -1.102252717296560380e+00 -5.046474050770153319e-01
1.612115983997382207e+00 -1.106372266343148780e+00 -5.272656738087160289e-01
1.663960804026997087e+00 -1.105219666464632100e+00 -5.452564300685561749e-01
1.708810086331837619e+00 -1.098644855889641114e+00 -5.582712903403533877e-01
1.746474710924829532e+00 -1.086535501619255495e+00 -5.660205540263485435e-01
1.776808305812164646e+00 -1.068822548975664644e+00 -5.682788252548176544e-01
1.799712498924196158e+00 -1.045485787556618140e+00 -5.648900043446362096e-01
1.815142428162390908e+00 -1.016559262644202155e+00 -5.557715299798274833e-01
1.823112315639872083e+00 -9.821363356427422753e-01 -5.409177468907975239e-01
1.823700889088648580e+00 -9.423741760662518452e-01 -5.204022732041201360e-01
1.817056420367660241e+00 -8.974974527585163342e-01 -4.943792480635566533e-01
1.803401143873055723e+00 -8.478009847340549632e-01 -4.630833519786851094e-01
1.783034812363991195e+00 -7.936511134682199264e-01 -4.268285063666805712e-01
1.756337143763778474e+00 -7.354855703469383998e-01 -3.860051736765497399e-01
1.723768913322284213e+00 -6.738116375764102717e-01 -3.410761973598592789e-01
1.685871456041875494e+00 -6.092024398633127946e-01 -2.925711450414466008e-01
1.643264367835393758e+00 -5.422912578854723886e-01 -2.410791504947851494e-01
1.596641231360544921e+00 -4.737638222744798289e-01 -1.872402903240895367e-01
1.546763243370717245e+00 -4.043486267853123595e-01 -1.317355784161647891e-01
1.494450683980576455e+00 -3.348053875044317285e-01 -7.527571370967416076e-02
1.440572243293088972e+00 -2.659118651933188859e-01 -1.858877179106719485e-02
1.386032305041088319e+00 -1.984493537184399414e-01 3.759291666451347602e-02
1.331756376199085823e+00 -1.331872126170306481e-01 9.254641290786368157e-02
1.278674940257285231e+00 -7.086687930932097923e-02 1.455720213981733513e-01
1.227706093667503717e+00 -1.218583087949506698e-02 1.960070031036618976e-01
1.179737394005617057e+00 4.221802374701082855e-02 2.432388005690070409e-01
1.135607400757814966e+00 9.178104880095791507e-02 2.867174296406689860e-01
1.096087424441702263e+00 1.360272344886626072e-01 3.259667096267991337e-01
1.061864017772224722e+00 1.745797836333890796e-01 3.605940303465411390e-01
1.033522743927023368e+00 2.071705643632346938e-01 3.902983902042828634e-01
1.011533741228125116e+00 2.336471159903187877e-01 4.148764839007527683e-01
9.962395705432519621e-01 2.539769567683724527e-01 4.342266701928859662e-01
9.878457807324564355e-01 2.682490105822744053e-01 4.483507062462450121e-01
9.864145566828119716e-01 2.766720470345603311e-01 4.573531925410133647e-01
9.918617219728655954e-01 2.795701171349432856e-01 4.614387297046366743e-01
1.003957254473411664e+00 2.773750629505185028e-01 4.609068469757831576e-01
1.022329343975730831e+00 2.706162785909697055e-01 4.561448218798883625e-01
1.046471888441413922e+00 2.599079932102907886e-01 4.476185689729756390e-01
1.075755205391194513e+00 2.459344253868630537e-01 4.358618259794271865e-01
1.109439639935788202e+00 2.294332169904244878e-01 4.214639041033049205e-01
1.146691685284331852e+00 2.111775926447282958e-01 4.050562962736178885e-01
1.186602191820521846e+00 1.919577097580388580e-01 3.872984550136120974e-01
1.228206220444535868e+00 1.725616673384458288e-01 3.688630614265878127e-01
1.270504088180939961e+00 1.537566351481376714e-01 3.504211083715003117e-01
1.312483153166677408e+00 1.362705533203081021e-01 3.326271152656266050e-01
1.353139887833629817e+00 1.207748373287469423e-01 3.161047817005247507e-01
1.391501791381248188e+00 1.078685012557984157e-01 3.014333751663389460e-01
1.426648695449350912e+00 9.806408067356849056e-02 2.891351362202835285e-01
1.457733022247330146e+00 9.177569517423132817e-02 2.796639712612994377e-01
1.483998565901207156e+00 8.930954204484137238e-02 2.733956854071453169e-01
1.504797387956463117e+00 9.085705859153905828e-02 2.706199831346304818e-01
1.519604445995994979e+00 9.649093143393194794e-02 2.715344321272479822e-01
1.528029608301366471e+00 1.061640665342286488e-01 2.762405470412790387e-01
1.529826748105207024e+00 1.197115634316558430e-01 2.847421043060187063e-01
1.524899661182775645e+00 1.368556606882163906e-01 2.969457452131949449e-01
1.513304612402678551e+00 1.572135380424488638e-01 3.126638624539664346e-01
1.495249390364076891e+00 1.803077778622804994e-01 3.316196984752574628e-01
1.471088833049422728e+00 2.055792088928609096e-01 3.534545182575801192e-01
1.441316879530416761e+00 2.324017827100967881e-01 3.777366584047702758e-01
1.406555300250988516e+00 2.600990703530455805e-01 4.039722001715593813e-01
1.367539357159868185e+00 2.879619162054170567e-01 4.316169677961155249e-01
1.325100740269260502e+00 3.152667511956205315e-01 4.600895184995894005e-01
1.280148214514222227e+00 3.412940493006350051e-01 4.887847699568428350e-01
1.233646485851903840e+00 3.653464105794279049e-01 5.170879058367109371e-01
1.186593854974327344e+00 3.867657704756685688e-01 5.443882082385019805e-01
1.139999269231872336e+00 4.049492679212971513e-01 5.700924844414386738e-01
1.094859407997100131e+00 4.193633521691030319e-01 5.936377824123169056e-01
1.052136441935769717e+00 4.295557692553104157e-01 6.145031243099687845e-01
1.012737087941498304e+00 4.351651432408385478e-01 6.322200283409131760e-01
9.774935339281622948e-01 4.359279539403880244e-01 6.463816333679531789e-01
9.471467302407372557e-01 4.316828087991815832e-01 6.566502836751039185e-01
9.223324421397235406e-01 4.223720066208982438e-01 6.627634714436851926e-01
9.035703397319971852e-01 4.080404880884567209e-01 6.645380731908699934e-01
8.912562771212187984e-01 3.888323558047284689e-01 6.618728558330423395e-01
8.856577889942759407e-01 3.649852199861317037e-01 6.547492679302099328e-01
8.869127174321231877e-01 3.368226813958148380e-01 6.432305692289546073e-01
8.950307815547695611e-01 3.047452976220832443e-01 6.274593841896998203e-01
9.098978225353309135e-01 2.692203913344451416e-01 6.076537926312937099e-01
9.312823977276819543e-01 2.307710525855598827e-01 5.841020947011670295e-01
9.588443592915835145e-01 1.899646675156778652e-01 5.571564091158579535e-01
9.921450330387906469e-01 1.474012782725913628e-01 5.272252823398299038e-01
1.030658608855470781e+00 1.037020459178638193e-01 4.947655009328412179e-01
1.073784360436480734e+00 5.949805030161518793e-02 4.602733089226819785e-01
1.120859326450612370e+00 1.541962051745621003e-02 4.242752358914862465e-01
1.171171108721360321e+00 -2.791364939838484813e-02 3.873187380312009820e-01
1.223970478722781197e+00 -6.990207960240410467e-02 3.499628419787967348e-01
1.278483532353210217e+00 -1.099741899055445143e-01 3.127689594470616785e-01
1.333923190134403969e+00 -1.475940338146752573e-01 2.762920124082050566e-01
1.389499898739717354e+00 -1.822675543394980946e-01 2.410719792527185046e-01
1.444431444918895080e+00 -2.135479637330365554e-01 2.076259470727387646e-01
1.497951842013523605e+00 -2.410401729068585575e-01 1.764407369331678910e-01
1.549319291271312071e+00 -2.644043119125896180e-01 1.479661577252334992e-01
1.597823254760401657e+00 -2.833583906590758095e-01 1.226089373994195264e-01
1.642790703817806452e+00 -2.976801513659754761e-01 1.007273749220564951e-01
1.683591625693597438e+00 -3.072081639309616197e-01 8.262675105833003353e-02
1.719643879536632447e+00 -3.118422134759553099e-01 6.855553229820583738e-02
1.750417490431297463e+00 -3.115430251600455058e-01 5.870240113660299408e-02
1.775438458611024783e+00 -3.063313645174755018e-01 5.319414649081755792e-02
1.794292143080996382e+00 -2.962865432083366390e-01 5.209444765330814575e-02
1.806626257251906731e+00 -2.815443516844080007e-01 5.540358144609353053e-02
1.812153491439105313e+00 -2.622944326748313237e-01 6.305907390686801839e-02
1.810653755491544281e+00 -2.387771031021968804e-01 7.493730523709959956e-02
1.801976015156265376e+00 -2.112796281142424182e-01 9.085606179565576535e-02
1.786039677639555068e+00 -1.801319506971970630e-01 1.105780134848364932e-01
1.762835464907513749e+00 -1.457018844881300956e-01 1.338150791065729761e-01
1.732425698308665218e+00 -1.083897860775796945e-01 1.602336249956225200e-01
1.694943907085627810e+00 -6.862273689993224346e-02 1.894604223524944397e-01
1.650593668720865992e+00 -2.684828417909179699e-02 2.210892661878120224e-01
1.599646592165699488e+00 1.647218590580332154e-02 2.546881352007027144e-01
1.542439365610762891e+00 6.087034393616213429e-02 2.898067496867977599e-01
1.479369808507144946e+00 1.058779570811005794e-01 3.259843656591319694e-01
1.410891894498839561e+00 1.510339241898699669e-01 3.627576291740325920e-01
1.337509749128135583e+00 1.958911378571078499e-01 3.996683073513418449e-01
1.259770672306272266e+00 2.400229937660253166e-01 4.362707138108405935e-01
1.178257286576778196e+00 2.830293677261700447e-01 4.721386562903424622e-01
1.093578962701968971e+00 3.245418950939883418e-01 5.068717509556379675e-01
1.006362717609363022e+00 3.642284155997097539e-01 5.401009692757250402e-01
9.172438100550123208e-01 4.017964854308659906e-01 5.714933085706277449e-01
8.268562736103962640e-01 4.369959027946654362e-01 6.007555063335205947e-01
7.358236261918614796e-01 4.696202386473183332e-01 6.276367510935072502e-01
6.447499834839581778e-01 4.995074061875615645e-01 6.519303781793034380e-01
5.542117826772978706e-01 5.265393361674048922e-01 6.734745743524117589e-01
4.647502949316881793e-01 5.506408475077730902e-01 6.921521463839930277e-01
3.768650724036431976e-01 5.717778152472667852e-01 7.078894325494254902e-01
2.910084409461295429e-01 5.899547431724062596e-01 7.206544533211235448e-01
2.075811140770816854e-01 6.052118483999908705e-01 7.304544101943832857e-01
1.269289684074411395e-01 6.176217607105286556e-01 7.373326506553554704e-01
4.934098658781375935e-02 6.272859319181853799e-01 7.413652220812141369e-01
-2.495165767338167195e-02 6.343308420965875216e-01 7.426571358836629999e-01
-9.577542551866675968e-02 6.389040822777822815e-01 7.413384544425197786e-01
-1.630132254552191795e-01 6.411703887913476896e-01 7.375602989663849751e-01
-2.266023063344324295e-01 6.413077027357007021e-01 7.314908598974221299e-01
-2.865313396696331227e-01 6.395033271884297266e-01 7.233114762852284052e-01
-3.428368124384435500e-01 6.359502514675041684e-01 7.132128387679177450e-01
-3.955988600182520076e-01 6.308437041390549949e-01 7.013913628240224796e-01
-4.449366725330364813e-01 6.243779853174120653e-01 6.880457737937177853e-01
-4.910036063689340868e-01 6.167436161827436480e-01 6.733739411075430059e-01
-5.339821259972932221e-01 6.081248310932509948e-01 6.575699948349207347e-01
-5.740786898136244210e-01 5.986974259593549341e-01 6.408217528325187429e-01
-6.115186788108911697e-01 5.886269658213406641e-01 6.233084819607609406e-01
-6.465414507770013142e-01 5.780673444156170238e-01 6.051990121705962400e-01
-6.793955866900704965e-01 5.671596789602375566e-01 5.866502171314007530e-01
-7.103343800769079674e-01 5.560315158379581790e-01 5.678058689216911592e-01
-7.396116046338356842e-01 5.447963184928875657e-01 5.487958673165279633e-01
-7.674775819488779405e-01 5.335532065548617142e-01 5.297358371917231246e-01
-7.941755614341646785e-01 5.223869134155975091e-01 5.107270812247877156e-01
-8.199384193550129929e-01 5.113679296447158906e-01 4.918568693132633340e-01
-8.449856827789480329e-01 5.005528043713197706e-01 4.731990403689348423e-01
-8.695208863043213388e-01 4.899845850330588615e-01 4.548148858014300910e-01
-8.937292734089206103e-01 4.796933832716397950e-01 4.367542762172313409e-01
-9.177758590898879021e-01 4.696970583260946519e-01 4.190569829453060779e-01
-9.418038747704592373e-01 4.600020101427545471e-01 4.017541350306394476e-01
-9.659336185464282298e-01 4.506040754448918939e-01 3.848697432590763023e-01
-9.902617322980623582e-01 4.414895224368703408e-01 3.684222185466179966e-01
-1.014860921384396875e+00 4.326361421648790562e-01 3.524258140505386327e-01
-1.039780122940037410e+00 4.240144340598188122e-01 3.368919284170127648e-01
-1.065045116312669959e+00 4.155888782767454548e-01 3.218302206199191717e-01
-1.090659555523164626e+00 4.073192791114471079e-01 3.072495032624895650e-01
-1.116606390767062029e+00 3.991621549810863701e-01 2.931583982229756802e-01
-1.142849635442136913e+00 3.910721444660157364e-01 2.795657527989644509e-01
-1.169336427374561671e+00 3.830033963385214291e-01 2.664808246279255499e-01
-1.195999327690874026e+00 3.749109131408232543e-01 2.539132508632742091e-01
-1.222758798156275750e+00 3.667518203217257078e-01 2.418728229212172010e-01
-1.249525797539421612e+00 3.584865355062691883e-01 2.303690928506546276e-01
-1.276204439054072992e+00 3.500798161212571591e-01 2.194108409012019145e-01
-1.302694653486015097e+00 3.415016687830016440e-01 2.090054365003157222e-01
-1.328894805195185214e+00 3.327281095813585665e-01 1.991581272050231277e-01
-1.354704209432382234e+00 3.237417686560691288e-01 1.898712933072345121e-01
-1.380025499028388003e+00 3.145323336803753089e-01 1.811437103053327446e-01
-1.404766788147228773e+00 3.050968257517656657e-01 1.729698655611835167e-01
-1.428843582783937194e+00 2.954397000912710736e-01 1.653393756330742148e-01
-1.452180392986195168e+00 2.855727640083912111e-01 1.582365460512047128e-01
-1.474712009543819091e+00 2.755149050193138605e-01 1.516401084139439859e-01
-1.496384417157738289e+00 2.652916223346287738e-01 1.455231635238254106e-01
-1.517155327074255489e+00 2.549343563445031768e-01 1.398533543269016854e-01
-1.536994325093109737e+00 2.444796149312580269e-01 1.345932873206096281e-01
-1.555882644688448613e+00 2.339679033118634843e-01 1.297012138140971327e-01
-1.573812588362783815e+00 2.234424755404237628e-01 1.251319711541100110e-01
-1.590786632752514640e+00 2.129479394828034944e-01 1.208381686763421725e-01
-1.606816263961291735e+00 2.025287603025592020e-01 1.167715859759999725e-01
-1.621920598050530682e+00 1.922277172416263502e-01 1.128847354154531302e-01
-1.636124846559377399e+00 1.820843731011892730e-01 1.091325292940422825e-01
-1.649458687968763382e+00 1.721336155333361151e-01 1.054739862263932293e-01
-1.661954603415325193e+00 1.624043249567384828e-01 1.018739108813017241e-01
-1.673646229804560903e+00 1.529182157582127666e-01 9.830448496016871984e-02
-1.684566777490240419e+00 1.436888850302437681e-01 9.474671404073189973e-02
-1.694747553923206418e+00 1.347210876342643249e-01 9.119168465192735440e-02
-1.704216628691434421e+00 1.260102416548504467e-01 8.764159851407384016e-02
-1.712997668409048213e+00 1.175421581332434517e-01 8.411056463485716561e-02
-1.721108962486295191e+00 1.092929839908600154e-01 8.062514199331267950e-02
-1.728562654439559143e+00 1.012293451341810813e-01 7.722463276245870867e-02
-1.735364188989032552e+00 9.330867623506475250e-02 7.396112642329974451e-02
-1.741511982674985415e+00 8.547972486407752479e-02 7.089928941978847210e-02
-1.746997324940300578e+00 7.768322040705220866e-02 6.811588718203807902e-02
-1.751804517196549948e+00 6.985270041699169485e-02 6.569902058202674311e-02
-1.755911257436498119e+00 6.191548658661581023e-02 6.374706004152197458e-02
-1.759289274331160113e+00 5.379379942829316114e-02 6.236726709428353638e-02
-1.761905205857174028e+00 4.540599700043174841e-02 6.167410370255064361e-02
-1.763721705288748387e+00 3.666792088879507194e-02 6.178724314011350277e-02
-1.764698745456577900e+00 2.749433311301755292e-02 6.282931142477087005e-02
-1.764795082859115016e+00 1.780042936152774480e-02 6.492340267841671675e-02
-1.763969837123999129e+00 7.503414008737201851e-03 6.819042352314726163e-02
-1.762184137815527851e+00 -3.475881513089429560e-03 7.274633062645682879e-02
-1.759402788167134801e+00 -1.521136289747958281e-02 7.869933256679602362e-02
-1.755595893288010245e+00 -2.777005421859806214e-02 8.614713248924807387e-02
-1.750740399900679201e+00 -4.121053807180732192e-02 9.517429130608964782e-02
-1.744821497095777607e+00 -5.558150131614557343e-02 1.058497922838821520e-01
-1.737833833073284984e+00 -7.092043485238927469e-02 1.182248858744534836e-01
-1.729782510922492467e+00 -8.725253298848480166e-02 1.323312866368430984e-01
-1.720683836547166390e+00 -1.045898298229061829e-01 1.481797810038739394e-01
-1.710565802333819496e+00 -1.229305984922316047e-01 1.657592874825072060e-01
-1.699468299165477259e+00 -1.422590273316351461e-01 1.850363934883641204e-01
-1.687443056236947792e+00 -1.625451771116764033e-01 2.059553776590920260e-01
-1.674553313454752335e+00 -1.837452155973886836e-01 2.284387129107498249e-01
-1.660873235535900161e+00 -2.058019194257031670e-01 2.523880333973840262e-01
-1.646487080333199682e+00 -2.286454293714149655e-01 2.776855392139651046e-01
-1.631488136791329868e+00 -2.521942436898657602e-01 3.041958070782316836e-01
-1.615977451256104702e+00 -2.763564335565391605e-01 3.317679714112790057e-01
-1.600062365522807895e+00 -3.010310620555767258e-01 3.602382348265737444e-01
-1.583854896046224425e+00 -3.261097829561581118e-01 3.894326587823348507e-01
-1.567469990338286268e+00 -3.514785890440159100e-01 4.191701754315533823e-01
-1.551023702595352383e+00 -3.770196733484247886e-01 4.492657517935909062e-01
-1.534631334778019829e+00 -4.026133604016062240e-01 4.795336273328463794e-01
-1.518405590980411723e+00 -4.281400590682131746e-01 5.097905368506946422e-01
-1.502454792455615529e+00 -4.534821849936332971e-01 5.398588255140079895e-01
-1.486881198962922257e+00 -4.785260008104222917e-01 5.695693648676827259e-01
-1.471779478814357223e+00 -5.031633259388820223e-01 5.987641878582962152e-01
-1.457235363873717882e+00 -5.272930741638440777e-01 6.272987753696378510e-01
-1.443324516522768164e+00 -5.508225854089796591e-01 6.550439448352334271e-01
-1.430111624737705922e+00 -5.736687275337607472e-01 6.818873110941406912e-01
-1.417649731203290964e+00 -5.957587533395172219e-01 7.077343077691248263e-01
-1.405979794501685864e+00 -6.170309063601674415e-01 7.325087719607517034e-01
-1.395130475173033124e+00 -6.374347764718552023e-01 7.561531064138450331e-01
-1.385118136290419910e+00 -6.569314132531403061e-01 7.786280430668514052e-01
-1.375947046534646168e+00 -6.754932114091937168e-01 7.999120405205656370e-01
-1.367609772966354775e+00 -6.931035885357330617e-01 8.200003552545248597e-01
-1.360087749672535207e+00 -7.097564812961972835e-01 8.389038326530675604e-01
-1.353352006273459196e+00 -7.254556912041895123e-01 8.566474692627527032e-01
-1.347364037284162208e+00 -7.402141141751895637e-01 8.732688015596776765e-01
-1.342076791024719107e+00 -7.540528880583237115e-01 8.888161780453656124e-01
-1.337435756377675755e+00 -7.670004904545215663e-01 9.033469703498895331e-01
-1.333380127085765698e+00 -7.790918164386397837e-01 9.169257752584523136e-01
-1.329844025179744760e+00 -7.903672620018550310e-01 9.296226536028980858e-01
-1.326757766133253469e+00 -8.008718334517975768e-01 9.415114444575997110e-01
-1.324049147943296534e+00 -8.106542965775000997e-01 9.526681848482606574e-01
-1.321644744854472586e+00 -8.197663738050939841e-01 9.631696568944486669e-01
-1.319471184458898660e+00 -8.282619930038844780e-01 9.730920759188986802e-01
-1.317456385172564692e+00 -8.361965867902616534e-01 9.825099238622799769e-01
-1.315530730747177746e+00 -8.436264361429457459e-01 9.914949228803562331e-01
-1.313628160398542688e+00 -8.506080492167467089e-01 1.000115137258009490e+00
-1.311687157002618065e+00 -8.571975672790695944e-01 1.008434190492945248e+00
-1.309651620464533872e+00 -8.634501936234312280e-01 1.016510587861185533e+00
-1.307471617855509249e+00 -8.694196456678960905e-01 1.024397140053003419e+00
-1.305104005693397351e+00 -8.751576340386688635e-01 1.032140488619544660e+00
-1.302512922438368026e+00 -8.807133753748869198e-01 1.039780738370116309e+00
-1.299670150786578438e+00 -8.861331476209162172e-01 1.047351204903913313e+00
-1.296555349765917020e+00 -8.914598968139365587e-01 1.054878286422700873e+00
-1.293156156111070043e+00 -8.967329026167578654e-01 1.062381467508111355e+00
-1.289468153221471569e+00 -9.019875071697359692e-01 1.069873459090367573e+00
-1.285494704561275237e+00 -9.072549095536243113e-01 1.077360474667719892e+00
-1.281246647165928731e+00 -9.125620266259892865e-01 1.084842639008458898e+00
-1.276741841088236296e+00 -9.179314196902305101e-01 1.092314521611145395e+00
-1.272004573466404720e+00 -9.233812848190200429e-01 1.099765781959536337e+00
-1.267064821731915147e+00 -9.289255027542240306e-01 1.107181907375671459e+00
-1.261957388123873480e+00 -9.345737428895357635e-01 1.114545018978493118e+00
-1.256720925254815935e+00 -9.403316156035455009e-01 1.121834718554845622e+00
-1.251396878641327204e+00 -9.462008678585860366e-01 1.129028949286688288e+00
-1.246028376779022340e+00 -9.521796173649046402e-01 1.136104845472872160e+00
-1.240659103091558357e+00 -9.582626198447342647e-01 1.143039549243183739e+00
-1.235332187138074911e+00 -9.644415621205701949e-01 1.149810974278182796e+00
-1.230089154201252866e+00 -9.707053719409353132e-01 1.156398497363356759e+00
-1.224968971502114146e+00 -9.770405351628956847e-01 1.162783559558408841e+00
-1.220007224757295061e+00 -9.834314130578772906e-01 1.168950161371627328e+00
-1.215235450821561036e+00 -9.898605562855551376e-01 1.174885240518544371e+00
-1.210680641938789437e+00 -9.963090153795197690e-01 1.180578925421632119e+00
-1.206364926151036299e+00 -1.002756648991076416e+00 1.186024661988769102e+00
-1.202305418468235132e+00 -1.009182430935550379e+00 1.191219215466074788e+00
-1.198514230051452190e+00 -1.015564756191474682e+00 1.196162553004395113e+00
-1.194998618164215154e+00 -1.021881744782703771e+00 1.200857615856182337e+00
-1.191761256832069016e+00 -1.028111541135185991e+00 1.205309993789525747e+00
-1.188800605517862152e+00 -1.034232605904729319e+00 1.209527519393286621e+00
-1.186111350222258887e+00 -1.040223998221933677e+00 1.213519805817185881e+00
-1.183684889480768998e+00 -1.046065648031611728e+00 1.217297756111760609e+00
-1.181509838362181153e+00 -1.051738618944539905e+00 1.220873074007978509e+00
-1.179572526889852258e+00 -1.057225361183055989e+00 1.224257804413182660e+00
-1.177857474053084941e+00 -1.062509952619913989e+00 1.227463927953587497e+00
-1.176347823624398270e+00 -1.067578324190732175e+00 1.230503028631116935e+00
-1.175025732709208626e+00 -1.072418464137999461e+00 1.233386047673495023e+00
-1.173872707897585466e+00 -1.077020593967565221e+00 1.236123130131066894e+00
-1.172869887435749270e+00 -1.081377308272879478e+00 1.238723563920241855e+00
-1.171998272057635404e+00 -1.085483670783174093e+00 1.241195804254640933e+00
-1.171238911915377434e+00 -1.089337259886878240e+00 1.243547570474539787e+00
-1.170573060557346556e+00 -1.092938158623813161e+00 1.245785997970805914e+00
-1.169982307644947594e+00 -1.096288886656487271e+00 1.247917825268874292e+00
-1.169448700475331338e+00 -1.099394274153954187e+00 1.249949594760895843e+00
-1.168954861578628712e+00 -1.102261279456899334e+00 1.251887844854214338e+00
-1.168484106420010660e+00 -1.104898754669713323e+00 1.253739272044415820e+00
-1.168020562061589551e+00 -1.107317166514804052e+00 1.255510844291274797e+00
-1.167549285277935445e+00 -1.109528283135606141e+00 1.257209852259789873e+00
-1.167056377796460875e+00 -1.111544839983900301e+00 1.258843891843517415e+00
-1.166529097181830732e+00 -1.113380199224653033e+00 1.260420778561768040e+00
-1.165955963664010664e+00 -1.115048017467155095e+00 1.261948400800349646e+00
-1.165326864629758763e+00 -1.116561935906827951e+00 1.263434523771968188e+00
-1.164633158616594555e+00 -1.117935304661680673e+00 1.264886558629474411e+00
-1.163867779477419928e+00 -1.119180949329039665e+00 1.266311311021023789e+00
-1.163025339474409003e+00 -1.120310983463062904e+00 1.267714721895562890e+00
-1.162102227803005317e+00 -1.121336666733166565e+00 1.269101612625120667e+00
-1.161096698690123219e+00 -1.122268305529647181e+00 1.270475447297798599e+00
-1.160008941450360931e+00 -1.123115190955752185e+00 1.271838126525695056e+00
-1.158841124767097108e+00 -1.123885568375174504e+00 1.273189827891250347e+00
-1.157597409203185768e+00 -1.124586632653193696e+00 1.274528907080147100e+00
-1.156283924369499561e+00 -1.125224543837517022e+00 1.275851870359801188e+00
-1.154908708858294331e+00 -1.125804459482233177e+00 1.277153423752368511e+00
-1.153481611611143709e+00 -1.126330582030178773e+00 1.278426598037507800e+00
-1.152014153657100692e+00 -1.126806221670813901e+00 1.279662942733500453e+00
-1.150519350166987032e+00 -1.127233875552696940e+00 1.280852777328144843e+00
-1.149011494712889769e+00 -1.127615322729463632e+00 1.281985484765553629e+00
-1.147505909807042812e+00 -1.127951731674016633e+00 1.283049830621515452e+00
-1.146018669557941738e+00 -1.128243774886007689e+00 1.284034291286391127e+00
-1.144566301591814383e+00 -1.128491743647988432e+00 1.284927375528071014e+00
-1.143165476561835758e+00 -1.128695655306884538e+00 1.285717925861336708e+00
-1.141832694707422435e+00 -1.128855345599759197e+00 1.286395389182970472e+00
-1.140583979800902314e+00 -1.128970540032305347e+00 1.286950050127378509e+00
-1.139434591041431633e+00 -1.129040901494952287e+00 1.287373225244800468e+00
-1.138398762541199094e+00 -1.129066055228281629e+00 1.287657420478059089e+00
-1.137489477731302268e+00 -1.129045595031861637e+00 1.287796457085367274e+00
-1.136718282906567623e+00 -1.128979075252633635e+00 1.287785570954011360e+00
-1.136095141525109264e+00 -1.128865992413387032e+00 1.287621487187443847e+00
-1.135628329383615576e+00 -1.128705759599913261e+00 1.287302467612710943e+00
-1.135324369666852018e+00 -1.128497676221773105e+00 1.286828326053502058e+00
-1.135188005276797973e+00 -1.128240895467158555e+00 1.286200406320977097e+00
-1.135222204077783514e+00 -1.127934392159122057e+00 1.285421520272655105e+00
-1.135428191475001292e+00 -1.127576935048018703e+00 1.284495846866994029e+00
-1.135805504002236122e+00 -1.127167068919087800e+00 1.283428797461121595e+00
-1.136352056977453451e+00 -1.126703111708957650e+00 1.282226856746581545e+00
-1.137064219178444358e+00 -1.126183169456339339e+00 1.280897410941634229e+00
-1.137936888468088714e+00 -1.125605168012512314e+00 1.279448574324884014e+00
-1.138963564303073106e+00 -1.124966896239948833e+00 1.277889022711195421e+00
-1.140136415721155982e+00 -1.124266052584613984e+00 1.276227839418164089e+00
-1.141446346276934420e+00 -1.123500287235994044e+00 1.274474376847899659e+00
-1.142883059727988870e+00 -1.122667235931908536e+00 1.272638135591480646e+00
-1.144435131241121395e+00 -1.121764546852238809e+00 1.270728662579224455e+00
-1.146090088190381273e+00 -1.120789906418313109e+00 1.268755469720846740e+00
-1.147834502729125905e+00 -1.119741071944705180e+00 1.266727974830589964e+00
-1.149654096164965056e+00 -1.118615919082768251e+00 1.264655467389476096e+00
-1.151533853415746433e+00 -1.117412510438510198e+00 1.262547101819414985e+00
-1.153458144724996082e+00 -1.116129189286846124e+00 1.260411919284369242e+00
-1.155410851680158002e+00 -1.114764699482503563e+00 1.258258895808446409e+00
-1.157375495516886454e+00 -1.113318329803460127e+00 1.256097011221207094e+00
-1.159335366846002913e+00 -1.111790078311758689e+00 1.253935331436944578e+00
-1.161273656079607752e+00 -1.110180830341964908e+00 1.251783096020472552e+00
-1.163173582797283112e+00 -1.108492542889963239e+00 1.249649803312509855e+00
-1.165018521086050640e+00 -1.106728428327178326e+00 1.247545286008842291e+00
-1.166792117561085806e+00 -1.104893130526133582e+00 1.245479770630818939e+00
-1.168478399715091376e+00 -1.102992885472636964e+00 1.243463914615230870e+00
-1.170061874376539413e+00 -1.101035655998818585e+00 1.241508814935997629e+00
-1.171527619074647530e+00 -1.099031227708290537e+00 1.239625982643804303e+00
-1.172861372100002741e+00 -1.096991252853578569e+00 1.237827278870700320e+00
-1.174049628551913971e+00 -1.094929232629740401e+00 1.236124810002362739e+00
-1.175079748924529488e+00 -1.092860435244763062e+00 1.234530782781519065e+00
-1.175940084578202205e+00 -1.090801753659099260e+00 1.233057323028787566e+00
-1.176620122106605049e+00 -1.088771509617874278e+00 1.231716263117199173e+00
-1.177110646711952979e+00 -1.086789209359841912e+00 1.230518903413482024e+00
-1.177403922921774759e+00 -1.084875253883403223e+00 1.229475752996544990e+00
-1.177493888826849577e+00 -1.083050605326855820e+00 1.228596255769220491e+00
-1.177376357402039719e+00 -1.081336411317425084e+00 1.227888509338450618e+00
-1.177049215762171697e+00 -1.079753590512277039e+00 1.227358985937929470e+00
-1.176512610934095759e+00 -1.078322384872222539e+00 1.227012267408774226e+00
-1.175769109329343420e+00 -1.077061887851840316e+00 1.226850808772453227e+00
-1.174823816793604925e+00 -1.075989562788286502e+00 1.226874745847423842e+00
-1.173684446788949565e+00 -1.075120771451282042e+00 1.227081761605906651e+00
-1.172361325696119616e+00 -1.074468336963724902e+00 1.227467024276602148e+00
-1.170867326449723356e+00 -1.074042166027930900e+00 1.228023207707989783e+00
-1.169217724949897841e+00 -1.073848951808499708e+00 1.228740600499759417e+00
-1.167429977628511750e+00 -1.073891971835884140e+00 1.229607304213240493e+00
-1.165523422365123407e+00 -1.074170987131349841e+00 1.230609513143611000e+00
-1.163518908123047702e+00 -1.074682241887370049e+00 1.231731860700476133e+00
-1.161438361341106562e+00 -1.075418558461416429e+00 1.232957812418212118e+00
-1.159304299776919178e+00 -1.076369519149661835e+00 1.234270083481220803e+00
-1.157139307641400716e+00 -1.077521722824909434e+00 1.235651058785106837e+00
-1.154965489459353289e+00 -1.078859101023772471e+00 1.237083195599238072e+00
-1.152803923292028854e+00 -1.080363275743914997e+00 1.238549392637878110e+00
-1.150674135520519670e+00 -1.082013941341620988e+00 1.240033313889174815e+00
-1.148593618651799098e+00 -1.083789255390142481e+00 1.241519659766815886e+00
-1.146577411140615066e+00 -1.085666226429978121e+00 1.242994381588523378e+00
-1.144637755108301347e+00 -1.087621088458595064e+00 1.244444838083211602e+00
-1.142783844379003266e+00 -1.089629652968338913e+00 1.245859894651270672e+00
-1.141021670870141502e+00 -1.091667630997533722e+00 1.247229967558201036e+00
-1.139353971740702631e+00 -1.093710920623379268e+00 1.248547016217383954e+00
-1.137780273673312692e+00 -1.095735858492058235e+00 1.249804487498622052e+00
-1.136297026102092822e+00 -1.097719436431876971e+00 1.250997217317818766e+00
-1.134897813548183754e+00 -1.099639486090556506e+00 1.252121296857160448e+00
-1.133573638129875105e+00 -1.101474835755732240e+00 1.253173912592283612e+00
-1.132313264854971413e+00 -1.103205443272455177e+00 1.254153169572440829e+00
-1.131103622729395353e+00 -1.104812507363793328e+00 1.255057905783960148e+00
-1.129930253802802209e+00 -1.106278557928743078e+00 1.255887502548584278e+00
-1.128777800973943757e+00 -1.107587524776807886e+00 1.256641692718974523e+00
-1.127630524422007507e+00 -1.108724783511235712e+00 1.257320365738685553e+00
-1.126472835599695133e+00 -1.109677176801219245e+00 1.257923367188946484e+00
-1.125289836073894323e+00 -1.110433009570795715e+00 1.258450290851754971e+00
-1.124067846188528286e+00 -1.110982017977686365e+00 1.258900263252151097e+00
-1.122794906623614697e+00 -1.111315314294637480e+00 1.259271723223573725e+00
-1.121461235379769716e+00 -1.111425312659811482e+00 1.259562202216066407e+00
-1.120059623518378400e+00 -1.111305643643117458e+00 1.259768115129601407e+00
-1.118585754639627172e+00 -1.110951067847582019e+00 1.259884575481020841e+00
-1.117038435347330161e+00 -1.110357399602612150e+00 1.259905251126977044e+00
-1.115419726998963190e+00 -1.109521450953623090e+00 1.259822276968963983e+00
-1.113734973167704867e+00 -1.108441003764272237e+00 1.259626239378517143e+00
-1.111992722317547644e+00 -1.107114814360437238e+00 1.259306243881619158e+00
-1.110204550218864883e+00 -1.105542651701723500e+00 1.258850073445921813e+00
-1.108384790232185724e+00 -1.103725367606026575e+00 1.258244440379779672e+00
