-1.882866501808166504e+00 -2.116950511932373047e+00 -1.198463320732116699e+00
-1.899023890495300293e+00 -2.022662639617919922e+00 -1.326267123222351074e+00
-1.884336352348327637e+00 -2.048025131225585938e+00 -1.276837587356567383e+00
-1.871041417121887207e+00 -2.104896068572998047e+00 -1.194488644599914551e+00
-1.819841265678405762e+00 -2.025749206542968750e+00 -1.094062447547912598e+00
-1.608328580856323242e+00 -2.110011100769042969e+00 -9.527474641799926758e-01
-1.371545076370239258e+00 -2.159493446350097656e+00 -7.800477743148803711e-01
-1.023342251777648926e+00 -2.090079784393310547e+00 -5.072455406188964844e-01
-7.952963709831237793e-01 -1.982269167900085449e+00 -2.614780068397521973e-01
-5.749027132987976074e-01 -1.915879368782043457e+00 6.465092301368713379e-02
-4.518942832946777344e-01 -1.782419085502624512e+00 1.526572108268737793e-01
-3.496559858322143555e-01 -1.649414539337158203e+00 2.671425640583038330e-01
-2.184496372938156128e-01 -1.541724801063537598e+00 4.250476658344268799e-01
-6.315347552299499512e-02 -1.430434942245483398e+00 5.743476152420043945e-01
1.053767502307891846e-01 -1.272987365722656250e+00 7.413868904113769531e-01
1.833397299051284790e-01 -1.129473686218261719e+00 7.758853435516357422e-01
1.478340327739715576e-01 -9.163292646408081055e-01 8.091410398483276367e-01
-2.874548733234405518e-02 -6.267325878143310547e-01 9.102298021316528320e-01
-1.946734935045242310e-01 -2.990826964378356934e-01 7.816704511642456055e-01
-3.263863921165466309e-01 -1.025860905647277832e-01 6.936231851577758789e-01
-5.398738384246826172e-01 -3.642201423645019531e-02 6.946300268173217773e-01
-6.597006320953369141e-01 4.645347595214843750e-02 6.590199470520019531e-01
-8.624737858772277832e-01 6.210432946681976318e-02 5.698151588439941406e-01
-1.052276253700256348e+00 8.472642302513122559e-02 4.952084720134735107e-01
-1.272238969802856445e+00 3.035232424736022949e-02 4.239170253276824951e-01
-1.460087299346923828e+00 2.371776103973388672e-02 2.758716344833374023e-01
-1.524349808692932129e+00 2.516072988510131836e-02 1.524897813796997070e-01
-1.610953927040100098e+00 -4.229697585105895996e-02 -1.139050722122192383e-02
-1.637090921401977539e+00 -8.910623192787170410e-02 -2.661980688571929932e-01
-1.726717233657836914e+00 -1.243793964385986328e-01 -4.426444470882415771e-01
-1.797660589218139648e+00 -1.173241436481475830e-01 -5.445305109024047852e-01
-1.897065281867980957e+00 -1.473972499370574951e-01 -6.257767677307128906e-01
-2.013224840164184570e+00 -2.341145277023315430e-01 -7.435598373413085938e-01
-2.030549287796020508e+00 -3.015177249908447266e-01 -8.679349422454833984e-01
-2.052461624145507812e+00 -3.860104680061340332e-01 -9.203643798828125000e-01
-2.149858236312866211e+00 -4.964661002159118652e-01 -9.374953508377075195e-01
-2.178627252578735352e+00 -6.487646698951721191e-01 -1.007947087287902832e+00
-2.219652891159057617e+00 -7.222924232482910156e-01 -1.076031565666198730e+00
-2.179144620895385742e+00 -8.234316110610961914e-01 -1.146818041801452637e+00
-2.176317214965820312e+00 -9.103479385375976562e-01 -1.186581492424011230e+00
-2.158456563949584961e+00 -1.026377320289611816e+00 -1.220369696617126465e+00
-2.060854434967041016e+00 -1.141117811203002930e+00 -1.272259831428527832e+00
-1.968425869941711426e+00 -1.262459635734558105e+00 -1.276433348655700684e+00
-1.890879273414611816e+00 -1.381851792335510254e+00 -1.345656752586364746e+00
-1.852136254310607910e+00 -1.510344266891479492e+00 -1.361117720603942871e+00
-1.799817323684692383e+00 -1.622834444046020508e+00 -1.383625507354736328e+00
-1.714130282402038574e+00 -1.872305512428283691e+00 -1.352661371231079102e+00
-1.700107216835021973e+00 -1.942210793495178223e+00 -1.323253154754638672e+00
-1.699436664581298828e+00 -2.012950897216796875e+00 -1.236421227455139160e+00
-1.710804581642150879e+00 -2.026247024536132812e+00 -1.191477894783020020e+00
-1.612802386283874512e+00 -2.073134422302246094e+00 -1.122916460037231445e+00
-1.560145378112792969e+00 -2.162721633911132812e+00 -9.667394161224365234e-01
-1.497165679931640625e+00 -2.247404098510742188e+00 -8.276983499526977539e-01
-1.388840675354003906e+00 -2.333152294158935547e+00 -6.847225427627563477e-01
-1.257840156555175781e+00 -2.374739646911621094e+00 -5.159364938735961914e-01
-1.121272444725036621e+00 -2.374080657958984375e+00 -3.569421470165252686e-01
-9.473664164543151855e-01 -2.310676097869873047e+00 -1.832560598850250244e-01
-7.577047348022460938e-01 -2.118276119232177734e+00 -2.497616410255432129e-02
-6.219789981842041016e-01 -1.979424118995666504e+00 8.120080828666687012e-02
-5.283245444297790527e-01 -1.865272402763366699e+00 1.467149555683135986e-01
-3.944254517555236816e-01 -1.673468232154846191e+00 2.378593981266021729e-01
-2.484109848737716675e-01 -1.476562738418579102e+00 3.941154479980468750e-01
-1.354137212038040161e-01 -1.346191167831420898e+00 5.393763780593872070e-01
-3.709420561790466309e-02 -1.260032176971435547e+00 5.418047904968261719e-01
2.239733934402465820e-02 -1.213005542755126953e+00 5.379209518432617188e-01
1.058481633663177490e-01 -1.145711898803710938e+00 5.603498220443725586e-01
1.831911206245422363e-01 -9.910666942596435547e-01 5.561103820800781250e-01
2.098562270402908325e-01 -8.226104974746704102e-01 5.690163373947143555e-01
2.176632881164550781e-01 -6.388298869132995605e-01 5.438255071640014648e-01
1.825751811265945435e-01 -3.382686972618103027e-01 5.281316041946411133e-01
7.468069344758987427e-02 5.374819040298461914e-03 4.119927585124969482e-01
3.824284672737121582e-02 1.522905081510543823e-01 4.825234115123748779e-01
-3.485360741615295410e-02 2.289733439683914185e-01 6.029119491577148438e-01
-1.610622256994247437e-01 2.438422143459320068e-01 6.806238889694213867e-01
-1.400812715291976929e-01 3.050766885280609131e-01 6.553720235824584961e-01
-1.506740301847457886e-01 3.956950604915618896e-01 6.202105283737182617e-01
-1.269035786390304565e-01 4.782789945602416992e-01 5.546448230743408203e-01
-1.503786295652389526e-01 6.501775979995727539e-01 5.081073045730590820e-01
-2.260005027055740356e-01 8.250346183776855469e-01 4.952565729618072510e-01
-3.935872912406921387e-01 9.174678325653076172e-01 5.247820615768432617e-01
-5.803032517433166504e-01 9.658458232879638672e-01 5.661389827728271484e-01
-6.736759543418884277e-01 8.596832752227783203e-01 5.603295564651489258e-01
-8.063812851905822754e-01 7.424919009208679199e-01 6.033999919891357422e-01
-9.498969912528991699e-01 7.529184222221374512e-01 5.711677074432373047e-01
-1.085943460464477539e+00 7.097814083099365234e-01 4.023385941982269287e-01
-1.317372560501098633e+00 6.273075342178344727e-01 1.606160700321197510e-01
-1.504084587097167969e+00 3.222404122352600098e-01 -2.608894407749176025e-01
-1.622195243835449219e+00 1.453113555908203125e-01 -5.146631002426147461e-01
-1.779662251472473145e+00 6.622175872325897217e-02 -7.189688682556152344e-01
-1.894997000694274902e+00 3.663685917854309082e-02 -8.480160236358642578e-01
-1.888373255729675293e+00 -3.098240494728088379e-02 -8.899511098861694336e-01
-1.984567523002624512e+00 -1.349194645881652832e-01 -1.008400917053222656e+00
-2.064476728439331055e+00 -2.374513149261474609e-01 -1.088498830795288086e+00
-2.099556684494018555e+00 -3.957300782203674316e-01 -1.214081645011901855e+00
-2.102919101715087891e+00 -5.365453362464904785e-01 -1.346731066703796387e+00
-2.037208318710327148e+00 -6.370498538017272949e-01 -1.450614571571350098e+00
-2.011305570602416992e+00 -6.869485378265380859e-01 -1.491806149482727051e+00
-1.937444329261779785e+00 -8.302940130233764648e-01 -1.614916205406188965e+00
-1.909244418144226074e+00 -9.436807632446289062e-01 -1.686841726303100586e+00
-1.872957348823547363e+00 -1.012519717216491699e+00 -1.752866029739379883e+00
-1.788512349128723145e+00 -1.094045877456665039e+00 -1.781849741935729980e+00
-1.681629180908203125e+00 -1.167516946792602539e+00 -1.758557677268981934e+00
-1.557027578353881836e+00 -1.259454250335693359e+00 -1.768507838249206543e+00
-1.325284481048583984e+00 -1.332372188568115234e+00 -1.794386386871337891e+00
-1.107127785682678223e+00 -1.377893686294555664e+00 -1.669203758239746094e+00
-1.001025676727294922e+00 -1.447820067405700684e+00 -1.581415653228759766e+00
-9.153373837471008301e-01 -1.485082864761352539e+00 -1.502034664154052734e+00
-8.557321429252624512e-01 -1.522137045860290527e+00 -1.529379129409790039e+00
-7.934789657592773438e-01 -1.550993204116821289e+00 -1.485941529273986816e+00
-7.383311390876770020e-01 -1.570858359336853027e+00 -1.484160184860229492e+00
-6.989579200744628906e-01 -1.578322410583496094e+00 -1.459969162940979004e+00
-6.461393237113952637e-01 -1.620465278625488281e+00 -1.457460999488830566e+00
-5.224083065986633301e-01 -1.628055572509765625e+00 -1.386977672576904297e+00
-3.669428229331970215e-01 -1.599493026733398438e+00 -1.355687618255615234e+00
-2.123697549104690552e-01 -1.593004345893859863e+00 -1.376875877380371094e+00
-1.725955158472061157e-01 -1.539792060852050781e+00 -1.249225616455078125e+00
-5.643737316131591797e-02 -1.451510429382324219e+00 -1.122142910957336426e+00
6.220123916864395142e-02 -1.406548142433166504e+00 -1.048535823822021484e+00
2.294806838035583496e-01 -1.334062457084655762e+00 -9.783887863159179688e-01
3.856244683265686035e-01 -1.245820879936218262e+00 -8.831679821014404297e-01
5.711282491683959961e-01 -1.124469399452209473e+00 -7.931257486343383789e-01
7.113263607025146484e-01 -1.027903437614440918e+00 -7.599016427993774414e-01
8.127139210700988770e-01 -9.296139478683471680e-01 -7.144246101379394531e-01
8.733127117156982422e-01 -8.564118146896362305e-01 -6.561105251312255859e-01
9.890826344490051270e-01 -7.527010440826416016e-01 -5.756124258041381836e-01
1.117628097534179688e+00 -6.402683854103088379e-01 -4.754110574722290039e-01
1.191121816635131836e+00 -5.172780156135559082e-01 -4.188118278980255127e-01
1.213245749473571777e+00 -4.897508025169372559e-01 -3.392394185066223145e-01
1.230582714080810547e+00 -4.495409727096557617e-01 -2.866891920566558838e-01
1.276897072792053223e+00 -4.039356112480163574e-01 -2.128458023071289062e-01
1.288531303405761719e+00 -2.864308357238769531e-01 -1.691757142543792725e-01
1.295806765556335449e+00 -1.659294068813323975e-01 -1.116721034049987793e-01
1.308581352233886719e+00 -5.885013937950134277e-02 -4.771232604980468750e-02
1.261950373649597168e+00 3.947147727012634277e-02 -1.908677816390991211e-02
1.225363492965698242e+00 1.785670816898345947e-01 -1.081430613994598389e-01
1.195277452468872070e+00 3.123064637184143066e-01 -6.044477224349975586e-03
1.158933639526367188e+00 6.210145950317382812e-01 -6.771484017372131348e-02
1.141672253608703613e+00 9.538949131965637207e-01 -3.540751338005065918e-02
1.261633515357971191e+00 1.252395629882812500e+00 -1.906516253948211670e-01
1.396248340606689453e+00 1.546767711639404297e+00 -4.007034897804260254e-01
1.434994339942932129e+00 1.618196845054626465e+00 -5.278396606445312500e-01
1.412188529968261719e+00 1.629203557968139648e+00 -6.076707839965820312e-01
1.412373781204223633e+00 1.669987082481384277e+00 -6.312941312789916992e-01
1.440948963165283203e+00 1.733557581901550293e+00 -6.337822675704956055e-01
1.448245048522949219e+00 1.747354149818420410e+00 -6.465564966201782227e-01
1.454994440078735352e+00 1.763369560241699219e+00 -6.497107744216918945e-01
1.450853228569030762e+00 1.772497057914733887e+00 -6.561762094497680664e-01
1.466999411582946777e+00 1.796836614608764648e+00 -6.490206718444824219e-01
1.446538925170898438e+00 1.779542565345764160e+00 -6.600396633148193359e-01
1.478253483772277832e+00 1.807306051254272461e+00 -6.619933843612670898e-01
1.456964015960693359e+00 1.792841911315917969e+00 -6.644346714019775391e-01
1.432121515274047852e+00 1.778194665908813477e+00 -6.616398096084594727e-01
1.426188826560974121e+00 1.767331600189208984e+00 -6.661025285720825195e-01
1.415409564971923828e+00 1.764815688133239746e+00 -6.469712257385253906e-01
1.435923218727111816e+00 1.794643163681030273e+00 -6.230595111846923828e-01
1.450687289237976074e+00 1.808299064636230469e+00 -6.247088909149169922e-01
1.442983388900756836e+00 1.794462084770202637e+00 -6.500000953674316406e-01
1.467217683792114258e+00 1.825157761573791504e+00 -6.382528543472290039e-01
1.469929456710815430e+00 1.828162908554077148e+00 -6.303335428237915039e-01
1.453111410140991211e+00 1.820112466812133789e+00 -6.223483085632324219e-01
1.447335958480834961e+00 1.818344831466674805e+00 -6.195968389511108398e-01
1.418850421905517578e+00 1.799835085868835449e+00 -6.056944131851196289e-01
1.444533109664916992e+00 1.825549244880676270e+00 -5.873529911041259766e-01
1.449251532554626465e+00 1.824696898460388184e+00 -5.852137804031372070e-01
1.444701552391052246e+00 1.812494635581970215e+00 -5.776178836822509766e-01
1.486267924308776855e+00 1.853890299797058105e+00 -5.682155489921569824e-01
1.523901700973510742e+00 1.891357064247131348e+00 -5.747221708297729492e-01
1.546899557113647461e+00 1.913489818572998047e+00 -5.830947160720825195e-01
1.579552292823791504e+00 1.947839379310607910e+00 -5.882413387298583984e-01
1.581414341926574707e+00 1.949534893035888672e+00 -5.897890925407409668e-01
1.642256855964660645e+00 2.012695789337158203e+00 -5.861478447914123535e-01
1.689939022064208984e+00 2.064059257507324219e+00 -5.767532587051391602e-01
1.747334480285644531e+00 2.115831136703491211e+00 -5.248752832412719727e-01
1.833266973495483398e+00 2.142785072326660156e+00 -4.298499524593353271e-01
1.886252284049987793e+00 2.157534599304199219e+00 -3.703088760375976562e-01
1.981146693229675293e+00 2.176303863525390625e+00 -2.249716818332672119e-01
2.045693159103393555e+00 2.195568084716796875e+00 -7.694754004478454590e-02
2.078037738800048828e+00 2.206685066223144531e+00 1.995664834976196289e-02
2.124385356903076172e+00 2.213004589080810547e+00 6.624588370323181152e-02
2.163537979125976562e+00 2.221650123596191406e+00 1.574572622776031494e-01
2.143393039703369141e+00 2.211480617523193359e+00 1.872378289699554443e-01
2.148357152938842773e+00 2.221091985702514648e+00 2.728404998779296875e-01
2.145764350891113281e+00 2.179736137390136719e+00 4.176612794399261475e-01
2.164124488830566406e+00 2.151032447814941406e+00 5.502443313598632812e-01
2.195294380187988281e+00 2.170580387115478516e+00 5.860314369201660156e-01
2.207788705825805664e+00 2.196417331695556641e+00 5.892744064331054688e-01
2.231572151184082031e+00 2.215402841567993164e+00 6.218378543853759766e-01
2.301053285598754883e+00 2.198458194732666016e+00 8.305643796920776367e-01
2.318926572799682617e+00 2.219608783721923828e+00 8.332713842391967773e-01
2.340165376663208008e+00 2.241271972656250000e+00 8.292204141616821289e-01
2.428062915802001953e+00 2.293888807296752930e+00 9.018948078155517578e-01
2.496324539184570312e+00 2.315520763397216797e+00 9.683912992477416992e-01
2.502484560012817383e+00 2.321127414703369141e+00 9.709221124649047852e-01
2.445276498794555664e+00 2.278768062591552734e+00 9.382001161575317383e-01
2.462973594665527344e+00 2.302086353302001953e+00 9.386235475540161133e-01
2.495134830474853516e+00 2.322371482849121094e+00 9.603694677352905273e-01
2.517148017883300781e+00 2.348676681518554688e+00 9.634602069854736328e-01
2.482169866561889648e+00 2.332832336425781250e+00 9.339063167572021484e-01
2.417718887329101562e+00 2.303617954254150391e+00 8.794677257537841797e-01
2.405583143234252930e+00 2.293056011199951172e+00 8.740231990814208984e-01
2.412212133407592773e+00 2.305720806121826172e+00 8.704497814178466797e-01
2.459078073501586914e+00 2.328447818756103516e+00 9.086260795593261719e-01
2.511108160018920898e+00 2.349588394165039062e+00 9.543317556381225586e-01
2.499366998672485352e+00 2.342357635498046875e+00 9.365719556808471680e-01
2.539407730102539062e+00 2.337905883789062500e+00 9.592890739440917969e-01
2.500100851058959961e+00 2.313629150390625000e+00 9.218846559524536133e-01
2.576084613800048828e+00 2.339015960693359375e+00 9.589196443557739258e-01
2.598066806793212891e+00 2.352649211883544922e+00 9.638292789459228516e-01
2.634658575057983398e+00 2.373810291290283203e+00 9.830887317657470703e-01
2.605690479278564453e+00 2.382020473480224609e+00 9.422028064727783203e-01
2.588229417800903320e+00 2.366167545318603516e+00 9.527796506881713867e-01
2.607789754867553711e+00 2.373106002807617188e+00 9.781055450439453125e-01
2.667906761169433594e+00 2.405207157135009766e+00 1.024340748786926270e+00
2.752741336822509766e+00 2.464046478271484375e+00 1.069557428359985352e+00
2.822748422622680664e+00 2.495264053344726562e+00 1.121667981147766113e+00
2.853387832641601562e+00 2.510601997375488281e+00 1.126790881156921387e+00
2.863960981369018555e+00 2.521017074584960938e+00 1.116772532463073730e+00
2.923236608505249023e+00 2.548356533050537109e+00 1.142448186874389648e+00
2.949314355850219727e+00 2.561383724212646484e+00 1.172005057334899902e+00
2.948941469192504883e+00 2.555363178253173828e+00 1.175338506698608398e+00
2.928889036178588867e+00 2.555090427398681641e+00 1.160999894142150879e+00
2.875258445739746094e+00 2.530953884124755859e+00 1.132539749145507812e+00
2.832217454910278320e+00 2.512079715728759766e+00 1.118290185928344727e+00
2.817717790603637695e+00 2.495543003082275391e+00 1.089428067207336426e+00
2.827880620956420898e+00 2.507391929626464844e+00 1.083453059196472168e+00
2.881134271621704102e+00 2.529226779937744141e+00 1.116322755813598633e+00
2.882780313491821289e+00 2.521037578582763672e+00 1.141290545463562012e+00
2.888179779052734375e+00 2.536212921142578125e+00 1.132128119468688965e+00
2.907932758331298828e+00 2.560757637023925781e+00 1.142979979515075684e+00
2.908484935760498047e+00 2.571077346801757812e+00 1.139300227165222168e+00
2.875267028808593750e+00 2.541100502014160156e+00 1.114832520484924316e+00
2.887506008148193359e+00 2.523380756378173828e+00 1.125558495521545410e+00
2.911003112792968750e+00 2.533816337585449219e+00 1.144274830818176270e+00
2.926831960678100586e+00 2.542936325073242188e+00 1.162895083427429199e+00
2.904280424118041992e+00 2.539493560791015625e+00 1.178146481513977051e+00
2.907125949859619141e+00 2.537614345550537109e+00 1.202266097068786621e+00
2.829336643218994141e+00 2.489048957824707031e+00 1.193357586860656738e+00
2.772777318954467773e+00 2.442379951477050781e+00 1.200424671173095703e+00
2.667125940322875977e+00 2.387921333312988281e+00 1.200113177299499512e+00
2.576423645019531250e+00 2.434340953826904297e+00 1.160432696342468262e+00
2.388421297073364258e+00 2.524544239044189453e+00 1.013481616973876953e+00
2.181443929672241211e+00 2.634499549865722656e+00 8.326013088226318359e-01
1.924758076667785645e+00 2.540090560913085938e+00 7.129751443862915039e-01
1.577278971672058105e+00 2.612771034240722656e+00 5.989643335342407227e-01
1.370158672332763672e+00 2.666489601135253906e+00 5.166188478469848633e-01
1.238959670066833496e+00 2.718757152557373047e+00 4.880667626857757568e-01
9.655564427375793457e-01 2.665694236755371094e+00 4.482093751430511475e-01
5.378355979919433594e-01 2.519249439239501953e+00 4.874239861965179443e-01
7.173906266689300537e-02 2.478295803070068359e+00 3.600194752216339111e-01
-3.721114993095397949e-01 2.290914297103881836e+00 1.896154582500457764e-01
-8.433604836463928223e-01 2.083874702453613281e+00 -3.553193807601928711e-02
-1.688795804977416992e+00 1.501835227012634277e+00 -4.215176105499267578e-01
-1.937191605567932129e+00 1.268088102340698242e+00 -6.199868917465209961e-01
-2.152883291244506836e+00 1.054833412170410156e+00 -8.677775859832763672e-01
-2.246385097503662109e+00 8.395114541053771973e-01 -1.048227667808532715e+00
-2.357229471206665039e+00 5.457538366317749023e-01 -1.271884322166442871e+00
-2.484440326690673828e+00 2.768685519695281982e-01 -1.490861654281616211e+00
-2.563494205474853516e+00 5.291861295700073242e-02 -1.621862173080444336e+00
-2.633975267410278320e+00 -1.256733536720275879e-01 -1.766418218612670898e+00
-2.665369272232055664e+00 -3.021768331527709961e-01 -1.928182482719421387e+00
-2.744274616241455078e+00 -4.808392524719238281e-01 -2.067116737365722656e+00
-2.780129432678222656e+00 -6.308043003082275391e-01 -2.150555610656738281e+00
-2.745413541793823242e+00 -7.248910665512084961e-01 -2.201149702072143555e+00
-2.706818580627441406e+00 -8.241610527038574219e-01 -2.271676540374755859e+00
-2.690297842025756836e+00 -9.480562210083007812e-01 -2.308899402618408203e+00
-2.660057306289672852e+00 -1.042278528213500977e+00 -2.342432022094726562e+00
-2.546090364456176758e+00 -1.148971319198608398e+00 -2.334316253662109375e+00
-2.468475103378295898e+00 -1.251235842704772949e+00 -2.356854915618896484e+00
-2.274666547775268555e+00 -1.345134139060974121e+00 -2.305217266082763672e+00
-2.151671648025512695e+00 -1.444211959838867188e+00 -2.257114410400390625e+00
-2.071900367736816406e+00 -1.495980978012084961e+00 -2.182521820068359375e+00
-2.021400451660156250e+00 -1.529873609542846680e+00 -2.144927501678466797e+00
-1.879286408424377441e+00 -1.490904331207275391e+00 -2.131153345108032227e+00
-1.767473936080932617e+00 -1.473107933998107910e+00 -2.135810613632202148e+00
-1.503950953483581543e+00 -1.481985688209533691e+00 -2.137829542160034180e+00
-1.435195684432983398e+00 -1.494079947471618652e+00 -2.130656719207763672e+00
-1.269947648048400879e+00 -1.489789843559265137e+00 -2.115362882614135742e+00
-1.166054844856262207e+00 -1.517335653305053711e+00 -2.118008375167846680e+00
-1.101537704467773438e+00 -1.487105369567871094e+00 -2.117638111114501953e+00
-9.039328694343566895e-01 -1.501660466194152832e+00 -2.127928256988525391e+00
-7.307756543159484863e-01 -1.545291423797607422e+00 -2.062746524810791016e+00
-7.019863128662109375e-01 -1.598541855812072754e+00 -2.011852025985717773e+00
-6.975696682929992676e-01 -1.593275904655456543e+00 -2.014595985412597656e+00
-6.894940733909606934e-01 -1.645363450050354004e+00 -1.998366117477416992e+00
-6.888926029205322266e-01 -1.631976366043090820e+00 -1.996616125106811523e+00
-7.208440899848937988e-01 -1.633649706840515137e+00 -2.036383152008056641e+00
-7.308258414268493652e-01 -1.644958972930908203e+00 -2.049295186996459961e+00
-7.121030688285827637e-01 -1.671366930007934570e+00 -2.000514507293701172e+00
-7.721014022827148438e-01 -1.676799893379211426e+00 -1.926006913185119629e+00
-8.014657497406005859e-01 -1.705815672874450684e+00 -1.843281984329223633e+00
-8.565896153450012207e-01 -1.701838850975036621e+00 -1.806630611419677734e+00
-9.147214293479919434e-01 -1.731362938880920410e+00 -1.715670347213745117e+00
-1.043578505516052246e+00 -1.734744668006896973e+00 -1.516705274581909180e+00
-1.111289620399475098e+00 -1.820498108863830566e+00 -1.308029651641845703e+00
-1.018278837203979492e+00 -1.888661265373229980e+00 -1.216814637184143066e+00
-1.087643384933471680e+00 -1.917976975440979004e+00 -1.151311993598937988e+00
-1.275578856468200684e+00 -1.947387099266052246e+00 -1.101922273635864258e+00
-1.286969542503356934e+00 -1.929840922355651855e+00 -1.090953469276428223e+00
-1.355287909507751465e+00 -1.960250258445739746e+00 -1.051194548606872559e+00
-1.580795049667358398e+00 -1.918451428413391113e+00 -1.131995439529418945e+00
-1.686821222305297852e+00 -1.836604952812194824e+00 -1.257528543472290039e+00
-1.782612562179565430e+00 -1.791249155998229980e+00 -1.324403405189514160e+00
-1.847205519676208496e+00 -1.789469599723815918e+00 -1.336650967597961426e+00
-1.951346755027770996e+00 -1.778369545936584473e+00 -1.396362662315368652e+00
-1.988378882408142090e+00 -1.829022765159606934e+00 -1.406909465789794922e+00
-1.981016993522644043e+00 -1.878870368003845215e+00 -1.429300546646118164e+00
-2.023573875427246094e+00 -1.893365263938903809e+00 -1.448704242706298828e+00
-1.981424212455749512e+00 -1.926790118217468262e+00 -1.409692287445068359e+00
-1.963884711265563965e+00 -1.972732186317443848e+00 -1.412194252014160156e+00
-1.910214304924011230e+00 -1.996656775474548340e+00 -1.383742690086364746e+00
-1.891991257667541504e+00 -2.010391712188720703e+00 -1.375693082809448242e+00
-1.833726167678833008e+00 -2.018466472625732422e+00 -1.375899910926818848e+00
-1.820191144943237305e+00 -2.018804073333740234e+00 -1.368804931640625000e+00
-1.829054832458496094e+00 -2.073855400085449219e+00 -1.371183395385742188e+00
-1.789946675300598145e+00 -2.117390632629394531e+00 -1.281454324722290039e+00
-1.629338383674621582e+00 -2.200690746307373047e+00 -1.168961167335510254e+00
-1.592508316040039062e+00 -2.260711669921875000e+00 -1.084357023239135742e+00
-1.528852581977844238e+00 -2.288175106048583984e+00 -1.026774644851684570e+00
-1.359966397285461426e+00 -2.361613750457763672e+00 -8.428342342376708984e-01
-1.153603315353393555e+00 -2.383044242858886719e+00 -6.114572286605834961e-01
-9.502540230751037598e-01 -2.368967533111572266e+00 -3.399315476417541504e-01
-8.933027386665344238e-01 -2.398344993591308594e+00 -1.877790093421936035e-01
-7.924281954765319824e-01 -2.263751506805419922e+00 -4.050217568874359131e-02
-6.959325075149536133e-01 -2.183457374572753906e+00 3.488594293594360352e-02
-6.221165657043457031e-01 -2.113077640533447266e+00 9.949624538421630859e-02
-5.591452717781066895e-01 -2.051609992980957031e+00 1.114332526922225952e-01
-4.789241552352905273e-01 -1.959674715995788574e+00 1.393301188945770264e-01
-3.731044530868530273e-01 -1.841135144233703613e+00 2.335825860500335693e-01
-2.712965011596679688e-01 -1.697918534278869629e+00 3.241473138332366943e-01
-1.239624768495559692e-01 -1.495413780212402344e+00 4.476526677608489990e-01
3.016635775566101074e-02 -1.374457240104675293e+00 6.217554807662963867e-01
1.006027609109878540e-01 -1.271846294403076172e+00 6.815536022186279297e-01
1.159364432096481323e-01 -1.229136347770690918e+00 6.351560354232788086e-01
1.523790508508682251e-01 -1.053402662277221680e+00 6.382244825363159180e-01
1.542775779962539673e-01 -8.298197984695434570e-01 5.939518213272094727e-01
1.036468893289566040e-01 -6.624305248260498047e-01 5.996561050415039062e-01
7.083737850189208984e-02 -3.924485445022583008e-01 5.129884481430053711e-01
3.548470139503479004e-02 -1.621449291706085205e-01 4.444524347782135010e-01
3.317287564277648926e-02 -1.250484585762023926e-02 4.150308072566986084e-01
2.224314212799072266e-02 5.560991168022155762e-02 4.293288290500640869e-01
3.719868510961532593e-02 1.562438905239105225e-01 4.243753850460052490e-01
6.875845789909362793e-02 2.594236135482788086e-01 5.054246187210083008e-01
1.258045136928558350e-01 3.864916265010833740e-01 5.020902156829833984e-01
3.284276127815246582e-01 5.276967883110046387e-01 3.784202635288238525e-01
9.152362942695617676e-01 1.013691902160644531e+00 -3.565582633018493652e-02
1.069998383522033691e+00 1.194144487380981445e+00 -2.956920266151428223e-01
1.239992618560791016e+00 1.459294438362121582e+00 -4.183593094348907471e-01
1.354008078575134277e+00 1.639326333999633789e+00 -4.479201138019561768e-01
1.394954204559326172e+00 1.694530248641967773e+00 -4.622194468975067139e-01
1.420013308525085449e+00 1.750050187110900879e+00 -4.943937957286834717e-01
1.437129139900207520e+00 1.765605449676513672e+00 -5.049692392349243164e-01
1.447964072227478027e+00 1.792788028717041016e+00 -5.169571638107299805e-01
1.437039017677307129e+00 1.795869588851928711e+00 -5.147080421447753906e-01
1.487688779830932617e+00 1.853641986846923828e+00 -4.862172305583953857e-01
1.542786121368408203e+00 1.904865264892578125e+00 -4.878097176551818848e-01
1.573902130126953125e+00 1.926547050476074219e+00 -4.939731359481811523e-01
1.540497541427612305e+00 1.910070061683654785e+00 -4.770738482475280762e-01
1.535622835159301758e+00 1.923948764801025391e+00 -4.708788692951202393e-01
1.543693304061889648e+00 1.928522944450378418e+00 -4.921633303165435791e-01
1.530350446701049805e+00 1.909675598144531250e+00 -5.220358371734619141e-01
1.537147283554077148e+00 1.917160630226135254e+00 -5.263069868087768555e-01
1.480109453201293945e+00 1.848953604698181152e+00 -5.570950508117675781e-01
1.462025165557861328e+00 1.829576373100280762e+00 -5.577465295791625977e-01
1.473914384841918945e+00 1.840900421142578125e+00 -5.501111745834350586e-01
1.543653845787048340e+00 1.917377710342407227e+00 -5.389662981033325195e-01
1.561156511306762695e+00 1.934767961502075195e+00 -5.488700866699218750e-01
1.648081302642822266e+00 2.019573688507080078e+00 -5.424609184265136719e-01
1.694946646690368652e+00 2.060395717620849609e+00 -5.195120573043823242e-01
1.753502011299133301e+00 2.088759899139404297e+00 -4.128183126449584961e-01
1.841366171836853027e+00 2.102715730667114258e+00 -3.107642233371734619e-01
1.898317933082580566e+00 2.103079080581665039e+00 -2.113021016120910645e-01
1.867907285690307617e+00 2.101770877838134766e+00 -1.200836896896362305e-01
1.834192037582397461e+00 2.050594806671142578e+00 -5.410045385360717773e-03
1.791604757308959961e+00 1.959279060363769531e+00 1.347518563270568848e-01
1.745097041130065918e+00 1.944685697555541992e+00 2.620372176170349121e-01
1.590898990631103516e+00 2.098560571670532227e+00 3.066956400871276855e-01
1.371843695640563965e+00 2.230234622955322266e+00 4.232017099857330322e-01
1.244429707527160645e+00 2.493409156799316406e+00 4.292102158069610596e-01
1.163112163543701172e+00 2.700748920440673828e+00 3.276011049747467041e-01
1.085915088653564453e+00 2.769749641418457031e+00 3.045336902141571045e-01
9.214232563972473145e-01 2.909072875976562500e+00 2.612252533435821533e-01
5.968998074531555176e-01 3.037575244903564453e+00 1.494176089763641357e-01
2.298873662948608398e-02 2.935253620147705078e+00 4.473158717155456543e-02
-6.492335200309753418e-01 2.646360397338867188e+00 -2.113204300403594971e-01
-1.108175396919250488e+00 2.398468971252441406e+00 -4.667198657989501953e-01
-1.476168036460876465e+00 2.193777084350585938e+00 -6.935107707977294922e-01
-1.763095021247863770e+00 1.986389398574829102e+00 -9.230966567993164062e-01
-1.987444519996643066e+00 1.636119365692138672e+00 -1.186771154403686523e+00
-2.189306974411010742e+00 1.214674949645996094e+00 -1.464141011238098145e+00
-2.277922868728637695e+00 8.133918642997741699e-01 -1.617936015129089355e+00
-2.346439838409423828e+00 4.439830780029296875e-01 -1.708659529685974121e+00
-2.331257343292236328e+00 3.384322226047515869e-01 -1.845209360122680664e+00
-2.371564149856567383e+00 1.945281326770782471e-01 -1.947963118553161621e+00
-2.379810810089111328e+00 7.272715866565704346e-02 -2.012328863143920898e+00
-2.312529325485229492e+00 -6.708797812461853027e-02 -2.048715591430664062e+00
-2.255346536636352539e+00 -2.214217782020568848e-01 -2.076460599899291992e+00
-2.177075147628784180e+00 -3.633159995079040527e-01 -2.084280014038085938e+00
-2.111747026443481445e+00 -5.929239988327026367e-01 -2.083641767501831055e+00
-2.013008117675781250e+00 -8.108799457550048828e-01 -2.082183361053466797e+00
-1.888299584388732910e+00 -1.046466827392578125e+00 -2.025086164474487305e+00
-1.751215696334838867e+00 -1.220867037773132324e+00 -1.945866465568542480e+00
-1.611825942993164062e+00 -1.347618937492370605e+00 -1.939619541168212891e+00
-1.563683271408081055e+00 -1.388753056526184082e+00 -1.939176321029663086e+00
-1.505696654319763184e+00 -1.413078188896179199e+00 -1.924681782722473145e+00
-1.528644084930419922e+00 -1.488013505935668945e+00 -1.891520380973815918e+00
-1.552469015121459961e+00 -1.523896694183349609e+00 -1.855638504028320312e+00
-1.615873217582702637e+00 -1.558971881866455078e+00 -1.856919527053833008e+00
-1.646037697792053223e+00 -1.579170465469360352e+00 -1.865894198417663574e+00
-1.718686938285827637e+00 -1.626208186149597168e+00 -1.865789771080017090e+00
-1.708363175392150879e+00 -1.655576229095458984e+00 -1.854833245277404785e+00
-1.755196213722229004e+00 -1.701553702354431152e+00 -1.883720040321350098e+00
-1.829694509506225586e+00 -1.749513506889343262e+00 -1.901709318161010742e+00
-1.871958136558532715e+00 -1.755002856254577637e+00 -1.900295972824096680e+00
-1.900082945823669434e+00 -1.810784220695495605e+00 -1.841140270233154297e+00
-1.858825087547302246e+00 -1.856278538703918457e+00 -1.827210426330566406e+00
-1.884808897972106934e+00 -1.852193951606750488e+00 -1.831679582595825195e+00
-1.862579464912414551e+00 -1.809291481971740723e+00 -1.895951509475708008e+00
-1.764573335647583008e+00 -1.773555397987365723e+00 -1.917364001274108887e+00
-1.730993986129760742e+00 -1.773575663566589355e+00 -1.936063647270202637e+00
-1.666012525558471680e+00 -1.756753087043762207e+00 -1.904750704765319824e+00
-1.587285280227661133e+00 -1.715222954750061035e+00 -1.846629619598388672e+00
-1.536830067634582520e+00 -1.720226883888244629e+00 -1.812806487083435059e+00
-1.446206927299499512e+00 -1.678344607353210449e+00 -1.799057602882385254e+00
-1.424313426017761230e+00 -1.674496293067932129e+00 -1.834026694297790527e+00
-1.272871971130371094e+00 -1.676538586616516113e+00 -1.893653154373168945e+00
-1.148384690284729004e+00 -1.667957425117492676e+00 -1.903729557991027832e+00
-1.110274791717529297e+00 -1.678909301757812500e+00 -1.924699544906616211e+00
-9.398993849754333496e-01 -1.695916295051574707e+00 -1.963108777999877930e+00
-9.040154814720153809e-01 -1.669556736946105957e+00 -1.908557295799255371e+00
