-5.925000905990600586e-01 -9.800992608070373535e-01 1.484217762947082520e+00
-4.996497035026550293e-01 -9.150986671447753906e-01 1.501079201698303223e+00
-3.796225786209106445e-01 -8.431028723716735840e-01 1.533730626106262207e+00
-2.472905218601226807e-01 -7.584257721900939941e-01 1.568844556808471680e+00
-1.327497959136962891e-01 -6.173277497291564941e-01 1.617258787155151367e+00
-2.632889151573181152e-02 -4.168072342872619629e-01 1.677088499069213867e+00
5.935093760490417480e-02 -2.006331384181976318e-01 1.701652169227600098e+00
1.642084568738937378e-01 -9.340621531009674072e-02 1.705543994903564453e+00
2.664216160774230957e-01 3.351037204265594482e-02 1.622406125068664551e+00
3.003107905387878418e-01 8.840207755565643311e-02 1.553660273551940918e+00
3.243457078933715820e-01 1.451175510883331299e-01 1.495196461677551270e+00
3.454878330230712891e-01 2.052722275257110596e-01 1.437601923942565918e+00
3.657175898551940918e-01 2.659486234188079834e-01 1.374936938285827637e+00
3.847191333770751953e-01 3.264775574207305908e-01 1.307345390319824219e+00
4.031910896301269531e-01 3.863201737403869629e-01 1.235003352165222168e+00
4.414463639259338379e-01 4.476196765899658203e-01 1.157302737236022949e+00
4.792408943176269531e-01 5.070080161094665527e-01 1.075475692749023438e+00
5.125560760498046875e-01 5.579521656036376953e-01 9.828047156333923340e-01
4.830642342567443848e-01 5.899721384048461914e-01 8.116324543952941895e-01
4.566254615783691406e-01 5.957472324371337891e-01 6.226403117179870605e-01
4.626886248588562012e-01 5.795028805732727051e-01 4.590030610561370850e-01
4.730957746505737305e-01 5.534418821334838867e-01 2.924550175666809082e-01
4.864315986633300781e-01 4.993062913417816162e-01 1.680405288934707642e-01
4.743215441703796387e-01 4.418154358863830566e-01 7.158179581165313721e-02
4.470425248146057129e-01 3.861515522003173828e-01 -2.529583498835563660e-02
4.148623347282409668e-01 3.069922626018524170e-01 -1.522848755121231079e-01
3.539518713951110840e-01 2.420985549688339233e-01 -2.149970978498458862e-01
2.776617407798767090e-01 1.452596485614776611e-01 -2.463661283254623413e-01
2.545803785324096680e-01 1.311038881540298462e-01 -2.775183022022247314e-01
3.608012199401855469e-01 1.587266176939010620e-01 -3.837085068225860596e-01
5.007445812225341797e-01 1.735829412937164307e-01 -4.942050874233245850e-01
6.159086823463439941e-01 1.740496903657913208e-01 -5.907363295555114746e-01
7.876673340797424316e-01 1.836480945348739624e-01 -6.190187335014343262e-01
9.301050305366516113e-01 2.051278352737426758e-01 -6.513097882270812988e-01
1.053181529045104980e+00 2.255722731351852417e-01 -6.890173554420471191e-01
1.139311790466308594e+00 2.603439092636108398e-01 -7.217181324958801270e-01
1.213777661323547363e+00 3.181825578212738037e-01 -7.591382861137390137e-01
1.290548205375671387e+00 4.040717482566833496e-01 -8.045735359191894531e-01
1.314758419990539551e+00 5.040856003761291504e-01 -8.346372842788696289e-01
1.326381564140319824e+00 6.059209108352661133e-01 -8.612798452377319336e-01
1.339437723159790039e+00 7.081171870231628418e-01 -8.914976119995117188e-01
1.361063957214355469e+00 8.179290890693664551e-01 -9.387367963790893555e-01
1.381636977195739746e+00 9.233668446540832520e-01 -9.816555380821228027e-01
1.400039792060852051e+00 1.023434877395629883e+00 -1.019062161445617676e+00
1.406135916709899902e+00 1.090971946716308594e+00 -1.052583336830139160e+00
1.405579090118408203e+00 1.103734493255615234e+00 -1.097527623176574707e+00
1.407202601432800293e+00 1.117589354515075684e+00 -1.137443065643310547e+00
1.411271572113037109e+00 1.132046937942504883e+00 -1.172707200050354004e+00
1.428342938423156738e+00 1.147920489311218262e+00 -1.198291301727294922e+00
1.441969752311706543e+00 1.144923925399780273e+00 -1.214663147926330566e+00
1.409478068351745605e+00 1.103598117828369141e+00 -1.240566015243530273e+00
1.358454227447509766e+00 1.080702424049377441e+00 -1.294613599777221680e+00
1.332773447036743164e+00 1.057838559150695801e+00 -1.331510186195373535e+00
1.313475012779235840e+00 1.030391931533813477e+00 -1.364959120750427246e+00
1.300085067749023438e+00 9.846681356430053711e-01 -1.413122057914733887e+00
1.288072109222412109e+00 9.315806627273559570e-01 -1.452549338340759277e+00
1.278531193733215332e+00 8.778991699218750000e-01 -1.487826704978942871e+00
1.262231588363647461e+00 8.218769431114196777e-01 -1.536016821861267090e+00
1.237861514091491699e+00 7.626529335975646973e-01 -1.598905205726623535e+00
1.215051054954528809e+00 7.048503160476684570e-01 -1.661397099494934082e+00
1.211391806602478027e+00 6.581411361694335938e-01 -1.700254797935485840e+00
1.194137573242187500e+00 6.226775646209716797e-01 -1.735757827758789062e+00
1.177407503128051758e+00 5.880200266838073730e-01 -1.770205616950988770e+00
1.203906774520874023e+00 6.084053516387939453e-01 -1.810155987739562988e+00
1.230774521827697754e+00 6.429196596145629883e-01 -1.832517862319946289e+00
1.252253890037536621e+00 6.761799454689025879e-01 -1.847730040550231934e+00
1.270718336105346680e+00 7.053223848342895508e-01 -1.863324999809265137e+00
1.284745216369628906e+00 7.275265455245971680e-01 -1.876091361045837402e+00
1.292244911193847656e+00 7.460850477218627930e-01 -1.888967871665954590e+00
1.287722945213317871e+00 7.602757215499877930e-01 -1.895769953727722168e+00
1.281604409217834473e+00 7.662966251373291016e-01 -1.900143980979919434e+00
1.273377180099487305e+00 7.652592062950134277e-01 -1.904112696647644043e+00
1.263043045997619629e+00 7.570153474807739258e-01 -1.907566547393798828e+00
1.255307435989379883e+00 7.439324259757995605e-01 -1.911886334419250488e+00
1.247724294662475586e+00 7.246869206428527832e-01 -1.916144609451293945e+00
1.238677263259887695e+00 6.984505057334899902e-01 -1.919674754142761230e+00
1.228286743164062500e+00 6.653742194175720215e-01 -1.922358632087707520e+00
1.216179966926574707e+00 6.259565353393554688e-01 -1.924090981483459473e+00
1.191574811935424805e+00 5.897685289382934570e-01 -1.924405455589294434e+00
1.168142199516296387e+00 5.565509796142578125e-01 -1.920542478561401367e+00
1.141707897186279297e+00 5.193077921867370605e-01 -1.914819478988647461e+00
1.112555384635925293e+00 4.784012138843536377e-01 -1.907264590263366699e+00
1.081012606620788574e+00 4.342552721500396729e-01 -1.897935986518859863e+00
1.047445774078369141e+00 3.873471617698669434e-01 -1.886922121047973633e+00
1.012256383895874023e+00 3.382044136524200439e-01 -1.874343752861022949e+00
9.758797287940979004e-01 2.874031066894531250e-01 -1.860353946685791016e+00
9.553757309913635254e-01 2.575162649154663086e-01 -1.854232192039489746e+00
9.503243565559387207e-01 2.482966035604476929e-01 -1.854976058006286621e+00
9.454672932624816895e-01 2.392841726541519165e-01 -1.854872822761535645e+00
9.420651793479919434e-01 2.323362082242965698e-01 -1.851775288581848145e+00
9.403099417686462402e-01 2.275319844484329224e-01 -1.845237135887145996e+00
9.384656548500061035e-01 2.219745218753814697e-01 -1.841227889060974121e+00
9.365751147270202637e-01 2.163425087928771973e-01 -1.837124943733215332e+00
9.346490502357482910e-01 2.107370048761367798e-01 -1.832677602767944336e+00
9.326990246772766113e-01 2.052331417798995972e-01 -1.827808976173400879e+00
9.307351708412170410e-01 1.999052017927169800e-01 -1.822445750236511230e+00
9.282583594322204590e-01 1.938790082931518555e-01 -1.817669510841369629e+00
9.255082011222839355e-01 1.876579523086547852e-01 -1.812893986701965332e+00
9.229163527488708496e-01 1.821042895317077637e-01 -1.807101130485534668e+00
9.204996228218078613e-01 1.773013025522232056e-01 -1.800219416618347168e+00
9.182694554328918457e-01 1.733202040195465088e-01 -1.792192816734313965e+00
9.167405962944030762e-01 1.695196479558944702e-01 -1.782531142234802246e+00
9.182031750679016113e-01 1.627318561077117920e-01 -1.769570708274841309e+00
9.188550114631652832e-01 1.572810411453247070e-01 -1.761921882629394531e+00
9.199016690254211426e-01 1.524333804845809937e-01 -1.754341363906860352e+00
9.213768839836120605e-01 1.482491791248321533e-01 -1.747077345848083496e+00
9.230033755302429199e-01 1.445388495922088623e-01 -1.739315867424011230e+00
9.247605204582214355e-01 1.413069069385528564e-01 -1.731161713600158691e+00
9.255183339118957520e-01 1.380091458559036255e-01 -1.723500370979309082e+00
9.258344769477844238e-01 1.350718736648559570e-01 -1.718233227729797363e+00
9.261302351951599121e-01 1.325558871030807495e-01 -1.713278532028198242e+00
9.263766407966613770e-01 1.304135918617248535e-01 -1.708534121513366699e+00
9.265655875205993652e-01 1.286050826311111450e-01 -1.703959345817565918e+00
9.266911149024963379e-01 1.270850747823715210e-01 -1.699511647224426270e+00
9.280988574028015137e-01 1.275426149368286133e-01 -1.696922659873962402e+00
9.325597882270812988e-01 1.322074681520462036e-01 -1.698481082916259766e+00
9.360918402671813965e-01 1.358990818262100220e-01 -1.698900103569030762e+00
9.385988116264343262e-01 1.384372562170028687e-01 -1.698008656501770020e+00
9.400065541267395020e-01 1.396698206663131714e-01 -1.695667386054992676e+00
9.398846030235290527e-01 1.395576000213623047e-01 -1.694492340087890625e+00
9.382987618446350098e-01 1.379898190498352051e-01 -1.693726778030395508e+00
9.355034232139587402e-01 1.348540931940078735e-01 -1.691459059715270996e+00
9.321509003639221191e-01 1.305458992719650269e-01 -1.689025759696960449e+00
9.282070994377136230e-01 1.206894516944885254e-01 -1.689998984336853027e+00
9.237429499626159668e-01 1.091517210006713867e-01 -1.691044211387634277e+00
9.247028231620788574e-01 1.056184023618698120e-01 -1.698874115943908691e+00
9.258748888969421387e-01 1.021071970462799072e-01 -1.706991553306579590e+00
9.278010725975036621e-01 9.966142475605010986e-02 -1.710930347442626953e+00
9.299862980842590332e-01 9.743149578571319580e-02 -1.714208602905273438e+00
9.323338866233825684e-01 9.530729055404663086e-02 -1.717230081558227539e+00
9.348036646842956543e-01 9.329088032245635986e-02 -1.719918131828308105e+00
9.373525977134704590e-01 9.138332307338714600e-02 -1.722208380699157715e+00
9.399339556694030762e-01 8.958323299884796143e-02 -1.724049687385559082e+00
9.425005316734313965e-01 8.788651227951049805e-02 -1.725400567054748535e+00
9.450033307075500488e-01 8.628684282302856445e-02 -1.726235985755920410e+00
9.466035962104797363e-01 8.446390926837921143e-02 -1.726417660713195801e+00
9.453418850898742676e-01 8.165501058101654053e-02 -1.725640535354614258e+00
9.437680840492248535e-01 7.886576652526855469e-02 -1.724340796470642090e+00
9.418657422065734863e-01 7.609087228775024414e-02 -1.722554326057434082e+00
9.396222233772277832e-01 7.332211732864379883e-02 -1.720327734947204590e+00
9.370291829109191895e-01 7.055054605007171631e-02 -1.717719674110412598e+00
9.340816140174865723e-01 6.776563823223114014e-02 -1.714795827865600586e+00
9.307801127433776855e-01 6.495702266693115234e-02 -1.711628079414367676e+00
9.270579218864440918e-01 6.212991848587989807e-02 -1.708817958831787109e+00
9.227465987205505371e-01 5.931435152888298035e-02 -1.707733273506164551e+00
9.181253314018249512e-01 5.644501373171806335e-02 -1.706554532051086426e+00
9.132183194160461426e-01 5.351587012410163879e-02 -1.705341100692749023e+00
9.086183905601501465e-01 5.326167121529579163e-02 -1.702149391174316406e+00
9.041976332664489746e-01 5.488863959908485413e-02 -1.697600007057189941e+00
8.995053172111511230e-01 5.601449683308601379e-02 -1.693468928337097168e+00
8.945870995521545410e-01 5.664447322487831116e-02 -1.689780354499816895e+00
8.894956707954406738e-01 5.679866299033164978e-02 -1.686537146568298340e+00
8.842927813529968262e-01 5.651651695370674133e-02 -1.683718323707580566e+00
8.790451884269714355e-01 5.585213378071784973e-02 -1.681282401084899902e+00
8.738270401954650879e-01 5.487562343478202820e-02 -1.679161667823791504e+00
8.679441809654235840e-01 5.687387660145759583e-02 -1.673670887947082520e+00
8.614590167999267578e-01 6.203206256031990051e-02 -1.664600729942321777e+00
8.553531765937805176e-01 6.675262749195098877e-02 -1.655989527702331543e+00
8.497049808502197266e-01 7.119317352771759033e-02 -1.647648692131042480e+00
8.445902466773986816e-01 7.552376389503479004e-02 -1.639366984367370605e+00
8.404372334480285645e-01 8.010649681091308594e-02 -1.631299853324890137e+00
8.369452953338623047e-01 8.492907881736755371e-02 -1.622826218605041504e+00
8.338916301727294922e-01 9.001860022544860840e-02 -1.613415837287902832e+00
8.312897682189941406e-01 9.552244842052459717e-02 -1.602801918983459473e+00
8.293923735618591309e-01 1.017038971185684204e-01 -1.590988755226135254e+00
8.288111090660095215e-01 1.090005785226821899e-01 -1.578391194343566895e+00
8.291373252868652344e-01 1.173053681850433350e-01 -1.564382433891296387e+00
8.303875327110290527e-01 1.267143785953521729e-01 -1.548826336860656738e+00
8.325669169425964355e-01 1.372987180948257446e-01 -1.531622767448425293e+00
8.356696367263793945e-01 1.491029858589172363e-01 -1.512709498405456543e+00
8.396765589714050293e-01 1.621410995721817017e-01 -1.492065787315368652e+00
8.444731831550598145e-01 1.755789816379547119e-01 -1.471191287040710449e+00
8.515342473983764648e-01 1.868507713079452515e-01 -1.449464678764343262e+00
8.593798279762268066e-01 1.990127414464950562e-01 -1.426520228385925293e+00
8.691031336784362793e-01 2.137166708707809448e-01 -1.402286291122436523e+00
8.819163441658020020e-01 2.327934950590133667e-01 -1.376697301864624023e+00
8.952907919883728027e-01 2.524811923503875732e-01 -1.350384712219238281e+00
9.091005921363830566e-01 2.726183235645294189e-01 -1.323611617088317871e+00
9.209700226783752441e-01 2.906119823455810547e-01 -1.302685737609863281e+00
9.396730065345764160e-01 3.163937628269195557e-01 -1.273731112480163574e+00
9.639386534690856934e-01 3.490732014179229736e-01 -1.239952206611633301e+00
9.970752596855163574e-01 3.983306288719177246e-01 -1.197011590003967285e+00
1.029636502265930176e+00 4.466465711593627930e-01 -1.155074477195739746e+00
1.062835454940795898e+00 4.948647320270538330e-01 -1.118660449981689453e+00
1.094667434692382812e+00 5.410492420196533203e-01 -1.084047675132751465e+00
1.138941049575805664e+00 6.047459840774536133e-01 -1.056206226348876953e+00
1.181489944458007812e+00 6.659650206565856934e-01 -1.030886292457580566e+00
1.220668911933898926e+00 7.223891615867614746e-01 -1.008006811141967773e+00
1.256100654602050781e+00 7.734931111335754395e-01 -9.878633618354797363e-01
1.279123783111572266e+00 8.231675028800964355e-01 -9.707721471786499023e-01
1.296307563781738281e+00 8.613021969795227051e-01 -9.567253589630126953e-01
1.311264991760253906e+00 8.901176452636718750e-01 -9.459973573684692383e-01
1.320730447769165039e+00 9.152809977531433105e-01 -9.388512372970581055e-01
1.324587583541870117e+00 9.367580413818359375e-01 -9.353618025779724121e-01
1.322794675827026367e+00 9.545702338218688965e-01 -9.355521202087402344e-01
1.315382838249206543e+00 9.687931537628173828e-01 -9.393958449363708496e-01
1.302457451820373535e+00 9.795619249343872070e-01 -9.468184113502502441e-01
1.284196138381958008e+00 9.870481491088867188e-01 -9.576977491378784180e-01
1.265537023544311523e+00 9.905630350112915039e-01 -9.765622615814208984e-01
1.249604821205139160e+00 9.794950485229492188e-01 -9.995995759963989258e-01
1.231058835983276367e+00 9.634888172149658203e-01 -1.025996923446655273e+00
1.210150837898254395e+00 9.430829286575317383e-01 -1.055441498756408691e+00
1.187166571617126465e+00 9.188555479049682617e-01 -1.087589979171752930e+00
1.162413001060485840e+00 8.914029002189636230e-01 -1.122072458267211914e+00
1.136219859123229980e+00 8.613360524177551270e-01 -1.158495903015136719e+00
1.108929753303527832e+00 8.292690515518188477e-01 -1.196451187133789062e+00
1.080894470214843750e+00 7.957999110221862793e-01 -1.235518097877502441e+00
1.070555686950683594e+00 7.706692814826965332e-01 -1.258778214454650879e+00
1.063072800636291504e+00 7.461993098258972168e-01 -1.282079577445983887e+00
1.059224247932434082e+00 7.225974202156066895e-01 -1.306976795196533203e+00
1.057239770889282227e+00 7.088732719421386719e-01 -1.330307841300964355e+00
1.056573510169982910e+00 6.993356347084045410e-01 -1.351333856582641602e+00
1.056144237518310547e+00 6.904878616333007812e-01 -1.371567964553833008e+00
1.055969715118408203e+00 6.824289560317993164e-01 -1.390808343887329102e+00
1.056056618690490723e+00 6.752290725708007812e-01 -1.408861398696899414e+00
1.056403398513793945e+00 6.689249277114868164e-01 -1.425555586814880371e+00
1.056998372077941895e+00 6.635178923606872559e-01 -1.440729260444641113e+00
1.057820439338684082e+00 6.589910387992858887e-01 -1.454244852066040039e+00
1.058838129043579102e+00 6.553112864494323730e-01 -1.465983390808105469e+00
1.060012936592102051e+00 6.524246931076049805e-01 -1.475847125053405762e+00
1.061296939849853516e+00 6.502693295478820801e-01 -1.483760595321655273e+00
1.062634825706481934e+00 6.487830877304077148e-01 -1.489675402641296387e+00
1.063966274261474609e+00 6.478963494300842285e-01 -1.493561625480651855e+00
1.065224766731262207e+00 6.475532054901123047e-01 -1.495418071746826172e+00
1.066341876983642578e+00 6.477053761482238770e-01 -1.495266914367675781e+00
1.067245125770568848e+00 6.483083367347717285e-01 -1.493153095245361328e+00
1.067863106727600098e+00 6.493396162986755371e-01 -1.489149451255798340e+00
1.068125247955322266e+00 6.507907509803771973e-01 -1.483347892761230469e+00
1.067963957786560059e+00 6.526727080345153809e-01 -1.475864768028259277e+00
1.067315101623535156e+00 6.550083756446838379e-01 -1.466837644577026367e+00
1.066123366355895996e+00 6.578435301780700684e-01 -1.456424951553344727e+00
1.064337372779846191e+00 6.612355113029479980e-01 -1.444801568984985352e+00
1.061916947364807129e+00 6.652508974075317383e-01 -1.432158350944519043e+00
1.058831691741943359e+00 6.699731945991516113e-01 -1.418702721595764160e+00
1.057126760482788086e+00 6.794274449348449707e-01 -1.412173390388488770e+00
1.055551409721374512e+00 6.913301348686218262e-01 -1.408266425132751465e+00
1.053161382675170898e+00 7.039513587951660156e-01 -1.403755784034729004e+00
1.049936532974243164e+00 7.172989845275878906e-01 -1.398734450340270996e+00
1.045871376991271973e+00 7.313722372055053711e-01 -1.393297433853149414e+00
1.040976762771606445e+00 7.461621165275573730e-01 -1.387537479400634766e+00
1.035278081893920898e+00 7.616485357284545898e-01 -1.381546378135681152e+00
1.028817892074584961e+00 7.777990102767944336e-01 -1.375411748886108398e+00
1.021654248237609863e+00 7.945688366889953613e-01 -1.369215369224548340e+00
1.016120791435241699e+00 8.123798370361328125e-01 -1.361019015312194824e+00
1.023983597755432129e+00 8.350942730903625488e-01 -1.340321660041809082e+00
1.037775874137878418e+00 8.708050847053527832e-01 -1.313523888587951660e+00
1.056726694107055664e+00 9.122419357299804688e-01 -1.281727671623229980e+00
1.077710032463073730e+00 9.560676217079162598e-01 -1.248053550720214844e+00
1.099126458168029785e+00 9.997103214263916016e-01 -1.213448643684387207e+00
1.118556737899780273e+00 1.031352639198303223e+00 -1.171566963195800781e+00
1.152099967002868652e+00 1.067253232002258301e+00 -1.130254149436950684e+00
1.187936902046203613e+00 1.103973388671875000e+00 -1.089283585548400879e+00
1.225052237510681152e+00 1.141086578369140625e+00 -1.048843502998352051e+00
1.283594608306884766e+00 1.167798280715942383e+00 -1.023408651351928711e+00
1.348661422729492188e+00 1.191303372383117676e+00 -1.003132343292236328e+00
1.414339065551757812e+00 1.215183854103088379e+00 -9.835337996482849121e-01
1.479505896568298340e+00 1.236158967018127441e+00 -9.628762006759643555e-01
1.541196584701538086e+00 1.242154836654663086e+00 -9.344765543937683105e-01
1.595085501670837402e+00 1.252898573875427246e+00 -9.191784262657165527e-01
1.641917109489440918e+00 1.267794966697692871e+00 -9.151058793067932129e-01
1.683356046676635742e+00 1.281145691871643066e+00 -9.085926413536071777e-01
1.717778444290161133e+00 1.301708459854125977e+00 -9.100540280342102051e-01
1.749274492263793945e+00 1.325386285781860352e+00 -9.147588014602661133e-01
1.780131220817565918e+00 1.348003387451171875e+00 -9.181409478187561035e-01
1.810163259506225586e+00 1.369522809982299805e+00 -9.201556444168090820e-01
1.839140534400939941e+00 1.389893770217895508e+00 -9.207348823547363281e-01
1.867763042449951172e+00 1.407661199569702148e+00 -9.204037785530090332e-01
1.898024320602416992e+00 1.419402718544006348e+00 -9.205099940299987793e-01
1.926000595092773438e+00 1.430776596069335938e+00 -9.188073873519897461e-01
1.951455831527709961e+00 1.441815614700317383e+00 -9.153298139572143555e-01
1.974174737930297852e+00 1.452537059783935547e+00 -9.101475477218627930e-01
1.993967294692993164e+00 1.462946772575378418e+00 -9.033637642860412598e-01
2.010669708251953125e+00 1.473037600517272949e+00 -8.951103091239929199e-01
2.024145364761352539e+00 1.482780337333679199e+00 -8.855465054512023926e-01
2.034284114837646484e+00 1.492132902145385742e+00 -8.748562335968017578e-01
2.041007280349731445e+00 1.501033306121826172e+00 -8.632419705390930176e-01
2.042990922927856445e+00 1.512474060058593750e+00 -8.546389937400817871e-01
2.036570310592651367e+00 1.532535433769226074e+00 -8.560426235198974609e-01
2.026158094406127930e+00 1.552675843238830566e+00 -8.581048846244812012e-01
2.011955022811889648e+00 1.572643756866455078e+00 -8.610000014305114746e-01
1.996405363082885742e+00 1.588167548179626465e+00 -8.640528917312622070e-01
1.981619596481323242e+00 1.595583438873291016e+00 -8.667033314704895020e-01
1.964050769805908203e+00 1.600962638854980469e+00 -8.702021837234497070e-01
1.943803548812866211e+00 1.604136466979980469e+00 -8.746367096900939941e-01
1.919562578201293945e+00 1.598014950752258301e+00 -8.761909604072570801e-01
1.892872571945190430e+00 1.589261770248413086e+00 -8.787674903869628906e-01
1.863944888114929199e+00 1.578069448471069336e+00 -8.826079368591308594e-01
1.831036806106567383e+00 1.563914895057678223e+00 -8.893525600433349609e-01
1.781878948211669922e+00 1.543693065643310547e+00 -9.092171788215637207e-01
1.730952858924865723e+00 1.520928740501403809e+00 -9.305837750434875488e-01
1.678561568260192871e+00 1.495669007301330566e+00 -9.533822536468505859e-01
1.625007629394531250e+00 1.467985391616821289e+00 -9.775239229202270508e-01
1.570597529411315918e+00 1.437984824180603027e+00 -1.002898097038269043e+00
1.515637993812561035e+00 1.405806899070739746e+00 -1.029370784759521484e+00
1.459009289741516113e+00 1.371165633201599121e+00 -1.057407379150390625e+00
1.418757557868957520e+00 1.335040807723999023e+00 -1.090014696121215820e+00
1.379156708717346191e+00 1.287180304527282715e+00 -1.132070302963256836e+00
1.337480306625366211e+00 1.236556053161621094e+00 -1.174876213073730469e+00
1.294860839843750000e+00 1.184995174407958984e+00 -1.216981172561645508e+00
1.252770423889160156e+00 1.132947206497192383e+00 -1.258557796478271484e+00
1.211563110351562500e+00 1.080993175506591797e+00 -1.299172878265380859e+00
1.171613335609436035e+00 1.029770135879516602e+00 -1.338365793228149414e+00
1.133310437202453613e+00 9.799613952636718750e-01 -1.375653147697448730e+00
1.097059130668640137e+00 9.322944283485412598e-01 -1.410528302192687988e+00
1.072762846946716309e+00 8.901715874671936035e-01 -1.442842483520507812e+00
1.044558405876159668e+00 8.528468608856201172e-01 -1.467875957489013672e+00
1.008498668670654297e+00 8.130845427513122559e-01 -1.490352749824523926e+00
9.757558703422546387e-01 7.785136699676513672e-01 -1.509732723236083984e+00
9.472360014915466309e-01 7.501003146171569824e-01 -1.525240659713745117e+00
9.356898665428161621e-01 7.312551140785217285e-01 -1.525542855262756348e+00
9.249474406242370605e-01 7.193682193756103516e-01 -1.525022864341735840e+00
9.140202403068542480e-01 7.153018712997436523e-01 -1.524413228034973145e+00
9.038855433464050293e-01 7.107807397842407227e-01 -1.525213718414306641e+00
8.944980502128601074e-01 6.970524191856384277e-01 -1.529827952384948730e+00
8.836850523948669434e-01 6.806907653808593750e-01 -1.530041098594665527e+00
8.720386624336242676e-01 6.656607389450073242e-01 -1.528348565101623535e+00
8.615500926971435547e-01 6.586589813232421875e-01 -1.520783305168151855e+00
8.467727303504943848e-01 6.571885943412780762e-01 -1.506645321846008301e+00
8.298148512840270996e-01 6.593227386474609375e-01 -1.490086436271667480e+00
8.108733296394348145e-01 6.644594073295593262e-01 -1.471990704536437988e+00
7.892554402351379395e-01 6.718105673789978027e-01 -1.452710986137390137e+00
7.538215517997741699e-01 6.744633316993713379e-01 -1.431672930717468262e+00
7.141696810722351074e-01 6.774127483367919922e-01 -1.410201430320739746e+00
6.694318056106567383e-01 6.861824989318847656e-01 -1.418831706047058105e+00
6.261165142059326172e-01 6.885902881622314453e-01 -1.441469788551330566e+00
5.813658237457275391e-01 6.839734911918640137e-01 -1.465373396873474121e+00
5.338227748870849609e-01 6.766650676727294922e-01 -1.493732810020446777e+00
4.455505013465881348e-01 6.070969700813293457e-01 -1.545301556587219238e+00
3.490193486213684082e-01 5.531924366950988770e-01 -1.608458876609802246e+00
2.462762147188186646e-01 5.048307180404663086e-01 -1.676835775375366211e+00
1.139342784881591797e-01 4.612757265567779541e-01 -1.745914340019226074e+00
-1.179096847772598267e-02 4.131658673286437988e-01 -1.832559704780578613e+00
-1.798327118158340454e-01 3.495659828186035156e-01 -1.864333271980285645e+00
-4.221999049186706543e-01 2.718614339828491211e-01 -1.898236870765686035e+00
-7.287902235984802246e-01 3.842102736234664917e-02 -1.856743216514587402e+00
-1.021643280982971191e+00 -1.962138414382934570e-01 -1.806851267814636230e+00
-1.195550560951232910e+00 -3.413131237030029297e-01 -1.797692298889160156e+00
-1.350787281990051270e+00 -4.871615469455718994e-01 -1.796464562416076660e+00
-1.450757384300231934e+00 -5.922409296035766602e-01 -1.782695174217224121e+00
-1.554133653640747070e+00 -7.096239924430847168e-01 -1.754882216453552246e+00
-1.644406199455261230e+00 -8.218541741371154785e-01 -1.738239645957946777e+00
-1.725445985794067383e+00 -9.403394460678100586e-01 -1.698916792869567871e+00
-1.812230825424194336e+00 -1.081945419311523438e+00 -1.635595679283142090e+00
-1.898011326789855957e+00 -1.224289774894714355e+00 -1.569559574127197266e+00
-1.990882158279418945e+00 -1.386726260185241699e+00 -1.480304718017578125e+00
-2.087407588958740234e+00 -1.580974102020263672e+00 -1.353091359138488770e+00
-2.129583835601806641e+00 -1.671781539916992188e+00 -1.297464370727539062e+00
-2.142542123794555664e+00 -1.735289216041564941e+00 -1.248094797134399414e+00
-2.145612955093383789e+00 -1.800460815429687500e+00 -1.183125257492065430e+00
-2.081127166748046875e+00 -1.894225597381591797e+00 -1.010149240493774414e+00
-2.037960529327392578e+00 -2.010983228683471680e+00 -8.224889039993286133e-01
-2.025819778442382812e+00 -2.152518749237060547e+00 -6.368339061737060547e-01
-2.001590490341186523e+00 -2.272092342376708984e+00 -4.449840784072875977e-01
-1.974641919136047363e+00 -2.361714601516723633e+00 -2.469336092472076416e-01
-1.964483022689819336e+00 -2.415740966796875000e+00 -8.880779147148132324e-02
-1.977113962173461914e+00 -2.428533792495727539e+00 1.136279106140136719e-02
-1.991415262222290039e+00 -2.422865867614746094e+00 9.027916193008422852e-02
-2.001050472259521484e+00 -2.409987688064575195e+00 2.020091265439987183e-01
-2.008272171020507812e+00 -2.395488739013671875e+00 3.095222115516662598e-01
-2.012955665588378906e+00 -2.379310607910156250e+00 4.125546813011169434e-01
-2.015010833740234375e+00 -2.361405611038208008e+00 5.108942985534667969e-01
-2.014892816543579102e+00 -2.343581438064575195e+00 6.026876568794250488e-01
-2.013044834136962891e+00 -2.327491760253906250e+00 6.862740516662597656e-01
-1.997569084167480469e+00 -2.301899671554565430e+00 7.762969136238098145e-01
-1.976240992546081543e+00 -2.271473169326782227e+00 8.633230924606323242e-01
-1.952322483062744141e+00 -2.247511386871337891e+00 9.330792427062988281e-01
-1.939325690269470215e+00 -2.227248430252075195e+00 9.835937619209289551e-01
-1.926878213882446289e+00 -2.204390287399291992e+00 1.027291417121887207e+00
-1.911041617393493652e+00 -2.179507732391357422e+00 1.067064881324768066e+00
-1.881866455078125000e+00 -2.144275903701782227e+00 1.101203680038452148e+00
-1.837844491004943848e+00 -2.097484827041625977e+00 1.129370450973510742e+00
-1.790357470512390137e+00 -2.048364877700805664e+00 1.153872847557067871e+00
-1.740621447563171387e+00 -1.986810445785522461e+00 1.185480713844299316e+00
-1.690084218978881836e+00 -1.900518059730529785e+00 1.237286448478698730e+00
-1.636556267738342285e+00 -1.811871409416198730e+00 1.285849452018737793e+00
-1.580106019973754883e+00 -1.721361517906188965e+00 1.330747008323669434e+00
-1.502012491226196289e+00 -1.642076969146728516e+00 1.361896395683288574e+00
-1.441604495048522949e+00 -1.574723958969116211e+00 1.377805233001708984e+00
-1.410150647163391113e+00 -1.524139165878295898e+00 1.374356865882873535e+00
-1.373226642608642578e+00 -1.472126960754394531e+00 1.367251873016357422e+00
-1.327681541442871094e+00 -1.405545711517333984e+00 1.361546397209167480e+00
-1.249107956886291504e+00 -1.337005853652954102e+00 1.374187350273132324e+00
-1.120821475982666016e+00 -1.267876863479614258e+00 1.428849816322326660e+00
-9.618242383003234863e-01 -1.166048407554626465e+00 1.478097200393676758e+00
-7.864513397216796875e-01 -1.046415686607360840e+00 1.528205871582031250e+00
-6.062327623367309570e-01 -9.354558587074279785e-01 1.571124672889709473e+00
-4.177741408348083496e-01 -8.284125924110412598e-01 1.612854003906250000e+00
-2.064795196056365967e-01 -6.926011443138122559e-01 1.656018137931823730e+00
-3.241445124149322510e-02 -4.125624299049377441e-01 1.702442288398742676e+00
8.829823136329650879e-02 -1.452508717775344849e-01 1.707561850547790527e+00
2.221328169107437134e-01 6.286518275737762451e-02 1.688809990882873535e+00
3.788191080093383789e-01 2.599568068981170654e-01 1.621818304061889648e+00
4.206059575080871582e-01 3.454470038414001465e-01 1.573722958564758301e+00
4.525730609893798828e-01 4.175470769405364990e-01 1.520689010620117188e+00
4.805972576141357422e-01 4.830564558506011963e-01 1.465421438217163086e+00
5.094657540321350098e-01 5.418204665184020996e-01 1.408375024795532227e+00
5.513347983360290527e-01 5.947676897048950195e-01 1.349725842475891113e+00
5.602070689201354980e-01 6.474291682243347168e-01 1.284857869148254395e+00
5.316852331161499023e-01 7.066816687583923340e-01 1.200360059738159180e+00
4.825620651245117188e-01 7.679023742675781250e-01 1.098052501678466797e+00
4.362863898277282715e-01 8.214043974876403809e-01 9.948676228523254395e-01
3.893541097640991211e-01 8.659215569496154785e-01 8.924672007560729980e-01
3.378913402557373047e-01 9.002895355224609375e-01 7.925223708152770996e-01
2.827525138854980469e-01 9.241544604301452637e-01 6.964710354804992676e-01
2.248640805482864380e-01 9.373449087142944336e-01 6.056947708129882812e-01
1.683972328901290894e-01 9.295539259910583496e-01 5.382034778594970703e-01
1.166176199913024902e-01 8.876236677169799805e-01 4.814268052577972412e-01
3.581333160400390625e-02 8.317292332649230957e-01 4.410341084003448486e-01
-5.549348145723342896e-02 7.905836701393127441e-01 4.091469347476959229e-01
-1.344320029020309448e-01 7.557131648063659668e-01 3.803882598876953125e-01
-2.707445621490478516e-01 6.362053751945495605e-01 3.213151693344116211e-01
-5.269765257835388184e-01 4.430941343307495117e-01 2.857010066509246826e-01
-7.557616829872131348e-01 2.372273653745651245e-01 2.878599464893341064e-01
-9.093008041381835938e-01 1.792753338813781738e-01 2.999151647090911865e-01
-1.016163229942321777e+00 1.272752732038497925e-01 3.615330159664154053e-01
-1.082660555839538574e+00 4.519119486212730408e-02 4.144838154315948486e-01
-1.142911314964294434e+00 -7.277541607618331909e-02 4.997959434986114502e-01
-1.125550985336303711e+00 -3.359720706939697266e-01 6.562581658363342285e-01
-1.076357007026672363e+00 -6.312724351882934570e-01 7.257182598114013672e-01
-9.827857613563537598e-01 -7.872848510742187500e-01 7.882188558578491211e-01
-8.764296770095825195e-01 -8.841555118560791016e-01 8.717578053474426270e-01
-7.768391370773315430e-01 -9.781721830368041992e-01 9.662560820579528809e-01
-7.089075446128845215e-01 -1.047477245330810547e+00 1.054400086402893066e+00
-6.761407852172851562e-01 -1.114373207092285156e+00 1.134492278099060059e+00
-6.441408395767211914e-01 -1.157205700874328613e+00 1.169947385787963867e+00
-6.044954061508178711e-01 -1.160540223121643066e+00 1.197356343269348145e+00
-5.545054078102111816e-01 -1.127423405647277832e+00 1.265106320381164551e+00
-5.232015252113342285e-01 -1.065625905990600586e+00 1.327838420867919922e+00
-5.440586209297180176e-01 -1.035687088966369629e+00 1.353182554244995117e+00
-5.624546408653259277e-01 -1.016026496887207031e+00 1.352806329727172852e+00
-5.728054046630859375e-01 -9.944902658462524414e-01 1.352783679962158203e+00
-5.758802294731140137e-01 -9.791895747184753418e-01 1.354989528656005859e+00
-5.793482065200805664e-01 -9.617834091186523438e-01 1.369382977485656738e+00
-5.815455317497253418e-01 -9.453932046890258789e-01 1.385801792144775391e+00
-5.780601501464843750e-01 -9.414900541305541992e-01 1.404083490371704102e+00
-5.692009925842285156e-01 -9.570945501327514648e-01 1.424915075302124023e+00
-5.563757419586181641e-01 -9.706614017486572266e-01 1.444848537445068359e+00
-5.400881767272949219e-01 -9.824701547622680664e-01 1.463632583618164062e+00
-5.207870602607727051e-01 -9.927675127983093262e-01 1.481035113334655762e+00
-4.988526701927185059e-01 -1.001760363578796387e+00 1.496846199035644531e+00
-4.745901226997375488e-01 -1.009609937667846680e+00 1.510879874229431152e+00
-4.492427110671997070e-01 -1.021725893020629883e+00 1.521861433982849121e+00
-4.219955801963806152e-01 -1.033195972442626953e+00 1.530698657035827637e+00
-3.950960040092468262e-01 -1.030921578407287598e+00 1.531349658966064453e+00
-3.668516874313354492e-01 -1.019190192222595215e+00 1.527940630912780762e+00
-3.400566279888153076e-01 -1.011211991310119629e+00 1.524258971214294434e+00
-3.097972571849822998e-01 -1.023103952407836914e+00 1.535336136817932129e+00
