6.302139819825744560e+00 5.797369683705769772e-01 -1.047005356927710462e+00
6.274140355813164760e+00 5.708393502146636989e-01 -1.162879268963878276e+00
6.202913793142922572e+00 5.531924071077124472e-01 -1.272450997564170683e+00
6.089017230307301354e+00 5.270330646313554634e-01 -1.374326721137695273e+00
5.933597115696494839e+00 4.927117582748796742e-01 -1.467224949538525225e+00
5.738383604279398753e+00 4.506875221563474421e-01 -1.549989258367276523e+00
5.505676530934134227e+00 4.015217301392551841e-01 -1.621599565225409156e+00
5.238322654620301222e+00 3.458705247666454818e-01 -1.681181954725508687e+00
4.939684001497671062e+00 2.844759816447297029e-01 -1.728017045176496014e+00
4.613597340377533662e+00 2.181560727492069529e-01 -1.761546872862599589e+00
4.264325050565323849e+00 1.477935116029600870e-01 -1.781380252825418564e+00
3.896497878316865116e+00 7.432358611397339720e-02 -1.787296561051312294e+00
3.515050311414405382e+00 -1.278889748795048603e-03 -1.779247874260002416e+00
3.125149520888680588e+00 -7.801334757191030755e-02 -1.757359401420517386e+00
2.732119016392394517e+00 -1.548677748856939207e-01 -1.721928146209154464e+00
2.341358331012133309e+00 -2.308333545367117767e-01 -1.673419751724202653e+00
1.958260187007901276e+00 -3.049192008160898637e-01 -1.612463497100829368e+00
1.588126690905608207e+00 -3.761669418763243788e-01 -1.539845438788463694e+00
1.236086160331444139e+00 -4.436648850490966245e-01 -1.456499715116697846e+00
9.070121936262247608e-01 -5.065614952945119986e-01 -1.363498059138295471e+00
6.054465559562621779e-01 -5.640779188412046175e-01 -1.262037589839874130e+00
3.355273727243772708e-01 -6.155192956220703060e-01 -1.153426974896891055e+00
1.009239941986800893e-01 -6.602846256699459460e-01 -1.039071079572766010e+00
-9.522027142060941751e-02 -6.978749851859218367e-01 -9.204542371110217003e-01
-2.503365579443927458e-01 -7.278999260261064252e-01 -7.991222968575536489e-01
-3.624691952499918268e-01 -7.500819365642453773e-01 -6.766636276980502185e-01
-4.303042672711288041e-01 -7.642588910816735526e-01 -5.546892762736922444e-01
-4.531876510638462308e-01 -7.703844675101489958e-01 -4.348125016514816088e-01
-4.311324322065002157e-01 -7.685265674980110706e-01 -3.186279300255046021e-01
-3.648157955479989778e-01 -7.588638259268380981e-01 -2.076905938423330433e-01
-2.555656765555537335e-01 -7.416803464732638629e-01 -1.034951390017437023e-01
-1.053376253012657388e-01 -7.173588430539060701e-01 -7.455500988701117826e-03
8.331751878609366946e-02 -6.863724020787833613e-01 7.911463527879644686e-02
3.072944184665820644e-01 -6.492751061331260010e-01 1.550202686482402004e-01
5.629816697175332729e-01 -6.066917752613008030e-01 2.192020843997684598e-01
8.463169616036106957e-01 -5.593070871296258462e-01 2.707517126952732611e-01
1.152847990223500485e+00 -5.078543324115608604e-01 3.089249501611774362e-01
1.477798108406656485e+00 -4.531040481322331503e-01 3.331526837751386805e-01
1.816135671184949674e+00 -3.958527513717977064e-01 3.430492974567436182e-01
2.162646037476052552e+00 -3.369119703319896075e-01 3.384183904762816386e-01
2.512005208553908631e+00 -2.770977401353049707e-01 3.192556910490693678e-01
2.858854119280036077e+00 -2.172206970085044653e-01 2.857491065668749108e-01
3.197872643770261814e+00 -1.580768671305107786e-01 2.382759119349648069e-01
3.523852428856049102e+00 -1.004392072477997000e-01 1.773971368081912747e-01
3.831767722450896141e+00 -4.504991667689006718e-02 1.038492682553300850e-01
4.116843415888163271e+00 7.386491691594401776e-03 1.853343554481205052e-02
4.374619566231971568e+00 5.620939786137026106e-02 -7.749771236568606114e-02
4.601011704711196693e+00 1.008076104077484936e-01 -1.830551886164074604e-01
4.792366270775219483e+00 1.406242894174669356e-01 -2.968306307829187141e-01
4.945510539553178653e+00 1.751613125231933077e-01 -4.174147414742483408e-01
5.057796437028176939e+00 2.039831302082785458e-01 -5.433168889665955792e-01
5.127137666415262807e+00 2.267201413901027973e-01 -6.729855415085856940e-01
5.152039605882227313e+00 2.430716024122379082e-01 -8.048292076648634330e-01
5.131621486329630777e+00 2.528080654044569386e-01 -9.372375587310728395e-01
5.065630421802672423e+00 2.557733285539253720e-01 -1.068602416462023363e+00
4.954446946487858661e+00 2.518858725377792762e-01 -1.197338300516145759e+00
4.799081812688183568e+00 2.411397534598515580e-01 -1.321902246689557803e+00
4.601163924075016176e+00 2.236049213211229458e-01 -1.440812630158937457e+00
4.362919416168286268e+00 1.994269330026024190e-01 -1.552666757127874275e+00
4.087142047439384029e+00 1.688260296415698691e-01 -1.656157022322325645e+00
3.777155224503629949e+00 1.320955503912591700e-01 -1.750085467699387332e+00
3.436766148335537174e+00 8.959965816479766032e-02 -1.833376618427876137e+00
3.070212730181062000e+00 4.177035814847405992e-02 -1.905088514122160293e+00
2.682104080339596131e+00 -1.089620376241692140e-02 -1.964421895050391775e+00
2.277355514268320391e+00 -6.784416857724351324e-02 -2.010727543715280952e+00
1.861119142724528608e+00 -1.284631167120394435e-01 -2.043511820698832082e+00
1.438711210643936589e+00 -1.920939363317895610e-01 -2.062440467990477089e+00
1.015537418311855289e+00 -2.580353891715944648e-01 -2.067340780778136988e+00
5.970174941736205998e-01 -3.255513446665470045e-01 -2.058202267571870969e+00
1.885102895193007944e-01 -3.938786416626024467e-01 -2.035175926477073016e+00
-2.047593678883413704e-01 -4.622355255213038139e-01 -1.998572261020202578e+00
-5.777708887046388853e-01 -5.298305970297337852e-01 -1.948858142134925142e+00
-9.257741251944346939e-01 -5.958721972535475642e-01 -1.886652595421371092e+00
-1.244350597847331041e+00 -6.595781384033980732e-01 -1.812721557625340596e+00
-1.529468912317402562e+00 -7.201856746253032515e-01 -1.727971607252740904e+00
-1.777533674357406168e+00 -7.769615887552594469e-01 -1.633442635472486693e+00
-1.985427354001259026e+00 -8.292122523593088435e-01 -1.530299389115802988e+00
-2.150544692783611378e+00 -8.762934977433683992e-01 -1.419821791561721502e+00
-2.270819387095834863e+00 -9.176201230495916183e-01 -1.303393933126474558e+00
-2.344742915368099201e+00 -9.526748369135029648e-01 -1.182491623051004970e+00
-2.371375505062993660e+00 -9.810164405317126635e-01 -1.058668411742289761e+00
-2.350349355337625123e+00 -1.002287045582469505e+00 -9.335400244242697543e-01
-2.281864340468466423e+00 -1.016218138036542040e+00 -8.087671946538916856e-01
-2.166676516664494567e+00 -1.022635320280380844e+00 -6.860369464044939747e-01
-2.006079841220413940e+00 -1.021461595289112179e+00 -5.670424434266045921e-01
-1.801881589385872395e+00 -1.012719094322013014e+00 -4.534615994773216752e-01
-1.556372022002454614e+00 -9.965291916342225997e-01 -3.469347169341262527e-01
-1.272288916468126141e+00 -9.731109942921417622e-01 -2.490414888228801582e-01
-9.527776249631774164e-01 -9.427782402709147247e-01 -1.612777563914436496e-01
-6.013473666115121130e-01 -9.059346810286413865e-01 -8.503245897276719145e-02
-2.218244929775671781e-01 -8.630680634861341849e-01 -2.156524438214378614e-02
1.816965133294091983e-01 -8.147428595582131283e-01 2.801477387501748878e-02
6.049035415728624132e-01 -7.615919184856855262e-01 6.276862266683883029e-02
1.043318102748287179e+00 -7.043072374942347391e-01 8.194496076848578614e-02
1.492346600140536772e+00 -6.436300585410210662e-01 8.499500705347431961e-02
1.947330941252261027e+00 -5.803405018852720865e-01 7.158450236063021443e-02
2.403597877086153023e+00 -5.152469407235830134e-01 4.160236302367954775e-02
2.856506535843300831e+00 -4.491753063815908109e-01 -4.834242686800015176e-03
3.301493710440847273e+00 -3.829584927900481772e-01 -6.737858138088897997e-02
3.734116557973478745e+00 -3.174260047229502391e-01 -1.454569019324012114e-01
4.150092469611025514e+00 -2.533939687117339190e-01 -2.382748494498536096e-01
4.545335966264430816e+00 -1.916556003741220482e-01 -3.448276629608563182e-01
4.915992562939178079e+00 -1.329721987378519599e-01 -4.639139919872634632e-01
5.258469617829302223e+00 -7.806471871768960735e-02 -5.941530949627076286e-01
5.569464237231784409e+00 -2.760595854015227349e-02 -7.340051200979426094e-01
5.845988341855938408e+00 1.778660998994693876e-02 -8.817941151284662826e-01
6.085391012181188053e+00 5.755734410982556171e-02 -1.035733364904956266e+00
6.285378219669198963e+00 9.121823968273047589e-02 -1.193952615161407715e+00
6.444030019195130521e+00 1.183540148869254710e-01 -1.354526708191915896e+00
6.559815230484665527e+00 1.386264240246715962e-01 -1.515505132406363753e+00
6.631603576815887635e+00 1.517777447395922408e-01 -1.674941972761028630e+00
6.658675181126872289e+00 1.576333707265196171e-01 -1.830925742266481526e+00
6.640727247150216783e+00 1.561034348400411886e-01 -1.981608575662031413e+00
6.577877682052464259e+00 1.471833859106457809e-01 -2.125234275046403720e+00
6.470665353549751586e+00 1.309534473869893578e-01 -2.260164714189322854e+00
6.320046624727111428e+00 1.075768974808067602e-01 -2.384904133086994449e+00
6.127387780799980810e+00 7.729712881486221210e-02 -2.498120885743937869e+00
5.894452962053925660e+00 4.043347042963798404e-02 -2.598666240933349414e+00
5.623387253410590425e+00 -2.624214097870353896e-03 -2.685589877891308319e+00
5.316694656769891836e+00 -5.142210263355821709e-02 -2.758151768271592363e+00
4.977210786080901173e+00 -1.054500753672204666e-01 -2.815830194856584701e+00
4.608070271862517941e+00 -1.641503314501853994e-01 -2.858325728502463470e+00
4.212669033129745166e+00 -2.269267949929725525e-01 -2.885561067726656326e+00
3.794621758788194743e+00 -2.931551122114187113e-01 -2.897676738235879235e+00
3.357715124730450196e+00 -3.621930169665695809e-01 -2.895022749073278057e+00
2.905857445923849092e+00 -4.333908255246521901e-01 -2.878146403824080934e+00
2.443025616599360905e+00 -5.061018130614527433e-01 -2.847776565286725070e+00
1.973210320488846925e+00 -5.796922239884566563e-01 -2.804804766215142742e+00
1.500360592337334653e+00 -6.535506757850394477e-01 -2.750263643451452911e+00
1.028328877898650351e+00 -7.270967322562615909e-01 -2.685303244437342141e+00
5.608177695741429769e-01 -7.997884470765856957e-01 -2.611165810493745632e+00
1.013295866659572331e-01 -8.711287111224739199e-01 -2.529159678065411310e+00
-3.468800790871321427e-01 -9.406702756720737302e-01 -2.440632955813829330e+00
-7.808438214302652058e-01 -1.008019366332521871e+00 -2.346947630340658009e+00
-1.197917978547679230e+00 -1.072837848454205378e+00 -2.249454724453855192e+00
-1.595811553988192522e+00 -1.134843953032503849e+00 -2.149471078373868860e+00
-1.972607950679486688e+00 -1.193811620894005499e+00 -2.048258248111503921e+00
-2.326779176101165802e+00 -1.249568568623070419e+00 -1.947003921871403476e+00
-2.657192388833496288e+00 -1.301993217865105468e+00 -1.846806152346887719e+00
-2.963108862916324249e+00 -1.351010657821380079e+00 -1.748660597437165176e+00
-3.244175638094546343e+00 -1.396587829115975454e+00 -1.653450859437113785e+00
-3.500410295612776057e+00 -1.438728127499564025e+00 -1.561941916564934196e+00
-3.732179447693263263e+00 -1.477465629914772149e+00 -1.474776553583995398e+00
-3.940171652374759859e+00 -1.512859144469967942e+00 -1.392474622677626561e+00
-4.125365562925633611e+00 -1.544986280128216816e+00 -1.315434903512568976e+00
-4.288994192466803135e+00 -1.573937721315132432e+00 -1.243939283572270682e+00
-4.432506220637088212e+00 -1.599811877453867659e+00 -1.178158946035865684e+00
-4.557525291321186778e+00 -1.622710058300588232e+00 -1.118162231200111822e+00
-4.665808249667219521e+00 -1.642732303442775876e+00 -1.063923827034354064e+00
-4.759203243905056446e+00 -1.659973968671266897e+00 -1.015334943974663950e+00
-4.839608574337990632e+00 -1.674523143205474796e+00 -9.722141380696071034e-01
-4.908933110374878339e+00 -1.686458940384569560e+00 -9.343184644633261149e-01
-4.969059019122253673e+00 -1.695850671822589639e+00 -9.013546684992952418e-01
-5.021807458643326783e+00 -1.702757883140135764e+00 -8.729901522321759089e-01
-5.068907788237325462e+00 -1.707231199749210449e+00 -8.488634877522214239e-01
-5.111970739627634153e+00 -1.709313904458835687e+00 -8.285942841295717010e-01
-5.152465879633830070e+00 -1.709044145239638324e+00 -8.117922510609456577e-01
-5.191703579897446019e+00 -1.706457651766587258e+00 -7.980653385173609449e-01
-5.230821595436523808e+00 -1.701590823823893261e+00 -7.870268670243782960e-01
-5.270776243483079604e+00 -1.694484043696073750e+00 -7.783015970565754227e-01
-5.312338069180020383e+00 -1.685185058449804041e+00 -7.715307179115953318e-01
-5.356091787371197732e+00 -1.673752276500291236e+00 -7.663757659615675344e-01
-5.402440202092212651e+00 -1.660257826255290503e+00 -7.625215091208956686e-01
-5.451611729676740126e+00 -1.644790233539627611e+00 -7.596778586165614522e-01
-5.503671090027524748e+00 -1.627456589191808689e+00 -7.575808905590485365e-01
-5.558532685823450947e+00 -1.608384097903319265e+00 -7.559930777839423133e-01
-5.615976162390730941e+00 -1.587720922627389175e+00 -7.547028458233770998e-01
-5.675663631153540223e+00 -1.565636264740684513e+00 -7.535235746939149548e-01
-5.737158045469361589e+00 -1.542319648275992217e+00 -7.522921702468940985e-01
-5.799942237399609013e+00 -1.517979406423171529e+00 -7.508673255104784117e-01
-5.863438155238926974e+00 -1.492840398729564866e+00 -7.491275844641541726e-01
-5.927025881434553334e+00 -1.467141016141919607e+00 -7.469693091059087520e-01
-5.990062055896408388e+00 -1.441129556473726758e+00 -7.443046368104377919e-01
-6.051897378530500582e+00 -1.415060073639770488e+00 -7.410595000228128448e-01
-6.111892915858491371e+00 -1.389187819232384546e+00 -7.371717654438211254e-01
-6.169434988730752245e+00 -1.363764404919243223e+00 -7.325895363629575385e-01
-6.223948470356422291e+00 -1.339032819789754525e+00 -7.272696507252305320e-01
-6.274908375452636911e+00 -1.315222439038460145e+00 -7.211763989880743964e-01
-6.321849671441694518e+00 -1.292544159183297570e+00 -7.142804789843177904e-01
-6.364375289387444568e+00 -1.271185789856192905e+00 -7.065581986606166431e-01
-6.402162352898001174e+00 -1.251307823052673740e+00 -6.979909308873173401e-01
-6.434966675359066635e+00 -1.233039688396239786e+00 -6.885648174153853329e-01
-6.462625599418866607e+00 -1.216476588733620190e+00 -6.782707119463300405e-01
-6.485059269021530071e+00 -1.201676995395890124e+00 -6.671043459360295191e-01
-6.502270435256009229e+00 -1.188660867381449382e+00 -6.550666958880440038e-01
-6.514342904280423063e+00 -1.177408643471530958e+00 -6.421645278320674555e-01
-6.521438739539335394e+00 -1.167861040328081801e+00 -6.284110932906868952e-01
-6.523794332229599924e+00 -1.159919672629821097e+00 -6.138269509914253685e-01
-6.521715454731774386e+00 -1.153448493709500644e+00 -5.984408895362673952e-01
-6.515571412960234454e+00 -1.148276037833676932e+00 -5.822909275178551614e-01
-6.505788416041665911e+00 -1.144198428853171023e+00 -5.654253679501557439e-01
-6.492842285087679244e+00 -1.140983104708526596e+00 -5.479038822720860846e-01
-6.477250626283508339e+00 -1.138373193424685015e+00 -5.297985955051265350e-01
-6.459564596558589500e+00 -1.136092464131729374e+00 -5.111951390233936410e-01
-6.440360392666406142e+00 -1.133850766629376006e+00 -4.921936311500105243e-01
-6.420230596420557490e+00 -1.131349865233579610e+00 -4.729095385434279319e-01
-6.399775509282527253e+00 -1.128289566993419868e+00 -4.534743639743695764e-01
-6.379594606959706482e+00 -1.124374040092392724e+00 -4.340361002261424739e-01
-6.360278237630519804e+00 -1.119318213892820602e+00 -4.147593865206922747e-01
-6.342399675359188471e+00 -1.112854146441733194e+00 -3.958253028557642272e-01
-6.326507624122914564e+00 -1.104737238549921674e+00 -3.774307382130375199e-01
-6.313119249174256709e+00 -1.094752167424521971e+00 -3.597872708343698989e-01
-6.302713791983555858e+00 -1.082718409282284577e+00 -3.431195039406436109e-01
-6.295726802528483823e+00 -1.068495220810075752e+00 -3.276628099647422299e-01
-6.292544998077539198e+00 -1.051985954242349974e+00 -3.136604512477677575e-01
-6.293501731760970053e+00 -1.033141589656505932e+00 -3.013600645993393390e-01
-6.298873028846450950e+00 -1.011963379550506303e+00 -2.910095196999697986e-01
-6.308874125399806410e+00 -9.885045135649658254e-01 -2.828521853174560396e-01
-6.323656424180455815e+00 -9.628707248941091867e-01 -2.771216613073237411e-01
-6.343304767319732029e+00 -9.352197751481909904e-01 -2.740360574453091780e-01
-6.367834915839907239e+00 -9.057597722821399966e-01 -2.737919215243149185e-01
-6.397191123859943929e+00 -8.747462971875723525e-01 -2.765579380118238229e-01
-6.431243701703277971e+00 -8.424783383292197003e-01 -2.824685342698696755e-01
-6.469786477603393315e+00 -8.092930600939554076e-01 -2.916175435682513140e-01
-6.512534091699213157e+00 -7.755594596147794562e-01 -3.040520827385971847e-01
-6.559119087193254316e+00 -7.416709989759221466e-01 -3.197668074689317130e-01
-6.609088800578998502e+00 -7.080373339232187702e-01 -3.386987105666128262e-01
-6.661902094568733723e+00 -6.750752939711132106e-01 -3.607226288352664012e-01
-6.716926022468567403e+00 -6.431992989644154113e-01 -3.856476226425120668e-01
-6.773432559795772967e+00 -6.128114213542171784e-01 -4.132143877645394481e-01
-6.830595586332134594e+00 -5.842913209161051391e-01 -4.430938501165950782e-01
-6.887488347271523814e+00 -5.579862899523709840e-01 -4.748870796164325059e-01
-6.943081662154482636e+00 -5.342016530897106819e-01 -5.081266401285938761e-01
-6.996243180877646850e+00 -5.131917669126359050e-01 -5.422794698013311265e-01
-7.045738004193892401e+00 -4.951518603852206324e-01 -5.767513620942483765e-01
-7.090230990398064925e+00 -4.802109466501074952e-01 -6.108930936997089001e-01
-7.128291059851467715e+00 -4.684260202009437046e-01 -6.440082213304285652e-01
-7.158397784284169063e+00 -4.597777310462541900e-01 -6.753625437622134964e-01
-7.178950508392926366e+00 -4.541676997671673655e-01 -7.041951970554717333e-01
-7.188280197720692932e+00 -4.514176042167608038e-01 -7.297313183462423858e-01
-7.184664139948981010e+00 -4.512701297465633865e-01 -7.511961761387362380e-01
-7.166343547362227895e+00 -4.533918309607321562e-01 -7.678306218333051936e-01
-7.131544018033960874e+00 -4.573779061308928529e-01 -7.789076676683917011e-01
-7.078498715289751608e+00 -4.627588379987133682e-01 -7.837499406726788909e-01
-7.005474022652322219e+00 -4.690088084741993457e-01 -7.817477026440101673e-01
-6.910797327601340356e+00 -4.755557504005127889e-01 -7.723770663598253927e-01
-6.792886484918926548e+00 -4.817928570046273729e-01 -7.552179828103009473e-01
-6.650280413045935646e+00 -4.870913285044200514e-01 -7.299715272627713691e-01
-6.481670189451172348e+00 -4.908140955736105537e-01 -6.964759758457030880e-01
-6.285929937793407696e+00 -4.923302217083500021e-01 -6.547211405121974304e-01
-6.062146743935496573e+00 -4.910296525755302732e-01 -6.048604206446793752e-01
-5.809648802601087958e+00 -4.863379525312477303e-01 -5.472200371959881071e-01
-5.528030984888772537e+00 -4.777306493960175593e-01 -4.823049435491859604e-01
-5.217177032188931030e+00 -4.647468006055474610e-01 -4.108009593108399304e-01
-4.877277626756270301e+00 -4.470013987012225742e-01 -3.335727511084856101e-01
-4.508843664560977516e+00 -4.241962527739685518e-01 -2.516573881094565923e-01
-4.112714161403427049e+00 -3.961290149061356125e-01 -1.662533263866460276e-01
-3.690058354808817498e+00 -3.627000656206592066e-01 -7.870481991040961800e-02
-3.242371714892472223e+00 -3.239170278294634664e-01 9.518089669029264691e-03
-2.771465739091671932e+00 -2.798967427117644013e-01 9.684369381760597750e-02
-2.279451571823254863e+00 -2.308646116623106759e-01 1.816263822596051458e-01
-1.768717656377371883e+00 -1.771512845461602204e-01 2.621774408782315269e-01
-1.241901789168047276e+00 -1.191867543365484478e-01 3.367981428832796942e-01
-7.018581018645810854e-01 -5.749199930437994682e-02 4.038142894239237224e-01
-1.516196405146587878e-01 7.331607163551905060e-03 4.616112798267825723e-01
4.056426619385256060e-01 7.461482635415295217e-02 5.086687477962471560e-01
9.666637170986229766e-01 1.436346684477463886e-01 5.435937912405285344e-01
1.528129733798509582e+00 2.136296872098019661e-01 5.651518515926609032e-01
2.086724360105275178e+00 2.838160183765837674e-01 5.722943635355388636e-01
2.639174467758296672e+00 3.534037095237203552e-01 5.641823957795198963e-01
3.182294552993614190e+00 4.216128916744626420e-01 5.402056332396077964e-01
3.713028783835540914e+00 4.876893624882855383e-01 4.999962035278450734e-01
4.228489812378043666e+00 5.509191853733946820e-01 4.434370183871767512e-01
4.725993586237230204e+00 6.106419551868476070e-01 3.706644765115968410e-01
5.203089529937900082e+00 6.662624361112721161e-01 2.820655511244061220e-01
5.657585618129982841e+00 7.172603381542597134e-01 1.782694559252991917e-01
6.087568022644012089e+00 7.631980634821851073e-01 6.013423910639199843e-02
6.491415179619140829e+00 8.037263205496707474e-01 -7.127120833619110529e-02
6.867806285984062953e+00 8.385875702659312259e-01 -2.146891301160835375e-01
7.215724390087616236e+00 8.676173313916724084e-01 -3.686981797137479644e-01
7.534454382677681750e+00 8.907434296024162590e-01 -5.317412437139814596e-01
7.823576316061359393e+00 9.079833248411351976e-01 -7.021550323028789009e-01
8.082954576757209963e+00 9.194396938420167364e-01 -8.782006534814670307e-01
8.312723507211908114e+00 9.252944778124241321e-01 -1.058094413290102009e+00
8.513270113904054526e+00 9.258016278997431847e-01 -1.240038134839071660e+00
8.685214513343243681e+00 9.212787930213013343e-01 -1.422248359765816872e+00
8.829388757115198771e+00 9.120981975470253689e-01 -1.602983882006931093e+00
8.946814646017397621e+00 8.986769531539685607e-01 -1.780571160215701720e+00
9.038681094391311177e+00 8.814670425791292230e-01 -1.953427255725210809e+00
9.106321540991991981e+00 8.609452041527269062e-01 -2.120080041206211519e+00
9.151191824650483753e+00 8.376029347198240549e-01 -2.279185515759589720e+00
9.174848855020957927e+00 8.119368140917804233e-01 -2.429542142196041254e+00
9.178930314226279918e+00 7.844393356403381867e-01 -2.570102191110744005e+00
9.165135527196314413e+00 7.555904043859268393e-01 -2.699980134723771297e+00
9.135207540524737269e+00 7.258496360233465117e-01 -2.818458182240842991e+00
9.090916356589401559e+00 6.956495590286938535e-01 -2.924989088302107465e+00
9.034043187038028222e+00 6.653897893468154745e-01 -3.019196396949204164e+00
8.966365522914122366e+00 6.354322151679266950e-01 -3.100872305245330196e+00
8.889642772095220025e+00 6.060971995501616139e-01 -3.169973343798881071e+00
8.805602191121064237e+00 5.776607825354717063e-01 -3.226614077464876829e+00
8.715924838910154904e+00 5.503528432116935321e-01 -3.271059029372047622e+00
8.622231303721845208e+00 5.243561663492853908e-01 -3.303713024595769987e+00
8.526067000185076239e+00 4.998063468630979944e-01 -3.325110135897563879e+00
8.428886897940879308e+00 4.767924569495178844e-01 -3.335901395111624534e+00
8.332039625127348970e+00 4.553583947789032194e-01 -3.336841414380633086e+00
8.236750985599748276e+00 4.355048305522076224e-01 -3.328774046008324383e+00
8.144107033688317898e+00 4.171916659748791112e-01 -3.312617201399152389e+00
8.055036958378945400e+00 4.003409267942055205e-01 -3.289346950471513598e+00
7.970296134373492158e+00 3.848400150338823766e-01 -3.259981034335384553e+00
7.890449795996045346e+00 3.705452574689966361e-01 -3.225561945800735408e+00
7.815857877031125334e+00 3.572856977487218755e-01 -3.187139761999975729e+00
7.746661630388659070e+00 3.448670886236721023e-01 -3.145754946569640609e+00
7.682772690666722859e+00 3.330760463030199015e-01 -3.102421370441168946e+00
7.623865264977299105e+00 3.216843310187097460e-01 -3.058109826309161505e+00
7.569372128223913698e+00 3.104532169597062907e-01 -3.013732329831184664e+00
7.518485055282480900e+00 2.991379114471327538e-01 -2.970127509705658753e+00
7.470160243242293774e+00 2.874919785225010238e-01 -2.928047389191972272e+00
7.423129163253880058e+00 2.752717172691143133e-01 -2.888145853599850099e+00
7.375915136783863346e+00 2.622404410388337603e-01 -2.850969081043961850e+00
7.326855759573186688e+00 2.481726004985499445e-01 -2.816948185789450498e+00
7.274131103502978313e+00 2.328576909327362832e-01 -2.786394283646479231e+00
7.215797418266881813e+00 2.161038825568717403e-01 -2.759496137413156358e+00
7.149825839024286367e+00 1.977413118907610512e-01 -2.736320479081831181e+00
7.074145391718430709e+00 1.776249728204894740e-01 -2.716815036690013674e+00
6.986689383483875027e+00 1.556371484997128019e-01 -2.700814219398130600e+00
6.885444080624095520e+00 1.316893305684314897e-01 -2.688047336992305247e+00
6.768498419773199437e+00 1.057235804767830967e-01 -2.678149153183689180e+00
6.634093377601180563e+00 7.771329803328926034e-02 -2.670672500602937482e+00
6.480669549761099546e+00 4.766337352443286712e-02 -2.665102623662160219e+00
6.306911469450681373e+00 1.560971164636834260e-02 -2.660872865706354062e+00
6.111787235890160375e+00 -1.838187154746694085e-02 -2.657381278885561748e+00
5.894582124147535573e+00 -5.421736316950714896e-02 -2.654007707963159657e+00
5.654925005952996742e+00 -9.177684832578926477e-02 -2.650130883125049852e+00
5.392806618639760075e+00 -1.309173373804706220e-01 -2.645145053631239751e+00
5.108588966400692932e+00 -1.714760608429867217e-01 -2.638475705780509717e+00
4.803005414405886242e+00 -2.132741510393020012e-01 -2.629593935777323477e+00
4.477151331982364368e+00 -2.561206156715929994e-01 -2.618029090128188852e+00
4.132465446319243618e+00 -2.998164972419757324e-01 -2.603379342093692816e+00
3.770702372977115857e+00 -3.441591053814499479e-01 -2.585319941143846112e+00
3.393897082665207510e+00 -3.889462075334956248e-01 -2.563608951499107391e+00
3.004322333292683389e+00 -4.339800673109250884e-01 -2.538090383287814333e+00
2.604440330699680395e+00 -4.790712283313617315e-01 -2.508694712406411842e+00
2.196850070645847364e+00 -5.240419534540918800e-01 -2.475436878384771333e+00
1.784231949944311113e+00 -5.687292441681394140e-01 -2.438411937723493406e+00
1.369291309327460793e+00 -6.129873812727184568e-01 -2.397788627435377240e+00
9.547025811958211872e-01 -6.566899447222214192e-01 -2.353801155583908233e+00
5.430556626303959522e-01 -6.997312867245552015e-01 -2.306739580235797060e+00
1.368060230399381072e-01 -7.420274474962937905e-01 -2.256939164444808021e+00
-2.617701048938133046e-01 -7.835165172868077121e-01 -2.204769102383371759e+00
-6.506143019384429405e-01 -8.241584610037649972e-01 -2.150621001461537674e+00
-1.027917384603572293e+00 -8.639344323121309621e-01 -2.094897479726587797e+00
-1.392142994228306563e+00 -9.028456117917321722e-01 -2.038001200470059615e+00
-1.742042924527880787e+00 -9.409116084861945950e-01 -1.980324620176327599e+00
-2.076664009016881973e+00 -9.781684664265635210e-01 -1.922240674750472778e+00
-2.395346631674268423e+00 -1.014666318558293590e+00 -1.864094575226956207e+00
-2.697715151818778079e+00 -1.050466731452398328e+00 -1.806196830572890377e+00
-2.983660742120575637e+00 -1.085639786100164539e+00 -1.748817564047194795e+00
-3.253317323257380433e+00 -1.120260942205948629e+00 -1.692182142890676921e+00
-3.507031437309236832e+00 -1.154407734052928847e+00 -1.636468101137870335e+00
-3.745327032612627782e+00 -1.188156344504116557e+00 -1.581803304376759201e+00
-3.968866234228498158e+00 -1.221578101121741922e+00 -1.528265284665473622e+00
-4.178407245986974772e+00 -1.254735936926288931e+00 -1.475881663031528568e+00
-4.374760572510131951e+00 -1.287680859489606533e+00 -1.424631574237472442e+00
-4.558744763733604266e+00 -1.320448475540251243e+00 -1.374448012027706723e+00
-4.731142872223071727e+00 -1.353055622695063187e+00 -1.325221021523964371e+00
-4.892660777497209068e+00 -1.385497164682735205e+00 -1.276801677150204650e+00
-5.043888473909061254e+00 -1.417743011900820971e+00 -1.229006796985987471e+00
-5.185265341224891245e+00 -1.449735435628987767e+00 -1.181624355107925517e+00
-5.317050321450158989e+00 -1.481386751030077331e+00 -1.134419560233833613e+00
-5.439297813149101657e+00 -1.512577449742780633e+00 -1.087141570499961629e+00
-5.551839966703624896e+00 -1.543154865746396709e+00 -1.039530809784768861e+00
-5.654275921557024631e+00 -1.572932457071066326e+00 -9.913268410427276134e-01
-5.745968370266294478e+00 -1.601689780732471702e+00 -9.422767381296178746e-01
-5.826047665266295361e+00 -1.629173229988465588e+00 -8.921438808624952976e-01
-5.893423504788779965e+00 -1.655097592809168239e+00 -8.407170783427062588e-01
-5.946804048132398712e+00 -1.679148478450698034e+00 -7.878199017411824379e-01
-5.984722122550461876e+00 -1.700985644111543849e+00 -7.333200794278100787e-01
-6.005567999717259298e+00 -1.720247234527606528e+00 -6.771387755071628378e-01
-6.007628043475500057e+00 -1.736554923764815239e+00 -6.192595391548801897e-01
-5.989128365816402066e+00 -1.749519921378811294e+00 -5.597366786670838756e-01
-5.948282477936563950e+00 -1.758749776025462008e+00 -4.987027837235108452e-01
-5.883341791056574621e+00 -1.763855879831704998e+00 -4.363750956623519972e-01
-5.792647711148927847e+00 -1.764461547256557017e+00 -3.730604119917454442e-01
-5.674683987084147674e+00 -1.760210513287832734e+00 -3.091582104672815356e-01
-5.528127917801989533e+00 -1.750775668022592990e+00 -2.451616918268251788e-01
-5.351899005536374432e+00 -1.735867818717590660e+00 -1.816564704031943811e-01
-5.145203662160026781e+00 -1.715244247679566181e+00 -1.193166891350971592e-01
-4.907574636099425902e+00 -1.688716816873419235e+00 -5.889839917729407931e-02
-4.638903928539587440e+00 -1.656159360131195468e+00 -1.230122533764428649e-03
-4.339468109243083127e+00 -1.617514103585434126e+00 5.279939284826747764e-02
-4.009945122446697319e+00 -1.572796866131040083e+00 1.022561138279697579e-01
-3.651421888918713776e+00 -1.522100815094485693e+00 1.461781358032686606e-01
-3.265392257144102306e+00 -1.465598587768562444e+00 1.835952304378981603e-01
-2.853745129197777342e+00 -1.403542636269940136e+00 2.135500730009381454e-01
-2.418742877626528731e+00 -1.336263709395434152e+00 2.351205876893502078e-01
-1.962990468335353178e+00 -1.264167447563411040e+00 2.474427590125565790e-01
-1.489395998312399438e+00 -1.187729131824527995e+00 2.497331926673284352e-01
-1.001123632299838917e+00 -1.107486692283496721e+00 2.413106764537265581e-01
-5.015401664143497307e-01 -1.024032142995864092e+00 2.216159929659770600e-01
5.843351318145534323e-03 -9.380016676793520025e-01 1.902292705786005622e-01
5.174333611270518496e-01 -8.500646312561648266e-01 1.468842262495629325e-01
1.029617211548652822e+00 -7.609118338513577440e-01 9.147875081046194512e-02
1.538826535723704980e+00 -6.712433539503045443e-01 2.408141108276686329e-02
2.041598872287076816e+00 -5.817563437455992581e-01 -5.506641214879541557e-02
2.534635883554543945e+00 -4.931331407910404807e-01 -1.455528724562620835e-01
3.014856637600641598e+00 -4.060300458725356054e-01 -2.468024491643107665e-01
3.479444581616592203e+00 -3.210670888558265212e-01 -3.580869742010659440e-01
3.925887037955696268e+00 -2.388190639853333130e-01 -4.785405304428071993e-01
4.352006295008394865e+00 -1.598080653192316958e-01 -6.071777163249800768e-01
4.755981632949032978e+00 -8.449769368342413545e-02 -7.429146525049610261e-01
5.136361908007652133e+00 -1.328904178488115456e-02 -8.845920162280982435e-01
5.492068606353209148e+00 5.348150225063569296e-02 -1.030999332051527606e+00
5.822389558858978909e+00 1.155426572428442655e-01 -1.180899724788539773e+00
6.126963771290401262e+00 1.726869420203928640e-01 -1.333054350397952392e+00
6.405758062622179949e+00 2.247677988575658148e-01 -1.486245760081323697e+00
6.659036411023738999e+00 2.716953349674906537e-01 -1.639299518308495962e+00
6.887323078901721018e+00 3.134309093732697837e-01 -1.791103482578603856e+00
7.091360723723732384e+00 3.499808220999860997e-01 -1.940624257061354996e+00
7.272064799661762002e+00 3.813893809362740583e-01 -2.086920449561281643e+00
7.430475616434833341e+00 4.077316276858702904e-01 -2.229152486824998558e+00
7.567709446443237731e+00 4.291060017892383005e-01 -2.366588871816394768e+00
7.684910059705823748e+00 4.456272060021414516e-01 -2.498608893136423426e+00
7.783202019330734522e+00 4.574195175741185282e-01 -2.624701917146982755e+00
7.863646991519114060e+00 4.646107592846632772e-01 -2.744463504319586189e+00
7.927204218485175424e+00 4.673271079880145784e-01 -2.857588689827698314e+00
7.974696174709788643e+00 4.656888755939428415e-01 -2.963862851514406760e+00
8.006780279180675919e+00 4.598073519711615709e-01 -3.063150653765407849e+00
8.023927370548978644e+00 4.497827550671980035e-01 -3.155383601559137663e+00
8.026407471631765489e+00 4.357032937247617421e-01 -3.240546762842434259e+00
8.014283179005300184e+00 4.176453143698547477e-01 -3.318665217830772285e+00
7.987410816812649195e+00 3.956744730476465799e-01 -3.389790772102953653e+00
7.945449294154522946e+00 3.698478475456645209e-01 -3.453989430766187141e+00
7.887876404769441407e+00 3.402168795717467886e-01 -3.511330078568362989e+00
7.814012109307311604e+00 3.068310142046875022e-01 -3.561874749346883640e+00
7.723048148896816123e+00 2.697418839037370453e-01 -3.605670799729094433e+00
7.614083159178446358e+00 2.290078680946117107e-01 -3.642745227625226789e+00
7.486162291782144429e+00 1.846988470331906718e-01 -3.673101296527051751e+00
7.338320209996908261e+00 1.369009603406251829e-01 -3.696717542905891829e+00
7.169626210729044047e+00 8.572117695304451446e-02 -3.713549157422885383e+00
