-5.285393532021800844e+00 2.174690012240854564e+00 -1.013319480586091448e+00
-4.894990059606741717e+00 2.103055679643024867e+00 -1.476312312636500090e+00
-4.471217123680050420e+00 2.006322725963933795e+00 -1.960294236185194494e+00
-4.019329999580104840e+00 1.884317404100972260e+00 -2.460094908147861137e+00
-3.544909773522809449e+00 1.737099095488312539e+00 -2.970346895047925262e+00
-3.053779732756625620e+00 1.565005232505539023e+00 -3.485552604947826705e+00
-2.551916710022839485e+00 1.368687251115264125e+00 -4.000150637025202016e+00
-2.045359639174091360e+00 1.149133936880286200e+00 -4.508580538663807147e+00
-1.540117705269048676e+00 9.076797269648817501e-01 -5.005345712892040666e+00
-1.042080311142456805e+00 6.459974531921545138e-01 -5.485075124326812102e+00
-5.569309935644166654e-01 3.660768219757917774e-01 -5.942585095198012368e+00
-9.006736548618889115e-02 7.019115263905616187e-02 -6.372942664919222899e+00
3.534711041159678824e-01 -2.391444399203138116e-01 -6.771531660503331551e+00
7.690661573958248454e-01 -5.592199253026395311e-01 -7.134121848077346506e+00
1.152573840096779989e+00 -8.871788004965444063e-01 -7.456940549756893688e+00
1.500367089013536548e+00 -1.220065016401001845e+00 -7.736745283642349591e+00
1.809367418112394210e+00 -1.554866136025892631e+00 -7.970895522450939019e+00
2.077065447617954863e+00 -1.888551353578072245e+00 -8.157421382658327502e+00
2.301530228527720379e+00 -2.218103595045759935e+00 -8.295086647668757251e+00
2.481407571421237357e+00 -2.540545284711941854e+00 -8.383443073277835111e+00
2.615907872531125999e+00 -2.852957922274502067e+00 -8.422872776803588479e+00
2.704784176950082220e+00 -3.152496698564880795e+00 -8.414615728937704375e+00
2.748301377573879378e+00 -3.436402771603607409e+00 -8.360779626335940407e+00
2.747197588337133567e+00 -3.702016860889165262e+00 -8.264329517198790498e+00
2.702638982893438957e+00 -3.946797874489323288e+00 -8.129054645551288871e+00
2.616169840743961306e+00 -4.168349134226980723e+00 -7.959510374270486466e+00
2.489660134075788012e+00 -4.364452700851854772e+00 -7.760933930289956706e+00
2.325253492437390879e+00 -4.533110158030802417e+00 -7.539134086526824596e+00
2.125318619847006651e+00 -4.672586937301223209e+00 -7.300356560051201704e+00
1.892407204583701930e+00 -4.781457129091021940e+00 -7.051128595350449224e+00
1.629220984828817498e+00 -4.858646176132161543e+00 -6.798087789929363467e+00
1.338589716161770582e+00 -4.903469268808733794e+00 -6.547801770291163947e+00
1.023460315677408028e+00 -4.915663648795121077e+00 -6.306586783532043938e+00
6.868957755970914736e-01 -4.895413742333674101e+00 -6.080334166761700132e+00
3.320811257659432858e-01 -4.843369091019742889e+00 -5.874353396862418641e+00
-3.766675726342239711e-02 -4.760655888539250924e+00 -5.693238902347157016e+00
-4.188884278470335620e-01 -4.648883080130084444e+00 -5.540765597706982959e+00
-8.079727107823881926e-01 -4.510143452610243742e+00 -5.419815934561991178e+00
-1.201151340098181475e+00 -4.347009226080200683e+00 -5.332339507814165103e+00
-1.594499495090534902e+00 -4.162520559239881734e+00 -5.279344761730753177e+00
-1.983943933061139475e+00 -3.960164265386270976e+00 -5.260920980281632353e+00
-2.365279627713341437e+00 -3.743839267272430327e+00 -5.276287736531576122e+00
-2.734194903891123740e+00 -3.517805418529897477e+00 -5.323868421639438964e+00
-3.086304552474990803e+00 -3.286613584681571609e+00 -5.401384015568566177e+00
-3.417190667121949854e+00 -3.055016978358839452e+00 -5.505962646184504372e+00
-3.722451636313883316e+00 -2.827865850525431934e+00 -5.634260009564460603e+00
-3.997760087758110537e+00 -2.609989106224705591e+00 -5.782585700809312002e+00
-4.238930215580358762e+00 -2.406067091090671628e+00 -5.947030751161928919e+00
-4.441994010643985469e+00 -2.220499673815718555e+00 -6.123591825240995767e+00
-4.603284849736751561e+00 -2.057272986913000867e+00 -6.308287505555745689e+00
-4.719526000175813252e+00 -1.919827501180918938e+00 -6.497262131718972711e+00
-4.787921049943015817e+00 -1.810930314013290188e+00 -6.686873181803181687e+00
-4.806243043907637791e+00 -1.732555679648019709e+00 -6.873759369060444158e+00
-4.772918928004024508e+00 -1.685779279380434259e+00 -7.054888264032536327e+00
-4.687105529969612938e+00 -1.670692861236234839e+00 -7.227584033482266967e+00
-4.548752845625951835e+00 -1.686346193594205678e+00 -7.389537610832277004e+00
-4.358650322589442183e+00 -1.730722539246466241e+00 -7.538802944377927417e+00
-4.118452530837553915e+00 -1.800752239811831856e+00 -7.673783457082800297e+00
-3.830681967019384793e+00 -1.892367000746929762e+00 -7.793212394277280630e+00
-3.498708238355393352e+00 -2.000595493568700256e+00 -7.896129707980283463e+00
-3.126704081892393905e+00 -2.119698982397391518e+00 -7.981856983112882276e+00
-2.719579496942671426e+00 -2.243343662201108035e+00 -8.049970986962403430e+00
-2.282895795081547607e+00 -2.364804304900455012e+00 -8.100275970697818906e+00
-1.822761766395102789e+00 -2.477192026284429360e+00 -8.132774926402520421e+00
-1.345714597542632562e+00 -2.573697760544970237e+00 -8.147640470588568107e+00
-8.585886983560970798e-01 -2.647842030083759290e+00 -8.145186746501327235e+00
-3.683761150500010628e-01 -2.693720340168710869e+00 -8.125844545744605796e+00
1.179173300960871251e-01 -2.706232182119808982e+00 -8.090142447587593821e+00
5.934157383956525367e-01 -2.681281008265003152e+00 -8.038696825653779854e+00
1.051512352508817472e+00 -2.615933362847512544e+00 -7.972212866638928475e+00
1.486000539760640615e+00 -2.508527831137661313e+00 -7.891497312758631644e+00
1.891193418748865263e+00 -2.358728458672745720e+00 -7.797481730162129310e+00
2.262029327901347919e+00 -2.167522298675609083e+00 -7.691253098419891465e+00
2.594160570192591830e+00 -1.937165667675440073e+00 -7.574086882276698240e+00
2.884023490192617167e+00 -1.671087131365098122e+00 -7.447476894801595471e+00
3.128888920842579857e+00 -1.373756594936727637e+00 -7.313156276939470679e+00
3.326892954555352055e+00 -1.050529769111432143e+00 -7.173104685781622969e+00
3.477048634926600101e+00 -7.074766739640704349e-01 -7.029538281290520274e+00
3.579239543455069672e+00 -3.512020734078108997e-01 -6.884881180100387965e+00
3.634196321288163833e+00 1.133524983411523211e-02 -6.741719108573184904e+00
3.643456953760725536e+00 3.729986512178413705e-01 -6.602737422357683350e+00
3.609311447825740427e+00 7.266408107016870677e-01 -6.470646488764757009e+00
3.534731642748929925e+00 1.065258992539480865e+00 -6.348098139282941865e+00
3.423287334206433385e+00 1.382136878291942983e+00 -6.237597727432056871e+00
3.279050482211493645e+00 1.670972620145394716e+00 -6.141416973038688276e+00
3.106489797753073212e+00 1.925993099229643679e+00 -6.061512749454247562e+00
2.910358284436920240e+00 2.142053577929440067e+00 -5.999456089548532489e+00
2.695576326196332584e+00 2.314720442004103429e+00 -5.956374290019837758e+00
2.467112824983716202e+00 2.440333595368548103e+00 -5.932907662800176674e+00
2.229866887786986052e+00 2.516044978346900329e+00 -5.929181504148906434e+00
1.988552779904225964e+00 2.539830492412747276e+00 -5.944793136341281148e+00
1.747591426081177124e+00 2.510473981110665331e+00 -5.978813335156314857e+00
1.511012508367851614e+00 2.427523693559808127e+00 -6.029801133743284858e+00
1.282371586161100030e+00 2.291223710864540131e+00 -6.095830890214301689e+00
1.064686106458110570e+00 2.102424913452376920e+00 -6.174530600126043822e+00
8.603928253578931873e-01 1.862481916788197411e+00 -6.263130783215939523e+00
6.713276792094444723e-01 1.573143615945862273e+00 -6.358523758684495597e+00
4.987279399107014677e-01 1.236445231126294564e+00 -6.457333257063093690e+00
3.432554567041584126e-01 8.546091186401035822e-01 -6.555993705029385055e+00
2.050386889136646962e-01 4.299605524756562880e-01 -6.650837355684545038e+00
8.373010115502153849e-02 -3.513649092992975065e-02 -6.738186226607503215e+00
-2.142533989595996058e-02 -5.383199112267910147e-01 -6.814444890448183578e+00
-1.115149682989157176e-01 -1.077244645551549862e+00 -6.876189739736914497e+00
-1.878802911454372782e-01 -1.649572742314217022e+00 -6.920250667300430258e+00
-2.520386485443509295e-01 -2.252940527972384643e+00 -6.943782313183377575e+00
-3.056063863670266945e-01 -2.884906414421122722e+00 -6.944323815623903329e+00
-3.502246595399159390e-01 -3.542883874272525713e+00 -6.919847535073862410e+00
-3.874888997334922647e-01 -4.224064723408714528e+00 -6.868797759516277246e+00
-4.188832864535177447e-01 -4.925338161503567846e+00 -6.790120017577925715e+00
-4.457218250390387881e-01 -5.643211340435671630e+00 -6.683281024182650576e+00
-4.690974770827589513e-01 -6.373737630061065751e+00 -6.548279020677020945e+00
-4.898402555343968068e-01 -7.112458717682011766e+00 -6.385644452830921303e+00
-5.084846927072149692e-01 -7.854365745505885954e+00 -6.196431396366774536e+00
-5.252469208981093152e-01 -8.593883198678936353e+00 -5.982200638709212370e+00
-5.400116388299894821e-01 -9.324878020003778190e+00 -5.744995667136319817e+00
-5.523291062853332711e-01 -1.004069574833345868e+01 -5.487313039764162959e+00
-5.614219380949893035e-01 -1.073422493063248240e+01 -5.212068884825738380e+00
-5.662012005256210623e-01 -1.139799026570008955e+01 -4.922563431729777506e+00
-5.652914757518475719e-01 -1.202427395409480759e+01 -4.622444974335803813e+00
-5.570650393967688796e-01 -1.260526345417573957e+01 -4.315673250853228282e+00
-5.396856489875403451e-01 -1.313322188846288974e+01 -4.006480526370765460e+00
-5.111623496983072057e-01 -1.360067492519928578e+01 -3.699327651480532442e+00
-4.694131674398602794e-01 -1.400060612098142876e+01 -3.398852401022089520e+00
-4.123377546974800190e-01 -1.432665212545343003e+01 -3.109808199286451025e+00
-3.378971868204649343e-01 -1.457328942500944180e+01 -2.836992665011783377e+00
-2.441983089989347155e-01 -1.473600490949237241e+01 -2.585167086686841031e+00
-1.295793511071740289e-01 -1.481144363636181183e+01 -2.358969348116005005e+00
7.306967011424594059e-03 -1.479752892224353111e+01 -2.162823157588816603e+00
1.674168113043433270e-01 -1.469355179321754790e+01 -2.000845691238686275e+00
3.512489443222736596e-01 -1.450022816943507920e+01 -1.876754875002583756e+00
5.587922357279307972e-01 -1.421972285732319641e+01 -1.793777305309840031e+00
7.894896860019104956e-01 -1.385563991598637834e+01 -1.754558196217418820e+00
1.042220464183917450e+00 -1.341297964030198209e+01 -1.761075255870280465e+00
1.315300015473104045e+00 -1.289806329755994874e+01 -1.814558837930606350e+00
1.606497146581663760e+00 -1.231842757627362062e+01 -1.915421259619214611e+00
1.913066493941622426e+00 -1.168269094883233272e+01 -2.063199006247006029e+00
2.231794849860125218e+00 -1.100039351632889151e+01 -2.256512537500152238e+00
2.559060265885837016e+00 -1.028181091544357351e+01 -2.493049078183022793e+00
2.890903499622295314e+00 -9.537742724348419188e+00 -2.769573405789312215e+00
3.223111846685430049e+00 -8.779277378537218013e+00 -3.081969800421234140e+00
3.551315201171205249e+00 -8.017538715075392730e+00 -3.425315343128654710e+00
3.871093153238661877e+00 -7.263422809088409871e+00 -3.793981716810700622e+00
4.178090394670906704e+00 -6.527336414643229112e+00 -4.181760611521777804e+00
4.468136181395005124e+00 -5.818949330585993174e+00 -4.582006920654868587e+00
4.737362418798307218e+00 -5.146972554959148738e+00 -4.987793501521749384e+00
4.982314131232837617e+00 -4.518972660003822917e+00 -5.392070882111884345e+00
5.200045770824927693e+00 -3.941230601891583252e+00 -5.787825205144689455e+00
5.388197437006556179e+00 -3.418650258401032982e+00 -6.168228464781469356e+00
5.545046841953243266e+00 -2.954718667680387156e+00 -6.526776743988206952e+00
5.669535352175025800e+00 -2.551516617654278729e+00 -6.857414142366568655e+00
5.761268963518117125e+00 -2.209775281489139598e+00 -7.154641754716333679e+00
5.820497037301557874e+00 -1.928972354258907895e+00 -7.413612096325816303e+00
5.848072581077633281e+00 -1.707459739450076119e+00 -7.630209744202151256e+00
5.845397740663691444e+00 -1.542614117201054347e+00 -7.801118740071754765e+00
5.814357633814218218e+00 -1.431001634310625992e+00 -7.923876660414408413e+00
5.757245587961020483e+00 -1.368548645232184890e+00 -7.996914601426658109e+00
5.676683482521450053e+00 -1.350711894632387722e+00 -8.019582067691993998e+00
5.575541668072006019e+00 -1.372643235142400941e+00 -7.992155993531792291e+00
5.456863124941953913e+00 -1.429345149682659022e+00 -7.915833618160518448e+00
5.323795827851429685e+00 -1.515813729168316693e+00 -7.792709272128313103e+00
5.179535781426658048e+00 -1.627165866431697028e+00 -7.625734994735699601e+00
5.027281221291003632e+00 -1.758747877049509079e+00 -7.418664427839014586e+00
4.870196668986194410e+00 -1.906223504344558117e+00 -7.175979321168969527e+00
4.711384573073368109e+00 -2.065639999796183179e+00 -6.902798838102667034e+00
4.553862331882177372e+00 -2.233471823442291004e+00 -6.604773439277879632e+00
4.400543070312307847e+00 -2.406642742954452796e+00 -6.287966720618354266e+00
4.254218991715320364e+00 -2.582528542668082849e+00 -5.958729810508066826e+00
4.117546177734620727e+00 -2.758943841268958863e+00 -5.623573717587683873e+00
3.993029492611812170e+00 -2.934117457937122531e+00 -5.289045099044948017e+00
3.883006119004236201e+00 -3.106660941322447744e+00 -4.961610074230804912e+00
3.789626560564802737e+00 -3.275533791701374930e+00 -4.647549214805174245e+00
3.714832656275664835e+00 -3.440007019065570937e+00 -4.352865075461322064e+00
3.660332738880691217e+00 -3.599625415389302585e+00 -4.083201715524686470e+00
3.627574093430877333e+00 -3.754169067624992362e+00 -3.843773925754119247e+00
3.617712567553940772e+00 -3.903615406415857692e+00 -3.639303026226599957e+00
3.631579257900219293e+00 -4.048103266457856897e+00 -3.473956566514972977e+00
3.669645076205951373e+00 -4.187899885220696561e+00 -3.351290654259800217e+00
3.731985393531084494e+00 -4.323371198200124610e+00 -3.274195147125808170e+00
3.818248121487554325e+00 -4.454955611483770284e+00 -3.244843024002763254e+00
3.927628981630371552e+00 -4.583141458808518642e+00 -3.264645794621379604e+00
4.058857393411032355e+00 -4.708448323914194766e+00 -3.334216877757183006e+00
4.210195731878106251e+00 -4.831412240992392526e+00 -3.453344662883190086e+00
4.379453902416520883e+00 -4.952574440907089759e+00 -3.620976784011989302e+00
4.564020236185195145e+00 -5.072472856751902626e+00 -3.835217113771001607e+00
4.760908483809754621e+00 -5.191635265344891614e+00 -4.093336928822329135e+00
4.966819297118101773e+00 -5.310572902702994647e+00 -4.391801458795485225e+00
5.178213579442573433e+00 -5.429773684958164814e+00 -4.726312775518089815e+00
5.391394774435267045e+00 -5.549694817370540711e+00 -5.091869845091726354e+00
5.602597191074376148e+00 -5.670755473842954864e+00 -5.482846389037216994e+00
5.808077395392962750e+00 -5.793330904885601207e+00 -5.893086668975948683e+00
6.004205609157828860e+00 -5.917749384406500113e+00 -6.316018198326258215e+00
6.187554181218449578e+00 -6.044293063453682002e+00 -6.744778818181173641e+00
6.354980541397553750e+00 -6.173203481074046373e+00 -7.172354156661948643e+00
6.503702504562504316e+00 -6.304692034528020628e+00 -7.591720910374473164e+00
6.631364309473314123e+00 -6.438954658045767054e+00 -7.995991757450576998e+00
6.736092288892967517e+00 -6.576188387074529906e+00 -8.378558399981120175e+00
6.816539445326965208e+00 -6.716606219733638916e+00 -8.733229407247124598e+00
6.871918273057859849e+00 -6.860446547888471081e+00 -9.054358972619894530e+00
6.902020853307119452e+00 -7.007974481388817622e+00 -9.336962068897506128e+00
6.907224853280613530e+00 -7.159474032955539968e+00 -9.576811617092014117e+00
6.888484140569008041e+00 -7.315231783751761974e+00 -9.770514261603791439e+00
6.847303547502643362e+00 -7.475514012295159993e+00 -9.915562622975103935e+00
6.785698551688554403e+00 -7.640540089840025750e+00 -1.001036308784373752e+01
6.706141679673532252e+00 -7.810455012632548488e+00 -1.005423928014674217e+01
6.611497907262775087e+00 -7.985303334054401070e+00 -1.004741233334400086e+01
6.504951210848915366e+00 -8.165005860485559097e+00 -9.990959823975027021e+00
6.389924019647695630e+00 -8.349339755823294240e+00 -9.886755610523039195e+00
6.269991070096795127e+00 -8.537922423955421891e+00 -9.737392850870952188e+00
6.148789317660464881e+00 -8.730199566793029220e+00 -9.546092381067644794e+00
6.029925971735818457e+00 -8.925437826910897599e+00 -9.316598745032207418e+00
5.916887053168268906e+00 -9.122722322972069975e+00 -9.053066502773335245e+00
5.812948933997263978e+00 -9.320959357751677388e+00 -8.759939750625049371e+00
5.721095153596427174e+00 -9.518884735189534041e+00 -8.441827859757179198e+00
5.643940587063156933e+00 -9.715078167134114651e+00 -8.103380373510706391e+00
5.583664818937303487e+00 -9.907983695461275886e+00 -7.749164118676243440e+00
5.541956152980073824e+00 -1.009593489995513771e+01 -7.383546085227077782e+00
5.519966888847192443e+00 -1.027718257248040779e+01 -7.010586324341703701e+00
5.518279551435626651e+00 -1.044992219218382878e+01 -6.633945635774884053e+00
5.536883265215616134e+00 -1.061231907414705056e+01 -6.256812919143103002e+00
5.575159806402466778e+00 -1.076253023707380407e+01 -5.881856515212174230e+00
5.631879777748968863e+00 -1.089872343181075820e+01 -5.511202429906547628e+00
5.705210237214900282e+00 -1.101909478984998536e+01 -5.146440199431198792e+00
5.792735643932890532e+00 -1.112188666432200357e+01 -4.788655020893802572e+00
5.891494165064870003e+00 -1.120540641330676657e+01 -4.438483322613906878e+00
5.998031162270024197e+00 -1.126804557851285082e+01 -4.096188270830090516e+00
6.108470808768092120e+00 -1.130829785816697530e+01 -3.761751266612888500e+00
6.218605192091396283e+00 -1.132477407232689082e+01 -3.434974706131335154e+00
6.323998321911248333e+00 -1.131621298116897734e+01 -3.115590199065690680e+00
6.420100845024697911e+00 -1.128148778897941895e+01 -2.803365655203630791e+00
6.502370375894781951e+00 -1.121960904152348881e+01 -2.498204595447576448e+00
6.566392164341466220e+00 -1.112972540781630215e+01 -2.200231583541663927e+00
6.607995199028936284e+00 -1.101112442685630022e+01 -1.909858496306596320e+00
6.623359720533088080e+00 -1.086323531210436499e+01 -1.627827478532654082e+00
6.609113315214731443e+00 -1.068563528806017260e+01 -1.355228016794012724e+00
6.562413848782894021e+00 -1.047806027601073708e+01 -1.093487426776875937e+00
6.481018134365363892e+00 -1.024042067537925682e+01 -8.443357986905112300e-01
6.363335575280951950e+00 -9.972823487908467399e+00 -6.097479378020075336e-01
6.208466503411159465e+00 -9.675602546983524732e+00 -3.918660776431580062e-01
6.016225614525271048e+00 -9.349358551826998820e+00 -1.929079635527622960e-01
5.787151372141401851e+00 -8.995009663646781561e+00 -1.506513146164172728e-02
5.522502160977560415e+00 -8.613851714804175330e+00 1.396039739889500531e-01
5.224239447598868047e+00 -8.207625073595755438e+00 2.692816543823179365e-01
4.894997677027993710e+00 -7.778583406190790583e+00 3.724952902718458025e-01
4.538040416130241894e+00 -7.329558316269145557e+00 4.482147167685668343e-01
4.157202410944761617e+00 -6.864013210919436503e+00 4.959395002698404054e-01
3.756817660177522722e+00 -6.386079662777250476e+00 5.157730945070869710e-01
3.341634184331071289e+00 -5.900570048166990489e+00 5.084804320955158552e-01
2.916716859171434084e+00 -5.412961527948731977e+00 4.755250176547407559e-01
2.487340594141427275e+00 -4.929348488968504860e+00 4.190818102723429806e-01
2.058877236753085871e+00 -4.456363085526730217e+00 3.420233813450947458e-01
1.636680461165852307e+00 -4.001066136576861609e+00 2.478784911630187160e-01
1.225973068178225933e+00 -3.570812820669781118e+00 1.407636344873769985e-01
8.317404879763891090e-01 -3.173098869480244666e+00 2.528904209915525461e-02
4.586331473001272196e-01 -2.815393373063199700e+00 -9.355853986308990122e-02
1.108792207647232436e-01 -2.504964340497563224e+00 -2.105528438582625617e-01
-2.077914355553714953e-01 -2.248702979247473976e+00 -3.203801082026349056e-01
-4.942115735749904037e-01 -2.052952251943111150e+00 -4.178003432930456618e-01
-7.458284494214584281e-01 -1.923344790658394698e+00 -4.978113963895771099e-01
-9.607427541699555817e-01 -1.864654730304570407e+00 -5.558092022235879837e-01
-1.137734127643144966e+00 -1.880667220595537481e+00 -5.877380229838967685e-01
-1.276272915538437580e+00 -1.974068157611631014e+00 -5.902253092581620786e-01
-1.376517966375990332e+00 -2.146355265117499744e+00 -5.606965907422397644e-01
-1.439300518803369622e+00 -2.397770472934118935e+00 -4.974663972728169958e-01
-1.466094570200876523e+00 -2.727252979582044379e+00 -3.998019695038982912e-01
-1.458974391145974270e+00 -3.132412664362352217e+00 -2.679576642665290054e-01
-1.420560038846777839e+00 -3.609524533205467733e+00 -1.031791780313720958e-01
-1.353951998896958386e+00 -4.153546177034284526e+00 9.232243624991538777e-02
-1.262656469390133207e+00 -4.758161145530072744e+00 3.154264987260020359e-01
-1.150503080033637548e+00 -5.415851268321242529e+00 5.621872457666405865e-01
-1.021556947151990302e+00 -6.118000241297008479e+00 8.279455744276769114e-01
-8.800270779584308256e-01 -6.855029317677570511e+00 1.107465537510996523e+00
-7.301733699342414230e-01 -7.616563789518471239e+00 1.395092184319191464e+00
-5.762148098374076932e-01 -8.391626447628631524e+00 1.684926174956837830e+00
-4.222419384946629051e-01 -9.168851978323139917e+00 1.971009126751908092e+00
-2.721370204120046599e-01 -9.936714797605457505e+00 2.247512044697474565e+00
-1.295052420345328692e-01 -1.068376228740429035e+01 2.508917989281840288e+00
2.380643014201915680e-03 -1.139884564225344654e+01 2.750189957116322859e+00
1.206213872643047413e-01 -1.207134120964735935e+01 2.966915908533353630e+00
2.227189981187993051e-01 -1.269135604563500763e+01 3.155424606295969436e+00
3.065936156033255422e-01 -1.324991248685583933e+01 3.312868061753826865e+00
3.705928329488432094e-01 -1.373910791279643817e+01 3.437268626697954410e+00
4.134968069246973132e-01 -1.415224721429814281e+01 3.527530790750155631e+00
4.345217052677988745e-01 -1.448394651702638924e+01 3.583419361224442046e+00
4.333226390745785195e-01 -1.473020755897405110e+01 3.605506997762333743e+00
4.099956538265951411e-01 -1.488846303414736383e+01 3.595095257478854389e+00
3.650771109265298353e-01 -1.495759416986177648e+01 3.554114445596068705e+00
2.995382600238314930e-01 -1.493792244880508768e+01 3.485008326295795378e+00
2.147729644063673671e-01 -1.483117735190542952e+01 3.390609705283784692e+00
1.125770344014535157e-01 -1.464044135108415112e+01 3.274012256812421473e+00
-4.881825309494244695e-03 -1.437007258560543654e+01 3.138443388509637888e+00
-1.351037991689392759e-01 -1.402560515128119967e+01 2.987142644781562772e+00
-2.753060147970452509e-01 -1.361362698439430652e+01 2.823249928223854344e+00
-4.224795813415230805e-01 -1.314163606802717332e+01 2.649707518053857846e+00
-5.734526059827237399e-01 -1.261787697907252692e+01 2.469179267146703882e+00
-7.249566119533930042e-01 -1.205116111236172749e+01 2.283989084230004796e+00
-8.736935062540674979e-01 -1.145067475244604083e+01 2.096078923673526440e+00
-1.016400466137493908e+00 -1.082577947305541954e+01 1.906984748142755759e+00
-1.149910777200051193e+00 -1.018580947357320454e+01 1.717827930678442749e+00
-1.271209411322921312e+00 -9.539870689938126702e+00 1.529319292134625252e+00
-1.377482674117286310e+00 -8.896646857104606454e+00 1.341773121585562834e+00
-1.466161553436736931e+00 -8.264217951762836023e+00 1.155128931782310575e+00
-1.534958555840374883e+00 -7.649896361586746352e+00 9.689792268616072013e-01
-1.581897824048801970e+00 -7.060085707065360872e+00 7.826020381217996258e-01
-1.605338145517717141e+00 -6.500166724685796815e+00 5.949972664606505424e-01
-1.603988186154925666e+00 -5.974414090579412751e+00 4.049258728195090362e-01
-1.576913144596653549e+00 -5.485947340868075450e+00 2.109508586436881772e-01
-1.523532196680108974e+00 -5.036718030419928382e+00 1.147915724970420895e-02
-1.443606578404604601e+00 -4.627534050666645804e+00 -1.951959003972086049e-01
-1.337218820384999063e+00 -4.258120638513105405e+00 -4.108512622669464598e-01
-1.204744372888861825e+00 -3.927216086624898406e+00 -6.372891593304939040e-01
-1.046817525623590317e+00 -3.632698681005781083e+00 -8.762891054970713967e-01
-8.642939939140499295e-01 -3.371739970494059158e+00 -1.129555175089306696e+00
-6.582126508635965934e-01 -3.140977826758379887e+00 -1.398657077957801365e+00
-4.297585498876608789e-01 -2.936700771735405446e+00 -1.684964845919333598e+00
-1.802288330953653317e-01 -2.755033274853686098e+00 -1.989579019995862952e+00
8.899719900527720828e-02 -2.592111102555353597e+00 -2.313260158491322382e+00
3.764825679799763680e-01 -2.444236963537245622e+00 -2.656362556014617127e+00
6.807504576110142702e-01 -2.308009461285684072e+00 -3.018777276770046480e+00
1.000294899116437319e+00 -2.180421939820811339e+00 -3.399889186698831889e+00
1.333584961952492876e+00 -2.058931213843903318e+00 -3.798551634055665538e+00
1.679064208836812622e+00 -1.941498574328884619e+00 -4.213080856490871717e+00
2.035147655772771458e+00 -1.826606482279089061e+00 -4.641270390287356662e+00
2.400218247186207687e+00 -1.713254345665871536e+00 -5.080424059001789061e+00
2.772624162090769673e+00 -1.600936482877820533e+00 -5.527404842367797499e+00
3.150677441138460377e+00 -1.489605449092847866e+00 -5.978696291810913443e+00
3.532653834032309703e+00 -1.379624615770696838e+00 -6.430473023882357531e+00
3.916793732025557251e+00 -1.271715061884433284e+00 -6.878676816403036298e+00
4.301304545435588267e+00 -1.166902707107500881e+00 -7.319094882869763730e+00
4.684365510015109813e+00 -1.066471235727954880e+00 -7.747437319782109810e+00
5.064136285198721943e+00 -9.719242899360096555e-01 -8.159411666519106987e+00
5.438770704546100454e+00 -8.849570805070766655e-01 -8.550793640499023240e+00
5.806436591648409973e+00 -8.074339998105232175e-01 -8.917493867882484437e+00
6.165341660067903184e+00 -7.413661639897553002e-01 -9.255620632208669818e+00
6.513764346569439034e+00 -6.888819059854409677e-01 -9.561538595816591268e+00
6.850087289531179735e+00 -6.521843396726894060e-01 -9.831923423048369415e+00
7.172830413446259712e+00 -6.334927054686050329e-01 -1.006381219850881514e+01
7.480680452321290197e+00 -6.349673185815268850e-01 -1.025464927630122602e+01
7.772514158279041574e+00 -6.586208046318100529e-01 -1.040232671465063596e+01
8.047413157524658800e+00 -7.062206003516305897e-01 -1.050521797404790014e+01
8.304669295658190009e+00 -7.791891865001865369e-01 -1.056220339081114368e+01
8.543780220942737813e+00 -8.785088874525356362e-01 -1.057268629980925922e+01
8.764435712359166075e+00 -1.004637228657415449e+00 -1.053659950294375136e+01
8.966495876300930590e+00 -1.157437198972060433e+00 -1.045440265006188874e+01
9.149962927793529488e+00 -1.336125054897899789e+00 -1.032707152096112146e+01
9.314948774330856551e+00 -1.539237046195510272e+00 -1.015608006521996209e+01
9.461640863907406995e+00 -1.764615562150548822e+00 -9.943375810466791975e+00
9.590268724596759498e+00 -2.009414390573145859e+00 -9.691349359221099746e+00
9.701073410399619235e+00 -2.270122101955126759e+00 -9.402799116510168531e+00
9.794281704318644088e+00 -2.542602362137586169e+00 -9.080892728230256949e+00
9.870086293707570846e+00 -2.822150409324244880e+00 -8.729126612506052041e+00
9.928632110971163272e+00 -3.103565750433581627e+00 -8.351284271340084331e+00
9.970007850334987154e+00 -3.381241704913586776e+00 -7.951393041418612917e+00
9.994240939821084524e+00 -3.649272178422404256e+00 -7.533678353888149104e+00
1.000129444441365578e+01 -3.901574989314266606e+00 -7.102514949784860754e+00
9.991065333428432282e+00 -4.132029641581991264e+00 -6.662375380459954144e+00
9.963384576264290970e+00 -4.334625979790166284e+00 -6.217776624308908318e+00
9.918020042599714259e+00 -4.503618888625914529e+00 -5.773225494638044353e+00
9.854683111696667552e+00 -4.633683438901587515e+00 -5.333163032467648890e+00
9.773039515681023914e+00 -4.720064857618782916e+00 -4.901907567683974953e+00
9.672724392642507496e+00 -4.758718285142551352e+00 -4.483595721206462770e+00
9.553360812133322000e+00 -4.746434169416176907e+00 -4.082120606194201251e+00
9.414580376175910814e+00 -4.680946016984542268e+00 -3.701067259671310783e+00
9.256044230375104931e+00 -4.561017829782106681e+00 -3.343646811409629827e+00
9.077462989484445188e+00 -4.386508947893225319e+00 -3.012632341490058430e+00
8.878614483529888801e+00 -4.158414467028197059e+00 -2.710300097130099672e+00
8.659358778719221661e+00 -3.878879976370829485e+00 -2.438379768972994022e+00
8.419650657414603501e+00 -3.551189810461426344e+00 -2.198017362545809483e+00
8.159550469704683451e+00 -3.179728168109797970e+00 -1.989753926685944529e+00
7.879234578687088764e+00 -2.769912564913640463e+00 -1.813522526684234748e+00
7.579006292433929204e+00 -2.328099503976261975e+00 -1.668664176191785309e+00
7.259307480193143647e+00 -1.861462972572106356e+00 -1.553961610644558178e+00
6.920730533065866830e+00 -1.377847115213719498e+00 -1.467688565042897020e+00
6.564030224108868161e+00 -8.855950546036236437e-01 -1.407671656562585971e+00
6.190135213350004051e+00 -3.933565142082516286e-01 -1.371361704636162804e+00
5.800159178165041673e+00 9.012203939627805305e-02 -1.355911308118484815e+00
5.395411660749492633e+00 5.562194659464783086e-01 -1.358255913399282200e+00
4.977408527384724835e+00 9.966673262032098579e-01 -1.375196251821449112e+00
4.547881315800453628e+00 1.403774630085322439e+00 -1.403480340061167064e+00
4.108783919802828422e+00 1.770641886969060774e+00 -1.439882868827727647e+00
3.662294386913821143e+00 2.091356587530020850e+00 -1.481278959397436701e+00
3.210809235127362715e+00 2.361162163643178769e+00 -1.524708605267512507e+00
2.756927651106579447e+00 2.576592421473129058e+00 -1.567428400652505660e+00
2.303423311762891945e+00 2.735564392723403238e+00 -1.606948700860016510e+00
1.853202441076114315e+00 2.837424868208072049e+00 -1.641056554911233034e+00
1.409247971557164636e+00 2.882948904955544123e+00 -1.667826421921280389e+00
9.745510387580589295e-01 2.874291499768919067e+00 -1.685621215122395267e+00
5.520321533044414419e-01 2.814896175464981276e+00 -1.693086126630957367e+00
1.444552332192066690e-01 2.709366549630830789e+00 -1.689137838063576424e+00
-2.456613657073890011e-01 2.563308865671223291e+00 -1.672952265129328930e+00
-6.161313884429229226e-01 2.383154451083310033e+00 -1.643954263335134058e+00
-9.651782102073647174e-01 2.175970786721374228e+00 -1.601812070031347401e+00
-1.291496617673079550e+00 1.949268462842769667e+00 -1.546437720411363292e+00
-1.594293335527633859e+00 1.710809249675409038e+00 -1.477992948481361868e+00
-1.873303107596528294e+00 1.468418401778323501e+00 -1.396898829013679455e+00
-2.128779745091809783e+00 1.229802727002446527e+00 -1.303846783032656331e+00
-2.361463672512663425e+00 1.002375332405667008e+00 -1.199808312633157126e+00
-2.572528848694974002e+00 7.930882903289009356e-01 -1.086040615947285737e+00
-2.763512762649684262e+00 6.082752130239537092e-01 -9.640849083255562668e-01
-2.936233841542208900e+00 4.535063995809257564e-01 -8.357541112665669569e-01
-3.092701123426592424e+00 3.334597243134698186e-01 -7.031070620513935054e-01
-3.235021315212359916e+00 2.518106987841177702e-01 -5.684076805961049139e-01
-3.365308270766495635e+00 2.111449648893417574e-01 -4.340692505854316097e-01
-3.485599418905627633e+00 2.128958776189082136e-01 -3.025857148500528115e-01
-3.597782762965854975e+00 2.573090776863962703e-01 -1.764534240699165979e-01
-3.703536964210510707e+00 3.434352135416205987e-01 -5.808797861661984391e-02
-3.804285993990506043e+00 4.691512079002140290e-01 5.025846960387744811e-02
-3.901168990725266461e+00 6.312096736852573775e-01 1.465739566750486889e-01
-3.995025184502692728e+00 8.253154621096823185e-01 2.291524850183785933e-01
-4.086393019881955802e+00 1.046227903881183696e+00 2.966448543391558279e-01
-4.175521996584215856e+00 1.287886717965593064e+00 3.480919270699609491e-01
-4.262395238767590300e+00 1.543558514068922971e+00 3.829393358679609727e-01
-4.346760250120025759e+00 1.805999454924729575e+00 4.010344770585632102e-01
-4.428164707887521701e+00 2.067628341404983416e+00 4.026084659920526887e-01
-4.505993855891381905e+00 2.320703557241743820e+00 3.882471003207071392e-01
-4.579506533807726321e+00 2.557497424209565384e+00 3.588553661907754599e-01
-4.647868060397939871e+00 2.770462710095137560e+00 3.156195650856342128e-01
-4.710179424753587085e+00 2.952387788408989078e+00 2.599700247848316104e-01
-4.765502967604377638e+00 3.096538517613541153e+00 1.935460025219930824e-01
-4.812884872093597721e+00 3.196785943432251642e+00 1.181631250202726108e-01
-4.851374561631002003e+00 3.247719569306433129e+00 3.578272930363982779e-02
-4.880040858539418380e+00 3.244746477237811177e+00 -5.151812950079934922e-02
-4.897984767546403440e+00 3.184177179684636982e+00 -1.415774052720860376e-01
-4.904348994096682901e+00 3.063299640338744911e+00 -2.321807269977159693e-01
-4.898324496710902309e+00 2.880443104857747461e+00 -3.210968874058408584e-01
-4.879154341453409316e+00 2.635032944434064106e+00 -4.061168712409704562e-01
-4.846135073040472641e+00 2.327636546540091000e+00 -4.850970999865909516e-01
-4.798615988349538952e+00 1.959998572936933803e+00 -5.560072747805784310e-01
-4.735997061797956320e+00 1.535062152742025177e+00 -6.169823842746084974e-01
-4.657726670936949809e+00 1.056971499942557013e+00 -6.663773843561208166e-01
-4.563300643574650373e+00 5.310515500142697354e-01 -7.028223205827212050e-01
-4.452264429288522507e+00 -3.623859647951947760e-02 -7.252754401461736222e-01
