1.000139323808910907e+00 1.000550022394510741e+00 1.000381821710808916e+00
1.000386151327397721e+00 1.000658190072783338e+00 1.000761118389997151e+00
1.000148558196175541e+00 1.000882991810368328e+00 1.000436760476608011e+00
1.000632777194483181e+00 1.000823909810697243e+00 1.000625146955974154e+00
1.000261302200309510e+00 1.000339330974132634e+00 1.000759328750413069e+00
1.000101997978169122e+00 1.000779488334706091e+00 1.000536334559951612e+00
1.000466588499244969e+00 1.000991991271649395e+00 1.000073166906380928e+00
1.000763578275156052e+00 1.000912674891179188e+00 1.000011209606408658e+00
1.000810188768315845e+00 1.000125412816351922e+00 1.000564272617442407e+00
1.000265626931648111e+00 1.000805610761790865e+00 1.000402722612655948e+00
1.000535556005240911e+00 1.000630591791203061e+00 1.000439053564083691e+00
1.000115829109950338e+00 1.000310414693738936e+00 1.000247088455773037e+00
1.000645953566767776e+00 1.000936118687242526e+00 1.000702912271678846e+00
1.000702516204690973e+00 1.000190269681432653e+00 1.000544772972808749e+00
1.000766766660813989e+00 1.000036807758186930e+00 1.000086517915709461e+00
1.000913453189040236e+00 1.000716653636169129e+00 1.000810052907009862e+00
1.000455976405434599e+00 1.000158007219666079e+00 1.000092163930472955e+00
1.000312053068697749e+00 1.000033637188738167e+00 1.000790383446213738e+00
1.000085886449822548e+00 1.000933556941854929e+00 1.000099555485876923e+00
1.000493243889833961e+00 1.000405194257675046e+00 1.000549972554507061e+00
1.000645010432377191e+00 1.000187809589714982e+00 1.000404009069906452e+00
1.000132135194839567e+00 1.000019948363991329e+00 1.000061444310575975e+00
1.000824170120388157e+00 1.000248301415328500e+00 1.000647378653017894e+00
1.000246826235919650e+00 1.000617915104567768e+00 1.000098278973195365e+00
1.000707542295926622e+00 1.000985060604398402e+00 1.000345455230476466e+00
1.000833444357839497e+00 1.000450014912687147e+00 1.000601842842710587e+00
1.000673377417427679e+00 1.000059222361875833e+00 1.000451890257378906e+00
1.000020952241521099e+00 1.000470944776775228e+00 1.000144940238600677e+00
1.000581106669816034e+00 1.000456131258425474e+00 1.000991481001358485e+00
1.000540359143618607e+00 1.000796138362680887e+00 1.000348337735153414e+00
1.000376595819124192e+00 1.000731270397966499e+00 1.000849851647313660e+00
1.000239171755746836e+00 1.000065452432906898e+00 1.000466691243158346e+00
1.000347924399274335e+00 1.000349253634373659e+00 1.000729868983056159e+00
1.000367611140948521e+00 1.000147803747942543e+00 1.000004503923680677e+00
1.000797437029260939e+00 1.000226463567417179e+00 1.000546720953549462e+00
1.000728906838240340e+00 1.000726028142151058e+00 1.000588375388381968e+00
1.000699783443893098e+00 1.000644590628123165e+00 1.000704359501997542e+00
1.000235264897483045e+00 1.000435315839292016e+00 1.000786660897891256e+00
1.000040247108520353e+00 1.000381878692298887e+00 1.000438688179920765e+00
1.000106702893159172e+00 1.000439187184541501e+00 1.000834406029735169e+00
1.000021873412055839e+00 1.000839313480702097e+00 1.000395983038239178e+00
1.000239570059021643e+00 1.000177320605105225e+00 1.000272980296924796e+00
1.000209507222971750e+00 1.000321119764740363e+00 1.000416368835763015e+00
1.000237306098426426e+00 1.000766911036240270e+00 1.000484016107131557e+00
1.000929082979710838e+00 1.000445620328733520e+00 1.000415611098677271e+00
1.000922432845417820e+00 1.000921342718918972e+00 1.000284119759759838e+00
1.000261914958353149e+00 1.000457076111344268e+00 1.000768658070518624e+00
1.000198602523466151e+00 1.000815864936343225e+00 1.000455005759878668e+00
1.000617913514169732e+00 1.000745918538142432e+00 1.000000883286337183e+00
1.000610964799573788e+00 1.000619781768730121e+00 1.000880886756681631e+00
1.000151807106540724e+00 1.000357684562478866e+00 1.000671305993453553e+00
1.000054283042946635e+00 1.000082867544213938e+00 1.000080382118041511e+00
1.000292438049814159e+00 1.000101749727839717e+00 1.000490023157572184e+00
1.000540629494028888e+00 1.000508563288909025e+00 1.000446205492691254e+00
1.000727780401762468e+00 1.000659881084111413e+00 1.000190761754752300e+00
1.000076426337838997e+00 1.000353281283246520e+00 1.000472859022109473e+00
1.000503466990872559e+00 1.000107035706028658e+00 1.000059703280246293e+00
1.000603872642186420e+00 1.000639213898411262e+00 1.000347964478960350e+00
1.000164992744107417e+00 1.000955303048320477e+00 1.000325727957576127e+00
1.000066921756507243e+00 1.000560633883267991e+00 1.000436085741529313e+00
1.000878628452208208e+00 1.000842980219154965e+00 1.000494542890009386e+00
1.000181414538980906e+00 1.000006638727121366e+00 1.000724423341026403e+00
1.000400942641581192e+00 1.000377526155767471e+00 1.000987842276287676e+00
1.000342351921516437e+00 1.000736283645367042e+00 1.000562940657193423e+00
1.000326779866149707e+00 1.000566295582867804e+00 1.000303076335363750e+00
1.000585827759899793e+00 1.000124122205047206e+00 1.000755525628020726e+00
1.000509111938095552e+00 1.000760099895439570e+00 1.000485648947098793e+00
1.000900790758420422e+00 1.000344668498012624e+00 1.000128085814277146e+00
1.000404195451284339e+00 1.000570978215577833e+00 1.000740699087379726e+00
1.000136617783032200e+00 1.000488150042180946e+00 1.000364920478292508e+00
1.000338959048418852e+00 1.000940401289235338e+00 1.000681042209245364e+00
1.000752279926722554e+00 1.000106619386596618e+00 1.000902162251935401e+00
1.000431865378123009e+00 1.000959509351929677e+00 1.000008288341358575e+00
1.000189117484802770e+00 1.000713157772815221e+00 1.000360381520748909e+00
1.000088152404934982e+00 1.000044734114111433e+00 1.000050118019965018e+00
1.000763738153981786e+00 1.000312577920170476e+00 1.000104107309067070e+00
1.000226254071657550e+00 1.000007818056893427e+00 1.000412595310266273e+00
1.000006447680882316e+00 1.000724869359346902e+00 1.000922506393415734e+00
1.000107087374435100e+00 1.000938677823502987e+00 1.000304628361580628e+00
1.000915705550522894e+00 1.000661640250581241e+00 1.000391710690908820e+00
1.000219447898668568e+00 1.000621426761207688e+00 1.000177415887890442e+00
1.000368507228430737e+00 1.000639858220507605e+00 1.000758555447972542e+00
1.000319577642515778e+00 1.000553304153624978e+00 1.000779944622250950e+00
1.000013598440563811e+00 1.000195677783877635e+00 1.000289415822382066e+00
1.000508376985995485e+00 1.000127273739546796e+00 1.000134603381249931e+00
1.000546245100030873e+00 1.000813558837142292e+00 1.000685574984608861e+00
1.000897905118373954e+00 1.000401829072529392e+00 1.000329253852039635e+00
1.000632534546557206e+00 1.000172497779838743e+00 1.000279635113902277e+00
1.000569928310846013e+00 1.000059100927500610e+00 1.000485758913637557e+00
1.000014610358230138e+00 1.000226078248156458e+00 1.000526976232172238e+00
1.000579407961463385e+00 1.000739232062031414e+00 1.000903744315037258e+00
1.000005003169507134e+00 1.000627203156295275e+00 1.000100764914888529e+00
1.000370563921473721e+00 1.000058786924387322e+00 1.000397766235608721e+00
1.000356959365196641e+00 1.000686179200415360e+00 1.000209406049985095e+00
1.000634375587241554e+00 1.000076491240132759e+00 1.000423038263557274e+00
1.000718659805236666e+00 1.000832042730896765e+00 1.000894256250501657e+00
1.000357877238933657e+00 1.000551376635866019e+00 1.000678291755483507e+00
1.000431633887637117e+00 1.000738500294829691e+00 1.000642829511624088e+00
1.000146534070032178e+00 1.000907682809528465e+00 1.000874576614295908e+00
1.000917169505304738e+00 1.000273674733317852e+00 1.000334093290755622e+00
1.000234357340944680e+00 1.000074820593045422e+00 1.000260632269953209e+00
1.000614816315774647e+00 1.000580157341431242e+00 1.000835994602023771e+00
1.000104845132674836e+00 1.000708139192227897e+00 1.000552174700223285e+00
1.000911769563755049e+00 1.000259770170126128e+00 1.000147463998135589e+00
1.000505364574537648e+00 1.000428428311383344e+00 1.000039078883824484e+00
1.000788035903003470e+00 1.000197272161287065e+00 1.000828595574742907e+00
1.000104567400046829e+00 1.000052220683661730e+00 1.000690915788541524e+00
1.000309049005311923e+00 1.000663124900150081e+00 1.000615523320292688e+00
1.000374824915270189e+00 1.000983443953936680e+00 1.000604972281486926e+00
1.000058941211947827e+00 1.000645558117771783e+00 1.000770805977817979e+00
1.000242589285887052e+00 1.000741279590730448e+00 1.000534278061623761e+00
1.000776926254967281e+00 1.000248510015476766e+00 1.000349893877976681e+00
1.000086137355227001e+00 1.000633030564575865e+00 1.000764976471794965e+00
1.000130700076405921e+00 1.000187121797081247e+00 1.000703693202267930e+00
1.000412884071848252e+00 1.000281831282309408e+00 1.000552160063648222e+00
1.000627037274928410e+00 1.000843876504401209e+00 1.000104061841015302e+00
1.000326926183061849e+00 1.000572527780799748e+00 1.000688757514260896e+00
1.000411305159421449e+00 1.000752264602618347e+00 1.000190039654786478e+00
1.000403276359532079e+00 1.000588452040594101e+00 1.000286598657024628e+00
1.000603255760150967e+00 1.000845918062278184e+00 1.000807255078493885e+00
1.000527817785107132e+00 1.000738945044951311e+00 1.000309106098181022e+00
1.000804821640995934e+00 1.000439749535953160e+00 1.000217387065598817e+00
1.000370562361848847e+00 1.000694457671370108e+00 1.000305768785751726e+00
1.000058660807012556e+00 1.000294431590641464e+00 1.000136862809663851e+00
1.000018683359617633e+00 1.000592017100471409e+00 1.000798545746223622e+00
1.000556829375468082e+00 1.000947244870697306e+00 1.000870673396568655e+00
1.000580683455493558e+00 1.000520540359492561e+00 1.000666159035458413e+00
1.000314671053548210e+00 1.000081144331989247e+00 1.000938698492521484e+00
1.000785830092825623e+00 1.000702404564858927e+00 1.000721518744679850e+00
1.000450680277322535e+00 1.000858179195199593e+00 1.000232741926956770e+00
1.000824136721238933e+00 1.000542613103730494e+00 1.000034054064143474e+00
1.000809826910285638e+00 1.000536700571429849e+00 1.000521713725905482e+00
1.000303602227659905e+00 1.000415889090367827e+00 1.000161753441280554e+00
1.000058651297662804e+00 1.000022928629878294e+00 1.000175279378280768e+00
1.000544336161123704e+00 1.000296093355608429e+00 1.000889603121475346e+00
1.000446015416094792e+00 1.000806111383737207e+00 1.000152316040164413e+00
1.000704582019932287e+00 1.000969719480371056e+00 1.000011512038733841e+00
1.000812516744087333e+00 1.000662502331558956e+00 1.000225119102290616e+00
1.000533790505192089e+00 1.000866999599482998e+00 1.000688735479516867e+00
1.000493257694678784e+00 1.000333845305546809e+00 1.000220494012045158e+00
1.000704887964956935e+00 1.000677097033829899e+00 1.000093997692461878e+00
1.000834333719943459e+00 1.000018306136807533e+00 1.000140898128824007e+00
1.000121976370113686e+00 1.000150890543971327e+00 1.000200545031601163e+00
1.000100096397577243e+00 1.000695590984549188e+00 1.000954295613218914e+00
1.000745324518959034e+00 1.000667145203300468e+00 1.000066676317577175e+00
1.000025460784156550e+00 1.000732084574772029e+00 1.000045342663326675e+00
1.000009700511267363e+00 1.000787403447313650e+00 1.000895084270671198e+00
1.000453461973577429e+00 1.000160366833657610e+00 1.000166877976765623e+00
1.000515344660439565e+00 1.000215515168545899e+00 1.000292361063870983e+00
1.000847686568556938e+00 1.000277779859183314e+00 1.000267134949540448e+00
1.000934383986708642e+00 1.000021487636676198e+00 1.000435872846043628e+00
1.000943052425440571e+00 1.000874227553087303e+00 1.000824187281290634e+00
1.000312189899045023e+00 1.000268187114685015e+00 1.000161710751516830e+00
1.000914077600255192e+00 1.000350513835899235e+00 1.000077388183137739e+00
1.000773023251056992e+00 1.000929488829253033e+00 1.000983471372925981e+00
1.000980260844313685e+00 1.000343812832507284e+00 1.000862453920830619e+00
1.000873217493081002e+00 1.000814765651112159e+00 1.000392771427625282e+00
1.000083500651219426e+00 1.000147520094259779e+00 1.000049250733991535e+00
1.000715057592844293e+00 1.000049412833810436e+00 1.000828714278011899e+00
1.000931901329138007e+00 1.000343990713986830e+00 1.000677038308275479e+00
1.000055182694491007e+00 1.000305427657050883e+00 1.000840042552192388e+00
1.000753138288905886e+00 1.000708858869374884e+00 1.000873804807866252e+00
1.000793078411283288e+00 1.000125203603980939e+00 1.000214683948116079e+00
1.000570710530776397e+00 1.000017657445109842e+00 1.000011293124356104e+00
1.000211063822110225e+00 1.000613360007680974e+00 1.000838799750080721e+00
1.000089349652031556e+00 1.000216219291381714e+00 1.000179153854626968e+00
1.000339715266812313e+00 1.000392924921059024e+00 1.000335702127055582e+00
1.000149964239497091e+00 1.000985518638179528e+00 1.000370376734154076e+00
1.000986330518317091e+00 1.000617057396104848e+00 1.000836063856417768e+00
1.000369214658232142e+00 1.000324469449582088e+00 1.000974798146142763e+00
1.000412665700902703e+00 1.000544934696875332e+00 1.000641965071303208e+00
1.000553008583363601e+00 1.000732573965154915e+00 1.000535030290048644e+00
1.000803898024866134e+00 1.000785787420916728e+00 1.000572227066583109e+00
1.000320543167707799e+00 1.000921545996402040e+00 1.000402116012876652e+00
1.000686174372475534e+00 1.000619270131555050e+00 1.000362235792095600e+00
1.000705503646131866e+00 1.000276328481691346e+00 1.000571944632823396e+00
1.000279297407185464e+00 1.000625960285016047e+00 1.000327994519199404e+00
1.000517402734907302e+00 1.000311762650761827e+00 1.000285493943737336e+00
1.000351781514069005e+00 1.000321333180712369e+00 1.000113891470785665e+00
1.000720071770388797e+00 1.000081458322289008e+00 1.000316413172335883e+00
1.000664763655733092e+00 1.000568478232694902e+00 1.000898297342092791e+00
1.000815068664515195e+00 1.000529286524844075e+00 1.000580527059524272e+00
1.000545465445772608e+00 1.000937283889959506e+00 1.000572750000553013e+00
1.000118736954348275e+00 1.000745142654685393e+00 1.000649786060979318e+00
1.000998769350168294e+00 1.000468962146616292e+00 1.000550240597121388e+00
1.000201963390925597e+00 1.000052868803528172e+00 1.000567587261944169e+00
1.000704102023196818e+00 1.000696015306317799e+00 1.000745773890185486e+00
1.000864292220178475e+00 1.000261906007330781e+00 1.000436236703718285e+00
1.000469137176539070e+00 1.000811918413798685e+00 1.000250238599307728e+00
1.000280527282576326e+00 1.000284957657258778e+00 1.000592568462352894e+00
1.000382452401157529e+00 1.000061698011737388e+00 1.000051270836287420e+00
1.000920647370909355e+00 1.000038108256233960e+00 1.000105951911034907e+00
1.000465380158350737e+00 1.000645751655212301e+00 1.000088391886992500e+00
1.000799714375498750e+00 1.000969124826338819e+00 1.000189302044029116e+00
1.000333832709226378e+00 1.000024456343367119e+00 1.000453046768828624e+00
1.000631334304625586e+00 1.000890289837471192e+00 1.000941494183896108e+00
1.000783293626200887e+00 1.000049126987440529e+00 1.000979209484241128e+00
1.000786536705021712e+00 1.000743854803747501e+00 1.000487038448653720e+00
1.000122159287230028e+00 1.000467803585604720e+00 1.000114480975031750e+00
1.000492131963282905e+00 1.000663838261874661e+00 1.000260765244470162e+00
1.000556850561106881e+00 1.000739410714517552e+00 1.000971089055014751e+00
1.000162282628676458e+00 1.000672431933362194e+00 1.000988771968277957e+00
1.000480512672924593e+00 1.000760033129337589e+00 1.000211921434450257e+00
1.000672353231153000e+00 1.000309662675939792e+00 1.000642540144784931e+00
1.000442592980179901e+00 1.000348012270151354e+00 1.000995569166770904e+00
1.000574111841183944e+00 1.000291960285824233e+00 1.000729903496127893e+00
1.000881560794663949e+00 1.000683379849707677e+00 1.000085306034093957e+00
1.000800759464734346e+00 1.000551848506813446e+00 1.000457399104375922e+00
1.000466005694267357e+00 1.000093463507833125e+00 1.000831086771253098e+00
1.000957109003198786e+00 1.000652069346918971e+00 1.000512531149306161e+00
1.000584022707026843e+00 1.000266217434188976e+00 1.000698155267905509e+00
1.000467792606900108e+00 1.000111184512381346e+00 1.000194583365465739e+00
1.000891811689820443e+00 1.000298861425845454e+00 1.000212037504157436e+00
1.000727050751191838e+00 1.000874710146603341e+00 1.000738154195962792e+00
1.000171425064443342e+00 1.000150292380656669e+00 1.000269406250123394e+00
1.000990139488094233e+00 1.000653900565579235e+00 1.000371166622388452e+00
1.000766577699064630e+00 1.000689182639720842e+00 1.000167614151573403e+00
1.000979975435850378e+00 1.000825434695652660e+00 1.000966982903507940e+00
1.000539661325485552e+00 1.000070404759852316e+00 1.000947348969420947e+00
1.000406348263829015e+00 1.000794497459403409e+00 1.000854446837805112e+00
1.000950333926501123e+00 1.000126073902519286e+00 1.000347347392356312e+00
1.000217898400628025e+00 1.000211659969107547e+00 1.000279698016995011e+00
1.000392100801909434e+00 1.000507547749408310e+00 1.000498356468279670e+00
1.000916783425412016e+00 1.000302237709890019e+00 1.000492808959301705e+00
1.000776359028071161e+00 1.000994976865858366e+00 1.000775342213146457e+00
1.000088238125520723e+00 1.000737791208400118e+00 1.000824443343160119e+00
1.000925784833244681e+00 1.000750663528614526e+00 1.000083423929110760e+00
1.000517204467237020e+00 1.000030147566488337e+00 1.000493018985369353e+00
1.000067808350301179e+00 1.000430922159955438e+00 1.000227487678942095e+00
1.000944392565996655e+00 1.000186955368514541e+00 1.000949820955143066e+00
1.000651818084391298e+00 1.000455700453502184e+00 1.000873265135777901e+00
1.000279668939028754e+00 1.000213787993456505e+00 1.000520612851722557e+00
1.000277960537682365e+00 1.000874991178317686e+00 1.000833164242627360e+00
1.000904207023917802e+00 1.000680027567576680e+00 1.000854074170167252e+00
1.000177877028813223e+00 1.000940808097738444e+00 1.000817917505194776e+00
1.000008327239804373e+00 1.000898365757262098e+00 1.000652234094673743e+00
1.000590738778452726e+00 1.000142072038239016e+00 1.000708030858801667e+00
1.000159786965386211e+00 1.000678638859515690e+00 1.000380945839953517e+00
1.000397834094434169e+00 1.000537209001700178e+00 1.000432494946734918e+00
1.000354350046015028e+00 1.000310139077770444e+00 1.000894222720221549e+00
1.000060213298250789e+00 1.000726348868337112e+00 1.000837245974221190e+00
1.000517163668687592e+00 1.000764883269135153e+00 1.000310739888204292e+00
1.000265629883656526e+00 1.000461292079769970e+00 1.000951992255499690e+00
1.000791749884360815e+00 1.000160112659193912e+00 1.000269273137980530e+00
1.000441820842070006e+00 1.000822523302229206e+00 1.000133942162546363e+00
1.000697952247397771e+00 1.000188789941929279e+00 1.000618709302796283e+00
1.000561465902230607e+00 1.000516237858272817e+00 1.000784557942011155e+00
1.000395705628878362e+00 1.000042438143663226e+00 1.000225665070651804e+00
1.000861447762731560e+00 1.000885478806688322e+00 1.000328602652206467e+00
1.000838082399157170e+00 1.000445192185382304e+00 1.000119581242305378e+00
1.000341270322233855e+00 1.000480983116318168e+00 1.000666423401141758e+00
1.000588803488393630e+00 1.000820135393917898e+00 1.000084396689815192e+00
1.000125096229173671e+00 1.000023993026563085e+00 1.000059437674375440e+00
1.000640839682267691e+00 1.000499395413374293e+00 1.000559620327697630e+00
1.000866255767665969e+00 1.000705019622472047e+00 1.000635703884460881e+00
1.000562903570471063e+00 1.000819794507296301e+00 1.000253668249732719e+00
1.000427804758269312e+00 1.000903154964762676e+00 1.000442954424429320e+00
1.000232961887891570e+00 1.000350006074435028e+00 1.000513796110005016e+00
1.000574857289755482e+00 1.000595036465586896e+00 1.000687236083095399e+00
1.000915081146317442e+00 1.000313770129868329e+00 1.000881599504453323e+00
1.000531223898183386e+00 1.000908821565868800e+00 1.000149794138971204e+00
1.000889067234902452e+00 1.000189794991712233e+00 1.000743730678264276e+00
1.000753290524417194e+00 1.000676584504234023e+00 1.000741840277574735e+00
1.000599045445583757e+00 1.000428081149761672e+00 1.000976958206112988e+00
1.000074256291005215e+00 1.000566153289043081e+00 1.000651803051783917e+00
1.000434193680388661e+00 1.000212260434905964e+00 1.000726309696686078e+00
1.000252503832335105e+00 1.000465091283379682e+00 1.000713137489686488e+00
1.000581901175150223e+00 1.000874119182465716e+00 1.000076059061706379e+00
1.000831287948282800e+00 1.000181335759435353e+00 1.000402120617434942e+00
1.000381980700712825e+00 1.000714497349887822e+00 1.000543800080240020e+00
1.000649838558888005e+00 1.000835032227500365e+00 1.000846214541283974e+00
1.000079375198795972e+00 1.000303604630010224e+00 1.000956917446493621e+00
1.000588929554774076e+00 1.000746809843439555e+00 1.000894047087382166e+00
1.000912190366153975e+00 1.000215295137238947e+00 1.000459336625274309e+00
1.000341023655718642e+00 1.000466913969218608e+00 1.000381795269540186e+00
1.000005114499088910e+00 1.000515592911184637e+00 1.000129598673406006e+00
1.000202553416889462e+00 1.000652654561663635e+00 1.000176708971351358e+00
1.000709644271807752e+00 1.000315369697782231e+00 1.000518979473852932e+00
1.000834623224776898e+00 1.000752387132379795e+00 1.000013274302991695e+00
1.000548410759519058e+00 1.000539033239491227e+00 1.000628846626505197e+00
1.000258702351423779e+00 1.000373518591085586e+00 1.000004403051933499e+00
1.000273212501664899e+00 1.000547138353236054e+00 1.000951888607122475e+00
1.000763356140806026e+00 1.000522809567762517e+00 1.000364524183885662e+00
1.000951583419675162e+00 1.000049432975049113e+00 1.000272884587070976e+00
1.000066562411564774e+00 1.000020852901506885e+00 1.000289932392284475e+00
1.000150759551943436e+00 1.000509826557745230e+00 1.000906594187113363e+00
1.000134256225596152e+00 1.000410361111302660e+00 1.000853700185655004e+00
1.000296112262659465e+00 1.000364104813896482e+00 1.000172528239599234e+00
1.000669065939146618e+00 1.000660178780585108e+00 1.000429944276284289e+00
1.000539801256945083e+00 1.000755052364007636e+00 1.000389552620734923e+00
1.000066719451215613e+00 1.000784704656962010e+00 1.000866983395081622e+00
1.000793975259323565e+00 1.000244351490623629e+00 1.000710796737853903e+00
1.000123102906938177e+00 1.000858316757958999e+00 1.000752015060266231e+00
1.000433098897253847e+00 1.000861336110935751e+00 1.000736147030912404e+00
1.000275738144682514e+00 1.000111581823871054e+00 1.000642715129181903e+00
1.000913487564101922e+00 1.000800721128349391e+00 1.000607283726044239e+00
1.000812635196194122e+00 1.000212634816855184e+00 1.000549135498636888e+00
1.000362442504987071e+00 1.000162134991779084e+00 1.000586442761153938e+00
1.000102234694852266e+00 1.000386652245518260e+00 1.000112197916531054e+00
1.000479124965873323e+00 1.000974703697691703e+00 1.000754649106514238e+00
1.000759493322580296e+00 1.000435900920012555e+00 1.000693624297416928e+00
1.000445749102996995e+00 1.000896793637713333e+00 1.000141748148592136e+00
1.000314005738848877e+00 1.000802195855198917e+00 1.000970826951571802e+00
1.000867188102748218e+00 1.000481560686550475e+00 1.000432689870343506e+00
1.000669767331672899e+00 1.000929911230214353e+00 1.000243868649312251e+00
1.000348206369231940e+00 1.000744150484898176e+00 1.000174624678109359e+00
1.000775730560774290e+00 1.000606564957883471e+00 1.000080159953614212e+00
1.000709308890990190e+00 1.000851889388854277e+00 1.000422378550015923e+00
1.000013810718565654e+00 1.000784049897126105e+00 1.000656898126157435e+00
1.000143649669240853e+00 1.000526709912953338e+00 1.000590129113038795e+00
1.000082639255003958e+00 1.000341930025621551e+00 1.000929240881594406e+00
1.000304369546980654e+00 1.000836469187095013e+00 1.000977135682166397e+00
1.000998943024936416e+00 1.000570984627822124e+00 1.000706410036867222e+00
1.000607075156364267e+00 1.000131970286256777e+00 1.000395764959859157e+00
1.000590156684570964e+00 1.000008076591852868e+00 1.000897048804780143e+00
1.000458643026784111e+00 1.000034611494577064e+00 1.000221341988834833e+00
1.000746666851370481e+00 1.000292006701992031e+00 1.000487568078742839e+00
1.000917078549798500e+00 1.000815886448922054e+00 1.000403656203701086e+00
1.000827847764982126e+00 1.000659244732001740e+00 1.000798724430479236e+00
1.000211679459499514e+00 1.000390753370799413e+00 1.000386619337881200e+00
1.000147625985874811e+00 1.000366058746392506e+00 1.000438265793004655e+00
1.000053502905578373e+00 1.000956683290181504e+00 1.000114481295162339e+00
1.000215362935212182e+00 1.000239722279915311e+00 1.000689841485669085e+00
1.000238615522221375e+00 1.000314404543720226e+00 1.000485934594092408e+00
1.000100349561638291e+00 1.000434898961680474e+00 1.000262172176623388e+00
1.000334416361659207e+00 1.000615849134577795e+00 1.000890169057259582e+00
1.000167619358311999e+00 1.000856323439479389e+00 1.000517534281866627e+00
1.000591251141628835e+00 1.000635500770560959e+00 1.000335977354726902e+00
1.000006603433591934e+00 1.000321425240425555e+00 1.000197952754063646e+00
1.000109522301263265e+00 1.000524065753522596e+00 1.000246716501396627e+00
1.000683076257494086e+00 1.000222891347829934e+00 1.000882777853362660e+00
1.000044010504834047e+00 1.000783195661915315e+00 1.000964232773376983e+00
1.000616729016087225e+00 1.000496946622497552e+00 1.000600781368545800e+00
1.000919574074821572e+00 1.000198277816054304e+00 1.000744429164037053e+00
1.000255382173691698e+00 1.000400982028087027e+00 1.000458959861738606e+00
1.000066318588528569e+00 1.000420883397096672e+00 1.000477138341324235e+00
1.000301190860914513e+00 1.000139768866074919e+00 1.000032512486047631e+00
1.000953990188666154e+00 1.000774925284570571e+00 1.000539703631910804e+00
1.000620098965554927e+00 1.000471834516924785e+00 1.000752033087773052e+00
1.000925584064787044e+00 1.000101487353376450e+00 1.000413509425610581e+00
1.000461870803848630e+00 1.000442922001643753e+00 1.000930829385524135e+00
1.000729159801811319e+00 1.000121999053554589e+00 1.000522076300066621e+00
1.000375958148459921e+00 1.000843474231518870e+00 1.000929445736056023e+00
1.000788709024450940e+00 1.000162588017181386e+00 1.000455450256063195e+00
1.000411921466154208e+00 1.000552265428582777e+00 1.000655464864806721e+00
1.000409673049141857e+00 1.000698562154362037e+00 1.000850719679822198e+00
1.000644631691865571e+00 1.000035969260318680e+00 1.000548771905000134e+00
1.000729950449525507e+00 1.000677212636680524e+00 1.000533212850598597e+00
1.000124463609321390e+00 1.000861177240908395e+00 1.000271450444075505e+00
1.000845410785247580e+00 1.000893617524750701e+00 1.000527955090102061e+00
1.000342186741847605e+00 1.000957250428504253e+00 1.000662479347129263e+00
1.000643149635519036e+00 1.000839632676100432e+00 1.000925102903556629e+00
1.000050745302579980e+00 1.000195406244800189e+00 1.000860775197170316e+00
1.000520248437342552e+00 1.000937800768274988e+00 1.000393582466235776e+00
1.000475170192029362e+00 1.000560059118538403e+00 1.000158174079909479e+00
1.000861967551646803e+00 1.000276405385334577e+00 1.000579877010495222e+00
1.000597787339289946e+00 1.000160145811275658e+00 1.000556827742359989e+00
1.000768255673383678e+00 1.000779396930359999e+00 1.000186611858422392e+00
1.000923958696217086e+00 1.000853077986884943e+00 1.000661900341176525e+00
1.000117377335087099e+00 1.000840790747213660e+00 1.000636943573376847e+00
1.000181819688783502e+00 1.000152758946372122e+00 1.000580710521914218e+00
1.000508307616327031e+00 1.000212005671754723e+00 1.000084890727194198e+00
1.000122918093727220e+00 1.000279957767412853e+00 1.000243534349019470e+00
1.000082052508668662e+00 1.000872776955307852e+00 1.000456818956158012e+00
1.000003697217695109e+00 1.000077487515364183e+00 1.000072274997547472e+00
1.000955496994301752e+00 1.000411323656651197e+00 1.000401948774561678e+00
1.000446721953206053e+00 1.000700883887742476e+00 1.000758505306316382e+00
1.000830391344372128e+00 1.000134321472471610e+00 1.000759548841766433e+00
1.000273039935545949e+00 1.000864162742668872e+00 1.000540295988641359e+00
1.000494072756543007e+00 1.000210536775776982e+00 1.000270794151991050e+00
1.000287795614930531e+00 1.000907911130985539e+00 1.000127490728711654e+00
1.000729268169795239e+00 1.000978915647978695e+00 1.000429786107127184e+00
1.000308989875285937e+00 1.000933098720102166e+00 1.000314235424375475e+00
1.000329657863967991e+00 1.000125356935753773e+00 1.000637971340853971e+00
1.000838930988422915e+00 1.000599068948451409e+00 1.000276965807760599e+00
1.000854882581215799e+00 1.000690348611011249e+00 1.000225662495669132e+00
1.000426699297844779e+00 1.000730710318126659e+00 1.000741369031835637e+00
1.000107169887812120e+00 1.000868354655631842e+00 1.000904716661682681e+00
1.000281577973321845e+00 1.000090966781840285e+00 1.000291206545836920e+00
1.000992665654285574e+00 1.000061224457729825e+00 1.000741054886931547e+00
1.000828067037924374e+00 1.000423083663640078e+00 1.000599798615301461e+00
1.000940536301259343e+00 1.000758652255331338e+00 1.000132906275219780e+00
1.000514477259828450e+00 1.000868461254593056e+00 1.000755023821425116e+00
1.000823367608856040e+00 1.000916101022756965e+00 1.000947932935427165e+00
1.000119234304968296e+00 1.000513007187138870e+00 1.000126535301443687e+00
1.000067205806241644e+00 1.000142896481903687e+00 1.000309063302656787e+00
1.000177529745899241e+00 1.000428290114379726e+00 1.000231835195965147e+00
1.000495077207483874e+00 1.000180845540097119e+00 1.000636998548154466e+00
1.000447507335095576e+00 1.000852949806733561e+00 1.000555417567554617e+00
1.000783968438444971e+00 1.000129830783242690e+00 1.000877428733478292e+00
1.000182989420007384e+00 1.000937398471939410e+00 1.000691541938052431e+00
1.000153719323153334e+00 1.000156528943684453e+00 1.000760959886362933e+00
1.000292363740670432e+00 1.000541478892915226e+00 1.000761425223830381e+00
1.000178378526966227e+00 1.000454910364013017e+00 1.000391565732906995e+00
1.000383414115869840e+00 1.000604693622188401e+00 1.000035864971892785e+00
1.000128470292749538e+00 1.000606286862088190e+00 1.000123729844303755e+00
1.000960012183542025e+00 1.000747732550718583e+00 1.000346575809824889e+00
1.000962983930999251e+00 1.000925428409175977e+00 1.000896482526357101e+00
1.000965440577252563e+00 1.000872256099085034e+00 1.000323182916693421e+00
1.000085324421406963e+00 1.000232495851975045e+00 1.000052765545700550e+00
1.000998100494992160e+00 1.000153671492071572e+00 1.000839148685638724e+00
1.000648477684470405e+00 1.000691209130933901e+00 1.000833324165453009e+00
1.000954764186699597e+00 1.000832562660119995e+00 1.000328172373405655e+00
1.000009850059972116e+00 1.000184114861660145e+00 1.000172942279982546e+00
1.000649455022488032e+00 1.000896342747658929e+00 1.000502762445451443e+00
1.000940355845182372e+00 1.000498324628646740e+00 1.000516630753539360e+00
1.000300618519160523e+00 1.000683616870543524e+00 1.000007049599000997e+00
1.000002913582633157e+00 1.000046580597122370e+00 1.000850278153493811e+00
1.000760063988223258e+00 1.000734639747350219e+00 1.000986143540218087e+00
1.000414127459743785e+00 1.000346318640365606e+00 1.000318772315160754e+00
1.000142730611556896e+00 1.000580239814061079e+00 1.000765364124960977e+00
1.000319977382416070e+00 1.000319427843856523e+00 1.000076994679066855e+00
1.000514867584417544e+00 1.000325177607890748e+00 1.000038267897282340e+00
1.000534022912152210e+00 1.000335468922026294e+00 1.000992296487475119e+00
1.000210679664428337e+00 1.000110297913413104e+00 1.000212640425305555e+00
1.000066919996471793e+00 1.000625402826535337e+00 1.000620083160229878e+00
1.000750705023788711e+00 1.000590286266183515e+00 1.000906496293618275e+00
1.000327908397231624e+00 1.000656689248257125e+00 1.000858506749747301e+00
1.000590409213758747e+00 1.000404210879315858e+00 1.000446531404910688e+00
1.000086116394585778e+00 1.000783585953654686e+00 1.000281971094828526e+00
1.000962861408736915e+00 1.000685639144790029e+00 1.000445330284414958e+00
1.000419518380443851e+00 1.000783649364265893e+00 1.000249657157586292e+00
1.000391525172153129e+00 1.000665019354078034e+00 1.000421001553104761e+00
1.000745236727500709e+00 1.000106192801890836e+00 1.000356796808290927e+00
1.000385244676715191e+00 1.000613706108573142e+00 1.000991607267585293e+00
1.000117978447217393e+00 1.000235037918763892e+00 1.000830820563405998e+00
1.000108706052660112e+00 1.000448174832811565e+00 1.000946607799140020e+00
1.000180664535023078e+00 1.000207220722514112e+00 1.000074126984056067e+00
1.000389117253621007e+00 1.000362130817762152e+00 1.000129759142349251e+00
1.000932471453588324e+00 1.000492443106025808e+00 1.000457198296544892e+00
1.000150756838787514e+00 1.000471208320742766e+00 1.000375038849543152e+00
1.000020055612670600e+00 1.000776099676761621e+00 1.000576473620539586e+00
1.000819210700590878e+00 1.000129258161318369e+00 1.000734352676701411e+00
1.000303723393904942e+00 1.000865299320480739e+00 1.000969632935089670e+00
1.000818219175793500e+00 1.000598881158261122e+00 1.000149895525461519e+00
1.000713336206616288e+00 1.000133096410743994e+00 1.000897391132445913e+00
1.000757372276041446e+00 1.000763989969958301e+00 1.000963726761100014e+00
1.000300525708115007e+00 1.000582268540302522e+00 1.000287664914940144e+00
1.000098787520315113e+00 1.000485806501568486e+00 1.000933492615840192e+00
1.000135437787167181e+00 1.000735909362600706e+00 1.000667121394174464e+00
1.000646786988482084e+00 1.000268651624544924e+00 1.000288491830589876e+00
1.000822473760748954e+00 1.000943901620738874e+00 1.000573294004676317e+00
1.000575557710871921e+00 1.000840010618187836e+00 1.000167524041481348e+00
1.000556717232305326e+00 1.000278340903204777e+00 1.000064037942938855e+00
1.000444775956766730e+00 1.000390478130542160e+00 1.000277239295663367e+00
1.000432254600361004e+00 1.000936871562398744e+00 1.000678002651816501e+00
1.000854987731042645e+00 1.000188794914259605e+00 1.000576392140282600e+00
1.000008439277144889e+00 1.000798327868923421e+00 1.000871437943083420e+00
1.000538264094145813e+00 1.000941318072173569e+00 1.000809530470747166e+00
1.000385229925658148e+00 1.000050843430620562e+00 1.000184442088610792e+00
1.000426948021642781e+00 1.000593080989983230e+00 1.000730461568227314e+00
1.000200222624720636e+00 1.000989367931264251e+00 1.000315422036763824e+00
1.000305763901004896e+00 1.000638901625478416e+00 1.000389775239694190e+00
1.000311007864108204e+00 1.000385178094755467e+00 1.000303495445880708e+00
1.000720973778378431e+00 1.000576504741405692e+00 1.000274227250400605e+00
1.000010244931986536e+00 1.000413668937547795e+00 1.000251833822978886e+00
1.000798601597645998e+00 1.000405713350606796e+00 1.000679638140044458e+00
1.000044890208603210e+00 1.000770094499813911e+00 1.000226133724424704e+00
1.000271949053485487e+00 1.000311179594189470e+00 1.000475882436721253e+00
1.000952066213358416e+00 1.000144715705169052e+00 1.000467833185403776e+00
1.000500938388380501e+00 1.000670722708672633e+00 1.000418775601538579e+00
1.000058533125451010e+00 1.000789016683621302e+00 1.000362082372705741e+00
1.000878919503867426e+00 1.000364465307823414e+00 1.000080157750290022e+00
1.000134212353075647e+00 1.000527600682226126e+00 1.000063403399285233e+00
1.000250740686959405e+00 1.000255485431966074e+00 1.000899226121583441e+00
1.000337791392031939e+00 1.000279759242577171e+00 1.000896167667078451e+00
1.000464102193041827e+00 1.000333269949817527e+00 1.000717517016601388e+00
1.000472080997711011e+00 1.000798880193142004e+00 1.000785094812336906e+00
1.000592773194142859e+00 1.000396431633404859e+00 1.000166806717175616e+00
1.000538370751376860e+00 1.000734238763611117e+00 1.000272606069835479e+00
1.000838059943011116e+00 1.000239699204993560e+00 1.000125568280659349e+00
1.000708865237593725e+00 1.000966820559666903e+00 1.000757458422975033e+00
1.000238359066588423e+00 1.000684810359725008e+00 1.000756192848245796e+00
1.000035112470990972e+00 1.000754610870640882e+00 1.000261347929571221e+00
1.000083214639780671e+00 1.000037923073458179e+00 1.000970823895753092e+00
1.000663619701450457e+00 1.000556653452056466e+00 1.000658767986255304e+00
1.000673740048136695e+00 1.000695879219624773e+00 1.000667022302581977e+00
1.000905464893356633e+00 1.000826110434795080e+00 1.000265596794818634e+00
1.000615187039645138e+00 1.000404513933479178e+00 1.000021197049029587e+00
1.000618393685107188e+00 1.000264717516377466e+00 1.000345001883434559e+00
1.000100920604065857e+00 1.000002974939526723e+00 1.000425545179403297e+00
1.000282811651580950e+00 1.000972392691679813e+00 1.000829233186294021e+00
1.000975833268175963e+00 1.000288300297492050e+00 1.000863450504949403e+00
1.000318165460291064e+00 1.000366572327708647e+00 1.000839576501786121e+00
1.000350283222155356e+00 1.000775715771079932e+00 1.000676551404723336e+00
1.000236058925564331e+00 1.000976307764749107e+00 1.000251213509832038e+00
1.000651090487209460e+00 1.000664487540589231e+00 1.000390158087265391e+00
1.000389817285916694e+00 1.000905876801830185e+00 1.000174772512778976e+00
1.000897408630518903e+00 1.000810583751495120e+00 1.000780390235400441e+00
1.000478436257719039e+00 1.000902916959589772e+00 1.000035920337066564e+00
1.000211465158664215e+00 1.000549567893706637e+00 1.000809150067991649e+00
1.000439738108630960e+00 1.000711978263369106e+00 1.000655894088568143e+00
1.000992724478009910e+00 1.000791303942016874e+00 1.000672628476514392e+00
1.000772094627253583e+00 1.000876959604035665e+00 1.000207872141309462e+00
1.000927545691343346e+00 1.000860111289871401e+00 1.000000539805426358e+00
1.000407989878194570e+00 1.000772980142142332e+00 1.000957659082324813e+00
1.000006480428959010e+00 1.000644805484797839e+00 1.000903159995708114e+00
1.000595084741863650e+00 1.000213969041106488e+00 1.000506602338932849e+00
1.000863718401001856e+00 1.000772946353716941e+00 1.000511091663914165e+00
1.000443868432917105e+00 1.000549352582114304e+00 1.000484966900193173e+00
1.000722498033679742e+00 1.000783124984622852e+00 1.000685634781074640e+00
1.000636514670080857e+00 1.000860678876382304e+00 1.000318432607958830e+00
1.000883771601315475e+00 1.000845612661402706e+00 1.000068525105997308e+00
1.000400482039434324e+00 1.000649179721756488e+00 1.000509276477189680e+00
1.000394924233294791e+00 1.000961704577851163e+00 1.000809820658411731e+00
1.000552380995260782e+00 1.000146060119829983e+00 1.000710840537646806e+00
1.000527004855167101e+00 1.000697958584927161e+00 1.000113844606717484e+00
1.000071079872322910e+00 1.000754843957917029e+00 1.000485353844420722e+00
1.000162564875256788e+00 1.000093672408457035e+00 1.000649654865888527e+00
1.000932568309999215e+00 1.000072106159738405e+00 1.000776320688546273e+00
1.000704314020978147e+00 1.000723502711917678e+00 1.000111955011895315e+00
1.000666344235204841e+00 1.000496513271820875e+00 1.000087745222364655e+00
1.000034978278899533e+00 1.000904392985562996e+00 1.000831378228080215e+00
1.000054365145948809e+00 1.000775951866500257e+00 1.000963833212467957e+00
1.000606225012094619e+00 1.000635490536310401e+00 1.000447575877531969e+00
1.000752232060662328e+00 1.000742498589720419e+00 1.000797367756277145e+00
1.000270649556905145e+00 1.000373692066630182e+00 1.000682837189555086e+00
1.000814621054226361e+00 1.000626706577997904e+00 1.000007244385684224e+00
1.000600972682702761e+00 1.000020555994417748e+00 1.000049361261583059e+00
1.000268565146512634e+00 1.000178445888000311e+00 1.000263228667283011e+00
1.000182634137174453e+00 1.000095537786672262e+00 1.000385088632830932e+00
1.000826133137362017e+00 1.000984099599682153e+00 1.000831494364913699e+00
1.000071573192865992e+00 1.000240314155399490e+00 1.000238773275996085e+00
1.000148945467256967e+00 1.000794970210216794e+00 1.000751168909966404e+00
1.000517933933339654e+00 1.000283715828992781e+00 1.000044269873336500e+00
1.000899324250111189e+00 1.000418945417794081e+00 1.000706420625736559e+00
1.000203820210758376e+00 1.000698362329286883e+00 1.000293547160309382e+00
1.000452827832607472e+00 1.000377966290754150e+00 1.000683441533307461e+00
1.000747364934930994e+00 1.000732608326083017e+00 1.000302226039515352e+00
1.000552660313871023e+00 1.000590381483802416e+00 1.000531252493602974e+00
1.000990082006115500e+00 1.000630408538960570e+00 1.000690932493935037e+00
1.000312900828764562e+00 1.000019163287575452e+00 1.000036589967364664e+00
1.000528462637455762e+00 1.000841807150065987e+00 1.000753929764880645e+00
1.000891684440347928e+00 1.000264320248138938e+00 1.000496372137948065e+00
1.000526166115848659e+00 1.000859757552402529e+00 1.000644963108440866e+00
1.000809599660694049e+00 1.000596191363269050e+00 1.000451949162570520e+00
1.000851444966365023e+00 1.000145797652766788e+00 1.000902909760153170e+00
1.000292359381050211e+00 1.000770484103080671e+00 1.000931798917637172e+00
1.000909662444666948e+00 1.000813872530396997e+00 1.000135531911689801e+00
1.000635233463540885e+00 1.000486145665756776e+00 1.000344405166123662e+00
1.000258156590631220e+00 1.000016467427791378e+00 1.000495040596937946e+00
1.000610254408152100e+00 1.000597786579274118e+00 1.000012814244671588e+00
1.000167961686705853e+00 1.000112870973921098e+00 1.000342774654443545e+00
1.000188522877438313e+00 1.000000437632313499e+00 1.000759636202987579e+00
1.000804509764364969e+00 1.000759899950507625e+00 1.000719368529167097e+00
1.000847120909552412e+00 1.000043233439720680e+00 1.000583212284107848e+00
1.000486858216218078e+00 1.000345519695539087e+00 1.000115608921334998e+00
1.000897210654829284e+00 1.000846431333431985e+00 1.000016198549101620e+00
1.000249501538137409e+00 1.000886374548776825e+00 1.000831043578889634e+00
1.000152974580823306e+00 1.000732756607048968e+00 1.000915687853866309e+00
1.000722985413696753e+00 1.000708124551747069e+00 1.000816819212027475e+00
1.000321456195382153e+00 1.000990978458853320e+00 1.000508187365611645e+00
1.000197484296830197e+00 1.000934815954091617e+00 1.000807754744224010e+00
1.000901921212427936e+00 1.000748209547021705e+00 1.000867833042072608e+00
1.000510868642445095e+00 1.000203319303395455e+00 1.000860122683912889e+00
1.000459922644936883e+00 1.000941063757990745e+00 1.000621997309906197e+00
1.000003555294687541e+00 1.000873470760521800e+00 1.000909219575556230e+00
1.000446026214880213e+00 1.000006897017277518e+00 1.000607880693548113e+00
1.000692576018985536e+00 1.000920380237437790e+00 1.000259301460946659e+00
1.000220972349658677e+00 1.000652134801403914e+00 1.000450962342012362e+00
1.000581762143565978e+00 1.000496082084487925e+00 1.000301011464700407e+00
1.000698736545182044e+00 1.000523216602822396e+00 1.000584918798247180e+00
1.000681629565326469e+00 1.000708946392078191e+00 1.000986085652316282e+00
1.000333665154734986e+00 1.000771129023523498e+00 1.000275387530523252e+00
1.000408101759313828e+00 1.000099869898777083e+00 1.000627177719449312e+00
1.000615027841923244e+00 1.000899810819026126e+00 1.000581959859821568e+00
1.000382907913671460e+00 1.000219026479309603e+00 1.000471315722088361e+00
1.000997394363421167e+00 1.000042544935952460e+00 1.000322504060619178e+00
1.000893871028325943e+00 1.000934477849414472e+00 1.000504512543633595e+00
1.000669947725285613e+00 1.000695612120698907e+00 1.000633827621727256e+00
1.000471557408223244e+00 1.000511510706303175e+00 1.000705801617152169e+00
1.000701219529721797e+00 1.000155228624028059e+00 1.000043315573524216e+00
1.000120174575323651e+00 1.000268833119358991e+00 1.000911723804740250e+00
1.000462796175394464e+00 1.000072357207254292e+00 1.000918588868231263e+00
1.000588414158340766e+00 1.000329484171939232e+00 1.000623901953656691e+00
1.000064611087668531e+00 1.000966618359006688e+00 1.000285426915919818e+00
1.000692871305885356e+00 1.000824042944543191e+00 1.000184980854707861e+00
1.000768510471065298e+00 1.000788513678079639e+00 1.000641425159111808e+00
1.000289792474893469e+00 1.000846353534101674e+00 1.000059728859927555e+00
1.000714494838657931e+00 1.000631399333349991e+00 1.000122744647789164e+00
1.000160111441528166e+00 1.000389375950869741e+00 1.000666084886339346e+00
1.000705921405335763e+00 1.000303699608691366e+00 1.000340940547540525e+00
1.000522190530152900e+00 1.000848862338049150e+00 1.000122308904729307e+00
1.000054171282704685e+00 1.000209074137366372e+00 1.000747215117658184e+00
1.000676740884539395e+00 1.000503175638348674e+00 1.000427534956355391e+00
1.000802786836768821e+00 1.000178995538982818e+00 1.000851896364789662e+00
1.000946317300834165e+00 1.000908348125656655e+00 1.000208831383532004e+00
1.000662880949569677e+00 1.000320866651845275e+00 1.000326751833682026e+00
1.000374031032243094e+00 1.000546462166234551e+00 1.000936969944177468e+00
1.000046262871161273e+00 1.000988262212901381e+00 1.000305032244023007e+00
1.000740985878346923e+00 1.000338829437384502e+00 1.000391379233275924e+00
1.000747136870843823e+00 1.000756075605323980e+00 1.000715082487889651e+00
1.000509214659485169e+00 1.000481906463425830e+00 1.000677547937762535e+00
1.000920553718991801e+00 1.000352629877798050e+00 1.000296024609300227e+00
1.000612508693841107e+00 1.000117992436270198e+00 1.000857597489865025e+00
1.000062317932942424e+00 1.000358423242363015e+00 1.000546634969382787e+00
1.000718429162603895e+00 1.000757643094495775e+00 1.000444741694814121e+00
1.000057390608411145e+00 1.000291770205121278e+00 1.000706714308471135e+00
1.000674173239256781e+00 1.000477493966799525e+00 1.000362493348135873e+00
1.000746969559701771e+00 1.000499349970894070e+00 1.000777273160613490e+00
1.000670443553495881e+00 1.000666302900255156e+00 1.000134894638834204e+00
1.000114236431849823e+00 1.000903817697753384e+00 1.000810610028604719e+00
1.000723114249490786e+00 1.000423473346451875e+00 1.000267078729815351e+00
1.000003597745589001e+00 1.000455627615966403e+00 1.000785667738738338e+00
1.000089547023077063e+00 1.000844209239381888e+00 1.000823679853700465e+00
1.000080954227088093e+00 1.000838944151598575e+00 1.000952623266772923e+00
1.000669916790664526e+00 1.000236114900549422e+00 1.000291117507949412e+00
1.000698085538085369e+00 1.000739632424903824e+00 1.000487928138452887e+00
1.000789657464383309e+00 1.000376047514953237e+00 1.000372767869218027e+00
1.000987545484831154e+00 1.000846976630703544e+00 1.000191458197926986e+00
1.000059006405015660e+00 1.000336910237614951e+00 1.000933133955631993e+00
1.000741412275194753e+00 1.000072326787594834e+00 1.000602118077544400e+00
1.000689189313647143e+00 1.000831154141912149e+00 1.000042091889603357e+00
1.000836988962528373e+00 1.000994315296039883e+00 1.000839899558586099e+00
1.000683536807291718e+00 1.000408861584445086e+00 1.000764423521824709e+00
1.000534474260324602e+00 1.000292019555565348e+00 1.000994308540898770e+00
1.000505123691833198e+00 1.000242805953543979e+00 1.000538267598509723e+00
1.000925045572809369e+00 1.000148651806983091e+00 1.000836823542001985e+00
1.000627908635324470e+00 1.000699235481817828e+00 1.000517812870894252e+00
1.000187792191830738e+00 1.000948046146567627e+00 1.000709614026901839e+00
1.000372452505227105e+00 1.000396736820352572e+00 1.000994885521041766e+00
1.000002614541892543e+00 1.000640994644517612e+00 1.000649568166283254e+00
1.000190097605969219e+00 1.000557722075136047e+00 1.000618129411677382e+00
1.000802152693395008e+00 1.000338942833874922e+00 1.000193944587943307e+00
1.000101467600273075e+00 1.000409926237730840e+00 1.000061317411118145e+00
1.000157770438320881e+00 1.000406168214920344e+00 1.000658184292036790e+00
1.000931373221941811e+00 1.000519565291315249e+00 1.000304935868530976e+00
1.000414445987994450e+00 1.000037608966786840e+00 1.000104150426870619e+00
1.000451658343676220e+00 1.000881016433958326e+00 1.000286190160912581e+00
1.000968142993657661e+00 1.000642290822361336e+00 1.000849264606478384e+00
1.000814895441322516e+00 1.000503199364622731e+00 1.000967500717010017e+00
1.000760278534944092e+00 1.000623866128235839e+00 1.000696050043505814e+00
1.000134350174037401e+00 1.000774157149568300e+00 1.000738202006617783e+00
1.000649272437383441e+00 1.000523573218271567e+00 1.000162975596604831e+00
1.000230584249711008e+00 1.000433309911931579e+00 1.000896808970050289e+00
1.000088000874508998e+00 1.000081865395936687e+00 1.000926465938652754e+00
1.000532199255079080e+00 1.000485190325855811e+00 1.000703559496406880e+00
1.000331781300658474e+00 1.000145708666313249e+00 1.000089155533031127e+00
1.000975473176035635e+00 1.000281899212534409e+00 1.000457615460823790e+00
1.000272484156034869e+00 1.000699676952302664e+00 1.000657643880039416e+00
1.000303795598688872e+00 1.000491373404690298e+00 1.000772695463775674e+00
1.000951069649815173e+00 1.000967029444020495e+00 1.000060496511887553e+00
1.000597033476954945e+00 1.000080303714629526e+00 1.000268547786827389e+00
1.000838928166756681e+00 1.000022857250587593e+00 1.000718576768610424e+00
1.000351528101711462e+00 1.000635232359222693e+00 1.000901338712181454e+00
1.000153220038156876e+00 1.000732311747564163e+00 1.000056101426155752e+00
1.000397129288294940e+00 1.000403165085785195e+00 1.000052375613339040e+00
1.000754074274442962e+00 1.000175009131746062e+00 1.000168413506427267e+00
1.000866211639479753e+00 1.000576073835570901e+00 1.000300933076908372e+00
1.000856107495681435e+00 1.000938959252446692e+00 1.000496511125473331e+00
1.000814911282408515e+00 1.000505748395489780e+00 1.000420655590709584e+00
1.000363447381318105e+00 1.000188011827910950e+00 1.000991930882014769e+00
1.000744613410086581e+00 1.000728504401699359e+00 1.000391619939262622e+00
1.000156281166753036e+00 1.000042398654770848e+00 1.000936164501448955e+00
1.000998468383878404e+00 1.000718773579873933e+00 1.000887869377733441e+00
1.000984824522495487e+00 1.000054860732284556e+00 1.000204732999815826e+00
1.000093631139253425e+00 1.000644951846725306e+00 1.000932541438347423e+00
1.000171636486047344e+00 1.000603526506676832e+00 1.000325098691141612e+00
1.000969895284153477e+00 1.000830260623403856e+00 1.000085289254559084e+00
1.000468944315005215e+00 1.000002819740867244e+00 1.000042300568843023e+00
1.000514713304480718e+00 1.000417098393006521e+00 1.000954020429126734e+00
1.000563243997446117e+00 1.000322271674149333e+00 1.000053353080785579e+00
1.000454080051119243e+00 1.000201493181279488e+00 1.000637882710615711e+00
1.000752803763197418e+00 1.000157078769824404e+00 1.000070236183020267e+00
1.000965393778963319e+00 1.000968947427670175e+00 1.000198731717514722e+00
1.000064614677838692e+00 1.000532802914099628e+00 1.000807988909410140e+00
1.000859548973572988e+00 1.000229750334875822e+00 1.000609285936435278e+00
1.000292095363152001e+00 1.000745262326352858e+00 1.000279103126658464e+00
1.000298377022974972e+00 1.000727087269538185e+00 1.000902338724589224e+00
1.000711694849420352e+00 1.000516855589150822e+00 1.000959585588684364e+00
1.000812368152293130e+00 1.000112033043089266e+00 1.000412657053188825e+00
1.000531173564689569e+00 1.000130511915928277e+00 1.000223548718411015e+00
1.000030557370652939e+00 1.000290781349580049e+00 1.000367152223887279e+00
1.000227439366121907e+00 1.000991301591076299e+00 1.000848310335309854e+00
1.000911565880534759e+00 1.000117440993717910e+00 1.000087673217615825e+00
1.000570042650860358e+00 1.000432617630268917e+00 1.000214625713370387e+00
1.000671973567355266e+00 1.000484478177369629e+00 1.000185325284510096e+00
1.000483400902520303e+00 1.000444156566793863e+00 1.000297671601365179e+00
1.000014282813155742e+00 1.000801706811254466e+00 1.000613455106873717e+00
1.000606971819949731e+00 1.000843523587771289e+00 1.000062874470802221e+00
1.000384220640220478e+00 1.000678898438088993e+00 1.000917149168309983e+00
1.000382037045243422e+00 1.000557158672095603e+00 1.000766628690779037e+00
1.000437347924603815e+00 1.000320053416561938e+00 1.000369051088808803e+00
1.000573469387855408e+00 1.000084995610300842e+00 1.000506862525685436e+00
1.000154642238765268e+00 1.000242531591870154e+00 1.000442086229857530e+00
1.000334593500510572e+00 1.000397070602949690e+00 1.000105303177807103e+00
1.000496908505955629e+00 1.000009188612700495e+00 1.000681352980275163e+00
1.000808507059871122e+00 1.000925422636489648e+00 1.000455657947998844e+00
1.000213902813755551e+00 1.000230463126257519e+00 1.000408985937133233e+00
1.000214869477153767e+00 1.000944005237935253e+00 1.000053884575961227e+00
1.000759155937009925e+00 1.000653572378741085e+00 1.000247027837512848e+00
1.000326991716180780e+00 1.000084730456570759e+00 1.000673181274571499e+00
1.000579947576788475e+00 1.000624782163842097e+00 1.000011831683549124e+00
1.000129814941040918e+00 1.000290157943243718e+00 1.000837092515128424e+00
1.000314751853675688e+00 1.000479203161997788e+00 1.000433421976299586e+00
1.000923687109649407e+00 1.000911143070789988e+00 1.000679772303277426e+00
1.000839156210007186e+00 1.000011452256470257e+00 1.000949974459975911e+00
1.000763830084127726e+00 1.000698452045631459e+00 1.000864374252482758e+00
1.000233019163254466e+00 1.000977897448435794e+00 1.000849801852098597e+00
1.000369280942016159e+00 1.000617372348747258e+00 1.000828090052798380e+00
1.000382413479380839e+00 1.000276821109131742e+00 1.000198003738591357e+00
1.000866490129605602e+00 1.000570171559723942e+00 1.000772163409392013e+00
1.000804591650251707e+00 1.000080774131226091e+00 1.000233424284097561e+00
1.000153582875026093e+00 1.000470539697321914e+00 1.000189210125221217e+00
1.000888080414856995e+00 1.000307953955172247e+00 1.000313775146151940e+00
1.000680722218022956e+00 1.000966763608658106e+00 1.000770973517998153e+00
1.000677902989439927e+00 1.000858830866723004e+00 1.000738382119982006e+00
1.000332054603995990e+00 1.000408970640830342e+00 1.000624233859318757e+00
1.000618466094938652e+00 1.000153569343292803e+00 1.000962502329799664e+00
1.000859350426004157e+00 1.000064456859848017e+00 1.000836942486212910e+00
1.000592556984793990e+00 1.000965110531459201e+00 1.000558257844620380e+00
1.000952258754876922e+00 1.000819727534598247e+00 1.000860990129743611e+00
1.000294031486114621e+00 1.000180702652741171e+00 1.000414866395188174e+00
1.000454001622443467e+00 1.000933996952672711e+00 1.000283097461300841e+00
1.000751653694996746e+00 1.000418773162161212e+00 1.000557917113227502e+00
1.000254210654118348e+00 1.000185637357652535e+00 1.000253055163123239e+00
1.000796602795148260e+00 1.000533842878693847e+00 1.000306412187688343e+00
1.000800728922668581e+00 1.000741484473998355e+00 1.000846867435471799e+00
1.000203019814930983e+00 1.000534907215384850e+00 1.000651787939189630e+00
1.000771229428242037e+00 1.000035218672004511e+00 1.000890827637367586e+00
1.000799084134350370e+00 1.000883559082877072e+00 1.000757219319384550e+00
1.000215935706019632e+00 1.000206886463040901e+00 1.000398012676401160e+00
1.000273158845290000e+00 1.000477473279867358e+00 1.000602376110945047e+00
1.000923115197071445e+00 1.000601464127845786e+00 1.000058340327943940e+00
1.000271323343301821e+00 1.000197279282444285e+00 1.000335432525986112e+00
1.000595119946884770e+00 1.000109827539671148e+00 1.000520783392369495e+00
1.000615462162027791e+00 1.000815929870916277e+00 1.000254875761574791e+00
1.000747800570003676e+00 1.000866344884372650e+00 1.000414219099879709e+00
1.000176626377027089e+00 1.000072612581339282e+00 1.000766391045902148e+00
1.000572096012530166e+00 1.000576627014585718e+00 1.000003071182568037e+00
1.000047220486599553e+00 1.000703508856592538e+00 1.000551768792368179e+00
1.000196214669872630e+00 1.000075314797134851e+00 1.000372725286592601e+00
1.000190732564987917e+00 1.000998018188633765e+00 1.000220787731890937e+00
1.000113728193312790e+00 1.000421810517118759e+00 1.000425130000660356e+00
1.000392974731510121e+00 1.000371214984762336e+00 1.000109162579167155e+00
1.000354481696317466e+00 1.000886522192162120e+00 1.000570653692023360e+00
1.000637318872849013e+00 1.000065387483489499e+00 1.000760587318056061e+00
1.000586117367418426e+00 1.000586894208569833e+00 1.000573779522655915e+00
1.000962027306064650e+00 1.000859107564722184e+00 1.000631639796171868e+00
1.000758022563243532e+00 1.000685567882719784e+00 1.000751702671442089e+00
1.000808156253393255e+00 1.000978989143803677e+00 1.000041550311540739e+00
1.000527634837779178e+00 1.000011970436440523e+00 1.000209254515260549e+00
1.000372524011198472e+00 1.000289253724960359e+00 1.000350138239336051e+00
1.000819209629053130e+00 1.000014292414793893e+00 1.000646416710516906e+00
1.000807057603398942e+00 1.000848089311755063e+00 1.000412709888776064e+00
1.000276826826316467e+00 1.000855578786799427e+00 1.000960876388740095e+00
1.000759703986117355e+00 1.000272005981183820e+00 1.000181018353447193e+00
1.000587778073992684e+00 1.000741458366868120e+00 1.000894806150028238e+00
1.000478923079191729e+00 1.000962820908091189e+00 1.000254483969476249e+00
1.000777707363760038e+00 1.000649890789831797e+00 1.000834896944695407e+00
1.000155967772173415e+00 1.000510618678679409e+00 1.000000758566263137e+00
1.000718804865607270e+00 1.000903754889612696e+00 1.000193238343167090e+00
1.000387580229131546e+00 1.000255142690589683e+00 1.000615939349947858e+00
1.000206976151051919e+00 1.000442465941362657e+00 1.000239985713685664e+00
1.000787003251468743e+00 1.000329932554892887e+00 1.000854261500405906e+00
1.000041583197174955e+00 1.000220774083872666e+00 1.000397011896264621e+00
1.000539810434174504e+00 1.000643940222536443e+00 1.000038203798658154e+00
1.000088064442758551e+00 1.000773729868361439e+00 1.000071245315970803e+00
1.000390123635718664e+00 1.000323965518504998e+00 1.000047835460323054e+00
1.000119201051772100e+00 1.000328306714746374e+00 1.000131003918600214e+00
1.000762042647315386e+00 1.000852896572775208e+00 1.000146788613303750e+00
1.000359471375642295e+00 1.000580654207130271e+00 1.000092474296388589e+00
1.000591898359914023e+00 1.000804773808580794e+00 1.000048354755402436e+00
1.000871071935592438e+00 1.000616558106307119e+00 1.000389368351754182e+00
1.000830202620483389e+00 1.000708467329026963e+00 1.000800971197452593e+00
1.000625684575591867e+00 1.000962678762171043e+00 1.000470142916327188e+00
1.000489016247944729e+00 1.000700389167162863e+00 1.000449822976351655e+00
1.000852910457877609e+00 1.000751308677532814e+00 1.000911242520248656e+00
1.000401326608536756e+00 1.000244438040702732e+00 1.000483220929690775e+00
1.000214152051797090e+00 1.000129959703945470e+00 1.000823957831072475e+00
1.000079715584585527e+00 1.000304205639272803e+00 1.000997536362744134e+00
1.000183783764059697e+00 1.000862964567635904e+00 1.000038517062809884e+00
1.000120037732543876e+00 1.000731783906165129e+00 1.000837026091567550e+00
1.000777662180954541e+00 1.000412302004082710e+00 1.000489070357369226e+00
1.000773326507647498e+00 1.000184520165928292e+00 1.000747899263334961e+00
1.000190187547558063e+00 1.000930241929574693e+00 1.000678746966013000e+00
1.000770235063644487e+00 1.000744641935509938e+00 1.000153652999608012e+00
1.000041871833584839e+00 1.000956302479352855e+00 1.000809803204522286e+00
1.000000157053645644e+00 1.000823835027176756e+00 1.000331194558225834e+00
1.000997630432330032e+00 1.000999206628636617e+00 1.000279158816169911e+00
1.000373886675716806e+00 1.000235324761305611e+00 1.000373017432136358e+00
1.000915707438518432e+00 1.000003969125137226e+00 1.000691403390180367e+00
1.000004901598243068e+00 1.000587224109290130e+00 1.000001560640294995e+00
1.000328541388438852e+00 1.000318170464965073e+00 1.000513002160684062e+00
1.000632692351877351e+00 1.000094856465685522e+00 1.000798117498206574e+00
1.000241950601036711e+00 1.000174472277746807e+00 1.000686147872663856e+00
1.000898294209861650e+00 1.000897289252003386e+00 1.000515966977134408e+00
1.000995860999700948e+00 1.000378218914875550e+00 1.000494967754762321e+00
1.000184895686552888e+00 1.000712783610741452e+00 1.000596508299522736e+00
1.000990229791359765e+00 1.000174658572053676e+00 1.000436012707018874e+00
1.000009913801196193e+00 1.000602823133215358e+00 1.000489287243086611e+00
1.000668433608246977e+00 1.000807328050895117e+00 1.000375696462187713e+00
1.000659895382382203e+00 1.000227747262112610e+00 1.000392642887928618e+00
1.000624063059192714e+00 1.000746630567236339e+00 1.000382994502941880e+00
1.000372031550581298e+00 1.000943521630438982e+00 1.000479183521264082e+00
1.000482629248093058e+00 1.000299753669948943e+00 1.000569370678002112e+00
1.000386587924551707e+00 1.000552180244722367e+00 1.000087058815456453e+00
1.000779400616330639e+00 1.000744601485598961e+00 1.000071155456282890e+00
1.000476048736594015e+00 1.000298517314512692e+00 1.000004267465295582e+00
1.000143604276759302e+00 1.000992545625981833e+00 1.000051393386508058e+00
1.000639904723855000e+00 1.000169918904373567e+00 1.000162772210753559e+00
1.000350560177336590e+00 1.000806206412528043e+00 1.000897749092234168e+00
1.000559447051533768e+00 1.000858548868504450e+00 1.000958459546498869e+00
1.000453953687822972e+00 1.000412144993827690e+00 1.000768908363127707e+00
1.000180309900600584e+00 1.000484671905819134e+00 1.000323587010990334e+00
1.000472736152967723e+00 1.000037347529940668e+00 1.000959940889815991e+00
1.000581771653450636e+00 1.000777282313849881e+00 1.000998336683182499e+00
1.000183277471848653e+00 1.000330462224740424e+00 1.000514372827072895e+00
1.000739969553664510e+00 1.000200208260250134e+00 1.000211535127478513e+00
1.000122671643843608e+00 1.000921294020555852e+00 1.000671773141637466e+00
1.000082088966977034e+00 1.000178674180982830e+00 1.000051054395693972e+00
1.000053580655459129e+00 1.000251224819135309e+00 1.000812664031066168e+00
1.000821598794453537e+00 1.000155739852935710e+00 1.000511348735184880e+00
1.000073578331731383e+00 1.000847224104381539e+00 1.000633102776548711e+00
1.000489696831762476e+00 1.000546550822400516e+00 1.000152325450414326e+00
1.000117095131324962e+00 1.000126816787692885e+00 1.000113918832490789e+00
1.000978134110271922e+00 1.000451529123778993e+00 1.000652526137826293e+00
1.000320776101560449e+00 1.000397039597085591e+00 1.000533660981506756e+00
1.000032248067650675e+00 1.000311425683857225e+00 1.000939483326032331e+00
1.000021518686461386e+00 1.000872236056759013e+00 1.000383060819952208e+00
1.000139650588169449e+00 1.000029760534522749e+00 1.000852696703298905e+00
1.000195367079285358e+00 1.000824468609922135e+00 1.000015344525576610e+00
1.000877708833940449e+00 1.000338588190656575e+00 1.000293169511983216e+00
1.000128924119835894e+00 1.000649514817270269e+00 1.000177986751457082e+00
1.000179170803183526e+00 1.000087157858358999e+00 1.000416463312115090e+00
1.000764681330573502e+00 1.000206526976776367e+00 1.000980614597992924e+00
1.000582639738167190e+00 1.000147936708164931e+00 1.000422641010949132e+00
1.000699835166372509e+00 1.000232796129538748e+00 1.000613311946100259e+00
1.000603356979092196e+00 1.000798181315502466e+00 1.000179251786996515e+00
1.000699577581874777e+00 1.000931125657706700e+00 1.000904546345894097e+00
1.000255790912785159e+00 1.000125155922011011e+00 1.000764429893507446e+00
1.000087730624920956e+00 1.000863348541595865e+00 1.000992579055113740e+00
1.000730464210841220e+00 1.000937038932139478e+00 1.000963176380252673e+00
1.000056608374965572e+00 1.000012901666968324e+00 1.000710098426907946e+00
1.000657548067838798e+00 1.000324419379845731e+00 1.000799089133364683e+00
1.000332131461955765e+00 1.000682424974860041e+00 1.000215892130183581e+00
1.000263607936067833e+00 1.000668672969943218e+00 1.000851023000832507e+00
1.000843777747154384e+00 1.000584145073959652e+00 1.000699418141062891e+00
1.000765942190753321e+00 1.000457153071274918e+00 1.000695360323855088e+00
1.000463017646323172e+00 1.000974695032977868e+00 1.000563446690700520e+00
1.000147741597943396e+00 1.000317549686278840e+00 1.000878860271647852e+00
1.000550981959574148e+00 1.000113893611829008e+00 1.000660296753821843e+00
1.000687135899981373e+00 1.000437917654317888e+00 1.000189551661674114e+00
1.000359099678780561e+00 1.000347555726504245e+00 1.000243187300569492e+00
1.000746816230299485e+00 1.000484406579200458e+00 1.000661639887342025e+00
1.000785773884347973e+00 1.000111098693729383e+00 1.000711374867333525e+00
1.000036751776921307e+00 1.000260599713929999e+00 1.000229088514043019e+00
1.000436435823290671e+00 1.000510164820887393e+00 1.000204283033894193e+00
1.000391527770771560e+00 1.000137720634992400e+00 1.000042392651433687e+00
1.000609255662506802e+00 1.000341962697521403e+00 1.000523238317007957e+00
1.000461006781285578e+00 1.000221554586473882e+00 1.000242912706148291e+00
1.000504206285791620e+00 1.000064481594040489e+00 1.000817025127716642e+00
1.000832652333716100e+00 1.000308880223381269e+00 1.000500406590526969e+00
1.000177626212517046e+00 1.000549956166791432e+00 1.000608626731499085e+00
1.000094880590636670e+00 1.000882827883414539e+00 1.000740253220820941e+00
1.000363585012485901e+00 1.000896114704014517e+00 1.000601016343702021e+00
1.000502535390110248e+00 1.000226038976768317e+00 1.000495220582759304e+00
1.000970760919418501e+00 1.000078764582374324e+00 1.000055617715293721e+00
1.000077514710211224e+00 1.000653722978979809e+00 1.000947614575808053e+00
1.000987744265815715e+00 1.000029307830496927e+00 1.000561867828969387e+00
1.000787936658338539e+00 1.000070740177792405e+00 1.000106200324202499e+00
1.000390462633745869e+00 1.000114700570547743e+00 1.000362146177865785e+00
1.000779798409336507e+00 1.000900576143965548e+00 1.000191887558663062e+00
1.000127424554648092e+00 1.000089842685283337e+00 1.000065972393963110e+00
1.000265212702675433e+00 1.000885639298892071e+00 1.000641944136080541e+00
1.000541311268381417e+00 1.000160136832466407e+00 1.000388530191232306e+00
1.000345066740069733e+00 1.000740744281615191e+00 1.000253401184074908e+00
1.000220918397817904e+00 1.000087522600827672e+00 1.000136211914171680e+00
1.000389821941926494e+00 1.000952030157635564e+00 1.000054330614928766e+00
1.000527593901255008e+00 1.000039436469363441e+00 1.000081028280682904e+00
1.000567801404395274e+00 1.000211125832407788e+00 1.000509193667002972e+00
1.000395381436935294e+00 1.000385918073037228e+00 1.000730435702073207e+00
1.000968778110046253e+00 1.000600751340172900e+00 1.000152580739702923e+00
1.000010401279696204e+00 1.000758225171924476e+00 1.000162107145629475e+00
1.000836920472608860e+00 1.000158756158181061e+00 1.000362260402538395e+00
1.000692311781766319e+00 1.000732664422166351e+00 1.000290712484702471e+00
1.000450489406980337e+00 1.000251102673548997e+00 1.000496204275579615e+00
1.000012955961721461e+00 1.000833055642166736e+00 1.000403390338744147e+00
1.000187044388510582e+00 1.000609621611233013e+00 1.000005747423803770e+00
1.000273167744109903e+00 1.000887885456319903e+00 1.000892991785752306e+00
1.000369110429162989e+00 1.000005171341211918e+00 1.000160139880525101e+00
1.000739533184162422e+00 1.000078593872633759e+00 1.000220231626474332e+00
1.000886685160495393e+00 1.000329623966918824e+00 1.000858100775209536e+00
1.000631066969202010e+00 1.000249567405263829e+00 1.000770122229394987e+00
1.000863286469055424e+00 1.000171038169353821e+00 1.000104788523713095e+00
1.000798514288541163e+00 1.000990602077036939e+00 1.000292389604614529e+00
1.000014247278898427e+00 1.000051141745772032e+00 1.000955599727134215e+00
1.000400772669839622e+00 1.000944469658539671e+00 1.000020697510050516e+00
1.000737571152244376e+00 1.000664148055321778e+00 1.000409051487714862e+00
1.000342593854650630e+00 1.000546061102536521e+00 1.000467732210201133e+00
1.000552964244919352e+00 1.000131127125491126e+00 1.000852369551979537e+00
1.000209810091010620e+00 1.000944603722689896e+00 1.000589027491121330e+00
1.000751563183253312e+00 1.000542549221028032e+00 1.000100269330607583e+00
1.000911352141847788e+00 1.000097983349210962e+00 1.000513761105890520e+00
1.000491989642259938e+00 1.000566206897810506e+00 1.000089557085212633e+00
1.000350089489097094e+00 1.000700864023710501e+00 1.000577035731937459e+00
1.000298706860004438e+00 1.000150089150396493e+00 1.000057303788215446e+00
1.000610801789318938e+00 1.000887423135402354e+00 1.000510251159218322e+00
1.000830828084709800e+00 1.000796711219225976e+00 1.000713497060172985e+00
1.000874358213876159e+00 1.000421537510737258e+00 1.000690606873125166e+00
1.000408135216581673e+00 1.000920253154389483e+00 1.000343234528325187e+00
1.000673404205601802e+00 1.000218246886092066e+00 1.000624879544538270e+00
1.000793743638976219e+00 1.000999743119963981e+00 1.000758672597586996e+00
1.000149347942178357e+00 1.000325695214555832e+00 1.000441159461794349e+00
1.000227971038143648e+00 1.000511259928976493e+00 1.000394926461964484e+00
1.000934710983189202e+00 1.000382160580078450e+00 1.000377156147364666e+00
1.000941681490837176e+00 1.000753750163293043e+00 1.000448593474454695e+00
1.000786673416790062e+00 1.000083647759346217e+00 1.000550331336600873e+00
1.000953574907814447e+00 1.000936981195154285e+00 1.000700199767513343e+00
1.000863655592353796e+00 1.000065038587066413e+00 1.000476484086280982e+00
1.000214458555948038e+00 1.000604667212358301e+00 1.000257706473328456e+00
1.000867297124081956e+00 1.000647279178017213e+00 1.000918280675326288e+00
1.000253773212667063e+00 1.000475538270028553e+00 1.000434429432129679e+00
1.000797068171436210e+00 1.000137422061865289e+00 1.000112659033066231e+00
1.000349982326301790e+00 1.000866413931510213e+00 1.000148143237793441e+00
1.000971611669814854e+00 1.000220273323112918e+00 1.000583330650580471e+00
1.000084861638205869e+00 1.000452365451674819e+00 1.000432626515644685e+00
1.000977231577998783e+00 1.000334326871312296e+00 1.000134615942865901e+00
1.000916350599011739e+00 1.000151863365001281e+00 1.000118595116896936e+00
1.000867632780057637e+00 1.000942700639890770e+00 1.000020288188585349e+00
1.000010486048878544e+00 1.000387847055834500e+00 1.000304474720595360e+00
1.000561192177999992e+00 1.000001778228237770e+00 1.000169637236448805e+00
1.000505527355082247e+00 1.000907376372053070e+00 1.000653465532919562e+00
1.000185358943178171e+00 1.000038997381771599e+00 1.000337196076883650e+00
1.000940115738405911e+00 1.000770519609397224e+00 1.000052134430776007e+00
1.000967041295961257e+00 1.000946745613646272e+00 1.000600287812350775e+00
1.000170897596569075e+00 1.000560051483204260e+00 1.000492729507163059e+00
1.000025608345762596e+00 1.000125284963980787e+00 1.000756528312446214e+00
1.000581940146779480e+00 1.000192689616690389e+00 1.000765441765026686e+00
1.000659623259996689e+00 1.000774970407508180e+00 1.000638523696934179e+00
1.000527605663370068e+00 1.000815299597031194e+00 1.000410200213900591e+00
1.000435807751597350e+00 1.000104378531028848e+00 1.000568503970601375e+00
1.000171910144583620e+00 1.000911350675651512e+00 1.000970759502911811e+00
1.000307901004088729e+00 1.000375144823179463e+00 1.000404101953950686e+00
1.000741390980724344e+00 1.000948580521294762e+00 1.000690219377913026e+00
1.000275525459431547e+00 1.000050306577856318e+00 1.000758716246568758e+00
1.000315839794388539e+00 1.000633744439028305e+00 1.000833862776002947e+00
