6.290371642601940039e+00 -8.350746432586220180e-01 -1.736030964291444434e+00
5.513907052859735813e+00 -2.809593005105170960e+00 -3.336918964090685336e+00
4.032979439058408389e+00 -5.945851080219654250e+00 -5.709949810010883198e+00
1.754996418237737998e+00 -1.046714583692812539e+01 -9.038411500613662497e+00
-1.390604620971544136e+00 -1.658823700028460735e+01 -1.350885095788481749e+01
-5.447067607821509228e+00 -2.450704077592735075e+01 -1.930270140776706000e+01
-1.042550261572114323e+01 -3.439599816747892191e+01 -2.658691528108568036e+01
-1.630103260134603715e+01 -4.639366294189738937e+01 -3.550413914446652086e+01
-2.301035533603590011e+01 -6.059710045727348415e+01 -4.616303046279335121e+01
-3.045105917540820428e+01 -7.705557512659464692e+01 -5.862922598883335468e+01
-3.848293665967150901e+01 -9.576583892868387693e+01 -7.291731961771526471e+01
-4.693147129748024327e+01 -1.166692370244243193e+02 -8.898415580540257963e+01
-5.559354032468456808e+01 -1.396508464379239740e+02 -1.067238738988762634e+02
-6.424509126749592269e+01 -1.645408953951578042e+02 -1.259653545180373726e+02
-7.265014753176080831e+01 -1.911186876869156208e+02 -1.464728261943467942e+02
-8.057014864199879867e+01 -2.191191232250799885e+02 -1.679502527172870145e+02
-8.777251285522561375e+01 -2.482416630595690208e+02 -1.900497434857847452e+02
-9.403748877623911540e+01 -2.781612861629274107e+02 -2.123837200294305489e+02
-9.916279326783808301e+01 -3.085406951278243923e+02 -2.345400739846371891e+02
-1.029661138766020940e+02 -3.390428088998390308e+02 -2.560991887466221328e+02
-1.052861358838034676e+02 -3.693424959505530296e+02 -2.766515472886065936e+02
-1.059831556753222230e+02 -3.991366195682084594e+02 -2.958147323703311713e+02
-1.049404244226133187e+02 -4.281518049462939075e+02 -3.132488881415768560e+02
-1.020671009209436306e+02 -4.561497933621756715e+02 -3.286700302415662804e+02
-9.730316775915139260e+01 -4.829306363332869978e+02 -3.418608420204376444e+02
-9.062603951519247403e+01 -5.083341691671293461e+02 -3.526787385781548210e+02
-8.205803229770617691e+01 -5.322401940467993882e+02 -3.610610598518446750e+02
-7.167349962135403985e+01 -5.545676873747113405e+02 -3.670273227205798321e+02
-5.960434080935522161e+01 -5.752732060533410277e+02 -3.706785462544120833e+02
-4.604275456459561155e+01 -5.943485551994058369e+02 -3.721937663793565321e+02
-3.124047135671366959e+01 -6.118177314278469794e+02 -3.718239573552629054e+02
-1.550414478848051658e+01 -6.277331767188243248e+02 -3.698836373909203985e+02
8.129861224950900578e-01 -6.421714309678230848e+02 -3.667404190848391181e+02
1.732270085635587975e+01 -6.552282973982216845e+02 -3.628026835160155770e+02
3.361596422514605820e+01 -6.670135904027983997e+02 -3.585054872240333452e+02
4.927881443617252444e+01 -6.776454309755911254e+02 -3.542948614320541196e+02
6.390905398173049434e+01 -6.872439673759226935e+02 -3.506108817759350131e+02
7.713276600802811345e+01 -6.959244179073012901e+02 -3.478702062658973091e+02
8.861961567801444062e+01 -7.037894794017190634e+02 -3.464490651509935333e+02
9.809584734974350795e+01 -7.109213489344836034e+02 -3.466678342777780131e+02
1.053539296211976080e+02 -7.173737707086322644e+02 -3.487782794821957850e+02
1.102580261648657256e+02 -7.231646009200616163e+02 -3.529543006516153127e+02
1.127448961830580174e+02 -7.282694099365457987e+02 -3.592865624947081074e+02
1.128203503516171224e+02 -7.326166650123808495e+02 -3.677808880827458324e+02
1.105518654386354171e+02 -7.360850553959887748e+02 -3.783598667675366869e+02
1.060583098566051206e+02 -7.385034633605055205e+02 -3.908669138794158471e+02
9.949793286626254485e+01 -7.396538954297782311e+02 -4.050720579142910083e+02
9.105582395336352874e+01 -7.392774128304442911e+02 -4.206789715699746921e+02
8.093196171357067215e+01 -7.370828391713896508e+02 -4.373330771156427090e+02
6.933075940824306826e+01 -7.327578269810658185e+02 -4.546307841746832992e+02
5.645271765179731460e+01 -7.259817105906115557e+02 -4.721299507440430716e+02
4.248848585217074003e+01 -7.164394330478486381e+02 -4.893615001597682408e+02
2.761538698661516378e+01 -7.038357260350030629e+02 -5.058418726174246558e+02
1.199628935922099515e+01 -6.879086800139746174e+02 -5.210857539728996244e+02
-4.219433605573684076e+00 -6.684418791317962132e+02 -5.346183965008476662e+02
-2.089325819776400550e+01 -6.452743849520936692e+02 -5.459868761372808876e+02
-3.789370010696265467e+01 -6.183080298135157591e+02 -5.547698107232522489e+02
-5.509191814781361529e+01 -5.875117171872918789e+02 -5.605853340412443231e+02
-7.235730863353185782e+01 -5.529227128835059375e+02 -5.630974100643454676e+02
-8.955361717416749912e+01 -5.146452367315393985e+02 -5.620208225258927541e+02
-1.065360231947887542e+02 -4.728469850490065483e+02 -5.571253269882281529e+02
-1.231495724732631345e+02 -4.277544369029512836e+02 -5.482394417763256342e+02
-1.392292031612993526e+02 -3.796478441610429400e+02 -5.352541565971687305e+02
-1.546013677967387423e+02 -3.288566738778948775e+02 -5.181265191517685480e+02
-1.690869201284904761e+02 -2.757560035914967784e+02 -4.968827546157984898e+02
-1.825046647606815498e+02 -2.207640028833541237e+02 -4.716204020662561334e+02
-1.946749494528313278e+02 -1.643402181449379214e+02 -4.425089660003824861e+02
-2.054229836833958416e+02 -1.069840050435968806e+02 -4.097887574172659697e+02
-2.145820600348835683e+02 -4.923222637457320161e+01 -3.737678669052057785e+02
-2.219972668506665627e+02 8.344694471212733333e+00 -3.348174747990229321e+02
-2.275303753849846089e+02 6.514909920535706078e+01 -2.933658656993035265e+02
-2.310663126897896973e+02 1.205651786974196966e+02 -2.498915289023081527e+02
-2.325211399894839417e+02 1.739707091240591126e+02 -2.049156175201554788e+02
-2.318509601873815313e+02 2.247508089855064100e+02 -1.589938788177113338e+02
-2.290608237526440689e+02 2.723126333820771379e+02 -1.127080300945548288e+02
-2.242125405278137009e+02 3.160996537031730895e+02 -6.665648605985848008e+01
-2.174303448177057589e+02 3.556041765448139813e+02 -2.144435980339994785e+01
-2.089035844535929982e+02 3.903770542912945984e+02 2.232724385700930725e+01
-1.988859279468886143e+02 4.200340407299869412e+02 6.407245575538343019e+01
-1.876908786432578893e+02 4.442587936952362497e+02 1.032319999641296135e+02
-1.756835831621833677e+02 4.628030004702541191e+02 1.392841341414099361e+02
-1.632690773014036836e+02 4.754844394883467658e+02 1.717545945195435024e+02
-1.508773354080703939e+02 4.821839506711911554e+02 2.002250650935191061e+02
-1.389458348095347446e+02 4.828422328406251154e+02 2.243398424612126973e+02
-1.279007721063023979e+02 4.774571432981507542e+02 2.438105058620633372e+02
-1.181384551341135563e+02 4.660818323137873449e+02 2.584185312638844607e+02
-1.100086016695579332e+02 4.488237062811242595e+02 2.680159617807844370e+02
-1.038011888964052503e+02 4.258439437105291745e+02 2.725244794053774058e+02
-9.973806990355622304e+01 3.973571137685457870e+02 2.719334426707135890e+02
-9.796985765330651930e+01 3.636303679704191154e+02 2.662975376874682070e+02
-9.857773250937228227e+01 3.249816854632092600e+02 2.557345507379916398e+02
-1.015790820607780063e+02 2.817767509714243488e+02 2.404234330965879280e+02
-1.069354336099312377e+02 2.344242287670413134e+02 2.206024230174299419e+02
-1.145610837775939785e+02 1.833694480618743228e+02 1.965666859791048182e+02
-1.243311328662833262e+02 1.290868100334192832e+02 1.686648592020546857e+02
-1.360881764222622508e+02 7.207152993228964988e+01 1.372940636664595786e+02
-1.496475268772842924e+02 1.283157158758137939e+01 1.028932981288101018e+02
-1.648013382699047611e+02 -4.811928157099498549e+01 6.593552934417868983e+01
-1.813222294290757759e+02 -1.102664204240375625e+02 2.691910787360620816e+01
-1.989669301850508418e+02 -1.730970451702725086e+02 -1.364074681777174192e+01
-2.174802511728253194e+02 -2.361005252553874243e+02 -5.521977895975555839e+01
-2.365994785118120376e+02 -2.987670617336201531e+02 -9.729155042723277802e+01
-2.560592003782913935e+02 -3.605855879982074157e+02 -1.393334165891659495e+02
-2.755965363038209830e+02 -4.210420173544025602e+02 -1.808321047795255936e+02
-2.949566691333145627e+02 -4.796189323001511866e+02 -2.212896308887212626e+02
-3.138984305843481479e+02 -5.357976274453362748e+02 -2.602302917851412758e+02
-3.321995008590882890e+02 -5.890630995787131496e+02 -2.972091542899058254e+02
-3.496606366059266975e+02 -6.389121780342014745e+02 -3.318218937574342817e+02
-3.661083203325548538e+02 -6.848645556749976322e+02 -3.637151984092047314e+02
-3.813953619819120604e+02 -7.264760406690656964e+02 -3.925964672344752557e+02
-3.953992647613822555e+02 -7.633529245169270325e+02 -4.182413724573178797e+02
-4.080185526771133482e+02 -7.951660182945696533e+02 -4.404981089015114435e+02
-4.191676868832438458e+02 -8.216627602385324280e+02 -4.592877345550194264e+02
-4.287715670294610391e+02 -8.426759430297354356e+02 -4.746007176396445857e+02
-4.367607746850507056e+02 -8.581280538315820650e+02 -4.864904127799902653e+02
-4.430685556562270904e+02 -8.680308517407544286e+02 -4.950645260091628757e+02
-4.476300809029538641e+02 -8.724804648722995353e+02 -5.004756616224500476e+02
-4.503839602793990480e+02 -8.716488595196844926e+02 -5.029118714238506982e+02
-4.512755610338623455e+02 -8.657729588697677627e+02 -5.025878904811254415e+02
-4.502615444970898579e+02 -8.551429068232865802e+02 -4.997375228557070841e+02
-4.473151113918861483e+02 -8.400909127236816403e+02 -4.946074314089717063e+02
-4.424315489082866861e+02 -8.209817528798334934e+02 -4.874523596231791771e+02
-4.356336789468848565e+02 -7.982054123778965504e+02 -4.785315830395163630e+02
-4.269767469416646009e+02 -7.721716862374451011e+02 -4.681062183850382326e+02
-4.165522538521295246e+02 -7.433060325199629688e+02 -4.564369771238226576e+02
-4.044902480043205060e+02 -7.120457452135707399e+02 -4.437820436778611111e+02
-3.909596377238267451e+02 -6.788356206544764291e+02 -4.303949304450921431e+02
-3.761661894044235623e+02 -6.441226150530221730e+02 -4.165223457694643230e+02
-3.603481181863123766e+02 -6.083493610647100240e+02 -4.024022649385967725e+02
-3.437695572450786585e+02 -5.719467095302489952e+02 -3.882624857730434087e+02
-3.267125461523733065e+02 -5.353256592047679305e+02 -3.743199398850106832e+02
-3.094683054596306420e+02 -4.988691481378335766e+02 -3.607808921081504536e+02
-2.923284096851550657e+02 -4.629242337887362737e+02 -3.478419140086602965e+02
-2.755761846613752368e+02 -4.277952191051897444e+02 -3.356912278157603851e+02
-2.594784536893042741e+02 -3.937382992514391162e+02 -3.245097729698985063e+02
-2.442777471458932723e+02 -3.609582728320452816e+02 -3.144712425153138611e+02
-2.301852325577485772e+02 -3.296077152746626098e+02 -3.057404370900434287e+02
-2.173748173518943076e+02 -2.997886953830953871e+02 -2.984695899686881262e+02
-2.059790388265796537e+02 -2.715566601471934973e+02 -2.927927566568588986e+02
-1.960874096458501299e+02 -2.449256757043583548e+02 -2.888188283725787073e+02
-1.877477496683166009e+02 -2.198739897110480115e+02 -2.866241101540006184e+02
-1.809706603420515876e+02 -1.963489627751866919e+02 -2.862456108367080105e+02
-1.757367588900408464e+02 -1.742707542387365152e+02 -2.876761664752793877e+02
-1.720057895656452729e+02 -1.535346179688993971e+02 -2.908622556717859311e+02
-1.697264774608302105e+02 -1.340121249151710003e+02 -2.957049244885889152e+02
-1.688460401220056610e+02 -1.155519393649142899e+02 -3.020637287454104012e+02
-1.693185115300436792e+02 -9.798083496222636768e+01 -3.097631466338618225e+02
-1.711113296051257748e+02 -8.110544315137320837e+01 -3.186006211467694698e+02
-1.742099412202069288e+02 -6.471489101764291263e+01 -3.283553100089291092e+02
-1.786204726029607173e+02 -4.858417303454427838e+01 -3.387967229432278486e+02
-1.843707407325591703e+02 -3.247794278604317242e+01 -3.496926310730466980e+02
-1.915099556265279261e+02 -1.615443984812134204e+01 -3.608158559789745823e+02
-2.001073463430623178e+02 6.305759508578034911e-01 -3.719497321736225217e+02
-2.102497003848072836e+02 1.811981794615326180e+01 -3.828921664913719383e+02
-2.220375800584804438e+02 3.655016739766949740e+01 -3.934582884370298643e+02
-2.355798995174907304e+02 5.614775289562089711e+01 -4.034817045052818116e+02
-2.509866516589870571e+02 7.712211287025166939e+01 -4.128143739883528269e+02
-2.683598268759380971e+02 9.965927079542774436e+01 -4.213251912200996117e+02
-2.877829056264627070e+02 1.239137574452112176e+02 -4.288975508799909448e+02
-3.093096525667199330e+02 1.499998331965579155e+02 -4.354264396223651374e+02
-3.329531769875522969e+02 1.779823758006651246e+02 -4.408157779344428491e+02
-3.586762689641591351e+02 2.078681069653604823e+02 -4.449766943826061834e+02
-3.863839022923239099e+02 2.395979909659409941e+02 -4.478271575974164307e+02
-4.159186227964737554e+02 2.730416586617624830e+02 -4.492930317724776046e+02
-4.470593730817449796e+02 3.079945360289242444e+02 -4.493102653773691486e+02
-4.795240888332832583e+02 3.441780404633166768e+02 -4.478276392653791618e+02
-5.129760533360908994e+02 3.812428706262781475e+02 -4.448093536421405929e+02
-5.470335229949957920e+02 4.187751385478096040e+02 -4.402367827339334099e+02
-5.812816624245108414e+02 4.563048876877750786e+02 -4.341089890359307901e+02
-6.152855194041760569e+02 4.933164095855954656e+02 -4.264420104080265901e+02
-6.486027389674918595e+02 5.292597419872499813e+02 -4.172673742498848242e+02
-6.807949766528588498e+02 5.635628137333790164e+02 -4.066305745349120002e+02
-7.114374497412754863e+02 5.956438513854055827e+02 -3.945902586209426772e+02
-7.401266181570417757e+02 6.249238078005652142e+02 -3.812186374259314334e+02
-7.664864375376121188e+02 6.508386722447967259e+02 -3.666032638564456079e+02
-7.901738415206480113e+02 6.728515754007380565e+02 -3.508499302346345985e+02
-8.108840534578262123e+02 6.904646187340198367e+02 -3.340861149394620497e+02
-8.283560633245917870e+02 7.032303364425948757e+02 -3.164642466518502602e+02
-8.423782558277353019e+02 7.107626399392842131e+02 -2.981640744647638712e+02
-8.527938683633165056e+02 7.127469920542645241e+02 -2.793935843915486430e+02
-8.595057822497626603e+02 7.089494083251519214e+02 -2.603881316125865624e+02
-8.624801296793239089e+02 6.992237401243695558e+02 -2.414077332827008320e+02
-8.617482761270157425e+02 6.835166617113493430e+02 -2.227327378589164653e+02
-8.574068260283638665e+02 6.618699166519093069e+02 -2.046582660840464314e+02
-8.496153682622632459e+02 6.344196383233216920e+02 -1.874878563485625307e+02
-8.385917844483794852e+02 6.013928532560606754e+02 -1.715266973177821512e+02
-8.246051623375426516e+02 5.631015084013700971e+02 -1.570748043401121379e+02
-8.079666900353659003e+02 5.199344581047615748e+02 -1.444205364997885113e+02
-7.890192508006812204e+02 4.723478036105716455e+02 -1.338348793753831671e+02
-7.681266384653786190e+02 4.208538996519745297e+02 -1.255668207264779994e+02
-7.456632667142494029e+02 3.660093432523519823e+02 -1.198398942210285867e+02
-7.220049680242201475e+02 3.084023487174191587e+02 -1.168496440958250702e+02
-6.975211022281202986e+02 2.486400086361725243e+02 -1.167615098498014845e+02
-6.725678955171650841e+02 1.873359751575774226e+02 -1.197085588828163338e+02
-6.474828129840431075e+02 1.250990554888963970e+02 -1.257886265682536902e+02
-6.225798014014478667e+02 6.252311204530951727e+01 -1.350606693206142381e+02
-5.981453127255889513e+02 1.785090730156753125e-01 -1.475403760119093022e+02
-5.744350476753309067e+02 -6.139481585489625104e+01 -1.631952551510321996e+02
-5.516713381463193855e+02 -1.216927185519915611e+02 -1.819395355260537031e+02
-5.300410723482694948e+02 -1.802508157823590409e+02 -2.036293519060987762e+02
-5.096941021488227079e+02 -2.366472884804704790e+02 -2.280589079993987127e+02
-4.907421335128922237e+02 -2.905048306011465229e+02 -2.549586034241443713e+02
-4.732581246647341686e+02 -3.414921276988436603e+02 -2.839963028706040404e+02
-4.572761914658045725e+02 -3.893252617834666580e+02 -3.147827667433289207e+02
-4.427920058731477866e+02 -4.337693151879171864e+02 -3.468816550264639318e+02
-4.297637234984542829e+02 -4.746401618928030075e+02 -3.798236134482567650e+02
-4.181135743034320171e+02 -5.118060457485993311e+02 -4.131230616904408635e+02
-4.077303361881332080e+02 -5.451881799315583521e+02 -4.462957305641723451e+02
-3.984729270293600507e+02 -5.747594345070654072e+02 -4.788749250341901984e+02
-3.901752608220321008e+02 -6.005403583779166183e+02 -5.104249316621268804e+02
-3.826523187772177153e+02 -6.225923229000832180e+02 -5.405507694670277488e+02
-3.757071414530974494e+02 -6.410083085300946095e+02 -5.689043267928879004e+02
-3.691382439263391575e+02 -6.559025200979366446e+02 -5.951875836312030970e+02
-3.627468677965750885e+02 -6.674003897512169488e+02 -6.191539506491734528e+02
-3.563435375212343388e+02 -6.756305008058088788e+02 -6.406087412648504369e+02
-3.497535522688858691e+02 -6.807195596767362531e+02 -6.594094926397305017e+02
-3.428212323532565051e+02 -6.827908870249323172e+02 -6.754663835472989604e+02
-3.354128575594272093e+02 -6.819661763175996612e+02 -6.887425194516175679e+02
-3.274182510523019687e+02 -6.783696518996258646e+02 -6.992535269302779852e+02
-3.187509252452501300e+02 -6.721333748938172903e+02 -7.070658176419112806e+02
-3.093467089205736329e+02 -6.634023304319291583e+02 -7.122930382464638797e+02
-2.991609122352498389e+02 -6.523380275941957507e+02 -7.150905274669429446e+02
-2.881643922992409443e+02 -6.391195869687278446e+02 -7.156479484041312844e+02
-2.763392697233574609e+02 -6.239416784078343881e+02 -7.141805704676826281e+02
-2.636753175626699317e+02 -6.070092195315014578e+02 -7.109198824074668437e+02
-2.501680045770071672e+02 -5.885293780573234699e+02 -7.061042902021627015e+02
-2.358187808077584577e+02 -5.687019649138561590e+02 -6.999705955003248619e+02
-2.206375949667791758e+02 -5.477096060775800197e+02 -6.927468160337998597e+02
-2.046470620604799251e+02 -5.257090873359475154e+02 -6.846467646421144764e+02
-1.878873137949610452e+02 -5.028250085771426825e+02 -6.758666608654748416e+02
-1.704204171182137202e+02 -4.791464430991513836e+02 -6.665838573257658481e+02
-1.523333716947764742e+02 -4.547267922157645899e+02 -6.569574830365085063e+02
-1.337391106244052708e+02 -4.295865809711831389e+02 -6.471304876307719951e+02
-1.147755139768684671e+02 -4.037186403015697351e+02 -6.372323285561434432e+02
-9.560295088105550576e+01 -3.770949755096464742e+02 -6.273814570198568390e+02
-7.640108751009839239e+01 -3.496745694571991407e+02 -6.176868308888182355e+02
-5.736561836860698804e+01 -3.214113417370842853e+02 -6.082478841246338561e+02
-3.870532501207486575e+01 -2.922614885157169056e+02 -5.991526852918387931e+02
-2.063957757689581740e+01 -2.621895342875379811e+02 -5.904743838885985951e+02
-3.396135820600420629e+00 -2.311726759766513624e+02 -5.822664079742988861e+02
1.279111026779685290e+01 -1.992033405870482738e+02 -5.745571573881106815e+02
2.768496867622354785e+01 -1.662902091216913050e+02 -5.673450550482232302e+02
4.104886665446974803e+01 -1.324581993596289067e+02 -5.605947302043414311e+02
5.265222285577175398e+01 -9.774800628830894311e+01 -5.542348423266112150e+02
6.227731514513897082e+01 -6.221576055416880990e+01 -5.481577306971533972e+02
6.972735775883660381e+01 -2.593320561456062023e+01 -5.422208411469607654e+02
7.483527521867790711e+01 1.101142967563646380e+01 -5.362498187318403779e+02
7.747253838445499241e+01 4.851190907708792110e+01 -5.300432304856572046e+02
7.755731870495833391e+01 8.644203243236847811e+01 -5.233789821837324325e+02
7.506109956741579481e+01 1.246535495131001881e+02 -5.160224871804846316e+02
7.001286148837448309e+01 1.629742833240291020e+02 -5.077364487126637869e+02
6.250013617974934732e+01 2.012068364618075975e+02 -4.982917424246597875e+02
5.266660500661248534e+01 2.391283220840291506e+02 -4.874784640062518974e+02
4.070640442902436007e+01 2.764916305955841835e+02 -4.751159408204896408e+02
2.685576144181095515e+01 3.130287276469478002e+02 -4.610605603093019909e+02
1.138290880747808842e+01 3.484562916330974076e+02 -4.452106570317007481e+02
-5.422625755292870053e+00 3.824836311954127268e+02 -4.275082791077845741e+02
-2.326031535722756871e+01 4.148223901204646609e+02 -4.079382131498758781e+02
-4.182772409910296574e+01 4.451972238086236757e+02 -3.865250229227162890e+02
-6.082798653467727945e+01 4.733565126455866903e+02 -3.633289909902210866e+02
-7.997563945856609280e+01 4.990822095335315680e+02 -3.384417677986757553e+02
-9.900097330925950700e+01 5.221979952676877019e+02 -3.119822969953314669e+02
-1.176531008929468953e+02 5.425750149978525769e+02 -2.840932908006451498e+02
-1.357019127847531763e+02 5.601346607180275896e+02 -2.549382671503102529e+02
-1.529391008666041216e+02 5.748481990694490378e+02 -2.246989866489507222e+02
-1.691784752408907480e+02 5.867334837478351801e+02 -1.935730449036647087e+02
-1.842558042308414770e+02 5.958494386910488174e+02 -1.617713671723241760e+02
-1.980283322434004276e+02 6.022893368315972111e+02 -1.295154229279447691e+02
-2.103740057362629159e+02 6.061740232072043000e+02 -9.703414175872239866e+01
-2.211903495364556420e+02 6.076460836981266311e+02 -6.456073194978864649e+01
-2.303929784182773801e+02 6.068655806051172021e+02 -3.232977488988535697e+01
-2.379139264494951931e+02 6.040074884870089136e+02 -5.749767659339113379e-01
-2.437002328780938569e+02 5.992605124551985227e+02 3.047224396067349517e+01
-2.477133601326991084e+02 5.928266587192365478e+02 6.058350327565108273e+01
-2.499298981974923208e+02 5.849207942314865250e+02 8.953404633031072990e+01
-2.503436447625592791e+02 5.757694795034540221e+02 1.171039026685659792e+02
-2.489686995980641768e+02 5.656085723836465604e+02 1.430803101597641671e+02
-2.458428581086700433e+02 5.546794411006251266e+02 1.672619269988439328e+02
-2.410304635936086015e+02 5.432240058680019956e+02 1.894650217798428571e+02
-2.346240436964367291e+02 5.314791414178155264e+02 2.095314021974421621e+02
-2.267444704331153389e+02 5.196711381262675786e+02 2.273373731535032221e+02
-2.175398595618967192e+02 5.080109107965045041e+02 2.428026130171213595e+02
-2.071837132683892833e+02 4.966904852614170522e+02 2.558976469410479808e+02
-1.958727562673141165e+02 4.858810458376826773e+02 2.666486501303013483e+02
-1.838245760329691620e+02 4.757325753364416414e+02 2.751386241643817812e+02
-1.712747966207437003e+02 4.663749350833993503e+02 2.815044977974980611e+02
-1.584733644652626481e+02 4.579201319004287143e+02 2.859303309838430778e+02
-1.456797122154862336e+02 4.504654628275743562e+02 2.886374407599777214e+02
-1.331569677497288922e+02 4.440971755044292877e+02 2.898727697390821731e+02
-1.211657433320879136e+02 4.388942383708790658e+02 2.898970199012720173e+02
-1.099581908225077314e+02 4.349318160381390044e+02 2.889738920475775785e+02
-9.977290850375629816e+01 4.322841030372755995e+02 2.873612740886524080e+02
-9.083100674576007805e+01 4.310262526042220088e+02 2.853046133334152046e+02
-8.333330074386572051e+01 4.312352111044779122e+02 2.830322211134620147e+02
-7.745832197393929164e+01 4.329893343384244417e+02 2.807520342024892557e+02
-7.336071413491663407e+01 4.363667414800181632e+02 2.786493948507255709e+02
-7.116962099607371783e+01 4.414424517984846261e+02 2.768855991074697727e+02
-7.098682048614205087e+01 4.482844148189371936e+02 2.755971674162107092e+02
-7.288450772971100378e+01 4.569485725679828647e+02 2.748959221554820829e+02
-7.690271011868890128e+01 4.674731119282712370e+02 2.748699699553549181e+02
-8.304634635468619308e+01 4.798721074346656223e+02 2.755855592348444247e+02
-9.128199167488901367e+01 4.941288240856331413e+02 2.770895312551338634e+02
-1.015345381841320886e+02 5.101890410045502904e+02 2.794118002899194835e+02
-1.136841295627079944e+02 5.279548709957921346e+02 2.825671351724493547e+02
-1.275639181595031459e+02 5.472796752383235344e+02 2.865555880803808009e+02
-1.429592197737877086e+02 5.679647617672796969e+02 2.913612391693045538e+02
-1.596084541792570235e+02 5.897585522322508496e+02 2.969493974399837271e+02
-1.772059075040285734e+02 6.123587669101364099e+02 3.032628561987789908e+02
-1.954059958689636005e+02 6.354179110025265800e+02 3.102180930696102905e+02
-2.138285170527099126e+02 6.585519672844282013e+02 3.177023501563613195e+02
-2.320644245730745752e+02 6.813517554280954300e+02 3.255723479425137725e+02
-2.496818962126005772e+02 7.033959891375880034e+02 3.336550691830788082e+02
-2.662327730009828883e+02 7.242647753772539545e+02 3.417507150904643822e+02
-2.812597078612539008e+02 7.435522949441094624e+02 3.496376910590026341e+02
-2.943045217564185805e+02 7.608777469339486288e+02 3.570793767149325504e+02
-3.049182580436947774e+02 7.758942349098815612e+02 3.638324422498079684e+02
-3.126731917732297461e+02 7.882958659640719361e+02 3.696564865552838910e+02
-3.171765987845651580e+02 7.978236487676008437e+02 3.743246927752683177e+02
-3.180855523279089994e+02 8.042706947491133178e+02 3.776349963841846602e+02
-3.151215993236128270e+02 8.074868702019302873e+02 3.794210064218644334e+02
-3.080840246049272082e+02 8.073826791464546204e+02 3.795617379539536955e+02
-2.968605531545429130e+02 8.039319878014657661e+02 3.779892102758839201e+02
-2.814346871540201391e+02 7.971732840003580804e+02 3.746931695645722016e+02
-2.618893246727136557e+02 7.872094180280284945e+02 3.697225628316641632e+02
-2.384067534097150656e+02 7.742060515236407809e+02 3.631838313045738005e+02
-2.112654513238769596e+02 7.583892021286276304e+02 3.552364813590025960e+02
-1.808342843991119935e+02 7.400422142928155154e+02 3.460866158714131871e+02
-1.475646553470744493e+02 7.195022072849683354e+02 3.359791368628631290e+02
-1.119809717560174249e+02 6.971556728971349912e+02 3.251892301705161117e+02
-7.466956503630854058e+01 6.734326189100549982e+02 3.140136060175368584e+02
-3.626601852270619020e+01 6.487986303521595346e+02 3.027618259720375136e+02
2.559166266866668593e+00 6.237444650192917379e+02 2.917478844992197082e+02
4.111652297073487716e+01 5.987732365523752378e+02 2.812820584429085784e+02
7.871495818081302787e+01 5.743857698707504369e+02 2.716629656359493765e+02
1.146800277737565921e+02 5.510652149690920396e+02 2.631698267457115890e+02
1.483725122764440130e+02 5.292623070972192636e+02 2.560550575898532770e+02
1.792065035905861805e+02 5.093826369561029423e+02 2.505374476495720728e+02
2.066661346913595025e+02 4.917769757584678700e+02 2.467962481456233945e+02
2.303200774020137942e+02 4.767352548202336493e+02 2.449664788604466139e+02
2.498330136559120547e+02 4.644843831478208358e+02 2.451356667081893193e+02
2.649734801750939823e+02 4.551897484478386104e+02 2.473420803766609879e+02
2.756177919914059657e+02 4.489599588064213549e+02 2.515743756085248606e+02
2.817500894614897788e+02 4.458541037789566417e+02 2.577724537001040517e+02
2.834588084797762804e+02 4.458905357078808720e+02 2.658292764204612695e+02
2.809299741360057396e+02 4.490559459141400112e+02 2.755933818807968692e+02
2.744376904739162910e+02 4.553134484584744541e+02 2.868719194295207444e+02
2.643321338573230150e+02 4.646085951573891180e+02 2.994341716814027450e+02
2.510253402201672088e+02 4.768727385784154649e+02 3.130157289445098741e+02
2.349751460695395053e+02 4.920238110892745453e+02 3.273236481657320383e+02
2.166678003954684755e+02 5.099651920398518996e+02 3.420429788449118860e+02
1.965999945708606447e+02 5.305836924212981103e+02 3.568449489165459454e+02
1.752613206733012703e+02 5.537477010664247246e+02 3.713969293110208127e+02
1.531183774087135134e+02 5.793062722436319518e+02 3.853740993216792958e+02
1.306017741470586770e+02 6.070895526728337472e+02 3.984725177027810332e+02
1.080970486940097999e+02 6.369105734251903641e+02 4.104230267950574671e+02
8.594002140783959476e+01 6.685681115107386177e+02 4.210050800656172214e+02
6.441645808147723073e+01 7.018500782974010690e+02 4.300592819886717280e+02
4.376525126284036560e+01 7.365367649390416318e+02 4.374973143499937578e+02
2.418380706090943022e+01 7.724033017413030393e+02 4.433080982748981569e+02
5.834090828563830655e+00 8.092208320037400426e+02 4.475594797668959473e+02
-1.115205192511643872e+01 8.467560863794444685e+02 4.503952934064573128e+02
-2.666914378335877700e+01 8.847692421190545247e+02 4.520282097139388497e+02
-4.063602093332156073e+01 9.230101867404047198e+02 4.527292032415466565e+02
-5.299500428225132964e+01 9.612135772250896935e+02 4.528147045957157388e+02
-6.371155273798149210e+01 9.990933349120199409e+02 4.526324647123592513e+02
-7.277371790060828971e+01 1.036337372809388398e+03 4.525469143557104417e+02
-8.019094442117079780e+01 1.072603376343084165e+03 4.529245131213281184e+02
-8.599195115200859618e+01 1.107516350287109390e+03 4.541194166310074252e+02
-9.022151699752635068e+01 1.140668448477080119e+03 4.564597866089115996e+02
-9.293605896138296885e+01 1.171621380768031941e+03 4.602351374122354173e+02
-9.419803913182727229e+01 1.199911469558972385e+03 4.656851456721976774e+02
-9.406950606569694173e+01 1.225057206988048847e+03 4.729903060658712093e+02
-9.260539383963032378e+01 1.246568976491716057e+03 4.822647273079167007e+02
-8.984744521889092539e+01 1.263960499222906719e+03 4.935512790477400813e+02
-8.581968972037930143e+01 1.276761540216052708e+03 5.068192322984245948e+02
-8.052624503122410715e+01 1.284531392293521321e+03 5.219644415637842485e+02
-7.395183466466096434e+01 1.286872602524587592e+03 5.388119683633901786e+02
-6.606490801872291740e+01 1.283444348790960703e+03 5.571209003158890027e+02
-5.682275771393938157e+01 1.273974866723858895e+03 5.765910851217506661e+02
-4.617771447480436109e+01 1.258272369243397861e+03 5.968716095642082564e+02
-3.408346108142472985e+01 1.236233953793572255e+03 6.175710120053131504e+02
-2.050073360945566492e+01 1.207852055066273351e+03 6.382692767984124202e+02
-5.402063835053013463e+00 1.173218114434015433e+03 6.585315327718114986e+02
1.122438873513397084e+01 1.132523310685679689e+03 6.779230567349668490e+02
2.937160480818693031e+01 1.086056377829439043e+03 6.960247440863622614e+02
4.901072362572813290e+01 1.034198665744717346e+03 7.124478280958817322e+02
7.008814586523499202e+01 9.774166648178168089e+02 7.268465033752238469e+02
9.252285238987269622e+01 9.162522454498865727e+02 7.389273256694204974e+02
1.162042909883427910e+02 8.513108991036226598e+02 7.484547616424933949e+02
1.409911645367205892e+02 7.832483398363098104e+02 7.552528909196269069e+02
1.667111850174887877e+02 7.127559437184008857e+02 7.592038231620329043e+02
1.931615026290796777e+02 6.405456474023078499e+02 7.602437375064816933e+02
2.201093022203669989e+02 5.673350301704383583e+02 7.583575483605727641e+02
2.472921282145771329e+02 4.938332730009540228e+02 7.535731060126490775e+02
2.744178638963803678e+02 4.207284813363669400e+02 7.459556200126128260e+02
3.011648290549755984e+02 3.486765498362610742e+02 7.356027142312304932e+02
3.271829591090736358e+02 2.782914898337453451e+02 7.226402673693005454e+02
3.520972686887332657e+02 2.101370493020501726e+02 7.072190192153873340e+02
3.755146519201919091e+02 1.447195433300237255e+02 6.895118202487055896e+02
3.970345344222141648e+02 8.248201710864168490e+01 6.697113239736413561e+02
4.162630924859099650e+02 2.380008898381606741e+01 6.480278400335782862e+02
4.328299090691086803e+02 -3.102004809824666154e+01 6.246869810251821491e+02
4.464053052521205700e+02 -8.174106522139186382e+01 5.999266826677358040e+02
4.567163679818247601e+02 -1.281912884299445068e+02 5.739932423382729212e+02
4.635599166027129741e+02 -1.702591936582678045e+02 5.471362672844184090e+02
4.668111752308591349e+02 -2.078863296743163573e+02 5.196027767512432547e+02
4.664275584941040051e+02 -2.410595594897458795e+02 4.916309953138852507e+02
4.624475931137483258e+02 -2.698034636985482848e+02 4.634445137888151294e+02
4.549855251951648825e+02 -2.941735763871472500e+02 4.352475048161029463e+02
4.442226052291233600e+02 -3.142509234513915999e+02 4.072216030965666960e+02
4.303963931004009282e+02 -3.301381518478601720e+02 3.795248745054211668e+02
4.137895898248642652e+02 -3.419573682667612502e+02 3.522929697985878192e+02
3.947197393897660049e+02 -3.498496200434874481e+02 3.256421385087819544e+02
3.735306166709090121e+02 -3.539757386127123482e+02 2.996734202914958587e+02
3.505853853568538625e+02 -3.545180473170648838e+02 2.744771769727569790e+02
3.262609488989014608e+02 -3.516822750520784666e+02 2.501371868548164912e+02
3.009425678955680041e+02 -3.456989970956533398e+02 2.267336919076799404e+02
2.750178837007114225e+02 -3.368240700514063519e+02 2.043449973700510327e+02
2.488699092444956023e+02 -3.253377748520294972e+02 1.830474837840949931e+02
2.228691262858495747e+02 -3.115426356481430048e+02 1.629141923417057569e+02
1.973653210576694619e+02 -2.957600831992183430e+02 1.440123765873793218e+02
1.726800181648272883e+02 -2.783262550988445128e+02 1.264004703288928795e+02
1.491002775695548053e+02 -2.595872580762761572e+02 1.101248298886209795e+02
1.268742655238368116e+02 -2.398941508151169728e+02 9.521650498110284389e+01
1.062085514272480395e+02 -2.195977600836506554e+02 8.168829162277529576e+01
8.726670310596443869e+01 -1.990432908761422368e+02 6.953242416444254559e+01
7.016858685179875010e+01 -1.785646201296547133e+02 5.871935836924944851e+01
5.498985588675907366e+01 -1.584782043650725427e+02 4.919804359716340514e+01
4.176137820418614410e+01 -1.390766457841108377e+02 4.089784273571399353e+01
3.046872962836994247e+01 -1.206220997227047746e+02 3.373193688473884322e+01
2.105226376501900631e+01 -1.033398519223409266e+02 2.760178732385998046e+01
1.340854122949997418e+01 -8.741253994914802661e+01 2.240208561768486106e+01
7.393926428387089800e+00 -7.297560386330701476e+01 1.802559698285608647e+01
2.830886257843644671e+00 -6.011456614768144391e+01 1.436737514908668345e+01
-4.829725450125579300e-01 -4.886461333216186631e+01 1.132799567326128454e+01
-2.763645905681755721e+00 -3.921268664226022338e+01 8.815696710666770741e+00
-4.228237455219300500e+00 -3.110195282362678881e+01 6.747560513130338222e+00
-5.082512972869494661e+00 -2.443822036058077174e+01 5.050023681452785240e+00
-5.509915823401343005e+00 -1.909767493792423920e+01 3.659018742956050119e+00
-5.663370711776565258e+00 -1.493525783306859012e+01 2.519945003285329221e+00
-5.660863356072923125e+00 -1.179307421739076744e+01 1.587511647019255179e+00
-5.585186906999638268e+00 -9.508352094993256287e+00 8.253592184087210626e-01
-5.487501852092123045e+00 -7.920640443747060999e+00 2.052961604754273139e-01
-5.393674650580692287e+00 -6.878085958908741304e+00 -2.939729350489415083e-01
-5.311953430690778077e+00 -6.242695674108517778e+00 -6.885906790623721463e-01
-5.240516108042925225e+00 -5.894459363029454835e+00 -9.915165335576148209e-01
