-2.330960144441613924e+00 9.385247268641083718e-01 8.894481506746542143e-01
-2.656058006129688565e+00 1.021235387723803401e+00 8.373142916760696330e-01
-2.969333054545868045e+00 1.101289973490801044e+00 7.803772457572677457e-01
-3.270221410589920996e+00 1.178344722117386612e+00 7.194770074862196774e-01
-3.558259986909106054e+00 1.252065440083646619e+00 6.555157988433748528e-01
-3.833074784460877904e+00 1.322126586641700907e+00 5.894438692830030746e-01
-4.094367530051306936e+00 1.388209984656834317e+00 5.222445518662438557e-01
-4.341901069984359651e+00 1.450003226562563530e+00 4.549188383252620316e-01
-4.575483962552488570e+00 1.507197860223606689e+00 3.884697259152417592e-01
-4.794954730854361635e+00 1.559487455093569341e+00 3.238865733603661368e-01
-5.000166246388887181e+00 1.606565662722933219e+00 2.621296836672885600e-01
-5.190970712247830576e+00 1.648124396386644541e+00 2.041153097400658090e-01
-5.367205701829338871e+00 1.683852261566223696e+00 1.507012567323183505e-01
-5.528681684639283667e+00 1.713433371460899357e+00 1.026732351392107140e-01
-5.675171435461247249e+00 1.736546678608583694e+00 6.073210232347189819e-02
-5.806401677896474212e+00 1.752865944198899628e+00 2.548211805073567759e-02
-5.922047258871355524e+00 1.762060450643142762e+00 -2.579668589203637508e-03
-6.021728087679130148e+00 1.763796541088392678e+00 -2.307278865131013809e-02
-6.105009001556409132e+00 1.757740042787623747e+00 -3.574137022281927145e-02
-6.171402639643261523e+00 1.743559600459490877e+00 -4.046069578990724863e-02
-6.220375318881077753e+00 1.720930911596978863e+00 -3.724219364131846344e-02
-6.251355810732277973e+00 1.689541818429584286e+00 -2.623675514933819855e-02
-6.263746820051354192e+00 1.649098171433556415e+00 -7.736266111047100658e-03
-6.256938871718382700e+00 1.599330338405866581e+00 1.782676337347776502e-02
-6.230326221734594050e+00 1.540000193882165247e+00 4.988158663801169762e-02
-6.183324331898403692e+00 1.470908389375081615e+00 8.772373609598893562e-02
-6.115388384732975524e+00 1.391901678374923179e+00 1.305217619554807640e-01
-6.026032271202130808e+00 1.302880053379815051e+00 1.773262629068821095e-01
-5.914847460833142279e+00 1.203803447293640971e+00 2.270812393874931112e-01
-5.781521164723499417e+00 1.094697760158446886e+00 2.786377499886951714e-01
-5.625853227787185773e+00 9.756599951657599634e-01 3.307697917240810526e-01
-5.447771236434018505e+00 8.468623239792527624e-01 3.821922586818863321e-01
-5.247343398368832013e+00 7.085549473840120349e-01 4.315807653302086155e-01
-5.024788837557990107e+00 5.610676690410268952e-01 4.775930544830400137e-01
-4.780485044082701585e+00 4.048101537683880258e-01 5.188916487383342657e-01
-4.514972319950302904e+00 2.402708939801848076e-01 5.541673503771218368e-01
-4.228955163068611078e+00 6.801495598519788355e-02 5.821631504286679526e-01
-3.923300628920030064e+00 -1.113193800146758117e-01 6.016980747484491632e-01
-3.599033800640365932e+00 -2.970249370177473480e-01 6.116904747298348433e-01
-3.257330581203898401e+00 -4.883307382305530076e-01 6.111802636033182301e-01
-2.899508093780353235e+00 -6.844076872960512814e-01 5.993496073319857231e-01
-2.527013035435599964e+00 -8.843746251757593768e-01 5.755416027907107601e-01
-2.141408373167526857e+00 -1.087304557763133950e+00 5.392765150870091340e-01
-1.744358798295440494e+00 -1.292230859892915085e+00 4.902651994166837834e-01
-1.337615364138821095e+00 -1.498153283816650028e+00 4.284193989245493883e-01
-9.229997222795818246e-01 -1.704043632560837684e+00 3.538586859070691482e-01
-5.023883458480264963e-01 -1.908850999152398975e+00 2.669138954844444966e-01
-7.769708707418315763e-02 -2.111506518997557258e+00 1.681269842277070825e-01
3.491336359208974116e-01 -2.310927631908861191e+00 5.824732719731751107e-02
7.761527884571257641e-01 -2.506021899812758136e+00 -6.177545781680952169e-02
1.201411635794432220e+00 -2.695690473634066109e+00 -1.908020030459770255e-01
1.622975526284274661e+00 -2.878831345483826354e+00 -3.275167879758090206e-01
2.038934509604697798e+00 -3.054342557204638986e+00 -4.704445831367815578e-01
2.447412826134587771e+00 -3.221125561598278342e+00 -6.179694483335342881e-01
2.846577367870300801e+00 -3.378088947681848531e+00 -7.683559696810986495e-01
3.234645269587412830e+00 -3.524152746307858131e+00 -9.197724062221707131e-01
3.609890837941639230e+00 -3.658253527680685568e+00 -1.070315411815206730e+00
3.970652063191188130e+00 -3.779350487608981624e+00 -1.218035999125444357e+00
4.315336981518081316e+00 -3.886432694546496869e+00 -1.360966417343338453e+00
4.642430164574022911e+00 -3.978527634706400473e+00 -1.497147621527772365e+00
4.950499606665034413e+00 -4.054711148183216096e+00 -1.624657017657428204e+00
5.238204259527383222e+00 -4.114118795443536314e+00 -1.741636172436139329e+00
5.504302430704090199e+00 -4.155958631196817521e+00 -1.846318179657985059e+00
5.747661214373679606e+00 -4.179525292555928750e+00 -1.937054374543619728e+00
5.967267063306031183e+00 -4.184215232404169704e+00 -2.012340083286089598e+00
6.162237538454898633e+00 -4.169542849522113848e+00 -2.070839087346320273e+00
6.331834190579036736e+00 -4.135157187149866687e+00 -2.111406472034770943e+00
6.475476438609276464e+00 -4.080858794209496487e+00 -2.133109518114423508e+00
6.592756214436017004e+00 -4.006616271270608820e+00 -2.135246284692428276e+00
6.683453045693183547e+00 -3.912581959407294363e+00 -2.117361522551584052e+00
6.747549150377683880e+00 -3.799106177598314815e+00 -2.079259551171204645e+00
6.785244024811702523e+00 -3.666749376999561605e+00 -2.021013733144560121e+00
6.796967925641779651e+00 -3.516291562310728924e+00 -1.942972190221074591e+00
6.783393583418562578e+00 -3.348738335609681815e+00 -1.845759428998799079e+00
6.745445445284121710e+00 -3.165322950121157497e+00 -1.730273583731576581e+00
6.684305731833999786e+00 -2.967503823121575124e+00 -1.597679040391597471e+00
6.601416611524673961e+00 -2.756957049603524723e+00 -1.449394280657894551e+00
6.498477847092924087e+00 -2.535563580490378222e+00 -1.287074876151738101e+00
6.377439352925979854e+00 -2.305390878074116134e+00 -1.112591669887112555e+00
6.240488218541695886e+00 -2.068669031713890938e+00 -9.280043002748932235e-01
6.090029897265923253e+00 -1.827761501579093117e+00 -7.355303488578710525e-01
5.928663425352092453e+00 -1.585130849543621601e+00 -5.375105212786378539e-01
5.759150719631782600e+00 -1.343300006875419506e+00 -3.363703968521986054e-01
5.584380196426757870e+00 -1.104809811370976336e+00 -1.345794014106453940e-01
5.407325156210849748e+00 -8.721737154264812553e-01 6.539223271901317691e-02
5.230997581779843308e+00 -6.478307145099108100e-01 2.611176605555270980e-01
5.058398195432263655e+00 -4.340976662847177425e-01 4.502578365371061597e-01
4.892463804883730560e+00 -2.331222586721650725e-01 6.306051560253707056e-01
4.736013129912460151e+00 -4.683793522710497093e-02 8.001253112682007451e-01
4.591692433313933286e+00 1.230779068213929961e-01 9.569963501767735359e-01
4.461922371616383387e+00 2.752411710006905654e-01 1.099643960599415049e+00
4.348847524606884285e+00 4.085925837808111472e-01 1.226772068952566519e+00
4.254290051510325910e+00 5.224224386325535541e-01 1.337387939777085588e+00
4.179708853195195140e+00 6.163876986745101538e-01 1.430821089514768829e+00
4.126165496983866809e+00 6.905208119310350945e-01 1.506735478526206595e+00
4.094297991329732156e+00 7.452298333757755300e-01 1.565134613535452246e+00
4.084303292309872546e+00 7.812896988052450142e-01 1.606359371530609259e+00
4.095929193357544129e+00 7.998247466485302049e-01 1.631078539360585777e+00
4.128476003406456485e+00 8.022828267510185851e-01 1.640272244988708161e+00
4.180808164367678437e+00 7.904015638844821279e-01 1.635208631140235402e+00
4.251375702894521602e+00 7.661675540636336823e-01 1.617414285002888086e+00
4.338245159050204691e+00 7.317694605715080458e-01 1.588639084688108216e+00
4.439139390622107939e+00 6.895461407559256850e-01 1.550816251607990859e+00
4.551485421392170494e+00 6.419310703468333879e-01 1.506018506361390674e+00
4.672469290592901281e+00 5.913944350964823737e-01 1.456411313443736866e+00
4.799096676361041425e+00 5.403843263164314070e-01 1.404204266138007862e+00
4.928257916036981712e+00 4.912685048948839950e-01 1.351601705664030151e+00
5.056795936699876037e+00 4.462781866836942890e-01 1.300753686345714533e+00
5.181575542747606455e+00 4.074552516954286219e-01 1.253708390505767767e+00
5.299552482075198689e+00 3.766041929166359936e-01 1.212367063653812416e+00
5.407840724382828590e+00 3.552500009423052441e-01 1.178442483406801466e+00
5.503776429717325946e+00 3.446030314465579614e-01 1.153421895229479688e+00
5.584977158833662081e+00 3.455317275794762000e-01 1.138535245410844610e+00
5.649394977118694428e+00 3.585438729869757091e-01 1.134729418752224550e+00
5.695362229695880352e+00 3.837768372338233314e-01 1.142649048339192897e+00
5.721628916783380703e+00 4.209970475122538081e-01 1.162624310759247104e+00
5.727390775321961058e+00 4.696086829035362453e-01 1.194665955279816005e+00
5.712307374545305017e+00 5.286713460629579586e-01 1.238467643089738113e+00
5.676509757552257618e+00 5.969262292789537794e-01 1.293415496637529749e+00
5.620597404406523445e+00 6.728300648893621450e-01 1.358604584035067786e+00
5.545624549305431472e+00 7.545959408894005183e-01 1.432861894601032526e+00
5.453076148277297364e+00 8.402398773293319190e-01 1.514775204030940126e+00
5.344834058101417540e+00 9.276319033278044301e-01 1.602727086126780831e+00
5.223134245112381002e+00 1.014550253522299883e+00 1.694933206809078330e+00
5.090516086311260402e+00 1.098737221766618033e+00 1.789483939201712559e+00
4.949765044785881862e+00 1.177955173778573172e+00 1.884388269213234768e+00
4.803850186010439671e+00 1.250041232906984323e+00 1.977618921380124295e+00
4.655858141523621541e+00 1.312959215419921666e+00 2.067157625495743556e+00
4.508925214723543462e+00 1.364847501777981753e+00 2.151039465291458619e+00
4.366169355835573640e+00 1.404061683482840106e+00 2.227395300168332870e+00
4.230623707955237123e+00 1.429211014389826451e+00 2.294491328113572592e+00
4.105173344804121882e+00 1.439187912146161263e+00 2.350764959552695377e+00
3.992496687915743081e+00 1.433189989405139420e+00 2.394856293364235889e+00
3.895012913350584860e+00 1.410734334782643984e+00 2.425634622001533902e+00
3.814836444214536382e+00 1.371664000009237494e+00 2.442219537094590276e+00
3.753739384534332757e+00 1.316146873879862733e+00 2.443996355163641887e+00
3.713122491839808692e+00 1.244667328643861204e+00 2.430625730855481059e+00
3.693995018840333433e+00 1.158011204855165177e+00 2.402047468333518232e+00
3.696963486936124088e+00 1.057244851613248215e+00 2.358478676109772021e+00
3.722229194552634013e+00 9.436890567519993223e-01 2.300406533014696553e+00
3.769594021563709596e+00 8.188887836189123748e-01 2.228576040164144345e+00
3.838473878569655717e+00 6.845796769822301009e-01 2.143973223459954891e+00
3.927918976539344076e+00 5.426523108524172745e-01 2.047804321657607396e+00
4.036639964760235344e+00 3.951151272948807414e-01 1.941471545251991948e+00
4.163038905367439924e+00 2.440569608830738257e-01 1.826546021332500658e+00
4.305244019823816437e+00 9.160996330768407525e-02 1.704738550625702009e+00
4.461147153001936871e+00 -6.008635653331681481e-02 1.577868798140496187e+00
4.628442948232205367e+00 -2.089193720689760947e-01 1.447833521776729970e+00
4.804668804684457228e+00 -3.528353670980730605e-01 1.316574416981775242e+00
4.987244789208710394e+00 -4.898689719059787784e-01 1.186046121862591507e+00
5.173512790693379770e+00 -6.181697304418460881e-01 1.058184887286795606e+00
5.360774328539859468e+00 -7.360256152483599656e-01 9.348783719424462735e-01
5.546326551188698772e+00 -8.418833888706429569e-01 8.179369750122208460e-01
5.727496080573724058e+00 -9.343657789909364242e-01 7.090670708980576498e-01
5.901670470129558588e+00 -1.012285488556604607e+00 6.098464627258299853e-01
6.066327144108679903e+00 -1.074656102261011270e+00 5.217023252422494650e-01
6.219059770940925880e+00 -1.120699978668097119e+00 4.458918641181339182e-01
6.357602090098364300e+00 -1.149853234954074654e+00 3.834858784719653024e-01
6.479849258662017775e+00 -1.161767940152229395e+00 3.353553772544419775e-01
6.583876810440114191e+00 -1.156311634298016866e+00 3.021613678652683155e-01
6.667957328224744629e+00 -1.133564286804623844e+00 2.843479057355811079e-01
6.730574920594290411e+00 -1.093812800348550995e+00 2.821384643214169263e-01
6.770437571379514630e+00 -1.037543159867638343e+00 2.955356534366498367e-01
6.786487396044821097e+00 -9.654303234732524164e-01 3.243242781725384494e-01
6.777908798698276449e+00 -8.783259557690701325e-01 3.680776900816201680e-01
6.744134480353694450e+00 -7.772441155299985027e-01 4.261673370643413450e-01
6.684849208040589907e+00 -6.633450293555358535e-01 4.977753688798329246e-01
6.599991220611619802e+00 -5.379171108495612863e-01 5.819101017870661474e-01
6.489751125799375409e+00 -4.023574205852687435e-01 6.774240896104853915e-01
6.354568138354567353e+00 -2.581508039256060760e-01 7.830344918626330752e-01
6.195123523402926935e+00 -1.068479886623084490e-01 8.973453755114148001e-01
6.012331142867197720e+00 4.995703160831324596e-02 1.018871538464722004e+00
5.807325054023659838e+00 2.106499637041420181e-01 1.146063402240775186e+00
5.581444174249523549e+00 3.736191362399441385e-01 1.277332490445169499e+00
5.336214100283351414e+00 5.372779639114280137e-01 1.411076990067553050e+00
5.073326249720142123e+00 7.000865384540406744e-01 1.545706885737196945e+00
4.794614573372532718e+00 8.605719406425752505e-01 1.679668164580940593e+00
4.502030165944451490e+00 1.017346892288374383e+00 1.811465612382114676e+00
4.197614175411881199e+00 1.169126404461628299e+00 1.939683760246466715e+00
3.883469475134217141e+00 1.314742126570380920e+00 2.063005593553113748e+00
3.561731614293696779e+00 1.453154158891690306e+00 2.180228699566120198e+00
3.234539599475263483e+00 1.583460156974461519e+00 2.290278604505856297e+00
2.904007080681564545e+00 1.704901627931381336e+00 2.392219132656661973e+00
2.572194516489776817e+00 1.816867393425561472e+00 2.485259705890182413e+00
2.241082873816716337e+00 1.918894269218648141e+00 2.568759587384243037e+00
1.912549377722561728e+00 2.010665083336228953e+00 2.642229153605696546e+00
1.588345767395360042e+00 2.092004220909486012e+00 2.705328350094051704e+00
1.270079439050114223e+00 2.162870940484835192e+00 2.757862547101465278e+00
9.591977693066174870e-01 2.223350751626347765e+00 2.799776059880208834e+00
6.569758186229365249e-01 2.273645175154864528e+00 2.831143635265208847e+00
3.645075183557112686e-01 2.314060224249188558e+00 2.852160231298581206e+00
8.270035122842454844e-02 2.344993947138903856e+00 2.863129430128191100e+00
-1.877265529287552859e-01 2.366923362255727969e+00 2.864450826815576168e+00
-4.462410632250721765e-01 2.380391097463062433e+00 2.856606729329954852e+00
-6.924936601186907348e-01 2.385992019162368027e+00 2.840148489749083183e+00
-9.263102934562249535e-01 2.384360106852190242e+00 2.815682765355205674e+00
-1.147682806784720011e+00 2.376155795773562396e+00 2.783857982327003988e+00
-1.356757276736633155e+00 2.362053976092728380e+00 2.745351245114921124e+00
-1.553820631589043488e+00 2.342732803091226224e+00 2.700855902350633553e+00
-1.739285916290999934e+00 2.318863440190157110e+00 2.651069946723974002e+00
-1.913676563817357845e+00 2.291100825578230804e+00 2.596685393505822947e+00
-2.077610016808913773e+00 2.260075523223621374e+00 2.538378751879151185e+00
-2.231781021363337558e+00 2.226386690005549340e+00 2.476802675611603721e+00
-2.376944888390454924e+00 2.190596163693858678e+00 2.412578854520372129e+00
-2.513900988640848766e+00 2.153223653172136487e+00 2.346292184678932191e+00
-2.643476716894436862e+00 2.114742993574347363e+00 2.278486232146012647e+00
-2.766512130427122518e+00 2.075579414798349287e+00 2.209659981002378704e+00
-2.883845438030018915e+00 2.036107761754645917e+00 2.140265831168569832e+00
-2.996299489314919295e+00 1.996651598520815529e+00 2.070708785339644198e+00
-3.104669390099878079e+00 1.957483126164749621e+00 2.001346738603069664e+00
-3.209711348127586739e+00 1.918823844846283544e+00 1.932491760330199204e+00
-3.312132833582783320e+00 1.880845893876438968e+00 1.864412237226370506e+00
-3.412584120143942190e+00 1.843674007309363372e+00 1.797335730448001989e+00
-3.511651254299317237e+00 1.807388025842671553e+00 1.731452389580754758e+00
-3.609850483410629529e+00 1.772025907263268252e+00 1.666918762295184209e+00
-3.707624156520926917e+00 1.737587177575005581e+00 1.603861839860236449e+00
-3.805338095846017232e+00 1.704036764365257195e+00 1.542383184122078532e+00
-3.903280420711962240e+00 1.671309153379041179e+00 1.482562990150369187e+00
-4.001661788962834976e+00 1.639312807894511392e+00 1.424463950190097972e+00
-4.100617003349026568e+00 1.607934787637967933e+00 1.368134798739268909e+00
-4.200207912055917703e+00 1.577045500279444568e+00 1.313613435592976275e+00
-4.300427513408231484e+00 1.546503515449522803e+00 1.260929543892734594e+00
-4.401205155061587604e+00 1.516160369570068278e+00 1.210106643813575911e+00
-4.502412697963361410e+00 1.485865289171604431e+00 1.161163549248309668e+00
-4.603871495635016409e+00 1.455469759614279157e+00 1.114115223882247596e+00
-4.705360021074453947e+00 1.424831864654020563e+00 1.068973062778629579e+00
-4.806621958455876253e+00 1.393820320863695894e+00 1.025744653603781309e+00
-4.907374566418819306e+00 1.362318131008811939e+00 9.844330955138882455e-01
-5.007317115051273859e+00 1.330225783094935332e+00 9.450359721341876629e-01
-5.106139199873806156e+00 1.297463927043859044e+00 9.075440879648830617e-01
-5.203528743024699921e+00 1.263975468355576615e+00 8.719400858107768659e-01
-5.299179504151906528e+00 1.229727027211493962e+00 8.381970672940421974e-01
-5.392797940717938943e+00 1.194709722328124890e+00 8.062773391993370842e-01
-5.484109278677832933e+00 1.158939252133746045e+00 7.761314045498058922e-01
-5.572862678918483859e+00 1.122455262045721325e+00 7.476973081148918787e-01
-5.658835411653186931e+00 1.085320005388311637e+00 7.209004313454366875e-01
-5.741835979285139224e+00 1.047616325516511404e+00 6.956538121424747922e-01
-5.821706157245920998e+00 1.009445006474204209e+00 6.718590415416425543e-01
-5.898321951379536188e+00 9.709215579757557446e-01 6.494077635500672407e-01
-5.971593499108983849e+00 9.321725172396775339e-01 6.281837770210989547e-01
-6.041463969261022804e+00 8.933313647234502053e-01 6.080657107806911599e-01
-6.107907541215499947e+00 8.545341619901949404e-01 5.889302170679595605e-01
-6.170926567151723496e+00 8.159150267151714653e-01 5.706556057818434891e-01
-6.230548040816237254e+00 7.776015623058523119e-01 5.531258242996368590e-01
-6.286819511693055418e+00 7.397103589677367363e-01 5.362346748313604472e-01
-6.339804594072722566e+00 7.023426804475758622e-01 5.198901526554945418e-01
-6.389578226011674467e+00 6.655804463720833564e-01 5.040187830078808329e-01
-6.436221833802539649e+00 6.294826136605917721e-01 4.885698307218427905e-01
-6.479818553922598312e+00 5.940820515282658754e-01 4.735192543706381874e-01
-6.520448657164519268e+00 5.593829929778992849e-01 4.588732760924752463e-01
-6.558185309504157345e+00 5.253591314171400795e-01 4.446714407528840618e-01
-6.593090791781881954e+00 4.919524143227937407e-01 4.309890448516831007e-01
-6.625213285485318515e+00 4.590725672305155936e-01 4.179388270059854471e-01
-6.654584314504660369e+00 4.265973616795621925e-01 4.056718274981030992e-01
-6.681216912775159500e+00 3.943736214057053102e-01 3.943773436133151122e-01
-6.705104565957428875e+00 3.622189436971951504e-01 3.842819297179206894e-01
-6.726220952660924013e+00 3.299240989270892377e-01 3.756474153913400005e-01
-6.744520488040376627e+00 2.972560613540300434e-01 3.687679401325238415e-01
-6.759939650681389800e+00 2.639616172768570745e-01 3.639660278971193486e-01
-6.772399053094714461e+00 2.297714905010317943e-01 3.615877481807466820e-01
-6.781806197048624085e+00 1.944049182144000354e-01 3.619970324331676648e-01
-6.788058837462727091e+00 1.575746023534025930e-01 3.655692358681135179e-01
-6.791048862871648772e+00 1.189919526539787442e-01 3.726840562964428005e-01
-6.790666586801879845e+00 7.837252821880660858e-02 3.837179441031660643e-01
-6.786805332970494042e+00 3.544157538476469527e-02 3.990361600404178088e-01
-6.779366188150350858e+00 -1.006044752537227707e-02 4.189846577362971169e-01
-6.768262790124238926e+00 -5.837247172891819186e-02 4.438819832257174802e-01
-6.753426014981330106e+00 -1.097076586014780197e-01 4.740113930120828933e-01
-6.734808428929834889e+00 -1.642485882636883221e-01 5.096133946712781970e-01
-6.712388375273879326e+00 -2.221428985441295245e-01 5.508789094280946985e-01
-6.686173576893252424e+00 -2.834994688646124694e-01 5.979432443898142768e-01
-6.656204147574904972e+00 -3.483852352473412184e-01 6.508810441737153951e-01
-6.622554920939588641e+00 -4.168227139936171444e-01 7.097023692666066808e-01
-6.585337022961589959e+00 -4.887883017685165643e-01 7.743500228785267225e-01
-6.544698633254554032e+00 -5.642114074403404844e-01 8.446982194340371120e-01
-6.500824901608721618e+00 -6.429744551461893387e-01 9.205526558810729343e-01
-6.453937009430119609e+00 -7.249137787130178756e-01 1.001652011815814980e+00
-6.404290389839049524e+00 -8.098214053357840614e-01 1.087670866562384431e+00
-6.352172143983295882e+00 -8.974477021195123028e-01 1.178223981546816734e+00
-6.297897713277517795e+00 -9.875048340593801655e-01 1.272871855954979869e+00
-6.241806886720880243e+00 -1.079670958192230357e+00 1.371127425211901452e+00
-6.184259238704265194e+00 -1.173595057888740856e+00 1.472463738034306857e+00
-6.125629105756925874e+00 -1.268902304650458834e+00 1.576322420584325590e+00
-6.066300220338530558e+00 -1.365199822627062298e+00 1.682122716485881186e+00
-6.006660125666857475e+00 -1.462082723444525945e+00 1.789270879683938498e+00
-5.947094497532964041e+00 -1.559140275749747007e+00 1.897169693406631108e+00
-5.887981497514281237e+00 -1.655962074503944059e+00 2.005227891823999187e+00
-5.829686277703681085e+00 -1.752144078508708347e+00 2.112869269606692857e+00
-5.772555750598307611e+00 -1.847294390390013197e+00 2.219541277249646338e+00
-5.716913729303580993e+00 -1.941038661524284725e+00 2.324722916705195708e+00
-5.663056532710715629e+00 -2.033025015589712936e+00 2.427931772956048118e+00
-5.611249137866624714e+00 -2.122928398662173421e+00 2.528730042657849175e+00
-5.561721947466959470e+00 -2.210454280934055049e+00 2.626729450651576592e+00
-5.514668224434299937e+00 -2.295341655017799187e+00 2.721594978734775072e+00
-5.470242228332005574e+00 -2.377365297773509578e+00 2.813047367888273698e+00
-5.428558070606964492e+00 -2.456337285390450376e+00 2.900864393488553183e+00
-5.389689288158153957e+00 -2.532107773564167275e+00 2.984880950416927803e+00
-5.353669118374084768e+00 -2.604565074867620567e+00 3.064988018944995840e+00
-5.320491444440323292e+00 -2.673635082907868110e+00 3.141130610915810806e+00
-5.290112367968434981e+00 -2.739280106766570633e+00 3.213304817736472252e+00
-5.262452356915564344e+00 -2.801497189112109876e+00 3.281554096496890338e+00
-5.237398909922477586e+00 -2.860315987495183787e+00 3.345964938545241019e+00
-5.214809672873561119e+00 -2.915796301200020757e+00 3.406662067004702088e+00
-5.194515939047945174e+00 -2.968025325768947287e+00 3.463803306604013255e+00
-5.176326460508994032e+00 -3.017114713960504346e+00 3.517574261181133366e+00
-5.160031495606391516e+00 -3.063197515985513597e+00 3.568182922384013356e+00
-5.145407015981882104e+00 -3.106425064404567227e+00 3.615854319302256759e+00
-5.132218996585846682e+00 -3.146963860820932712e+00 3.660825304580634487e+00
-5.120227714196662561e+00 -3.184992512795087549e+00 3.703339558669032971e+00
-5.109191983789462377e+00 -3.220698760675313466e+00 3.743642880520360094e+00
-5.098873267325695124e+00 -3.254276625951430635e+00 3.781978820531772367e+00
-5.089039595287671247e+00 -3.285923705644290038e+00 3.818584700049449054e+00
-5.079469246783650860e+00 -3.315838630944493381e+00 3.853688051371587431e+00
-5.069954138907228902e+00 -3.344218702627619333e+00 3.887503502789150467e+00
-5.060302880310487694e+00 -3.371257710967631382e+00 3.920230124682690942e+00
-5.050343447938281827e+00 -3.397143944319300779e+00 3.952049245090714535e+00
-5.039925449903429389e+00 -3.422058388269767715e+00 3.983122736621762972e+00
-5.028921942009077384e+00 -3.446173116097309475e+00 4.013591771086389315e+00
-5.017230771025914748e+00 -3.469649871197205027e+00 4.043576033601542719e+00
-5.004775424897495384e+00 -3.492638843064790333e+00 4.073173383964173944e+00
-4.991505378492447242e+00 -3.515277639798246589e+00 4.102459949448389764e+00
-4.977395932901664821e+00 -3.537690461008021536e+00 4.131490629290114569e+00
-4.962447556091222012e+00 -3.559987474873240743e+00 4.160299986600271893e+00
-4.946684742649195776e+00 -3.582264401666225062e+00 4.188903498345665000e+00
-4.930154420355039591e+00 -3.604602303292348431e+00 4.217299128509561790e+00
-4.912923941447504994e+00 -3.627067574219425605e+00 4.245469183525601764e+00
-4.895078706728932083e+00 -3.649712123930815899e+00 4.273382402567770022e+00
-4.876719480622789149e+00 -3.672573735708483333e+00 4.300996228799746746e+00
-4.857959464303433172e+00 -3.695676582411192790e+00 4.328259202233743608e+00
-4.838921201318565402e+00 -3.719031877735414771e+00 4.355113411268948020e+00
-4.819733395195343384e+00 -3.742638641096762697e+00 4.381496938473111058e+00
-4.800527721065149578e+00 -3.766484555098186693e+00 4.407346236540043982e+00
-4.781435713233632256e+00 -3.790546896030793533e+00 4.432598372591574076e+00
-4.762585807807027116e+00 -3.814793519755492301e+00 4.457193083353398144e+00
-4.744100613907127340e+00 -3.839183887462918499e+00 4.481074590392260859e+00
-4.726094478633908302e+00 -3.863670117923558411e+00 4.504193133491870782e+00
-4.708671399866300789e+00 -3.888198054728169595e+00 4.526506191144459734e+00
-4.691923327576390967e+00 -3.912708338786273998e+00 4.547979369603834421e+00
-4.675928879238927749e+00 -3.937137478178114769e+00 4.568586955212101230e+00
-4.660752479036792906e+00 -3.961418909281820611e+00 4.588312137865393048e+00
-4.646443914734518010e+00 -3.985484044735524645e+00 4.607146925839415985e+00
-4.633038291002718800e+00 -4.009263305090755125e+00 4.625091783349420282e+00
-4.620556344374284308e+00 -4.032687131653514001e+00 4.642155031749599203e+00
-4.609005073760540583e+00 -4.055686977484028510e+00 4.658352062588908105e+00
-4.598378632258802057e+00 -4.078196271628365288e+00 4.673704415314232641e+00
-4.588659421340398836e+00 -4.100151348842380195e+00 4.688238774045046853e+00
-4.579819327809658169e+00 -4.121492334112650369e+00 4.701985936579993641e+00
-4.571821047070738331e+00 -4.142163968760764092e+00 4.714979804890616855e+00
-4.564619442243575520e+00 -4.162116363221772808e+00 4.727256440372632262e+00
-4.558162896094309247e+00 -4.181305661013023922e+00 4.738853219655275062e+00
-4.552394620550919591e+00 -4.199694598975180604e+00 4.749808117978821187e+00
-4.547253896426356690e+00 -4.217252950245290677e+00 4.760159136929797086e+00
-4.542677223846821377e+00 -4.233957838268547214e+00 4.769943881944093356e+00
-4.538599371557503481e+00 -4.249793912434632226e+00 4.779199283405772825e+00
-4.534954320266482597e+00 -4.264753378833542108e+00 4.787961444719436521e+00
-4.531676101138207180e+00 -4.278835883261212558e+00 4.796265592560085445e+00
-4.528699535470066984e+00 -4.292048247849101550e+00 4.804146099164475991e+00
-4.525960885598988348e+00 -4.304404067377811671e+00 4.811636544074947786e+00
-4.523398430150128213e+00 -4.315923176261279082e+00 4.818769782959879677e+00
-4.520952978697499347e+00 -4.326631001945849597e+00 4.825577993525088871e+00
-4.518568341519491049e+00 -4.336557824500926195e+00 4.832092672443884851e+00
-4.516191769039147097e+00 -4.345737965095444189e+00 4.838344562262244963e+00
-4.513774372507804777e+00 -4.354208927761352044e+00 4.844363493358782691e+00
-4.511271532841571563e+00 -4.362010519385801643e+00 4.850178133289314353e+00
-4.508643299142732985e+00 -4.369183972384011128e+00 4.855815644047762447e+00
-4.505854773400231217e+00 -4.375771093270997447e+00 4.861301256542605032e+00
-4.502876473996980877e+00 -4.381813458621469870e+00 4.866657780287892088e+00
-4.499684668312882607e+00 -4.387351677689243168e+00 4.871905074046095407e+00
-4.496261663749154813e+00 -4.392424738209300905e+00 4.877059508961665735e+00
-4.492596046433605217e+00 -4.397069448789549639e+00 4.882133458779507329e+00
-4.488682857200441134e+00 -4.401319987996386018e+00 4.887134851634723276e+00
-4.484523694882443401e+00 -4.405207566625048976e+00 4.892066814757020765e+00
-4.480126737460856212e+00 -4.408760205429995693e+00 4.896927437824810880e+00
-4.475506672321598600e+00 -4.412002625800711897e+00 4.901709673437252057e+00
-4.470684527986303003e+00 -4.414956246032545550e+00 4.906401385225903411e+00
-4.465687401434216497e+00 -4.417639271621806252e+00 4.910985546460210571e+00
-4.460548077651211862e+00 -4.420066864797512096e+00 4.915440585145606889e+00
-4.455304541411473807e+00 -4.422251376411455048e+00 4.919740865580064515e+00
-4.449999385483619285e+00 -4.424202622449577404e+00 4.923857291004642533e+00
-4.444679124156399652e+00 -4.425928187924293766e+00 4.927758007459697609e+00
-4.439393425502824897e+00 -4.427433742649149018e+00 4.931409185507897419e+00
-4.434194279316070464e+00 -4.428723355867874467e+00 4.934775854258523609e+00
-4.429135119781517638e+00 -4.429799799193406606e+00 4.937822760998232141e+00
-4.424269923022851714e+00 -4.430664829283911033e+00 4.940515229388547702e+00
-4.419652300239737208e+00 -4.431319442991977553e+00 4.942819989429461103e+00
-4.415334607378228249e+00 -4.431764098544944019e+00 4.944705953382130481e+00
-4.411367091790745931e+00 -4.431998897097957801e+00 4.946144913975706103e+00
-4.407797094845674835e+00 -4.432023720341083717e+00 4.947112144680450463e+00
-4.404668327016033835e+00 -4.431838322147058307e+00 4.947586886527252759e+00
-4.402020228835433535e+00 -4.431442375434351710e+00 4.947552711716787677e+00
-4.399887427388512684e+00 -4.430835478917913406e+00 4.946997760725678539e+00
-4.398299293864504911e+00 -4.430017131474843772e+00 4.945914856040872110e+00
-4.397279603459296027e+00 -4.428986683808463276e+00 4.944301501132922105e+00
-4.396846294940095490e+00 -4.427743277448902504e+00 4.942159777141442945e+00
-4.397011323877382694e+00 -4.426285779727136216e+00 4.939496151761152198e+00
-4.397780601301306547e+00 -4.424612720811228250e+00 4.936321215276319840e+00
-4.399154008606781296e+00 -4.422722236467762080e+00 4.932649358307251930e+00
-4.401125479756856862e+00 -4.420612018988981262e+00 4.928498405405639105e+00
-4.403683142619756907e+00 -4.418279278911522390e+00 4.923889218796250411e+00
-4.406809511980954497e+00 -4.415720721259625670e+00 4.918845287596465887e+00
-4.410481727186754242e+00 -4.412932541486391358e+00 4.913392319425622823e+00
-4.414671827686939665e+00 -4.409910447603701655e+00 4.907557852508101170e+00
-4.419347060146635364e+00 -4.406649715747274598e+00 4.901370906158249774e+00
-4.424470211401740016e+00 -4.403145286209512399e+00 4.894861685314175759e+00
-4.429999962504000521e+00 -4.399391905664529645e+00 4.888061350532823646e+00
-4.435891260477494491e+00 -4.395384319256587347e+00 4.881001859131209208e+00
-4.442095705815026996e+00 -4.391117514101082975e+00 4.873715876979155759e+00
-4.448561954628432957e+00 -4.386587014205947099e+00 4.866236754868097591e+00
-4.455236134451554086e+00 -4.381789226156507233e+00 4.858598559073629808e+00
-4.462062272059477586e+00 -4.376721834736267525e+00 4.850836142883619750e+00
-4.468982730597830688e+00 -4.371384246846296229e+00 4.842985244242433041e+00
-4.475938652266504114e+00 -4.365778079397641065e+00 4.835082593835513087e+00
-4.482870402355916717e+00 -4.359907681946771696e+00 4.827166017623222061e+00
-4.489718011021013311e+00 -4.353780678694892714e+00 4.819274517981130046e+00
-4.496421610737463936e+00 -4.347408508827736107e+00 4.811448318240747923e+00
-4.502921869404017841e+00 -4.340806940530049118e+00 4.803728856550367077e+00
-4.509160421002071928e+00 -4.333996532780346023e+00 4.796158716549401291e+00
-4.515080297313380342e+00 -4.327003019550939911e+00 4.788781484286125156e+00
-4.520626365232729427e+00 -4.319857592394878765e+00 4.781641523097711399e+00
-4.525745774443018732e+00 -4.312597059212484041e+00 4.774783660908580529e+00
-4.530388419525086974e+00 -4.305263859395197734e+00 4.768252787579672081e+00
-4.534507419126258654e+00 -4.297905918708409878e+00 4.762093363395258905e+00
-4.538059612902246798e+00 -4.290576331141317645e+00 4.756348843478820143e+00
-4.541006074741227749e+00 -4.283332859455568631e+00 4.751061027052772445e+00
-4.543312638287001270e+00 -4.276237251545430773e+00 4.746269345021775443e+00
-4.544950427965643414e+00 -4.269354376541800278e+00 4.742010104095990108e+00
-4.545896385534176076e+00 -4.262751193269283867e+00 4.738315710251124635e+00
-4.546133778560044192e+00 -4.256495573791270637e+00 4.735213898486669848e+00
-4.545652673394009469e+00 -4.250655014840188706e+00 4.732726999228368925e+00
-4.544450351742884919e+00 -4.245295277823777802e+00 4.730871273668175725e+00
-4.542531647645584592e+00 -4.240479002202096837e+00 4.729656350026932188e+00
-4.539909180874688310e+00 -4.236264337197569674e+00 4.729084789733331462e+00
-4.536603463415101345e+00 -4.232703634370841961e+00 4.729151807232875981e+00
-4.532642857477470422e+00 -4.229842240197409176e+00 4.729845160467152532e+00
-4.528063366456386518e+00 -4.227717424092847232e+00 4.731145221716825944e+00
-4.522908244562260371e+00 -4.226357473049785263e+00 4.733025230928395999e+00
-4.517227416782739979e+00 -4.225780978730774073e+00 4.735451726293971930e+00
-4.511076708311068550e+00 -4.225996336550855048e+00 4.738385140088980485e+00
-4.504516891124038303e+00 -4.227001469415331947e+00 4.741780541682970807e+00
-4.497612564226005638e+00 -4.228783781695820920e+00 4.745588504264262930e+00
-4.490430892486251935e+00 -4.231320341601089829e+00 4.749756067374108603e+00
-4.483040236548852420e+00 -4.234578281943312206e+00 4.754227764015213964e+00
-4.475508712674026057e+00 -4.238515400567272273e+00 4.758946678868100300e+00
-4.467902726095515753e+00 -4.243080933507468622e+00 4.763855502975095746e+00
-4.460285523913220196e+00 -4.248216467730880019e+00 4.768897550267483965e+00
-4.452715813336900474e+00 -4.253856957027730701e+00 4.774017702872774827e+00
-4.445246488616260372e+00 -4.259931804272506284e+00 4.779163255678411382e+00
-4.437923506139903829e+00 -4.266365975285532741e+00 4.784284636211706854e+00
-4.430784942765654932e+00 -4.273081112984264074e+00 4.789335982908008660e+00
-4.423860267648929145e+00 -4.279996624633263025e+00 4.794275572272527874e+00
-4.417169852288506782e+00 -4.287030719419147040e+00 4.799066092382564541e+00
-4.410724736794488621e+00 -4.294101378251314216e+00 4.803674765959150328e+00
-4.404526662546982330e+00 -4.301127242424406916e+00 4.808073330460560513e+00
-4.398568372989156039e+00 -4.308028412016560615e+00 4.812237885285338024e+00
-4.392834175887900372e+00 -4.314727148159471781e+00 4.816148617595294112e+00
-4.387300752251665159e+00 -4.321148475734820416e+00 4.819789419070441561e+00
-4.381938189202600142e+00 -4.327220685261161215e+00 4.823147406569036733e+00
-4.376711206643984831e+00 -4.332875735244805959e+00 4.826212360431903825e+00
-4.371580541115319463e+00 -4.338049559107123976e+00 4.828976095271153568e+00
-4.366504445429772119e+00 -4.342682283747701710e+00 4.831431779840393403e+00
-4.361440259837782385e+00 -4.346718369670555582e+00 4.833573225050503019e+00
-4.356346009326906632e+00 -4.350106685143775742e+00 4.835394161871024110e+00
-4.351181981698745815e+00 -4.352800528654773515e+00 4.836887533025320707e+00
-4.345912241863939762e+00 -4.354757614641494357e+00 4.838044823630149871e+00
-4.340506039427513230e+00 -4.355940037243584584e+00 4.838855456211174300e+00
-4.334939069377877097e+00 -4.356314226046859694e+00 4.839306275047341899e+00
-4.329194549557519700e+00 -4.355850906880232465e+00 4.839381143893157322e+00
-4.323264083198124830e+00 -4.354525079943679877e+00 4.839060680107294843e+00
-4.317148279727748950e+00 -4.352316027056274628e+00 4.838322147153014008e+00
-4.310857112285894743e+00 -4.349207359549962071e+00 4.837139526029456960e+00
-4.304409996286299389e+00 -4.345187117979751434e+00 4.835483783885452524e+00
