2.249714342094239150e+00 -1.660235335087934250e-01 -4.841082128802873252e-01
2.391403907786896710e+00 -2.418998168016103234e-01 -3.979173270703961762e-01
2.526958511474466373e+00 -3.088183650609618858e-01 -3.191138802104434569e-01
2.655481385064723199e+00 -3.671232385226805839e-01 -2.478173653549337607e-01
2.776259218338777757e+00 -4.172789145610629191e-01 -1.840425003281222216e-01
2.888760246196050208e+00 -4.598520572405315199e-01 -1.277084087029855541e-01
2.992628044179747260e+00 -4.954925533528747872e-01 -7.864914923323726437e-02
3.087671359546811711e+00 -5.249142725651914088e-01 -3.662532979724976434e-02
3.173850380317444042e+00 -5.488759866411436761e-01 -1.336521152066755258e-03
3.251259909605543896e+00 -5.681628501476695403e-01 2.756582980950005729e-02
3.320109967084237557e+00 -5.835688034996807660e-01 5.046529723520160049e-02
3.380704383013586778e+00 -5.958802104989084913e-01 6.776749663500911125e-02
3.433417982044931538e+00 -6.058609892571696909e-01 7.988753663490584522e-02
3.478672973811554492e+00 -6.142394399517571157e-01 8.723819939938876056e-02
3.516915175469582877e+00 -6.216969168117366662e-01 9.021913012439378154e-02
3.548590688045504926e+00 -6.288584361092388608e-01 8.920729333505665604e-02
3.574123633200569472e+00 -6.362852578905989764e-01 8.454892415249420923e-02
3.593895528877453227e+00 -6.444694280593228353e-01 7.655316528155980960e-02
3.608226840396374424e+00 -6.538302202571456556e-01 6.548753540654324301e-02
3.617361187906884545e+00 -6.647123744272196433e-01 5.157532319030146140e-02
3.621452622963483137e+00 -6.773859916539903825e-01 3.499494491759157222e-02
3.620556308564485182e+00 -6.920479139015319747e-01 1.588124517460352131e-02
3.614622850367280371e+00 -7.088243938406701972e-01 -5.671338718872237505e-03
3.603496433431682799e+00 -7.277748450416245962e-01 -2.960388436574690196e-02
3.586916819964661052e+00 -7.488964570148395339e-01 -5.588655308719125275e-02
3.564525160726453201e+00 -7.721294630014137184e-01 -8.451085822926013291e-02
3.535873468091399019e+00 -7.973628601641316038e-01 -1.154809161992953193e-01
3.500437494651418735e+00 -8.244404000164035073e-01 -1.488040026980377573e-01
3.457632660472399255e+00 -8.531666894549798652e-01 -1.844807684723853147e-01
3.406832578031279812e+00 -8.833132679439038570e-01 -2.224954909615217968e-01
3.347389640440640690e+00 -9.146245526526085579e-01 -2.628067475362906857e-01
3.278657069771147903e+00 -9.468235689957524848e-01 -3.053388898223891035e-01
3.200011771310276476e+00 -9.796174078575705657e-01 -3.499746752008184858e-01
3.110877308685221720e+00 -1.012702372530036810e+00 -3.965493712564836515e-01
3.010746305390448629e+00 -1.045768798129272259e+00 -4.448465936424026435e-01
2.899201591040649451e+00 -1.078505543541883105e+00 -4.945960704984652678e-01
2.775935445323290285e+00 -1.110604169704029198e+00 -5.454734507642162722e-01
2.640766348061513558e+00 -1.141762827192368102e+00 -5.971021932741188420e-01
2.493652718235105148e+00 -1.171689880385018867e+00 -6.490574920450240537e-01
2.334703215713621383e+00 -1.200107295051879186e+00 -7.008721139400488909e-01
2.164183283817538772e+00 -1.226753811375276282e+00 -7.520439511408583133e-01
1.982517725650170481e+00 -1.251387915360580694e+00 -8.020450257895535007e-01
1.790289229441722751e+00 -1.273790609191344902e+00 -8.503316305233894479e-01
1.588232884204628492e+00 -1.293767966747814802e+00 -8.963552483821829453e-01
1.377226851829696175e+00 -1.311153446006361190e+00 -9.395738700703175628e-01
1.158279479488614205e+00 -1.325809917336779442e+00 -9.794633168430846304e-01
9.325132412462505682e-01 -1.337631357630720608e+00 -1.015528183949129026e+00
7.011459857639570359e-01 -1.346544155548357713e+00 -1.047312042258421005e+00
4.654700349706105134e-01 -1.352507972497558164e+00 -1.074406573017503863e+00
2.268297248806991073e-01 -1.355516106460584735e+00 -1.096459360424494101e+00
-1.340199618722238972e-02 -1.355595311449539375e+00 -1.113180126281841265e+00
-2.538472942039622371e-01 -1.352805035076389828e+00 -1.124345257354874228e+00
-4.931469003334546519e-01 -1.347236051346065500e+00 -1.129800545936563871e+00
-7.299827202577385821e-01 -1.339008485281563798e+00 -1.129462134215674318e+00
-9.630990848695301088e-01 -1.328269249208359648e+00 -1.123315720441662835e+00
-1.191322184958951258e+00 -1.315188935677176429e+00 -1.111414147036552835e+00
-1.413577299934285936e+00 -1.299958237191154220e+00 -1.093873545356505383e+00
-1.628903503256093455e+00 -1.282783986333153825e+00 -1.070868256575350008e+00
-1.836465603090295495e+00 -1.263884930085142688e+00 -1.042624781556454883e+00
-2.035563153766116073e+00 -1.243487367978836300e+00 -1.009415033791090099e+00
-2.225636449941667205e+00 -1.221820794069510496e+00 -9.715491781853252684e-01
-2.406269488909569265e+00 -1.199113686317984540e+00 -9.293683346709046278e-01
-2.577189955375191133e+00 -1.175589583104722058e+00 -8.832374099362386710e-01
-2.738266345793255230e+00 -1.151463575627529989e+00 -8.335382945070041183e-01
-2.889502404887791531e+00 -1.126939327846047334e+00 -7.806636280390550908e-01
-3.031029094789846390e+00 -1.102206713614473754e+00 -7.250112953052039177e-01
-3.163094357152763436e+00 -1.077440135000548693e+00 -6.669797711945580909e-01
-3.286050960456608383e+00 -1.052797557960336583e+00 -6.069643872224124159e-01
-3.400342748228840417e+00 -1.028420272961186877e+00 -5.453545465206106613e-01
-3.506489619129944835e+00 -1.004433360113186735e+00 -4.825318705671753916e-01
-3.605071577334007848e+00 -9.809468119068338599e-01 -4.188692199460535281e-01
-3.696712192155261256e+00 -9.580572425584544805e-01 -3.547304938430422272e-01
-3.782061799992064710e+00 -9.358500919809542573e-01 -2.904710796938815287e-01
-3.861780769687008341e+00 -9.144022151301768320e-01 -2.264387967435597393e-01
-3.936523134842636829e+00 -8.937847342178146803e-01 -1.629751566755639480e-01
-4.006920874459535042e+00 -8.740660222993710260e-01 -1.004167520015222803e-01
-4.073569097573377817e+00 -8.553146825677010456e-01 -3.909657903023463360e-02
-4.137012359177603571e+00 -8.376023887339026919e-01 2.065489317329165242e-02
-4.197732304244464530e+00 -8.210064581115897875e-01 7.850908383922183820e-02
-4.256136804706126320e+00 -8.056120401161082079e-01 1.341392474856524242e-01
-4.312550721373455076e+00 -7.915138184129197896e-01 1.872211357581872460e-01
-4.367208389512843958e+00 -7.788171441753609647e-01 2.374344698200725468e-01
-4.420247894063271232e+00 -7.676385398628606804e-01 2.844652809290426076e-01
-4.471707169453038588e+00 -7.581055366927227368e-01 3.280091356326875207e-01
-4.521521930660157729e+00 -7.503558337714718585e-01 3.677752193617552234e-01
-4.569525417038511783e+00 -7.445357917991000107e-01 4.034912095408044741e-01
-4.615449908741615204e+00 -7.407982983347258799e-01 4.349088282230061386e-01
-4.658929957551708689e+00 -7.393000639395680418e-01 4.618099267198003677e-01
-4.699507259500441236e+00 -7.401984286178864281e-01 4.840129228668081374e-01
-4.736637085030799277e+00 -7.436477755575952031e-01 5.013793868201503745e-01
-4.769696172195367900e+00 -7.497956637491635101e-01 5.138205538345332890e-01
-4.797991978241232580e+00 -7.587788021907683200e-01 5.213035317915495348e-01
-4.820773174184519227e+00 -7.707189961035931791e-01 5.238569666716912376e-01
-4.837241255386500072e+00 -7.857192000571924240e-01 5.215759304627757276e-01
-4.846563128854707969e+00 -8.038598136599484079e-01 5.146258036130699764e-01
-4.847884525561732438e+00 -8.251953514842065296e-01 5.032449389622318803e-01
-4.840344074227925120e+00 -8.497516095719577223e-01 4.877459168923490851e-01
-4.823087862169758822e+00 -8.775234364149835375e-01 4.685152325007300722e-01
-4.795284298807263035e+00 -9.084731973263366900e-01 4.460112945813539120e-01
-4.756139087694450929e+00 -9.425299983962003303e-01 4.207606622283022180e-01
-4.704910102981592956e+00 -9.795897107847741925e-01 3.933524965132775830e-01
-4.640921955889320216e+00 -1.019515808985480332e+00 3.644312599584939028e-01
-4.563580026371319320e+00 -1.062141008620408611e+00 3.346877530919136756e-01
-4.472383725449866176e+00 -1.107269660979866455e+00 3.048486330384245768e-01
-4.366938746038593777e+00 -1.154680834072340012e+00 2.756646120430751301e-01
-4.246968056142057080e+00 -1.204131985106285274e+00 2.478975822909797455e-01
-4.112321389936633764e+00 -1.255363108574296227e+00 2.223069555036977230e-01
-3.962983000887283946e+00 -1.308101228183350395e+00 1.996355397801141962e-01
-3.799077457692343174e+00 -1.362065089952864128e+00 1.805953004637685932e-01
-3.620873288805105616e+00 -1.416969907892912106e+00 1.658533649082980788e-01
-3.428784314392505195e+00 -1.472532012479440988e+00 1.560186312890937399e-01
-3.223368545494818882e+00 -1.528473254906250522e+00 1.516293278041940806e-01
-3.005324578619523734e+00 -1.584525026006018189e+00 1.531418402306845561e-01
-2.775485470110287345e+00 -1.640431757347825759e+00 1.609210836237394415e-01
-2.534810138316031303e+00 -1.695953783185491393e+00 1.752326402957524731e-01
-2.284372411617658916e+00 -1.750869455787328111e+00 1.962368245755858609e-01
-2.025347913745947359e+00 -1.804976423921252238e+00 2.239847689056524427e-01
-1.758999050352608506e+00 -1.858092005886594844e+00 2.584165589187832901e-01
-1.486658428169799206e+00 -1.910052614788482206e+00 2.993613804000810341e-01
-1.209711096387241946e+00 -1.960712223819165434e+00 3.465395816765665105e-01
-9.295760456003053784e-01 -2.009939891434565418e+00 3.995665039148257325e-01
-6.476874299543224911e-01 -2.057616398788983947e+00 4.579578911238860739e-01
-3.654759910352660679e-01 -2.103630083315737309e+00 5.211366623929293285e-01
-8.435115708968858594e-02 -2.147871982099993193e+00 5.884408113151591291e-01
1.943157309478990014e-01 -2.190230426354274673e+00 6.591321915127298370e-01
4.692066528704598172e-01 -2.230585253818223812e+00 7.324059522749633011e-01
7.390702398174777699e-01 -2.268801828969623458e+00 8.074004038812574446e-01
1.002732903100583162e+00 -2.304725080683446059e+00 8.832071170365689561e-01
1.259107535257627086e+00 -2.338173782252347621e+00 9.588810929707205499e-01
1.507199638501457439e+00 -2.368935308670895079e+00 1.033450877180039917e+00
1.746110823011710611e+00 -2.396761110416872675e+00 1.105928527212959533e+00
1.975039707844858938e+00 -2.421363141171913202e+00 1.175319380636203670e+00
2.193280346824027838e+00 -2.442411468198745883e+00 1.240631601922397298e+00
2.400218387146745513e+00 -2.459533277742390389e+00 1.300885515949582905e+00
2.595325246577592448e+00 -2.472313463768704533e+00 1.355122760433611129e+00
2.778150662834205864e+00 -2.480296957075815101e+00 1.402415308436530950e+00
2.948314023029586561e+00 -2.482992914057547740e+00 1.441874423304090769e+00
3.105494919639644635e+00 -2.479880840928232466e+00 1.472659610819410103e+00
3.249423401774281572e+00 -2.470418680524597121e+00 1.493987626685483683e+00
3.379870397008089888e+00 -2.454052834936053529e+00 1.505141581774695814e+00
3.496638770371486071e+00 -2.430230038103762702e+00 1.505480163318438036e+00
3.599555463829007262e+00 -2.398410928516596652e+00 1.494446958147398474e+00
3.688465122168087529e+00 -2.358085104310980729e+00 1.471579825335364466e+00
3.763225560209869425e+00 -2.308787373269025611e+00 1.436520221517244567e+00
3.823705362046633471e+00 -2.250114840784421144e+00 1.389022334684135052e+00
3.869783826226282031e+00 -2.181744412704876179e+00 1.328961834296821687e+00
3.901353382938486547e+00 -2.103450230429522172e+00 1.256344000832822605e+00
3.918324512772519697e+00 -2.015120506503729647e+00 1.171310960126757728e+00
3.920633094350688186e+00 -1.916773194209423270e+00 1.074147719887094343e+00
3.908250003050515620e+00 -1.808569908100055468e+00 9.652866893175406915e-01
3.881192678574791000e+00 -1.690827516910745176e+00 8.453103592221457019e-01
3.839538279318420511e+00 -1.564026857225222056e+00 7.149518308950076895e-01
3.783437950194671107e+00 -1.428818066092306660e+00 5.750929089376599634e-01
3.713131651183537940e+00 -1.286022103141351014e+00 4.267595166041376342e-01
3.628962929603301468e+00 -1.136628126453804732e+00 2.711142520228362884e-01
3.531392973571903404e+00 -9.817864993016524044e-01 1.094459784065651697e-01
3.421013261169254083e+00 -8.227973338001792758e-01 -5.684357110027789262e-02
3.298556123139693153e+00 -6.610946186525922252e-01 -2.262560961891308398e-01
3.164902569530825271e+00 -4.982261266735919514e-01 -3.972157593400509890e-01
3.021086793811044391e+00 -3.358294479240053199e-01 -5.680906587986597200e-01
2.868296860812715732e+00 -1.756046395113749770e-01 -7.372163607972719301e-01
2.707871203918650327e+00 -1.928411650384161818e-02 -9.029210174852478898e-01
2.541290696852867903e+00 1.313994764643351409e-01 -1.063551522626138501e+00
2.370166219720759138e+00 2.747465818038410390e-01 -1.217500102085184110e+00
2.196221800810925551e+00 4.091243389982817114e-01 -1.363230702715569453e+00
2.021273578847374353e+00 5.329995603492141409e-01 -1.499304532426103398e+00
1.847204989337449588e+00 6.449701443321493866e-01 -1.624404115887044808e+00
1.675938728235782049e+00 7.437940308715386140e-01 -1.737355263225112134e+00
1.509406180935106034e+00 8.284148670207791554e-01 -1.837146401088853187e+00
1.349515118865330932e+00 8.979836449427283096e-01 -1.922944784533701990e+00
1.198116554059460936e+00 9.518756928194783695e-01 -1.994109192479020853e+00
1.056971698636507195e+00 9.897025385799925745e-01 -2.050198807088761122e+00
9.277199965986704377e-01 1.011318321140666443e+00 -2.090978085620202709e+00
8.118491762611990126e-01 1.016820589484228377e+00 -2.116417548411661187e+00
7.106682119732367076e-01 1.006545501456989733e+00 -2.126690524431335216e+00
6.252839857795962075e-01 9.810576055757229685e-01 -2.122166011504099448e+00
5.565823090601150769e-01 9.411345530012412697e-01 -2.103397916983475557e+00
5.052138092515446877e-01 8.877472355989929342e-01 -2.071111041316846091e+00
4.715850166529376164e-01 8.220359734185151979e-01 -2.026184247487639922e+00
4.558548096644876035e-01 7.452834767326632637e-01 -1.969631320596177737e+00
4.579362008949495744e-01 6.588853815708280992e-01 -1.902580061873216488e+00
4.775032770680507910e-01 5.643192023791225864e-01 -1.826250179939278295e+00
5.140029473088695289e-01 4.631125609813826483e-01 -1.741930541115928266e+00
5.666710120396163397e-01 3.568115383476756497e-01 -1.650956323434287221e+00
6.345519432966696405e-01 2.469499568422373059e-01 -1.554686588703905858e+00
7.165216709419839347e-01 1.350203385954864554e-01 -1.454482745589616544e+00
8.113126009422180207e-01 2.244720385461654311e-02 -1.351688325692413262e+00
9.175400538391804695e-01 -8.943672495052218396e-02 -1.247610436005320400e+00
1.033729305492822270e+00 -1.994109586105281551e-01 -1.143503186722660381e+00
1.158342438773728000e+00 -3.063839807958551598e-01 -1.040553324563748605e+00
1.289804272420069120e+00 -4.094060801286569795e-01 -9.398682292065109189e-01
1.426526717361253027e+00 -5.076781848089545468e-01 -8.424663547865616220e-01
1.566931015321585852e+00 -6.005567260873210245e-01 -7.492701212650161313e-01
1.709467432859687941e+00 -6.875546639029233020e-01 -6.611011846041159323e-01
1.852632109779058567e+00 -7.683389034249710203e-01 -5.786779438389990649e-01
1.994980888234009209e+00 -8.427244127619134550e-01 -5.026150813711500742e-01
2.135140072864292193e+00 -9.106654176509534349e-01 -4.334248837353203432e-01
2.271814188539155843e+00 -9.722440972540180582e-01 -3.715200558328299874e-01
2.403790906577861985e+00 -1.027657236371537941e+00 -3.172177224825939446e-01
2.529943398876645322e+00 -1.077201304816228333e+00 -2.707443063110824832e-01
2.649230449724029768e+00 -1.121256436228705189e+00 -2.322409794175844255e-01
2.760694706496980455e+00 -1.160269767664220408e+00 -2.017694066016614274e-01
2.863459483511634485e+00 -1.194738578651081351e+00 -1.793175281932690712e-01
2.956724549116789724e+00 -1.225193635265750647e+00 -1.648051680142496866e-01
3.039761325701149541e+00 -1.252183103216252702e+00 -1.580892942841826410e-01
3.111907916713761768e+00 -1.276257346636325618e+00 -1.589688067973384633e-01
3.172564345192728563e+00 -1.297954878777217491e+00 -1.671887713562424660e-01
3.221188345709371070e+00 -1.317789679205584985e+00 -1.824440708224004393e-01
3.257291997310229892e+00 -1.336240041344098906e+00 -2.043824893348360483e-01
3.280439420939539996e+00 -1.353739065940714026e+00 -2.326072903636245692e-01
3.290245693731423060e+00 -1.370666871970585676e+00 -2.666793885079234427e-01
3.286377057627798859e+00 -1.387344557808147361e+00 -3.061192473031453809e-01
3.268552424097773468e+00 -1.404029912528996782e+00 -3.504086588433146798e-01
3.236546103301023436e+00 -1.420914848982823386e+00 -3.989925746992351030e-01
3.190191617833962656e+00 -1.438124505000907272e+00 -4.512811614430723428e-01
3.129386401053452005e+00 -1.455717934883782538e+00 -5.066522485782249952e-01
3.054097130172926722e+00 -1.473690289288575705e+00 -5.644543222733924281e-01
2.964365406239757306e+00 -1.491976358385203261e+00 -6.240101954975413312e-01
2.860313467240195973e+00 -1.510455332024549513e+00 -6.846214547432607489e-01
2.742149607107895459e+00 -1.528956612842282015e+00 -7.455737466467950991e-01
2.610172972569388961e+00 -1.547266504522988528e+00 -8.061429259282272275e-01
2.464777421652163181e+00 -1.565135588505129238e+00 -8.656020409997419174e-01
2.306454151875586778e+00 -1.582286598508586106e+00 -9.232290872707605844e-01
2.135792841688265220e+00 -1.598422603001143472e+00 -9.783154123485398035e-01
1.953481094402677698e+00 -1.613235310078958706e+00 -1.030174613570413289e+00
1.760302028232896943e+00 -1.626413316247713903e+00 -1.078151728596788539e+00
1.557129917184570056e+00 -1.637650129791818454e+00 -1.121632486865508094e+00
1.344923853385933565e+00 -1.646651810716676989e+00 -1.160052366458186990e+00
1.124719469975874686e+00 -1.653144082629768086e+00 -1.192905189443505209e+00
8.976188328482769263e-01 -1.656878787424828747e+00 -1.219750989792097950e+00
6.647786768211710884e-01 -1.657639571301850800e+00 -1.240222901045745951e+00
4.273972238264251433e-01 -1.655246710366864216e+00 -1.254032834799594820e+00
1.866998740530433354e-01 -1.649561005357231380e+00 -1.260975754033920815e+00
-5.607589703645415868e-02 -1.640486697148656692e+00 -1.260932385642854259e+00
-2.996960738906477850e-01 -1.627973376711213227e+00 -1.253870262512250200e+00
-5.429456911589876089e-01 -1.612016884434232189e+00 -1.239843035690623152e+00
-7.846441008881023249e-01 -1.592659214012587920e+00 -1.218988050075643148e+00
-1.023659551020144720e+00 -1.569987455527334763e+00 -1.191522231081480809e+00
-1.258922734978282776e+00 -1.544131831337885341e+00 -1.157736383424021298e+00
-1.489439008891858096e+00 -1.515262897120214669e+00 -1.117988054627969241e+00
-1.714299019187370376e+00 -1.483587998210281533e+00 -1.072693162534118949e+00
-1.932687536421562768e+00 -1.449347086884244629e+00 -1.022316624804921359e+00
-2.143890348772119481e+00 -1.412808017911733049e+00 -9.673622566048493132e-01
-2.347299128169740623e+00 -1.374261447132769653e+00 -9.083622193302536285e-01
-2.542414241693274235e+00 -1.334015461245782408e+00 -8.458663090579749966e-01
-2.728845538682687533e+00 -1.292390066983702512e+00 -7.804313694220751385e-01
-2.906311197790131473e+00 -1.249711664857854565e+00 -7.126111009910710559e-01
-3.074634765423348348e+00 -1.206307627163169194e+00 -6.429465187992904340e-01
-3.233740555971997832e+00 -1.162501092443910311e+00 -5.719572822499559006e-01
-3.383647614392136571e+00 -1.118606079317094881e+00 -5.001340878137749968e-01
-3.524462463636043097e+00 -1.074923011281663676e+00 -4.279322754341943758e-01
-3.656370873558837609e+00 -1.031734730577275938e+00 -3.557667552827810109e-01
-3.779628894401859451e+00 -9.893030630622220434e-01 -2.840083141852877691e-01
-3.894553396763333897e+00 -9.478659775791101749e-01 -2.129813129810833316e-01
-4.001512351558161207e+00 -9.076353631798956823e-01 -1.429627396483858226e-01
-4.100915068769451111e+00 -8.687954275580503927e-01 -7.418254034357316118e-02
-4.193202593946984358e+00 -8.315017022130560820e-01 -6.825113523094394896e-03
-4.278838437535714689e+00 -7.958806259202618749e-01 5.896817737562080886e-02
-4.358299785377800717e+00 -7.620296685178591378e-01 1.230956389287748975e-01
-4.432069310455729827e+00 -7.300179513997939740e-01 1.854912105788575627e-01
-4.500627677634536639e+00 -6.998873186188554474e-01 2.461199422820033456e-01
-4.564446806440408011e+00 -6.716538121735283751e-01 3.049731740439571848e-01
-4.623983933307165728e+00 -6.453095055745494690e-01 3.620635987467250572e-01
-4.679676494974779999e+00 -6.208246499076215397e-01 4.174203789277892152e-01
-4.731937838253960749e+00 -5.981500857068545729e-01 4.710844728175992424e-01
-4.781153746852928599e+00 -5.772198721771216734e-01 5.231043050066097599e-01
-4.827679762590187273e+00 -5.579540833262401911e-01 5.735318928677177741e-01
-4.871839266327851803e+00 -5.402617191496702498e-01 6.224195124454618977e-01
-4.913922274080905872e+00 -5.240436794846896618e-01 6.698169589424944892e-01
-4.954184896473185162e+00 -5.091957483278796159e-01 7.157694293253298312e-01
-4.992849405025699738e+00 -4.956115369839719786e-01 7.603160293619217747e-01
-5.030104846371200367e+00 -4.831853353127474882e-01 8.034888850954902129e-01
-5.066108145008421104e+00 -4.718148216850993615e-01 8.453128194711111432e-01
-5.100985636237476584e+00 -4.614035841090761703e-01 8.858055388513715878e-01
-5.134834972913678186e+00 -4.518634072109875555e-01 9.249782618784692101e-01
-5.167727351812967385e+00 -4.431162822543652235e-01 9.628367146714666980e-01
-5.199710006715546839e+00 -4.350961003283903006e-01 9.993824113479898852e-01
-5.230808915086510247e+00 -4.277499924819452848e-01 1.034614136729736789e+00
-5.261031663690476812e+00 -4.210392849189071307e-01 1.068529548361894843e+00
-5.290370416688695343e+00 -4.149400424071518212e-01 1.101126817554957560e+00
-5.318804928786364350e+00 -4.094431790985642583e-01 1.132406234131675404e+00
-5.346305546255064378e+00 -4.045541232787997488e-01 1.162371706760841672e+00
-5.372836140100553770e+00 -4.002920310353170197e-01 1.191032099530230370e+00
-5.398356918139846528e+00 -3.966885531920963381e-01 1.218402354844458024e+00
-5.422827066235029747e+00 -3.937861699784870884e-01 1.244504362171654943e+00
-5.446207173377463739e+00 -3.916361186388712667e-01 1.269367541482195882e+00
-5.468461400546615891e+00 -3.902959503101133820e-01 1.293029119588723574e+00
-5.489559358889003704e+00 -3.898267637115392370e-01 1.315534087072982805e+00
-5.509477668405377671e+00 -3.902901742124038065e-01 1.336934832973531329e+00
-5.528201173971978299e+00 -3.917450873967152636e-01 1.357290463809226910e+00
-5.545723801588031243e+00 -3.942443560235469602e-01 1.376665822878641698e+00
-5.562049044974219036e+00 -3.978314077525036963e-01 1.395130235452918255e+00
-5.577190081590259751e+00 -4.025369375632512625e-01 1.412756015885567429e+00
-5.591169527578478515e+00 -4.083757631669250321e-01 1.429616783493980137e+00
-5.604018852137622630e+00 -4.153439439649329046e-01 1.445785643913038765e+00
-5.615777482358669026e+00 -4.234162643728718867e-01 1.461333299704201893e+00
-5.626491638829802966e+00 -4.325441806152832691e-01 1.476326157157216823e+00
-5.636212949592226629e+00 -4.426543263230597880e-01 1.490824495201253264e+00
-5.644996894630326167e+00 -4.536476660675634043e-01 1.504880757703463301e+00
-5.652901134939229522e+00 -4.653993766163421753e-01 1.518538023217919530e+00
-5.659983780047586954e+00 -4.777595222179462642e-01 1.531828697596730793e+00
-5.666301646705933059e+00 -4.905545716421152447e-01 1.544773465925839195e+00
-5.671908559970569641e+00 -5.035897805633826607e-01 1.557380532097434989e+00
-5.676853746144457702e+00 -5.166524338560635199e-01 1.569645167600055569e+00
-5.681180364583893194e+00 -5.295159102962574416e-01 1.581549585581686790e+00
-5.684924222046159770e+00 -5.419444992938416972e-01 1.593063151104537667e+00
-5.688112709239929288e+00 -5.536988674127316656e-01 1.604142932820911582e+00
-5.690763994723669228e+00 -5.645420426713650963e-01 1.614734594368977261e+00
-5.692886506127350366e+00 -5.742457577267046087e-01 1.624773615503574575e+00
-5.694478722521219005e+00 -5.825969699721832429e-01 1.634186823904045127e+00
-5.695529294468075321e+00 -5.894043583637944561e-01 1.642894209719594434e+00
-5.696017500238528264e+00 -5.945045841608178616e-01 1.650810987284615949e+00
-5.695914038707017291e+00 -5.977680961174739460e-01 1.657849862853051137e+00
-5.695182152224565364e+00 -5.991042606030757556e-01 1.663923463639845002e+00
-5.693779065935439476e+00 -5.984656049511404285e-01 1.668946880808015898e+00
-5.691657722382520213e+00 -5.958509797456827961e-01 1.672840275717242253e+00
-5.688768780744529963e+00 -5.913074741895127939e-01 1.675531493729091270e+00
-5.685062838501139915e+00 -5.849309587074970063e-01 1.676958623281585847e+00
-5.680492820624187367e+00 -5.768651795604740062e-01 1.677072431130127717e+00
-5.675016468946739501e+00 -5.672993886454207324e-01 1.675838599615742996e+00
-5.668598853343590704e+00 -5.564645535006755850e-01 1.673239690306816962e+00
-5.661214817553086753e+00 -5.446282531880087818e-01 1.669276761048487767e+00
-5.652851266595842361e+00 -5.320884213470177260e-01 1.663970569863904014e+00
-5.643509200557234706e+00 -5.191661454432101586e-01 1.657362308233681691e+00
-5.633205401614100438e+00 -5.061977687756410438e-01 1.649513817310143127e+00
-5.621973687889671112e+00 -4.935265673934913777e-01 1.640507253561339418e+00
-5.609865658777390962e+00 -4.814942867740948373e-01 1.630444185279241731e+00
-5.596950871003297578e+00 -4.704328230435570468e-01 1.619444118013875222e+00
-5.583316402021694103e+00 -4.606563214352379920e-01 1.607642464857383491e+00
-5.569065776968988857e+00 -4.524539416303320905e-01 1.595187996411189468e+00
-5.554317257534777674e+00 -4.460835070675080449e-01 1.582239825079591933e+00
-5.539201516041083906e+00 -4.417662151928004044e-01 1.568963998549981254e+00
-5.523858745391053482e+00 -4.396825400091295410e-01 1.555529796976740764e+00
-5.508435283868755583e+00 -4.399694090949050618e-01 1.542105845880766823e+00
-5.493079860711148399e+00 -4.427186863560204078e-01 1.528856170015611360e+00
-5.477939591608073755e+00 -4.479769409898772814e-01 1.515936320800989279e+00
-5.463155871029205635e+00 -4.557464344115875199e-01 1.503489710952029990e+00
-5.448860319179905431e+00 -4.659872126372915369e-01 1.491644285004936732e+00
-5.435170944416829464e+00 -4.786201546070579793e-01 1.480509644097012245e+00
-5.422188676611524372e+00 -4.935307994151209576e-01 1.470174728291339328e+00
-5.409994413536648672e+00 -5.105737584885692293e-01 1.460706140737813241e+00
-5.398646701966174355e+00 -5.295775125488961788e-01 1.452147175538834212e+00
-5.388180149487485693e+00 -5.503493973958814012e-01 1.444517585534093040e+00
-5.378604633839038307e+00 -5.726805964528403070e-01 1.437814097797651236e+00
-5.369905345521688744e+00 -5.963509800003109484e-01 1.432011654674626211e+00
-5.362043667753383147e+00 -6.211336584006007522e-01 1.427065328529702137e+00
-5.354958866521355887e+00 -6.467991462532518554e-01 1.422912830923906080e+00
-5.348570533375288427e+00 -6.731190637894264306e-01 1.419477513234324473e+00
-5.342781695683346932e+00 -6.998693294003651699e-01 1.416671737265074560e+00
-5.337482484553428108e+00 -7.268328223675177835e-01 1.414400482585745245e+00
-5.332554230586486810e+00 -7.538015176059518208e-01 1.412565052689828571e+00
-5.327873842702184781e+00 -7.805781147248054275e-01 1.411066743734795459e+00
-5.323318315809117962e+00 -8.069772017603572545e-01 1.409810346227438949e+00
-5.318769209443383161e+00 -8.328260089257625287e-01 1.408707360605239600e+00
-5.314116941848454623e+00 -8.579648191326031403e-01 1.407678821643382427e+00
-5.309264751935558913e+00 -8.822471097477911917e-01 1.406657643398212976e+00
-5.304132194262854760e+00 -9.055395038242889383e-01 1.405590415599229814e+00
-5.298658048726873737e+00 -9.277216081394005220e-01 1.404438603969334842e+00
-5.292802546668123220e+00 -9.486858090688973233e-01 1.403179130643968930e+00
-5.286548838503447811e+00 -9.683370858772487599e-01 1.401804335658474621e+00
-5.279903654452942519e+00 -9.865928859234143200e-01 1.400321344601215268e+00
-5.272897138431267727e+00 -1.003383089682521767e+00 1.398750889106468387e+00
-5.265581864505160858e+00 -1.018650077217986061e+00 1.397125644696225466e+00
-5.258031074496138935e+00 -1.032348892947734020e+00 1.395488164372464146e+00
-5.250336203471293040e+00 -1.044447492628292729e+00 1.393888496804071897e+00
-5.242603785983122933e+00 -1.054927045342580305e+00 1.392381585510372055e+00
-5.234951858728459584e+00 -1.063782253891968343e+00 1.391024550133345139e+00
-5.227505993451617705e+00 -1.071021649776560558e+00 1.389873952135829427e+00
-5.220395106266669139e+00 -1.076667814513628585e+00 1.388983144604793329e+00
-5.213747195503360743e+00 -1.080757477690897250e+00 1.388399799609529417e+00
-5.207685159771772376e+00 -1.083341443862310349e+00 1.388163697713903133e+00
-5.202322841744526194e+00 -1.084484305321108844e+00 1.388304853626072033e+00
-5.197761431748269878e+00 -1.084263906342249228e+00 1.388842039899540692e+00
-5.194086348951034715e+00 -1.082770536770683911e+00 1.389781756830078541e+00
-5.191364697017414542e+00 -1.080105848100834542e+00 1.391117680766641440e+00
-5.189643366516876632e+00 -1.076381501849584366e+00 1.392830605067184369e+00
-5.188947829957468727e+00 -1.071717575958172963e+00 1.394888869105781692e+00
-5.189281649126651352e+00 -1.066240768171008879e+00 1.397249252916592299e+00
-5.190626689723527143e+00 -1.060082444726523354e+00 1.399858299587681154e+00
-5.192944015281438119e+00 -1.053376588401294223e+00 1.402654014801227422e+00
-5.196175410807449602e+00 -1.046257702936992828e+00 1.405567882828095749e+00
-5.200245466391603344e+00 -1.038858731979121375e+00 1.408527130591116672e+00
-5.205064132982090364e+00 -1.031309049920984044e+00 1.411457165734414598e+00
-5.210529647762081495e+00 -1.023732579117624386e+00 1.414284110279916407e+00
-5.216531716046357126e+00 -1.016246082897262815e+00 1.416937347740762743e+00
-5.222954830707130292e+00 -1.008957677275277076e+00 1.419351998579508001e+00
-5.229681608896551204e+00 -1.001965596667825809e+00 1.421471237734783122e+00
-5.236596029329366964e+00 -9.953572400198011927e-01 1.423248370032700771e+00
-5.243586461580241220e+00 -9.892085133846363343e-01 1.424648585548110136e+00
-5.250548391248249125e+00 -9.835834733865687074e-01 1.425650327315358901e+00
-5.257386760406689064e+00 -9.785342638312678476e-01 1.426246217212951084e+00
-5.264017860066222632e+00 -9.741013260421290676e-01 1.426443500854617019e+00
-5.270370729022910261e+00 -9.703138537149382792e-01 1.426263987658976440e+00
-5.276388030630617898e+00 -9.671904563906563723e-01 1.425743477538311099e+00
-5.282026395885927705e+00 -9.647399921296858638e-01 1.424930681067272609e+00
-5.287256238458631685e+00 -9.629625287733334371e-01 1.423885655671290440e+00
-5.292061065310106116e+00 -9.618503934995575877e-01 1.422677795971912351e+00
-5.296436324780062321e+00 -9.613892719896572903e-01 1.421383431497726058e+00
-5.300387851260493832e+00 -9.615593213305396736e-01 1.420083099355010425e+00
-5.303929980580930348e+00 -9.623362643065216382e-01 1.418858573145415303e+00
-5.307083422212727442e+00 -9.636924363611895084e-01 1.417789741987866448e+00
-5.309872982802056995e+00 -9.655977601832093082e-01 1.416951443649935527e+00
-5.312325239696197521e+00 -9.680206272467791750e-01 1.416410361678531515e+00
-5.314466262485730397e+00 -9.709286714487046499e-01 1.416222096674361053e+00
-5.316319475072027068e+00 -9.742894274856929160e-01 1.416428516379168778e+00
-5.317903740674078783e+00 -9.780708754345335265e-01 1.417055479049340150e+00
-5.319231738046388713e+00 -9.822418820365667047e-01 1.418111011011122136e+00
-5.320308680159079096e+00 -9.867725567467729997e-01 1.419584003412485806e+00
-5.321131408595669576e+00 -9.916345450615045021e-01 1.421443475765555409e+00
-5.321687879798935761e+00 -9.968012821906802046e-01 1.423638435506191513e+00
-5.321957044007298521e+00 -1.002248227010219983e+00 1.426098343989253836e+00
-5.321909104345494690e+00 -1.007953090371059846e+00 1.428734180546931354e+00
-5.321506131741996271e+00 -1.013896064505494632e+00 1.431440077998132665e+00
-5.320703000942299532e+00 -1.020060052551337026e+00 1.434095485994696828e+00
-5.319448604080931453e+00 -1.026430889827910420e+00 1.436567803455238268e+00
-5.317687291633747648e+00 -1.032997541979760125e+00 1.438715408384578787e+00
-5.315360486735813517e+00 -1.039752260010368357e+00 1.440391002719135116e+00
-5.312408418170976532e+00 -1.046690669061691281e+00 1.441445181713049362e+00
-5.308771919543801232e+00 -1.053811766832743801e+00 1.441730132147669652e+00
-5.304394246316108230e+00 -1.061117808817532815e+00 1.441103361458130783e+00
-5.299222867480902543e+00 -1.068614061058150044e+00 1.439431360525050385e+00
-5.293211194027393596e+00 -1.076308406697723097e+00 1.436593106146272225e+00
-5.286320211748754438e+00 -1.084210799585182405e+00 1.432483315138938895e+00
-5.278519990944539053e+00 -1.092332565383637544e+00 1.427015370652642501e+00
-5.269791049427400509e+00 -1.100685557377237389e+00 1.420123851981816898e+00
-5.260125547327097806e+00 -1.109281180662491817e+00 1.411766610779301878e+00
-5.249528292587570810e+00 -1.118129305004888385e+00 1.401926348139956868e+00
-5.238017535606765307e+00 -1.127237093211804986e+00 1.390611658173322551e+00
-5.225625531099663768e+00 -1.136607778218298614e+00 1.377857514354663415e+00
-5.212398845468414699e+00 -1.146239428421854001e+00 1.363725185175911347e+00
-5.198398388873794573e+00 -1.156123747377498567e+00 1.348301575593061408e+00
-5.183699152851362513e+00 -1.166244960354750448e+00 1.331698000682384198e+00
-5.168389636771213880e+00 -1.176578845324161238e+00 1.314048407809885965e+00
-5.152570949998633409e+00 -1.187091968278030985e+00 1.295507073536938281e+00
-5.136355581959226591e+00 -1.197741181152164547e+00 1.276245811869601177e+00
-5.119865840231327958e+00 -1.208473434270093572e+00 1.256450742102193541e+00
-5.103231967531447033e+00 -1.219225944213365720e+00 1.236318677891418361e+00
-5.086589961379210045e+00 -1.229926743075577811e+00 1.216053213760438290e+00
-5.070079134057521308e+00 -1.240495617369966830e+00 1.195860599296358906e+00
-5.053839463927411124e+00 -1.250845425878716721e+00 1.175945502788038777e+00
-5.038008801210212440e+00 -1.260883767010635648e+00 1.156506773288295209e+00
-5.022720001161722791e+00 -1.270514949170557184e+00 1.137733312295767796e+00
-5.008098064335445798e+00 -1.279642203273085199e+00 1.119800163682019400e+00
-4.994257366888422034e+00 -1.288170065461950120e+00 1.102864924137140878e+00
-4.981299063698602758e+00 -1.296006850538506949e+00 1.087064567316903929e+00
-4.969308743875627599e+00 -1.303067132552412799e+00 1.072512763621591869e+00
