6.602855771780014038e-02 -8.041477203369140625e-01 5.907509326934814453e-01
7.722580432891845703e-02 -8.051756024360656738e-01 5.879867672920227051e-01
8.424563705921173096e-02 -8.058495521545410156e-01 5.860965847969055176e-01
8.741135150194168091e-02 -8.045161366462707520e-01 5.874631404876708984e-01
8.951783925294876099e-02 -8.032118678092956543e-01 5.889288187026977539e-01
9.099349379539489746e-02 -8.020651936531066895e-01 5.902639031410217285e-01
9.192841500043869019e-02 -8.010748028755187988e-01 5.914629101753234863e-01
9.219796955585479736e-02 -8.002371191978454590e-01 5.925539135932922363e-01
9.167983382940292358e-02 -7.995404601097106934e-01 5.935738086700439453e-01
9.024608135223388672e-02 -7.989664077758789062e-01 5.945656895637512207e-01
8.776816725730895996e-02 -7.984881401062011719e-01 5.955781936645507812e-01
8.411921560764312744e-02 -7.980677485466003418e-01 5.966671705245971680e-01
7.918021827936172485e-02 -7.976540327072143555e-01 5.978950262069702148e-01
7.284470647573471069e-02 -7.971800565719604492e-01 5.993309020996093750e-01
6.502559036016464233e-02 -7.965611815452575684e-01 6.010506749153137207e-01
5.566240474581718445e-02 -7.956938147544860840e-01 6.031360626220703125e-01
4.472789168357849121e-02 -7.944545149803161621e-01 6.056744456291198730e-01
3.223512321710586548e-02 -7.927017211914062500e-01 6.087568402290344238e-01
1.824423298239707947e-02 -7.902777791023254395e-01 6.124770641326904297e-01
2.867066767066717148e-03 -7.870132327079772949e-01 6.169293522834777832e-01
-1.373157650232315063e-02 -7.827330231666564941e-01 6.222061514854431152e-01
-3.133219480514526367e-02 -7.772632241249084473e-01 6.283949613571166992e-01
-4.966517537832260132e-02 -7.704390287399291992e-01 6.355761885643005371e-01
-6.841867417097091675e-02 -7.621140480041503906e-01 6.438174843788146973e-01
-8.724828809499740601e-02 -7.521661520004272461e-01 6.531720757484436035e-01
-1.057909578084945679e-01 -7.405040860176086426e-01 6.636731028556823730e-01
-1.236799210309982300e-01 -7.270718812942504883e-01 6.753293275833129883e-01
-1.405599266290664673e-01 -7.118492126464843750e-01 6.881231665611267090e-01
-1.561026424169540405e-01 -6.948518157005310059e-01 7.020062804222106934e-01
-1.700200289487838745e-01 -6.761290431022644043e-01 7.168979048728942871e-01
-1.820747703313827515e-01 -6.557600498199462891e-01 7.326850295066833496e-01
-1.920881122350692749e-01 -6.338503360748291016e-01 7.492235302925109863e-01
-1.999453306198120117e-01 -6.105266213417053223e-01 7.663413286209106445e-01
-2.055975943803787231e-01 -5.859337449073791504e-01 7.838439941406250000e-01
-2.090608626604080200e-01 -5.602303743362426758e-01 8.015207052230834961e-01
-2.104136794805526733e-01 -5.335864424705505371e-01 8.191530108451843262e-01
-2.097903490066528320e-01 -5.061777830123901367e-01 8.365237712860107422e-01
-2.073750197887420654e-01 -4.781852066516876221e-01 8.534252047538757324e-01
-2.033910602331161499e-01 -4.497890174388885498e-01 8.696676492691040039e-01
-1.980926692485809326e-01 -4.211658239364624023e-01 8.850867748260498047e-01
-1.917522549629211426e-01 -3.924851119518280029e-01 8.995479345321655273e-01
-1.846509724855422974e-01 -3.639051616191864014e-01 9.129495620727539062e-01
-1.770661920309066772e-01 -3.355700671672821045e-01 9.252244830131530762e-01
-1.692629605531692505e-01 -3.076070845127105713e-01 9.363375306129455566e-01
-1.614820957183837891e-01 -2.801250517368316650e-01 9.462839961051940918e-01
-1.539349555969238281e-01 -2.532138228416442871e-01 9.550846815109252930e-01
-1.467936635017395020e-01 -2.269442230463027954e-01 9.627813100814819336e-01
-1.401886343955993652e-01 -2.013698369264602661e-01 9.694314002990722656e-01
-1.342019289731979370e-01 -1.765292435884475708e-01 9.751037359237670898e-01
-1.288656890392303467e-01 -1.524491012096405029e-01 9.798739552497863770e-01
-1.241597905755043030e-01 -1.291473358869552612e-01 9.838218092918395996e-01
-1.200117543339729309e-01 -1.066377162933349609e-01 9.870286583900451660e-01
-1.162949055433273315e-01 -8.493309468030929565e-02 9.895765185356140137e-01
-1.128305867314338684e-01 -6.405097246170043945e-02 9.915476441383361816e-01
-1.093866825103759766e-01 -4.401575028896331787e-02 9.930242300033569336e-01
-1.056818738579750061e-01 -2.486328408122062683e-02 9.940891265869140625e-01
-1.013834774494171143e-01 -6.646000314503908157e-03 9.948252439498901367e-01
-9.610937535762786865e-02 1.056561619043350220e-02 9.953147172927856445e-01
-8.942681550979614258e-02 2.667730674147605896e-02 9.956359863281250000e-01
-8.085111528635025024e-02 4.156740009784698486e-02 9.958590865135192871e-01
-6.984411180019378662e-02 5.507996305823326111e-02 9.960361719131469727e-01
-5.581028014421463013e-02 6.702111661434173584e-02 9.961894750595092773e-01
-3.809431195259094238e-02 7.714774459600448608e-02 9.962916374206542969e-01
-1.598467677831649780e-02 8.516269177198410034e-02 9.962388277053833008e-01
1.127916388213634491e-02 9.070266783237457275e-02 9.958141446113586426e-01
4.447662457823753357e-02 9.333583712577819824e-02 9.946407675743103027e-01
8.435393869876861572e-02 9.255853295326232910e-02 9.921276569366455078e-01
1.315230131149291992e-01 8.781691640615463257e-02 9.874157309532165527e-01
1.863092929124832153e-01 7.854327559471130371e-02 9.793466329574584961e-01
2.485364824533462524e-01 6.424386054277420044e-02 9.664897322654724121e-01
3.172869086265563965e-01 4.462019726634025574e-02 9.472793340682983398e-01
3.907152116298675537e-01 1.973450928926467896e-02 9.203000664710998535e-01
4.660539925098419189e-01 -9.854244999587535858e-03 8.847014307975769043e-01
5.399167537689208984e-01 -4.303952679038047791e-02 8.406172394752502441e-01
6.089023947715759277e-01 -7.828424870967864990e-02 7.893728017807006836e-01
6.702793836593627930e-01 -1.138800159096717834e-01 7.333191633224487305e-01
7.224619984626770020e-01 -1.482634395360946655e-01 6.753269433975219727e-01
7.651019692420959473e-01 -1.802422553300857544e-01 6.181679964065551758e-01
7.988347411155700684e-01 -2.090797573328018188e-01 5.640467405319213867e-01
8.248767256736755371e-01 -2.344418317079544067e-01 5.144078731536865234e-01
8.446573019027709961e-01 -2.562862932682037354e-01 4.699695110321044922e-01
8.595657348632812500e-01 -2.747410237789154053e-01 4.308876395225524902e-01
8.708213567733764648e-01 -2.900129854679107666e-01 3.969415128231048584e-01
8.794301152229309082e-01 -3.023256063461303711e-01 3.676981627941131592e-01
8.861905336380004883e-01 -3.118875026702880859e-01 3.426257371902465820e-01
8.917202949523925781e-01 -3.188765645027160645e-01 3.211741447448730469e-01
8.964881896972656250e-01 -3.234367370605468750e-01 3.028158545494079590e-01
9.008452892303466797e-01 -3.256805539131164551e-01 2.870712578296661377e-01
9.050477147102355957e-01 -3.256955742835998535e-01 2.735160887241363525e-01
9.092776179313659668e-01 -3.235487043857574463e-01 2.617832124233245850e-01
9.136576652526855469e-01 -3.192951381206512451e-01 2.515557110309600830e-01
9.182611703872680664e-01 -3.129838407039642334e-01 2.425644993782043457e-01
9.231220483779907227e-01 -3.046636581420898438e-01 2.345755994319915771e-01
9.282399415969848633e-01 -2.943904995918273926e-01 2.273869067430496216e-01
9.335868358612060547e-01 -2.822327911853790283e-01 2.208170592784881592e-01
9.391114115715026855e-01 -2.682784497737884521e-01 2.147011309862136841e-01
9.447435140609741211e-01 -2.526408731937408447e-01 2.088832557201385498e-01
9.504001140594482422e-01 -2.354658544063568115e-01 2.032131254673004150e-01
9.559890031814575195e-01 -2.169377952814102173e-01 1.975421160459518433e-01
9.614154696464538574e-01 -1.972867697477340698e-01 1.917241066694259644e-01
9.665876626968383789e-01 -1.767928600311279297e-01 1.856141239404678345e-01
9.714232087135314941e-01 -1.557876616716384888e-01 1.790733486413955688e-01
9.758556485176086426e-01 -1.346516162157058716e-01 1.719724833965301514e-01
9.798398017883300781e-01 -1.138080283999443054e-01 1.642000526189804077e-01
9.833543300628662109e-01 -9.370817244052886963e-02 1.556698083877563477e-01
9.864030480384826660e-01 -7.481079548597335815e-02 1.463294476270675659e-01
9.890125393867492676e-01 -5.755776166915893555e-02 1.361666619777679443e-01
9.912253618240356445e-01 -4.234707728028297424e-02 1.252159774303436279e-01
9.930928349494934082e-01 -2.950575947761535645e-02 1.135597527027130127e-01
9.946665167808532715e-01 -1.926893368363380432e-02 1.013272926211357117e-01
9.959898591041564941e-01 -1.176635548472404480e-02 8.868920803070068359e-02
9.970946907997131348e-01 -7.017281837761402130e-03 7.584816217422485352e-02
9.979994893074035645e-01 -4.937703255563974380e-03 6.302874535322189331e-02
9.987115859985351562e-01 -5.351066589355468750e-03 5.046347528696060181e-02
9.992311596870422363e-01 -8.009390905499458313e-03 3.838051110506057739e-02
9.995560646057128906e-01 -1.261463761329650879e-02 2.699271403253078461e-02
9.996866583824157715e-01 -1.883992180228233337e-02 1.648644730448722839e-02
9.996281266212463379e-01 -2.635015361011028290e-02 7.017916999757289886e-03
9.993928670883178711e-01 -3.481744602322578430e-02 -1.293377717956900597e-03
9.989995360374450684e-01 -4.393188282847404480e-02 -8.362859487533569336e-03
9.984725713729858398e-01 -5.341054126620292664e-02 -1.414045784622430801e-02
9.978402256965637207e-01 -6.299863755702972412e-02 -1.860583759844303131e-02
9.971328377723693848e-01 -7.247234880924224854e-02 -2.176508121192455292e-02
9.963816404342651367e-01 -8.163713663816452026e-02 -2.364231087267398834e-02
9.956163763999938965e-01 -9.032648056745529175e-02 -2.427489869296550751e-02
9.948646426200866699e-01 -9.839864075183868408e-02 -2.370641939342021942e-02
9.941512942314147949e-01 -1.057355180382728577e-01 -2.198071219027042389e-02
9.934968948364257812e-01 -1.122398525476455688e-01 -1.913495361804962158e-02
9.929169416427612305e-01 -1.178347840905189514e-01 -1.519515924155712128e-02
9.924211502075195312e-01 -1.224615201354026794e-01 -1.017146557569503784e-02
9.920119047164916992e-01 -1.260786503553390503e-01 -4.055304918438196182e-03
9.916835427284240723e-01 -1.286608725786209106e-01 3.183530876412987709e-03
9.914203286170959473e-01 -1.301973164081573486e-01 1.159481517970561981e-02
9.911954402923583984e-01 -1.306909024715423584e-01 2.124813757836818695e-02
9.909697771072387695e-01 -1.301546245813369751e-01 3.222771361470222473e-02
9.906904697418212891e-01 -1.286116689443588257e-01 4.462685436010360718e-02
9.902899265289306641e-01 -1.260910034179687500e-01 5.853915959596633911e-02
9.896866083145141602e-01 -1.226268336176872253e-01 7.404854893684387207e-02
9.887846708297729492e-01 -1.182566210627555847e-01 9.121568500995635986e-02
9.874775409698486328e-01 -1.130220144987106323e-01 1.100644469261169434e-01
9.856525063514709473e-01 -1.069680526852607727e-01 1.305649578571319580e-01
9.831979274749755859e-01 -1.001485288143157959e-01 1.526170819997787476e-01
9.800162315368652344e-01 -9.262686967849731445e-02 1.760352104902267456e-01
9.760367274284362793e-01 -8.448719978332519531e-02 2.005349099636077881e-01
9.712350368499755859e-01 -7.583533972501754761e-02 2.257243096828460693e-01
9.656512737274169922e-01 -6.681028008460998535e-02 2.511057257652282715e-01
9.594062566757202148e-01 -5.758515372872352600e-02 2.760860621929168701e-01
9.527125358581542969e-01 -4.837073385715484619e-02 2.999984622001647949e-01
9.458729028701782227e-01 -3.941052034497261047e-02 3.221354484558105469e-01
9.392666816711425781e-01 -3.097605518996715546e-02 3.417873084545135498e-01
9.333194494247436523e-01 -2.334877103567123413e-02 3.582871556282043457e-01
9.284617304801940918e-01 -1.681160368025302887e-02 3.710474073886871338e-01
9.250793457031250000e-01 -1.162524055689573288e-02 3.795960545539855957e-01
9.234661459922790527e-01 -8.017024956643581390e-03 3.835960328578948975e-01
9.237838387489318848e-01 -6.158824544399976730e-03 3.828648924827575684e-01
9.260377287864685059e-01 -6.159574259072542191e-03 3.773805499076843262e-01
9.300733208656311035e-01 -8.052314631640911102e-03 3.672855496406555176e-01
9.355930685997009277e-01 -1.179038733243942261e-02 3.528832495212554932e-01
9.421922564506530762e-01 -1.724505983293056488e-02 3.346287310123443604e-01
9.494090080261230469e-01 -2.421570941805839539e-02 3.131070435047149658e-01
9.567779898643493652e-01 -3.244096413254737854e-02 2.890041172504425049e-01
9.638810753822326660e-01 -4.161599650979042053e-02 2.630614638328552246e-01
9.703840613365173340e-01 -5.141696333885192871e-02 2.360318005084991455e-01
9.760577082633972168e-01 -6.152036413550376892e-02 2.086302787065505981e-01
9.807799458503723145e-01 -7.162366807460784912e-02 1.814959347248077393e-01
9.845248460769653320e-01 -8.145781606435775757e-02 1.551627367734909058e-01
9.873421788215637207e-01 -9.079296886920928955e-02 1.300466358661651611e-01
9.893334507942199707e-01 -9.944371879100799561e-02 1.064438223838806152e-01
9.906298518180847168e-01 -1.072633191943168640e-01 8.454034477472305298e-02
9.913735389709472656e-01 -1.141395643353462219e-01 6.442617624998092651e-02
9.917036890983581543e-01 -1.199885904788970947e-01 4.611351713538169861e-02
9.917482137680053711e-01 -1.247474178671836853e-01 2.955477312207221985e-02
9.916182756423950195e-01 -1.283680945634841919e-01 1.465853583067655563e-02
9.914063811302185059e-01 -1.308120787143707275e-01 1.304258825257420540e-03
9.911864399909973145e-01 -1.320460438728332520e-01 -1.064689271152019501e-02
9.910147786140441895e-01 -1.320386528968811035e-01 -2.134286984801292419e-02
9.909315109252929688e-01 -1.307586431503295898e-01 -3.093376010656356812e-02
9.909623265266418457e-01 -1.281729489564895630e-01 -3.956587985157966614e-02
9.911196827888488770e-01 -1.242459714412689209e-01 -4.737846925854682922e-02
9.914046525955200195e-01 -1.189400702714920044e-01 -5.449958518147468567e-02
9.918071031570434570e-01 -1.122154518961906433e-01 -6.104378029704093933e-02
9.923072457313537598e-01 -1.040313467383384705e-01 -6.710981577634811401e-02
9.928755760192871094e-01 -9.434649348258972168e-02 -7.277897745370864868e-02
9.934731721878051758e-01 -8.312280476093292236e-02 -7.811307907104492188e-02
9.940522909164428711e-01 -7.032517343759536743e-02 -8.315242081880569458e-02
9.945568442344665527e-01 -5.592483282089233398e-02 -8.791586756706237793e-02
9.949222803115844727e-01 -3.990237414836883545e-02 -9.239777177572250366e-02
9.950776696205139160e-01 -2.224812656641006470e-02 -9.656848758459091187e-02
9.949455261230468750e-01 -2.967355540022253990e-03 -1.003723517060279846e-01
9.944443702697753906e-01 1.791846193373203278e-02 -1.037263721227645874e-01
9.934903979301452637e-01 4.037163034081459045e-02 -1.065213233232498169e-01
9.919997453689575195e-01 6.433288753032684326e-02 -1.086178794503211975e-01
9.898903965950012207e-01 8.972375839948654175e-02 -1.098485514521598816e-01
9.870855212211608887e-01 1.164439618587493896e-01 -1.100141555070877075e-01
9.835144877433776855e-01 1.443737894296646118e-01 -1.088835373520851135e-01
9.791145920753479004e-01 1.733743697404861450e-01 -1.061883717775344849e-01
9.738309383392333984e-01 2.032894790172576904e-01 -1.016206070780754089e-01
9.676147699356079102e-01 2.339447438716888428e-01 -9.482437372207641602e-02
9.604175090789794922e-01 2.651550471782684326e-01 -8.538773655891418457e-02
9.521840214729309082e-01 2.967175841331481934e-01 -7.283026725053787231e-02
9.428375363349914551e-01 3.284133374691009521e-01 -5.658697709441184998e-02
9.322606325149536133e-01 3.599931597709655762e-01 -3.598775342106819153e-02
9.202619194984436035e-01 3.911690413951873779e-01 -1.023977156728506088e-02
9.065359234809875488e-01 4.215757846832275391e-01 2.159950695931911469e-02
8.905971646308898926e-01 4.507338106632232666e-01 6.062779575586318970e-02
8.717035651206970215e-01 4.779642522335052490e-01 1.080884486436843872e-01
8.487473726272583008e-01 5.022991299629211426e-01 1.652985066175460815e-01
8.201581835746765137e-01 5.223338007926940918e-01 2.334691435098648071e-01
7.838386893272399902e-01 5.361110568046569824e-01 3.133396506309509277e-01
7.372736334800720215e-01 5.410681366920471191e-01 4.045650064945220947e-01
6.779722571372985840e-01 5.342573523521423340e-01 5.048987865447998047e-01
6.043873429298400879e-01 5.130290985107421875e-01 6.095221042633056641e-01
5.171428322792053223e-01 4.762124717235565186e-01 7.111855745315551758e-01
4.198201000690460205e-01 4.252504706382751465e-01 8.018186092376708984e-01
3.184064924716949463e-01 3.643962144851684570e-01 8.751187324523925781e-01
2.193629592657089233e-01 2.995266616344451904e-01 9.285276532173156738e-01
1.276096701622009277e-01 2.363084107637405396e-01 9.632622003555297852e-01
4.556855559349060059e-02 1.789312660694122314e-01 9.828057289123535156e-01
-2.659436874091625214e-02 1.298460364341735840e-01 9.911774396896362305e-01
-9.020639210939407349e-02 9.014970809221267700e-02 9.918345212936401367e-01
-1.473590433597564697e-01 6.016460061073303223e-02 9.872514605522155762e-01
-2.004493176937103271e-01 3.991379588842391968e-02 9.788907170295715332e-01
-2.519609928131103516e-01 2.944172546267509460e-02 9.672893881797790527e-01
-3.043751120567321777e-01 2.901097200810909271e-02 9.521104097366333008e-01
-3.601453304290771484e-01 3.921598568558692932e-02 9.320716261863708496e-01
-4.215733110904693604e-01 6.100464239716529846e-02 9.047399163246154785e-01
-4.904734790325164795e-01 9.555811434984207153e-02 8.662011623382568359e-01
-5.673696398735046387e-01 1.438143104314804077e-01 8.108077049255371094e-01
-6.500844359397888184e-01 2.054883837699890137e-01 7.315496206283569336e-01
-7.320839762687683105e-01 2.773978710174560547e-01 6.221764087677001953e-01
-8.024190664291381836e-01 3.521949350833892822e-01 4.817492067813873291e-01
-8.497367501258850098e-01 4.195625782012939453e-01 3.192407786846160889e-01
-8.690019845962524414e-01 4.708295166492462158e-01 1.521678715944290161e-01
-8.642509579658508301e-01 5.030574798583984375e-01 -1.869721570983529091e-03
-8.445810079574584961e-01 5.187119841575622559e-01 -1.327434778213500977e-01
-8.186673521995544434e-01 5.224183201789855957e-01 -2.384591549634933472e-01
-7.922610640525817871e-01 5.184485912322998047e-01 -3.217659294605255127e-01
-7.683298587799072266e-01 5.098623037338256836e-01 -3.869232833385467529e-01
-7.480220794677734375e-01 4.985882043838500977e-01 -4.380327761173248291e-01
-7.315066456794738770e-01 4.857712388038635254e-01 -4.784604609012603760e-01
-7.184904217720031738e-01 4.720743000507354736e-01 -5.108007788658142090e-01
-7.085088491439819336e-01 4.578722715377807617e-01 -5.369991660118103027e-01
-7.010563015937805176e-01 4.433859288692474365e-01 -5.585060119628906250e-01
-6.956531405448913574e-01 4.287494122982025146e-01 -5.764032006263732910e-01
-6.918663382530212402e-01 4.140529334545135498e-01 -5.915074348449707031e-01
-6.893191933631896973e-01 3.993686735630035400e-01 -6.044366359710693359e-01
-6.876876950263977051e-01 3.847624659538269043e-01 -6.156651377677917480e-01
-6.866987943649291992e-01 3.702982664108276367e-01 -6.255589127540588379e-01
-6.861243247985839844e-01 3.560456931591033936e-01 -6.344012618064880371e-01
-6.857801079750061035e-01 3.420763313770294189e-01 -6.424091458320617676e-01
-6.855207085609436035e-01 3.284637928009033203e-01 -6.497483849525451660e-01
-6.852378845214843750e-01 3.152830302715301514e-01 -6.565406918525695801e-01
-6.848576664924621582e-01 3.026060163974761963e-01 -6.628721356391906738e-01
-6.843386292457580566e-01 2.904993891716003418e-01 -6.687980890274047852e-01
-6.836667656898498535e-01 2.790237367153167725e-01 -6.743480563163757324e-01
-6.828557252883911133e-01 2.682272195816040039e-01 -6.795308589935302734e-01
-6.819398999214172363e-01 2.581463158130645752e-01 -6.843379139900207520e-01
-6.809728741645812988e-01 2.488029003143310547e-01 -6.887474656105041504e-01
-6.800223588943481445e-01 2.402029931545257568e-01 -6.927280426025390625e-01
-6.791655421257019043e-01 2.323376834392547607e-01 -6.962422728538513184e-01
-6.784854531288146973e-01 2.251843512058258057e-01 -6.992492675781250000e-01
-6.780667901039123535e-01 2.187036573886871338e-01 -7.017080187797546387e-01
-6.779909729957580566e-01 2.128477990627288818e-01 -7.035794258117675781e-01
-6.783347725868225098e-01 2.075580507516860962e-01 -7.048273086547851562e-01
-6.791647672653198242e-01 2.027698606252670288e-01 -7.054215073585510254e-01
-6.805390715599060059e-01 1.984139382839202881e-01 -7.053356766700744629e-01
-6.825019121170043945e-01 1.944207996129989624e-01 -7.045508027076721191e-01
-6.850852966308593750e-01 1.907186359167098999e-01 -7.030537128448486328e-01
-6.883079409599304199e-01 1.872384697198867798e-01 -7.008380293846130371e-01
-6.921746730804443359e-01 1.839136332273483276e-01 -6.979038715362548828e-01
-6.966781020164489746e-01 1.806804984807968140e-01 -6.942580342292785645e-01
-7.017980813980102539e-01 1.774775981903076172e-01 -6.899138092994689941e-01
-7.075036168098449707e-01 1.742484569549560547e-01 -6.848913431167602539e-01
-7.137534618377685547e-01 1.709373891353607178e-01 -6.792175173759460449e-01
-7.204975485801696777e-01 1.674932539463043213e-01 -6.729258894920349121e-01
-7.276782989501953125e-01 1.638655513525009155e-01 -6.660573482513427734e-01
-7.352318167686462402e-01 1.600084453821182251e-01 -6.586588621139526367e-01
-7.430893778800964355e-01 1.558765023946762085e-01 -6.507846117019653320e-01
-7.511783242225646973e-01 1.514282077550888062e-01 -6.424955725669860840e-01
-7.594233155250549316e-01 1.466252505779266357e-01 -6.338590383529663086e-01
-7.677475214004516602e-01 1.414327919483184814e-01 -6.249483823776245117e-01
-7.760747075080871582e-01 1.358217597007751465e-01 -6.158413290977478027e-01
-7.843284606933593750e-01 1.297686398029327393e-01 -6.066209673881530762e-01
-7.924357056617736816e-01 1.232560202479362488e-01 -5.973721742630004883e-01
-8.003267645835876465e-01 1.162753775715827942e-01 -5.881812572479248047e-01
-8.079367876052856445e-01 1.088257059454917908e-01 -5.791330337524414062e-01
-8.152076601982116699e-01 1.009154841303825378e-01 -5.703092217445373535e-01
-8.220883011817932129e-01 9.256131947040557861e-02 -5.617857575416564941e-01
-8.285363316535949707e-01 8.378967642784118652e-02 -5.536305308341979980e-01
-8.345180749893188477e-01 7.463415712118148804e-02 -5.459021925926208496e-01
-8.400102257728576660e-01 6.513614207506179810e-02 -5.386465787887573242e-01
-8.449985980987548828e-01 5.534300580620765686e-02 -5.318970680236816406e-01
-8.494802117347717285e-01 4.530657082796096802e-02 -5.256716012954711914e-01
-8.534611463546752930e-01 3.508104011416435242e-02 -5.199744105339050293e-01
-8.569576740264892578e-01 2.472167089581489563e-02 -5.147935152053833008e-01
-8.599945902824401855e-01 1.428195834159851074e-02 -5.101032853126525879e-01
-8.626053333282470703e-01 3.812011331319808960e-03 -5.058631896972656250e-01
-8.648298382759094238e-01 -6.643970496952533722e-03 -5.020211338996887207e-01
-8.667146563529968262e-01 -1.704871095716953278e-02 -4.985126852989196777e-01
-8.683106899261474609e-01 -2.737443707883358002e-02 -4.952648282051086426e-01
-8.696714639663696289e-01 -3.760319575667381287e-02 -4.921967089176177979e-01
-8.708519935607910156e-01 -4.772768169641494751e-02 -4.892226457595825195e-01
-8.719071149826049805e-01 -5.775109305977821350e-02 -4.862538278102874756e-01
-8.728892207145690918e-01 -6.768766045570373535e-02 -4.832005798816680908e-01
-8.738470077514648438e-01 -7.756100594997406006e-02 -4.799746870994567871e-01
-8.748238086700439453e-01 -8.740310370922088623e-02 -4.764912426471710205e-01
-8.758562803268432617e-01 -9.725323319435119629e-02 -4.726706743240356445e-01
-8.769729137420654297e-01 -1.071560606360435486e-01 -4.684399962425231934e-01
-8.781942129135131836e-01 -1.171598136425018311e-01 -4.637331962585449219e-01
-8.795307874679565430e-01 -1.273145973682403564e-01 -4.584938287734985352e-01
-8.809844255447387695e-01 -1.376706212759017944e-01 -4.526734948158264160e-01
-8.825475573539733887e-01 -1.482770144939422607e-01 -4.462328255176544189e-01
-8.842037916183471680e-01 -1.591797322034835815e-01 -4.391417205333709717e-01
-8.859282732009887695e-01 -1.704213023185729980e-01 -4.313787221908569336e-01
-8.876888751983642578e-01 -1.820388883352279663e-01 -4.229306578636169434e-01
-8.894462585449218750e-01 -1.940646022558212280e-01 -4.137925505638122559e-01
-8.911554813385009766e-01 -2.065232098102569580e-01 -4.039678573608398438e-01
-8.927667140960693359e-01 -2.194326221942901611e-01 -3.934678733348846436e-01
-8.942265510559082031e-01 -2.328017055988311768e-01 -3.823116719722747803e-01
-8.954792022705078125e-01 -2.466305196285247803e-01 -3.705270886421203613e-01
-8.964683413505554199e-01 -2.609080672264099121e-01 -3.581501245498657227e-01
-8.971380591392517090e-01 -2.756120264530181885e-01 -3.452264666557312012e-01
-8.974359035491943359e-01 -2.907072603702545166e-01 -3.318102955818176270e-01
-8.973138928413391113e-01 -3.061465919017791748e-01 -3.179655671119689941e-01
-8.967313170433044434e-01 -3.218689560890197754e-01 -3.037653267383575439e-01
-8.956564068794250488e-01 -3.378020524978637695e-01 -2.892912626266479492e-01
-8.940688371658325195e-01 -3.538615107536315918e-01 -2.746322453022003174e-01
-8.919604420661926270e-01 -3.699550330638885498e-01 -2.598841190338134766e-01
-8.893372416496276855e-01 -3.859826028347015381e-01 -2.451461553573608398e-01
-8.862190246582031250e-01 -4.018407762050628662e-01 -2.305207401514053345e-01
-8.826398253440856934e-01 -4.174251258373260498e-01 -2.161093950271606445e-01
-8.786463737487792969e-01 -4.326334893703460693e-01 -2.020117193460464478e-01
-8.742977976799011230e-01 -4.473680257797241211e-01 -1.883220076560974121e-01
-8.696622252464294434e-01 -4.615382850170135498e-01 -1.751285046339035034e-01
-8.648160099983215332e-01 -4.750617742538452148e-01 -1.625106483697891235e-01
-8.598397374153137207e-01 -4.878664314746856689e-01 -1.505387723445892334e-01
-8.548170924186706543e-01 -4.998906850814819336e-01 -1.392729580402374268e-01
-8.498317599296569824e-01 -5.110831856727600098e-01 -1.287633180618286133e-01
-8.449652791023254395e-01 -5.214028358459472656e-01 -1.190495416522026062e-01
-8.402948379516601562e-01 -5.308190584182739258e-01 -1.101622283458709717e-01
-8.358929157257080078e-01 -5.393088459968566895e-01 -1.021227017045021057e-01
-8.318241834640502930e-01 -5.468581914901733398e-01 -9.494514018297195435e-02
-8.281461596488952637e-01 -5.534595847129821777e-01 -8.863635361194610596e-02
-8.249070644378662109e-01 -5.591122508049011230e-01 -8.319698274135589600e-02
-8.221470713615417480e-01 -5.638198256492614746e-01 -7.862244546413421631e-02
-8.198959827423095703e-01 -5.675914883613586426e-01 -7.490335404872894287e-02
-8.181751966476440430e-01 -5.704399347305297852e-01 -7.202548533678054810e-02
-8.169966340065002441e-01 -5.723815560340881348e-01 -6.997104734182357788e-02
-8.163634538650512695e-01 -5.734357833862304688e-01 -6.871759891510009766e-02
-8.162708282470703125e-01 -5.736247301101684570e-01 -6.823917478322982788e-02
-8.167058825492858887e-01 -5.729734897613525391e-01 -6.850499659776687622e-02
-8.176483511924743652e-01 -5.715100169181823730e-01 -6.947998702526092529e-02
-8.190718889236450195e-01 -5.692648887634277344e-01 -7.112428545951843262e-02
-8.209442496299743652e-01 -5.662719607353210449e-01 -7.339346408843994141e-02
-8.232283592224121094e-01 -5.625680685043334961e-01 -7.623782008886337280e-02
-8.258831501007080078e-01 -5.581936836242675781e-01 -7.960318773984909058e-02
-8.288644552230834961e-01 -5.531935691833496094e-01 -8.343059569597244263e-02
-8.321253657341003418e-01 -5.476164221763610840e-01 -8.765655755996704102e-02
-8.356183171272277832e-01 -5.415150523185729980e-01 -9.221404790878295898e-02
-8.392952680587768555e-01 -5.349467992782592773e-01 -9.703276306390762329e-02
-8.431084752082824707e-01 -5.279734730720520020e-01 -1.020395606756210327e-01
-8.470118045806884766e-01 -5.206609368324279785e-01 -1.071597933769226074e-01
-8.509613275527954102e-01 -5.130783915519714355e-01 -1.123180016875267029e-01
-8.549163937568664551e-01 -5.052981972694396973e-01 -1.174385398626327515e-01
-8.588395714759826660e-01 -4.973945319652557373e-01 -1.224470213055610657e-01
-8.626981973648071289e-01 -4.894424676895141602e-01 -1.272711604833602905e-01
-8.664635419845581055e-01 -4.815170168876647949e-01 -1.318416744470596313e-01
-8.701118826866149902e-01 -4.736917316913604736e-01 -1.360935717821121216e-01
-8.736237287521362305e-01 -4.660372734069824219e-01 -1.399670541286468506e-01
-8.769843578338623047e-01 -4.586202204227447510e-01 -1.434082090854644775e-01
-8.801829814910888672e-01 -4.515014588832855225e-01 -1.463705450296401978e-01
-8.832126855850219727e-01 -4.447352290153503418e-01 -1.488152146339416504e-01
-8.860694766044616699e-01 -4.383681416511535645e-01 -1.507121175527572632e-01
-8.887524604797363281e-01 -4.324380457401275635e-01 -1.520405709743499756e-01
-8.912626504898071289e-01 -4.269733428955078125e-01 -1.527893245220184326e-01
-8.936024308204650879e-01 -4.219936430454254150e-01 -1.529572904109954834e-01
-8.957757353782653809e-01 -4.175086021423339844e-01 -1.525528579950332642e-01
-8.977869153022766113e-01 -4.135187566280364990e-01 -1.515944600105285645e-01
-8.996409177780151367e-01 -4.100164473056793213e-01 -1.501092612743377686e-01
-9.013428688049316406e-01 -4.069862365722656250e-01 -1.481327414512634277e-01
-9.028983712196350098e-01 -4.044055342674255371e-01 -1.457075774669647217e-01
-9.043130874633789062e-01 -4.022463858127593994e-01 -1.428828388452529907e-01
-9.055932760238647461e-01 -4.004766643047332764e-01 -1.397116035223007202e-01
-9.067447185516357422e-01 -3.990611732006072998e-01 -1.362506151199340820e-01
-9.077739715576171875e-01 -3.979633748531341553e-01 -1.325580030679702759e-01
-9.086874723434448242e-01 -3.971465826034545898e-01 -1.286924630403518677e-01
-9.094914793968200684e-01 -3.965759575366973877e-01 -1.247104182839393616e-01
-9.101922512054443359e-01 -3.962191641330718994e-01 -1.206667572259902954e-01
-9.107954502105712891e-01 -3.960473239421844482e-01 -1.166114509105682373e-01
-9.113059639930725098e-01 -3.960364460945129395e-01 -1.125900596380233765e-01
-9.117282032966613770e-01 -3.961674869060516357e-01 -1.086419895291328430e-01
-9.120653271675109863e-01 -3.964262604713439941e-01 -1.047999486327171326e-01
-9.123197793960571289e-01 -3.968042135238647461e-01 -1.010896041989326477e-01
-9.124925732612609863e-01 -3.972976803779602051e-01 -9.752897918224334717e-02
-9.125837087631225586e-01 -3.979080021381378174e-01 -9.412836283445358276e-02
-9.125922918319702148e-01 -3.986404836177825928e-01 -9.089004993438720703e-02
-9.125163555145263672e-01 -3.995037972927093506e-01 -8.780942112207412720e-02
-9.123535156250000000e-01 -4.005087912082672119e-01 -8.487480133771896362e-02
-9.121007919311523438e-01 -4.016677737236022949e-01 -8.206845074892044067e-02
-9.117551445960998535e-01 -4.029928445816040039e-01 -7.936748117208480835e-02
-9.113146662712097168e-01 -4.044945538043975830e-01 -7.674512267112731934e-02
-9.107775092124938965e-01 -4.061807990074157715e-01 -7.417155057191848755e-02
-9.101441502571105957e-01 -4.080549478530883789e-01 -7.161549478769302368e-02
-9.094164371490478516e-01 -4.101152122020721436e-01 -6.904511898756027222e-02
-9.085990190505981445e-01 -4.123527407646179199e-01 -6.642929464578628540e-02
-9.076993465423583984e-01 -4.147522151470184326e-01 -6.373830139636993408e-02
-9.067277312278747559e-01 -4.172894954681396484e-01 -6.094546243548393250e-02
-9.056980013847351074e-01 -4.199333488941192627e-01 -5.802705883979797363e-02
-9.046275615692138672e-01 -4.226443171501159668e-01 -5.496278405189514160e-02
-9.035364985466003418e-01 -4.253763854503631592e-01 -5.173657089471817017e-02
-9.024480581283569336e-01 -4.280785918235778809e-01 -4.833558946847915649e-02
-9.013872146606445312e-01 -4.306952059268951416e-01 -4.475155472755432129e-02
-9.003803730010986328e-01 -4.331696927547454834e-01 -4.097888246178627014e-02
-8.994538784027099609e-01 -4.354452490806579590e-01 -3.701607882976531982e-02
-8.986329436302185059e-01 -4.374683797359466553e-01 -3.286430612206459045e-02
-8.979405760765075684e-01 -4.391911327838897705e-01 -2.852791175246238708e-02
-8.973958492279052734e-01 -4.405722916126251221e-01 -2.401424944400787354e-02
-8.970130681991577148e-01 -4.415808618068695068e-01 -1.933354139328002930e-02
-8.968012928962707520e-01 -4.421959221363067627e-01 -1.449895929545164108e-02
-8.967626690864562988e-01 -4.424092173576354980e-01 -9.526530280709266663e-03
-8.968931436538696289e-01 -4.422249197959899902e-01 -4.435293842107057571e-03
-8.971821069717407227e-01 -4.416603147983551025e-01 7.533348398283123970e-04
-8.976125121116638184e-01 -4.407442510128021240e-01 6.015531253069639206e-03
-8.981624841690063477e-01 -4.395177066326141357e-01 1.132592745125293732e-02
-8.988052010536193848e-01 -4.380316436290740967e-01 1.665827631950378418e-02
-8.995108604431152344e-01 -4.363447427749633789e-01 2.198606543242931366e-02
-9.002473950386047363e-01 -4.345230162143707275e-01 2.728345990180969238e-02
-9.009817838668823242e-01 -4.326359629631042480e-01 3.252638503909111023e-02
-9.016811847686767578e-01 -4.307554066181182861e-01 3.769250586628913879e-02
-9.023142457008361816e-01 -4.289528727531433105e-01 4.276235401630401611e-02
-9.028508663177490234e-01 -4.272975027561187744e-01 4.771892726421356201e-02
-9.032647013664245605e-01 -4.258542060852050781e-01 5.254761129617691040e-02
-9.035319089889526367e-01 -4.246812760829925537e-01 5.723638087511062622e-02
-9.036331176757812500e-01 -4.238290190696716309e-01 6.177430227398872375e-02
-9.035531878471374512e-01 -4.233383238315582275e-01 6.615245342254638672e-02
-9.032814502716064453e-01 -4.232394397258758545e-01 7.036215811967849731e-02
-9.028121232986450195e-01 -4.235511124134063721e-01 7.439600676298141479e-02
-9.021440744400024414e-01 -4.242801070213317871e-01 7.824629545211791992e-02
-9.012817144393920898e-01 -4.254205822944641113e-01 8.190586417913436890e-02
-9.002338647842407227e-01 -4.269557893276214600e-01 8.536797016859054565e-02
-8.990145325660705566e-01 -4.288569688796997070e-01 8.862601965665817261e-02
-8.976424336433410645e-01 -4.310848712921142578e-01 9.167348593473434448e-02
-8.961402177810668945e-01 -4.335915148258209229e-01 9.450507909059524536e-02
-8.945348262786865234e-01 -4.363209307193756104e-01 9.711534529924392700e-02
-8.928567767143249512e-01 -4.392112493515014648e-01 9.950029104948043823e-02
-8.911389112472534180e-01 -4.421961605548858643e-01 1.016564145684242249e-01
-8.894160389900207520e-01 -4.452076852321624756e-01 1.035817414522171021e-01
-8.877245783805847168e-01 -4.481767714023590088e-01 1.052747294306755066e-01
-8.861007094383239746e-01 -4.510356187820434570e-01 1.067355424165725708e-01
-8.845799565315246582e-01 -4.537201821804046631e-01 1.079645454883575439e-01
-8.831965923309326172e-01 -4.561695754528045654e-01 1.089635938405990601e-01
-8.819823861122131348e-01 -4.583289325237274170e-01 1.097345575690269470e-01
-8.809655308723449707e-01 -4.601500034332275391e-01 1.102803573012351990e-01
-8.801709413528442383e-01 -4.615907073020935059e-01 1.106035783886909485e-01
-8.796189427375793457e-01 -4.626169502735137939e-01 1.107081174850463867e-01
-8.793252706527709961e-01 -4.632011651992797852e-01 1.105969697237014771e-01
-8.793009519577026367e-01 -4.633240699768066406e-01 1.102752164006233215e-01
-8.795518875122070312e-01 -4.629730880260467529e-01 1.097472384572029114e-01
-8.800792098045349121e-01 -4.621424376964569092e-01 1.090189367532730103e-01
-8.808792829513549805e-01 -4.608326256275177002e-01 1.080968752503395081e-01
-8.819443583488464355e-01 -4.590507745742797852e-01 1.069889068603515625e-01
-8.832624554634094238e-01 -4.568085670471191406e-01 1.057035401463508606e-01
-8.848180174827575684e-01 -4.541243910789489746e-01 1.042509078979492188e-01
-8.865920305252075195e-01 -4.510203897953033447e-01 1.026415005326271057e-01
-8.885625600814819336e-01 -4.475246071815490723e-01 1.008876636624336243e-01
-8.907055854797363281e-01 -4.436688721179962158e-01 9.900227189064025879e-02
-8.929949402809143066e-01 -4.394895136356353760e-01 9.699950367212295532e-02
-8.954032063484191895e-01 -4.350263774394989014e-01 9.489490091800689697e-02
-8.979021310806274414e-01 -4.303226768970489502e-01 9.270528703927993774e-02
-9.004641771316528320e-01 -4.254207015037536621e-01 9.045258164405822754e-02
-9.030656218528747559e-01 -4.203433990478515625e-01 8.822675794363021851e-02
-9.057904481887817383e-01 -4.148914217948913574e-01 8.607518672943115234e-02
-9.089223146438598633e-01 -4.083248972892761230e-01 8.444512635469436646e-02
