2.416908745621900945e+00
2.647987560231484405e+00
2.875381356159997903e+00
3.096907833080673189e+00
3.310535331567630912e+00
3.514427565503988937e+00
3.706980390285623983e+00
3.886849747884310258e+00
4.052970442539339579e+00
4.204565825745251395e+00
4.341148809183411394e+00
4.462514888514315992e+00
4.568728058857783658e+00
4.660100641291498036e+00
4.737168126032736737e+00
4.800660183262803749e+00
4.851469008697828933e+00
4.890616160802502499e+00
4.919219001935806190e+00
4.938457769290730326e+00
4.949544176575028764e+00
4.953692297103188480e+00
4.952092317311291403e+00
4.945887583966836587e+00
4.936155203209581899e+00
4.923890296863813631e+00
4.909993897334550716e+00
4.895264372545095277e+00
4.880392206359070784e+00
4.865957902123291490e+00
4.852432720447393599e+00
4.840181913216354381e+00
4.829470086445689425e+00
4.820468320645533211e+00
4.813262691224402090e+00
4.807863850725591526e+00
4.804217354489741076e+00
4.802214432403466127e+00
4.801702928872011000e+00
4.802498147617067836e+00
4.804393352160639452e+00
4.807169694483333977e+00
4.810605370472418763e+00
4.814483819848407897e+00
4.818600795481941645e+00
4.822770131919956071e+00
4.826828061126060554e+00
4.830635965001345511e+00
4.834081520499400320e+00
4.837078278958911071e+00
4.839563817025635650e+00
4.841496690557702820e+00
4.842852503992055802e+00
4.843619464434595123e+00
4.843793812178951441e+00
4.843375504882328819e+00
4.842364486310841265e+00
4.840757798284620606e+00
4.838547702206220436e+00
4.835720875086413351e+00
4.832258648862483241e+00
4.828138184638902430e+00
4.823334422854458126e+00
4.817822622591017456e+00
4.811581285085178905e+00
4.804595237391120044e+00
4.796858634424085110e+00
4.788377633759496099e+00
4.779172518458175922e+00
4.769279090231574258e+00
4.758749220960823756e+00
4.747650523070129580e+00
4.736065168186748942e+00
4.724087944962279018e+00
4.711823700598055886e+00
4.699384353408812665e+00
4.686885691630608974e+00
4.674444187088044877e+00
4.662174052744961550e+00
4.650184757492032084e+00
4.638579176803443005e+00
4.627452508423824717e+00
4.616892026074796540e+00
4.606977685275427170e+00
4.597783535382432341e+00
4.589379836249096734e+00
4.581835733143890366e+00
4.575222312048028428e+00
4.569615838558500620e+00
4.565100976744828287e+00
4.561773788454862810e+00
4.559744329561461029e+00
4.559138689898262875e+00
4.560100363466681905e+00
4.562790871033041817e+00
4.567389578098124403e+00
4.574092659677865491e+00
4.583111168514321321e+00
4.594668172137109430e+00
4.608994939227957666e+00
4.626326177723000477e+00
4.646894356492499156e+00
4.670923178916489782e+00
4.698620317615585407e+00
4.730169561068453099e+00
4.765722563209683571e+00
4.805390427795796171e+00
4.849235400028084619e+00
4.897262971563691281e+00
4.949414720114108768e+00
5.005562194822418931e+00
5.065502128834752149e+00
5.128953223876941081e+00
5.195554718320110510e+00
5.264866920357744284e+00
5.336373851513118716e+00
5.409488088313247012e+00
5.483557802501727529e+00
5.557875888725980928e+00
5.631690956924460423e+00
5.704219882022115939e+00
5.774661554788085738e+00
5.842211450164234599e+00
5.906076603630174837e+00
5.965490557074342171e+00
6.019727816439238488e+00
6.068117376329619894e+00
6.110054923634082868e+00
6.145013421801841957e+00
6.172551877730724001e+00
6.192322191609695992e+00
6.204074082564433823e+00
6.207658161945595054e+00
6.203027281502508039e+00
6.190236313218879793e+00
6.169440526951501802e+00
6.140892726130509516e+00
6.104939281000643092e+00
6.062015164006383294e+00
6.012638050012094837e+00
5.957401507237765514e+00
5.896967282936918409e+00
5.832056682761746380e+00
5.763441049331440524e+00
5.691931357808143410e+00
5.618366964329011282e+00
5.543603575037354680e+00
5.468500557832216558e+00
5.393907792830250791e+00
5.320652333707640125e+00
5.249525211084407950e+00
5.181268741681391177e+00
5.116564713359456285e+00
5.056023798679240677e+00
5.000176511435181936e+00
4.949465967830811941e+00
4.904242653712301170e+00
4.864761336053394558e+00
4.831180191424913062e+00
4.803562154670764528e+00
4.781878416334425452e+00
4.766013920641408497e+00
4.755774644883583591e+00
4.750896386337646327e+00
4.751054752181049778e+00
4.755876038791114979e+00
4.764948687682446504e+00
4.777835007592144301e+00
4.794082857590763247e+00
4.813237001435992646e+00
4.834849872963811634e+00
4.858491533449356581e+00
4.883758645290035005e+00
4.910282323035022323e+00
4.937734751177494275e+00
4.965834483139222044e+00
4.994350360854472370e+00
5.023104015605647454e+00
5.051970921300457107e+00
5.080879969815631725e+00
5.109811532214772356e+00
5.138793972447325942e+00
5.167898602455542445e+00
5.197233112711771241e+00
5.226933574305573593e+00
5.257155177454284178e+00
5.288061937556045145e+00
5.319815658196616504e+00
5.352564489739892295e+00
5.386431464116381740e+00
5.421503421810855983e+00
5.457820772156645184e+00
5.495368534361288582e+00
5.534069082190169908e+00
5.573776951463210061e+00
5.614275971991074421e+00
5.655278872934176526e+00
5.696429399913154334e+00
5.737306879587469766e+00
5.777433074508306454e+00
5.816281093857825546e+00
5.853286071483628561e+00
5.887857292958756261e+00
5.919391444094672217e+00
5.947286657543286559e+00
5.970957043953539767e+00
5.989847403344649379e+00
6.003447817857948010e+00
6.011307827731172004e+00
6.013049887239272806e+00
6.008381784940361570e+00
5.997107693869581091e+00
5.979137499763557351e+00
5.954494049815340695e+00
5.923317979944058287e+00
5.885869821483988851e+00
5.842529159786550075e+00
5.793790710983071079e+00
5.740257289578544864e+00
5.682629751739508350e+00
5.621694111943384975e+00
5.558306138999077106e+00
5.493373836479681138e+00
5.427838296767198756e+00
5.362653481857379667e+00
5.298765525052586689e+00
5.237092164195828126e+00
5.178502908566231966e+00
5.123800511410792957e+00
5.073704272878354793e+00
5.028835633057209265e+00
4.989706430721393637e+00
4.956710107808427246e+00
4.930116043758951960e+00
4.910067111261970041e+00
4.896580451641229459e+00
4.889551369667333169e+00
4.888760144440420063e+00
4.893881452920894048e+00
4.904496019291389786e+00
4.920104049660376511e+00
4.940139992147581260e+00
4.963988168784549515e+00
4.990998841438158529e+00
5.020504287784387287e+00
5.051834478818165053e+00
5.084331977860789387e+00
5.117365726026668504e+00
5.150343433979044150e+00
5.182722357257091517e+00
5.214018287530144846e+00
5.243812640924261359e+00
5.271757569164929436e+00
5.297579067937267183e+00
5.321078112485508882e+00
5.342129905100862608e+00
5.360681363006148281e+00
5.376747005342481955e+00
5.390403417470866820e+00
5.401782484449262789e+00
5.411063598842654976e+00
5.418465065338879505e+00
5.424234944479626286e+00
5.428641591433841285e+00
5.431964143401833311e+00
5.434483189615200160e+00
5.436471832214718525e+00
5.438187330461554225e+00
5.439863520546678544e+00
5.441704208840011603e+00
5.443877732280697046e+00
5.446512857174956146e+00
5.449696147706339033e+00
5.453470883656597046e+00
5.457837549786178855e+00
5.462755860980562872e+00
5.468148226561016401e+00
5.473904492271838507e+00
5.479887734814496980e+00
5.485940833582527709e+00
5.491893517315827644e+00
5.497569581827630003e+00
5.502793992900810949e+00
5.507399614023317902e+00
5.511233322396874357e+00
5.514161300775350938e+00
5.516073327085067035e+00
5.516885932571947926e+00
5.516544353948080293e+00
5.515023252574905221e+00
5.512326209718409586e+00
5.508484039204579297e+00
5.503551998920225508e+00
5.497606035228261412e+00
5.490738254783152250e+00
5.483051876689340354e+00
5.474655962158809785e+00
5.465660235263463562e+00
5.456170287875958813e+00
5.446283404402333161e+00
5.436085157292207981e+00
5.425646831942920301e+00
5.415023661467697202e+00
5.404253800549774667e+00
5.393357944966290063e+00
5.382339507924926103e+00
5.371185292747749251e+00
5.359866642213185983e+00
5.348341078363753276e+00
5.336554455555124754e+00
5.324443630390072180e+00
5.311939614389693531e+00
5.298971131965155124e+00
5.285468469226090704e+00
5.271367477249221167e+00
5.256613588104372958e+00
5.241165706277831404e+00
5.224999845695379008e+00
5.208112395126588190e+00
5.190522916776258100e+00
5.172276410990249929e+00
5.153445004053326173e+00
5.134129029005025657e+00
5.114457473783032171e+00
5.094587776757387054e+00
5.074704964121194983e+00
5.055020142718664289e+00
5.035768375767487370e+00
5.017205974327546336e+00
4.999607240460250068e+00
4.983260704284421472e+00
4.968464902787122384e+00
4.955523746339082436e+00
4.944741512470083755e+00
4.936417508992530401e+00
4.930840469895668932e+00
4.928282783879557982e+00
4.928994692003089817e+00
4.933198611188402971e+00
4.941083737621244865e+00
4.952801066813301567e+00
4.968458950728581236e+00
4.988119305427782813e+00
5.011794581967335738e+00
5.039445610610500559e+00
5.070980417234502546e+00
5.106254088151912285e+00
5.145069726156669354e+00
5.187180499585147153e+00
5.232292740076501580e+00
5.280069995806868199e+00
5.330137902772637659e+00
5.382089710733428234e+00
5.435492301369644785e+00
5.489892558195616168e+00
5.544823975631646640e+00
5.599813416516128406e+00
5.654387939549868847e+00
5.708081620515483401e+00
5.760442283677951636e+00
5.811038046427967174e+00
5.859463568548723522e+00
5.905345890867273795e+00
5.948349743826714331e+00
5.988182204048162482e+00
6.024596581800635064e+00
6.057395440752383564e+00
6.086432683536463273e+00
6.111614674962290827e+00
6.132900409578223133e+00
6.150300758028909520e+00
6.163876850193442003e+00
6.173737676041838540e+00
6.180037007235823054e+00
6.182969759107294294e+00
6.182767918192352496e+00
6.179696154104258987e+00
6.174047220420075810e+00
6.166137229468896308e+00
6.156300856192499005e+00
6.144886484138027072e+00
6.132251263194018698e+00
6.118756025808384180e+00
6.104760019698164619e+00
6.090615453573491322e+00
6.076661901774448538e+00
6.063220662738389777e+00
6.050589207801008840e+00
6.039035884281558353e+00
6.028795047885652458e+00
6.020062797199913440e+00
6.012993470484321534e+00
6.007697043558266614e+00
6.004237539263185930e+00
6.002632527058229250e+00
6.002853759945761425e+00
6.004828967788529148e+00
6.008444799550192172e+00
6.013550876120231869e+00
6.019964871777403914e+00
6.027478480458818844e+00
6.035864048918977431e+00
6.044881592963137429e+00
6.054285879267838233e+00
6.063833264838475401e+00
6.073288030072228061e+00
6.082428001345403956e+00
6.091049321284463858e+00
6.098970283829875605e+00
6.106034205379947899e+00
6.112111351431695816e+00
6.117099977181151615e+00
6.120926565956974486e+00
6.123545358409047346e+00
6.124937262877224065e+00
6.125108235747719121e+00
6.124087227843806325e+00
6.121923803601255543e+00
6.118685544371377460e+00
6.114455343024878253e+00
6.109328684830883205e+00
6.103410988009345672e+00
6.096815047445074853e+00
6.089658593933631181e+00
6.082061956705502759e+00
6.074145802216612822e+00
6.066028918911685608e+00
6.057826027401979729e+00
6.049645616643269719e+00
6.041587833985014200e+00
6.033742484418580965e+00
6.026187216547161718e+00
6.018985985483177537e+00
6.012187884704851548e+00
6.005826430310166053e+00
5.999919360931772694e+00
5.994468984065974837e+00
5.989463061095432472e+00
5.984876190641728932e+00
5.980671628222372860e+00
5.976803463848048281e+00
5.973219062166085891e+00
5.969861653255335909e+00
5.966672950377608586e+00
5.963595666675744589e+00
5.960575809271348113e+00
5.957564649996742290e+00
5.954520304982466428e+00
5.951408891256075862e+00
5.948205259271755807e+00
5.944893325939673900e+00
5.941466057627545538e+00
5.937925176714421660e+00
5.934280680792181073e+00
5.930550260223053094e+00
5.926758673430015278e+00
5.922937095717682787e+00
5.919122408823052517e+00
5.915356360186557971e+00
5.911684509123195319e+00
5.908154901225439737e+00
5.904816466003742548e+00
5.901717194024500124e+00
5.898902196676027110e+00
5.896411776044153008e+00
5.894279636313356718e+00
5.892531353688966078e+00
5.891183192243087063e+00
5.890241319230859141e+00
5.889701448526182936e+00
5.889548927334240069e+00
5.889759269608147996e+00
5.890299119729933253e+00
5.891127601173069550e+00
5.892197975633362006e+00
5.893459520990291800e+00
5.894859538306352675e+00
5.896345413987267747e+00
5.897866682002674388e+00
5.899377045053410207e+00
5.900836320739327512e+00
5.902212279075286006e+00
5.903482332936127008e+00
5.904635038355939614e+00
5.905671360650449842e+00
5.906605661968233001e+00
5.907466361537916377e+00
5.908296212318657759e+00
5.909152131384780127e+00
5.910104522007356032e+00
5.911236040192648922e+00
5.912639790247996352e+00
5.914416975568066448e+00
5.916674069805908154e+00
5.919519602572763439e+00
5.923060673922791786e+00
5.927399325500014804e+00
5.932628900141172501e+00
5.938830512532232930e+00
5.946069736067909339e+00
5.954393593329618817e+00
5.963827920456341580e+00
5.974375156120713903e+00
5.986012586801416901e+00
5.998691069342592996e+00
6.012334252194095008e+00
6.026838323257527108e+00
6.042072318878845216e+00
6.057879032014490406e+00
6.074076556634468993e+00
6.090460501911017843e+00
6.106806906613869934e+00
6.122875877131632727e+00
6.138415951035437246e+00
6.153169146404902534e+00
6.166876599997780595e+00
6.179284637519836920e+00
6.190151072221517836e+00
6.199251502080988629e+00
6.206385366452860985e+00
6.211381522880640382e+00
6.214103115153291945e+00
6.214451531472722223e+00
6.212369298347018898e+00
6.207841814395320235e+00
6.200897888469120822e+00
6.191609101832981743e+00
6.180088061700857338e+00
6.166485649603959729e+00
6.150987389941893646e+00
6.133809075092118590e+00
6.115191791865320248e+00
6.095396504558340034e+00
6.074698359732065178e+00
6.053380880735010905e+00
6.031730211890536708e+00
6.010029556472925805e+00
5.988553937433846563e+00
5.967565398523437814e+00
5.947308750573186309e+00
5.928007949367560592e+00
5.909863171657410597e+00
5.893048638029758202e+00
5.877711213102659649e+00
5.863969792950478599e+00
5.851915468113635832e+00
5.841612426112599010e+00
5.833099525657090112e+00
5.826392437960764781e+00
5.821486218502709420e+00
5.818358153868195437e+00
5.816970724689735306e+00
5.817274532766609774e+00
5.819211052499686510e+00
5.822715081904413559e+00
5.827716788514996971e+00
5.834143273847746336e+00
5.841919619462601965e+00
5.850969424488836168e+00
5.861214886069424423e+00
5.872576497990495525e+00
5.884972447900375769e+00
5.898317788974018150e+00
5.912523456460803573e+00
5.927495196898544094e+00
5.943132477363040955e+00
5.959327441828979666e+00
5.975963980431437506e+00
5.992916976141146712e+00
6.010051794152809990e+00
6.027224082857517651e+00
6.044279958544436226e+00
6.061056642710546782e+00
6.077383606484762169e+00
6.093084252130489986e+00
6.107978131600361849e+00
6.121883670382985976e+00
6.134621331593257842e+00
6.146017118743612784e+00
6.155906276669081301e+00
6.164137016017070536e+00
6.170574070247218046e+00
6.175101905159380955e+00
6.177627439414987265e+00
6.178082189443154348e+00
6.176423807033308400e+00
6.172637019549219950e+00
6.166734007619519176e+00
6.158754267632065016e+00
6.148764011954631847e+00
6.136855162071331193e+00
6.123143989640272622e+00
6.107769457013342951e+00
6.090891302098543569e+00
6.072687903792778563e+00
6.053353953413524557e+00
6.033097945113753191e+00
6.012139490028356015e+00
5.990706462118690290e+00
5.969031997612614937e+00
5.947351386739893719e+00
5.925898910919876528e+00
5.904904689232776782e+00
5.884591599752472035e+00
5.865172327450853373e+00
5.846846564811261082e+00
5.829798369899561905e+00
5.814193682005800667e+00
5.800178003496108126e+00
5.787874264975417127e+00
5.777380893586294697e+00
5.768770108817313336e+00
5.762086486789089079e+00
5.757345863430232136e+00
5.754534677714334023e+00
5.753609870229903223e+00
5.754499437157328146e+00
5.757103698530149138e+00
5.761297289477487205e+00
5.766931840085978145e+00
5.773839278383316120e+00
5.781835667833000514e+00
5.790725471004575020e+00
5.800306113882331971e+00
5.810372711235857857e+00
5.820722800253149032e+00
5.831160914679447416e+00
5.841502819643688227e+00
5.851579229710554664e+00
5.861238859018720326e+00
5.870350702430356726e+00
5.878805509615884439e+00
5.886516474403561183e+00
5.893419207597355047e+00
5.899471089219761488e+00
5.904650109020218807e+00
5.908953307557008650e+00
5.912394928178347442e+00
5.915004383285563883e+00
5.916824124450070777e+00
5.917907486518813265e+00
5.918316557912237208e+00
5.918120119358457387e+00
5.917391690292781448e+00
5.916207719859206016e+00
5.914645953015960522e+00
5.912783992178368031e+00
5.910698066125926964e+00
5.908462014284087793e+00
5.906146494107188616e+00
5.903818417060540114e+00
5.901540610395788811e+00
5.899371685380298658e+00
5.897366068359275459e+00
5.895574123174705861e+00
5.894042270986854959e+00
5.892813008323066093e+00
5.891924742508852120e+00
5.891411400036919765e+00
5.891301807785784383e+00
5.891618893612484698e+00
5.892378797232487919e+00
5.893590015874519139e+00
5.895252723994647504e+00
5.897358400732199080e+00
5.899889874904561182e+00
5.902821857936689121e+00
5.906121985727375012e+00
5.909752339339339855e+00
5.913671366921956718e+00
5.917836084702726041e+00
5.922204392543379825e+00
5.926737306621827628e+00
5.931400901194563424e+00
5.936167772658101249e+00
5.941017890317882966e+00
5.945938763204902777e+00
5.950924909670805008e+00
5.955976656513774614e+00
5.961098323293216872e+00
5.966295875117661573e+00
5.971574154396258827e+00
5.976933821678798608e+00
5.982368142430101621e+00
5.987859752554583359e+00
5.993377526764811059e+00
5.998873664396766614e+00
6.004281097811408507e+00
6.009511318642935862e+00
6.014452706042986208e+00
6.018969429467590615e+00
6.022900990108003505e+00
6.026062462026541056e+00
6.028245492393758731e+00
6.029220112646161311e+00
6.028737396173942997e+00
6.026532978289516507e+00
6.022331438249846514e+00
6.015851532398325041e+00
6.006812253865950524e+00
5.994939666966463854e+00
5.979974421081522884e+00
5.961679797397605896e+00
5.939850092635726497e+00
5.914319104051562803e+00
5.884968453722922099e+00
5.851735477436568189e+00
5.814620398154206171e+00
5.773692499379127874e+00
5.729095010880772776e+00
5.681048426401442697e+00
5.629851997304689881e+00
5.575883188566343129e+00
5.519594940535417216e+00
5.461510647566472088e+00
5.402216840444054036e+00
5.342353642598544283e+00
5.282603160215428417e+00
5.223676060203860771e+00
5.166296679347445853e+00
5.111187083542776399e+00
5.059050552343147267e+00
5.010554999982271163e+00
4.966316860366106312e+00
4.926885960129336439e+00
4.892731880888677054e+00
4.864232270475510767e+00
4.841663502226320581e+00
4.825193998191612543e+00
4.814880427247807404e+00
4.810666869906139453e+00
4.812386917979390333e+00
4.819768559527576102e+00
4.832441598305456054e+00
4.849947278970242692e+00
4.871749734764740936e+00
4.897248842576558125e+00
4.925794063001374568e+00
4.956698858686900522e+00
4.989255313931545643e+00
5.022748611414849407e+00
5.056471051713264053e+00
5.089735327966137923e+00
5.121886796525087604e+00
5.152314520490794081e+00
5.180460909034261263e+00
5.205829826922460768e+00
5.227993096585345612e+00
5.246595353199273504e+00
5.261357242900002618e+00
5.272076980133447499e+00
5.278630306627759339e+00
5.280968925150365756e+00
5.279117516216720318e+00
5.273169479748151645e+00
5.263281570306710400e+00
5.249667613091714813e+00
5.232591501037444637e+00
5.212359681349055585e+00
5.189313338372784301e+00
5.163820465445836838e+00
5.136267993716232994e+00
5.107054116212515815e+00
5.076580915660440674e+00
5.045247379285702216e+00
5.013442865845362917e+00
4.981541080779912534e+00
4.949894616613858211e+00
4.918830125135802867e+00
4.888644196182079682e+00
4.859600018888721173e+00
4.831924897951018316e+00
4.805808691889322581e+00
4.781403226370507298e+00
4.758822706676295589e+00
4.738145112141866733e+00
4.719414510567653487e+00
4.702644188321298380e+00
4.687820454681878246e+00
4.674906950588948895e+00
4.663849276677142441e+00
4.654579753698659061e+00
4.647022136495045253e+00
4.641096117643868091e+00
4.636721478477420888e+00
4.633821772538134987e+00
4.632327456056135162e+00
4.632178406916157343e+00
4.633325794835066347e+00
4.635733281189120092e+00
4.639377538360982101e+00
4.644248084947425248e+00
4.650346433646718403e+00
4.657684546687168137e+00
4.666282597268138765e+00
4.676166051326213768e+00
4.687362113479395909e+00
4.699895620825673248e+00
4.713784510784792658e+00
4.729035023575529628e+00
4.745636817771066163e+00
4.763558181043068274e+00
4.782741520938476931e+00
4.803099333246936276e+00
4.824510864394557785e+00
4.846819694207097129e+00
4.869832454005955213e+00
4.893318861921275520e+00
4.917013210870189610e+00
4.940617391963453287e+00
4.963805477973522784e+00
4.986229827771033740e+00
5.007528607843876323e+00
5.027334566356705281e+00
5.045284839827016476e+00
5.061031522999575927e+00
5.074252691393908776e+00
5.084663533242229860e+00
5.092027219639634339e+00
5.096165117480188300e+00
5.096965933464262299e+00
5.094393377572551174e+00
5.088491960464772035e+00
5.079390596085372245e+00
5.067303763749793077e+00
5.052530083426948870e+00
5.035448266817661001e+00
5.016510522215814838e+00
4.996233609946506782e+00
4.975187858559429799e+00
4.953984544194588224e+00
4.933262093445322627e+00
4.913671592669043520e+00
4.895862082136460458e+00
4.880466089789453399e+00
4.868085820284012932e+00
4.859280359561887863e+00
4.854554183202702156e+00
4.854347174830090594e+00
4.859026279285336258e+00
4.868878840029639221e+00
4.884107603699578526e+00
4.904827323399445049e+00
4.931062865367985104e+00
4.962748723856394761e+00
4.999729868595667703e+00
5.041763874402396262e+00
5.088524301910400283e+00
5.139605307944061785e+00
5.194527464685299911e+00
5.252744760610280395e+00
5.313652744941068207e+00
5.376597762215747700e+00
5.440887203843679742e+00
5.505800675822541734e+00
5.570601941780310540e+00
5.634551447046575845e+00
5.696919167777797277e+00
5.756997470617339019e+00
5.814113629317438914e+00
5.867641642092680243e+00
5.917013033598162330e+00
5.961726396433315145e+00
6.001355504721196610e+00
6.035555893786850312e+00
6.064069835023429889e+00
6.086729649131971343e+00
6.103459308693631513e+00
6.114274296055842939e+00
6.119279710178690657e+00
6.118666651463149364e+00
6.112706946789193019e+00
6.101746304233288676e+00
6.086196015064279763e+00
6.066523359825019668e+00
6.043240929742930589e+00
6.016895140064046466e+00
5.988054278357460625e+00
5.957296486461523877e+00
5.925198108527247598e+00
5.892322842020683460e+00
5.859212099890966030e+00
5.826376930543245791e+00
5.794291752188115652e+00
5.763390046540027178e+00
5.734062032048860225e+00
5.706654210510835767e+00
5.681470567552026729e+00
5.658775119488145933e+00
5.638795441967050515e+00
5.621726787613435583e+00
5.607736395416946351e+00
5.596967611000559728e+00
5.589543473236820326e+00
5.585569475742159895e+00
5.585135276931721293e+00
5.588315206898367471e+00
5.595167502431031892e+00
5.605732292057724386e+00
5.620028448912896657e+00
5.638049523505435978e+00
5.659759047158354761e+00
5.685085545632066584e+00
5.713917616350098427e+00
5.746099408726131230e+00
5.781426818983883109e+00
5.819644680803286008e+00
5.860445204674797459e+00
5.903467885260549330e+00
5.948301046024688787e+00
5.994485117674762442e+00
6.041517657934044827e+00
6.088860031201446255e+00
6.135945591023355128e+00
6.182189145342876557e+00
6.226997423500335138e+00
6.269780201175560563e+00
6.309961689538641672e+00
6.346991779099956155e+00
6.380356753199135866e+00
6.409589139172632066e+00
6.434276432357064479e+00
6.454068498599171200e+00
6.468683526682810658e+00
6.477912458876775581e+00
6.481621876079637801e+00
6.479755354512137799e+00
6.472333343604647737e+00
6.459451641745229900e+00
6.441278569481784011e+00
6.418050954822699161e+00
6.390069046695082022e+00
6.357690460682260181e+00
6.321323244882070647e+00
6.281418146874941044e+00
6.238460176018624459e+00
6.192959589706066303e+00
6.145442481151489389e+00
6.096441202163193296e+00
6.046484909956791221e+00
5.996090569128153192e+00
5.945754749508885162e+00
5.895946527076022292e+00
5.847101726434368096e+00
5.799618658427927009e+00
5.753855419887691447e+00
5.710128740834061745e+00
5.668714290532729017e+00
5.629848289194440802e+00
5.593730216967983893e+00
5.560526369182563933e+00
5.530373982937434540e+00
5.503385656555019878e+00
5.479653794117304244e+00
5.459254826610830946e+00
5.442252986316248986e+00
5.428703438590910757e+00
5.418654603537618186e+00
5.412149533786786648e+00
5.409226258946054244e+00
5.409917058255381939e+00
5.414246669038300652e+00
5.422229474066925015e+00
5.433865744320914182e+00
5.449137056857995987e+00
5.468001061122617301e+00
5.490385820251696636e+00
5.516183996315433546e+00
5.545247175341495804e+00
5.577380639680952434e+00
5.612338895617483558e+00
5.649822256839764023e+00
5.689474768886345402e+00
5.730883731776766687e+00
5.773581033194571610e+00
5.817046439339201847e+00
5.860712904352952002e+00
5.903973856626815397e+00
5.946192310074041920e+00
5.986711539929187254e+00
6.024866965630267579e+00
6.059998811382320660e+00
6.091465081637669421e+00
6.118654398219634416e+00
6.140998289593836645e+00
6.157982584715361085e+00
6.169157629019251132e+00
6.174147100861529402e+00
6.172655262926989295e+00
6.164472539369286963e+00
6.149479369795276540e+00
6.127648351140796201e+00
6.099044725425368796e+00
6.063825298369177830e+00
6.022235887240461771e+00
5.974607405188577580e+00
5.921350695484956184e+00
5.862950232458815414e+00
5.799956810383777750e+00
5.732979349403100500e+00
5.662675956506872055e+00
5.589744387638313050e+00
5.514912061900306917e+00
5.438925774807254143e+00
5.362541242379416317e+00
5.286512590750581886e+00
5.211581900323308147e+00
5.138468923764564877e+00
5.067861117520757297e+00
5.000404149673613574e+00
4.936693066726837387e+00
4.877264311140348418e+00
4.822588774526646027e+00
4.773066048644179382e+00
4.729020002006208756e+00
4.690695768321724302e+00
4.658258186704139270e+00
4.631791684152198663e+00
4.611301541792980352e+00
4.596716446581101678e+00
4.587892208899933877e+00
4.584616522721039367e+00
4.586614645331311024e+00
4.593555865459872045e+00
4.605060611040567409e+00
4.620708028381940835e+00
4.640043851567847710e+00
4.662588382479144755e+00
4.687844423270165706e+00
4.715305039754007055e+00
4.744461071105759764e+00
4.774808326180448148e+00
4.805854419874881600e+00
4.837125211775423317e+00
4.868170814494110488e+00
4.898571131044943350e+00
4.927940851155271140e+00
4.955933790250461435e+00
4.982246409093990636e+00
5.006620327679337734e+00
5.028843658190135457e+00
5.048751027577881523e+00
5.066222226653817273e+00
5.081179494951370224e+00
5.093583519957770811e+00
5.103428290388350774e+00
5.110734993846150154e+00
5.115545190236103323e+00
5.117913524928156654e+00
5.117900269724381168e+00
5.115563992332512910e+00
5.110954650760779927e+00
5.104107384366232125e+00
5.095037232614425093e+00
5.083734965975724940e+00
5.070164166685633411e+00
5.054259647602802552e+00
5.035927242395387360e+00
5.015044947578957135e+00
4.991465360202569812e+00
4.965019338584228059e+00
4.935520808622621658e+00
4.902772634039543220e+00
4.866573459865022322e+00
4.826725421913098835e+00
4.783042590807140115e+00
4.735359991170233762e+00
4.683543007946934011e+00
4.627496960247055036e+00
4.567176586079937373e+00
4.502595141939814916e+00
4.433832785963314649e+00
4.361043889780329863e+00
4.284462920070105874e+00
4.204408549281274610e+00
4.121285691743385549e+00
4.035585211845385878e+00
3.947881114692934901e+00
3.858825108030045303e+00
3.769138518174507180e+00
3.679601651179123856e+00
3.591040808402937934e+00
3.504313285589614857e+00
3.420290796664258615e+00
3.339841854348457151e+00
3.263813696735082370e+00
3.193014368294318839e+00
3.128195550890856769e+00
3.070036703629521302e+00
3.019131015756108649e+00
2.975973608266898385e+00
2.940952340360539985e+00
2.914341486190821229e+00
2.896298440854901290e+00
2.886863491237629198e+00
2.885962559583568510e+00
2.893412715476757491e+00
2.908930166016276520e+00
2.932140369629367971e+00
2.962589866502385316e+00
2.999759374281859348e+00
3.043077665024962908e+00
3.091935727337118855e+00
3.145700736085093929e+00
3.203729401294773460e+00
3.265380334805829232e+00
3.330025144485868616e+00
3.397058039351031233e+00
3.465903808194084501e+00
3.536024116323200683e+00
3.606922141027866235e+00
3.678145629464516730e+00
3.749288509483980736e+00
3.819991212811717052e+00
3.889939881809192812e+00
3.958864630196248235e+00
4.026537019807084228e+00
4.092766904083951829e+00
4.157398780757539214e+00
4.220307799617094346e+00
4.281395590145905317e+00
4.340586097701177870e+00
4.397821625153258474e+00
4.453059256715080849e+00
4.506267798826139703e+00
4.557425326164458390e+00
4.606517379852885341e+00
4.653535829074288976e+00
4.698478368892776480e+00
4.741348580311743000e+00
4.782156428947200943e+00
4.820919040378451648e+00
4.857661572850040521e+00
4.892418012063912691e+00
4.925231736747908151e+00
4.956155743829199878e+00
4.985252467752419925e+00
5.012593169477079336e+00
5.038256906709960070e+00
5.062329131589957676e+00
5.084899991822116050e+00
5.106062427929060732e+00
5.125910160713186947e+00
5.144535655915182915e+00
5.162028144708626698e+00
5.178471770996920576e+00
5.193943928494782369e+00
5.208513840206695278e+00
5.222241417958504606e+00
5.235176422991849599e+00
5.247357937570661157e+00
5.258814154430563548e+00
5.269562490409370525e+00
5.279610026472920659e+00
5.288954268270553705e+00
5.297584216432974280e+00
5.305481740617303821e+00
5.312623260737747266e+00
5.318981738195302178e+00
5.324528959136789474e+00
5.329238054648425482e+00
5.333086163569973337e+00
5.336057116921735677e+00
5.338144016255469637e+00
5.339351591058820290e+00
5.339698246853110675e+00
5.339217746739479686e+00
5.337960494574756964e+00
5.335994400956309391e+00
5.333405315207047082e+00
5.330297005064930538e+00
5.326790666770755855e+00
5.323023953005072251e+00
5.319149514309848392e+00
5.315333060801306964e+00
5.311750963618296240e+00
5.308587427848961759e+00
5.306031279388883526e+00
5.304272416611896190e+00
5.303497985336418807e+00
5.303888346180638536e+00
5.305612919664225657e+00
5.308826014829177709e+00
5.313662766802029758e+00
5.320235322561019053e+00
5.328629420253490068e+00
5.338901506020634180e+00
5.351076521553800980e+00
5.365146471779198123e+00
5.381069846493192976e+00
5.398771930974065825e+00
5.418146006301953754e+00
5.439055410149369330e+00
5.461336397182747326e+00
5.484801701695602993e+00
5.509244670198858884e+00
5.534443810457691626e+00
5.560167600173478775e+00
5.586179405737854431e+00
5.612242370098776689e+00
5.638124134532188414e+00
5.663601260612322719e+00
5.688463218860112747e+00
5.712515819280669760e+00
5.735583985303014387e+00
5.757513815535094004e+00
5.778173928413331772e+00
5.797456132449771538e+00
5.815275499611428422e+00
5.831569937468070286e+00
5.846299361003241657e+00
5.859444562989059690e+00
5.871005874967356597e+00
5.881001700683366806e+00
5.889466992932478995e+00
5.896451733444723509e+00
5.902019459112151090e+00
5.906245853917794442e+00
5.909217401351888554e+00
5.911030077391226101e+00
5.911788060467726424e+00
5.911602436041420994e+00
5.910589878210630310e+00
5.908871302782518597e+00
5.906570502303445380e+00
5.903812784828766702e+00
5.900723642532609503e+00
5.897427477902804860e+00
5.894046412158454373e+00
5.890699184923355425e+00
5.887500127380091541e+00
5.884558166101108156e+00
5.881975803462762720e+00
5.879848026041313069e+00
5.878261111039682518e+00
5.877291325913911457e+00
5.877003541591190761e+00
5.877449802021014413e+00
5.878667911880951280e+00
5.880680119336102685e+00
5.883491980048527914e+00
5.887091491257052667e+00
5.891448581808700347e+00
5.896515035414402917e+00
5.902224906697846940e+00
5.908495461219920308e+00
5.915228636105524629e+00
5.922312984898703725e+00
5.929626046058298350e+00
5.937037062239258312e+00
5.944409971688474847e+00
5.951606583106920922e+00
5.958489827639174230e+00
5.964926964375490748e+00
5.970792609964995279e+00
5.975971473718856508e+00
5.980360704700096619e+00
5.983871789013520903e+00
5.986431964081705637e+00
5.987985136723784407e+00
5.988492305970990692e+00
5.987931506661905878e+00
5.986297310370892966e+00
5.983599944404272009e+00
5.979864109830225871e+00
5.975127586606715724e+00
5.969439704678418224e+00
5.962859739870711273e+00
5.955455270610275242e+00
5.947300512536882522e+00
5.938474638320837329e+00
5.929060090520748005e+00
5.919140901128639776e+00
5.908801037902772002e+00
5.898122805083104048e+00
5.887185336113656575e+00
5.876063225916585253e+00
5.864825354236338661e+00
5.853533946667296206e+00
5.842243910220132008e+00
5.831002472443850060e+00
5.819849148346111889e+00
5.808816051676982894e+00
5.797928550612410525e+00
5.787206241654289762e+00
5.776664182878501919e+00
5.766314295911884713e+00
5.756166826724514962e+00
5.746231756254958967e+00
5.736520069196447302e+00
5.727044811750166886e+00
5.717821888386503737e+00
5.708870561678298650e+00
5.700213630039705492e+00
5.691877269452578325e+00
5.683890541287429876e+00
5.676284591282902525e+00
5.669091592149436920e+00
5.662343507471383042e+00
5.656070769450326274e+00
5.650300961293869051e+00
5.645057576422795265e+00
5.640358900000678410e+00
5.636217038850666938e+00
5.632637124455670552e+00
5.629616727104318485e+00
5.627145532517198845e+00
5.625205331246987406e+00
5.623770352042102516e+00
5.622807940227835921e+00
5.622279550585405516e+00
5.622141996402157282e+00
5.622348874154840637e+00
5.622852068012638149e+00
5.623603230686771148e+00
5.624555137586111364e+00
5.625662820692669541e+00
5.626884406239485159e+00
5.628181603567887770e+00
5.629519820770961580e+00
5.630867915952587843e+00
5.632197627188140210e+00
5.633482754060159081e+00
5.634698187105476208e+00
5.635818897061522392e+00
5.636818997749771576e+00
5.637670980949786248e+00
5.638345193994187987e+00
5.638809601434808805e+00
5.639029846105465538e+00
5.638969598839059572e+00
5.638591156641914459e+00
5.637856222637108949e+00
5.636726790008095733e+00
5.635166062604138659e+00
5.633139372037603287e+00
5.630615084555837591e+00
5.627565519587310661e+00
5.623967916833643166e+00
5.619805486536916028e+00
5.615068560738333936e+00
5.609755838500539049e+00
5.603875690688684408e+00
5.597447461671936075e+00
5.590502678498329381e+00
5.583086059868564988e+00
5.575256214471923322e+00
5.567085930656197057e+00
5.558661981811216179e+00
5.550084400966023956e+00
5.541465213069736606e+00
5.532926650836610172e+00
5.524598912983816668e+00
5.516617546603230338e+00
5.509120547215320407e+00
5.502245273432713191e+00
5.496125272895608482e+00
5.490887116259514755e+00
5.486647336329793845e+00
5.483509565884177483e+00
5.481561957104354121e+00
5.480874948821374382e+00
5.481499427470432728e+00
5.483465305208315321e+00
5.486780518965098885e+00
5.491430446976702129e+00
5.497377748214349324e+00
5.504562646262473713e+00
5.512903692248915632e+00
5.522299049852869679e+00
5.532628350785810945e+00
5.543755166772021958e+00
5.555530123729055525e+00
5.567794637452166739e+00
5.580385179272316698e+00
5.593137900676709684e+00
5.605893383405558872e+00
5.618501257071800481e+00
5.630824443379986555e+00
5.642742831211822185e+00
5.654156241330816179e+00
5.664986590161038116e+00
5.675179205525962445e+00
5.684703285140008333e+00
5.693551522726627567e+00
5.701738957106367245e+00
5.709301124152805329e+00
5.716291605171505807e+00
5.722779065796683717e+00
5.728843873364920292e+00
5.734574379893664364e+00
5.740062969776510649e+00
5.745401993174676925e+00
5.750679728701886262e+00
5.755976535211027922e+00
5.761361358478899852e+00
5.766888751016828074e+00
5.772596541034241469e+00
5.778504252444707667e+00
5.784612334287791313e+00
5.790902207126669587e+00
5.797337082839014499e+00
5.803863473799270700e+00
5.810413284082566854e+00
5.816906366355282465e+00
5.823253426942991418e+00
5.829359163391099941e+00
5.835125522439749801e+00
5.840454973629809921e+00
5.845253706103721747e+00
5.849434670360881050e+00
5.852920398201979957e+00
5.855645542391583191e+00
5.857559084719790476e+00
5.858626169084097057e+00
5.858829528257331276e+00
5.858170491057504314e+00
5.856669575362513314e+00
5.854366682648289633e+00
5.851320908170997370e+00
5.847609972705914316e+00
5.843329273974570803e+00
5.838590550602339668e+00
5.833520146672437789e+00
5.828256861906691455e+00
5.822949377269020843e+00
5.817753262416338167e+00
5.812827598105056559e+00
5.808331278937028053e+00
5.804419095212502988e+00
5.801237721898349520e+00
5.798921762050438744e+00
5.797589997257431627e+00
5.797341987803542374e+00
5.798255143998285455e+00
5.800382365415715391e+00
5.803750322685641727e+00
5.808358435942079012e+00
5.814178580631816473e+00
5.821155523985988900e+00
5.829208066605835903e+00
5.838230835850247935e+00
5.848096652170115206e+00
5.858659367552100150e+00
5.869757060410073279e+00
5.881215468916454192e+00
5.892851556588272643e+00
5.904477123587613896e+00
5.915902395828065430e+00
5.926939538990444234e+00
5.937406057834818007e+00
5.947128052097403028e+00
5.955943305498681006e+00
5.963704182026142497e+00
5.970280294082195738e+00
5.975560892973042826e+00
5.979456919225450306e+00
5.981902645382487727e+00
5.982856850738881072e+00
5.982303482630685565e+00
5.980251776646616335e+00
5.976735827875277351e+00
5.971813629685942537e+00
5.965565622469579665e+00
5.958092813448025993e+00
5.949514534243623309e+00
5.939965896247200838e+00
5.929594990425188783e+00
5.918559866070433273e+00
5.907025319041259159e+00
5.895159525060976513e+00
5.883130562294222266e+00
5.871102874100031954e+00
5.859233726819105037e+00
5.847669722236856771e+00
5.836543433351132570e+00
5.825970244740888759e+00
5.816045492088329993e+00
5.806842006364149711e+00
5.798408172863975807e+00
5.790766608623576062e+00
5.783913542539544927e+00
5.777818955091044373e+00
5.772427504422954492e+00
5.767660235656030920e+00
5.763417040608187492e+00
5.759579805441368272e+00
5.756016156630415104e+00
5.752583694389010738e+00
5.749134587407246144e+00
5.745520391361263357e+00
5.741596945312242184e+00
5.737229195322196773e+00
5.732295793925349159e+00
5.726693328762672230e+00
5.720340045455482247e+00
5.713178948148737391e+00
5.705180182052418836e+00
5.696342621683070817e+00
5.686694607350262665e+00
5.676293795811255372e+00
5.665226120990079828e+00
5.653603893267585612e+00
5.641563095261300731e+00
5.629259954507662478e+00
5.616866889482739822e+00
5.604567941042779111e+00
5.592553824382913596e+00
5.581016767750755392e+00
5.570145334795213010e+00
5.560119446286017286e+00
5.551105816501937795e+00
5.543253997412928236e+00
5.536693181364886307e+00
5.531529854866521489e+00
5.527846330239146511e+00
5.525700120229456225e+00
5.525124075433463844e+00
5.526127179669369838e+00
5.528695886799158465e+00
5.532795873622871952e+00
5.538374075123371654e+00
5.545360865739741740e+00
5.553672257642837451e+00
5.563212003845713127e+00
5.573873519161107737e+00
5.585541565235334183e+00
5.598093684686856975e+00
5.611401406382794832e+00
5.625331269374533427e+00
5.639745721721843630e+00
5.654503945737407555e+00
5.669462651253707186e+00
5.684476868858676646e+00
5.699400766766241411e+00
5.714088509383683068e+00
5.728395175682402751e+00
5.742177760952447585e+00
5.755296291007678811e+00
5.767615077056484019e+00
5.779004128518361760e+00
5.789340721249725874e+00
5.798511097386513491e+00
5.806412256812155448e+00
5.812953786673705103e+00
5.818059660012580458e+00
5.821669921309029050e+00
5.823742173016714929e+00
5.824252785178408942e+00
5.823197766755058069e+00
5.820593257207385740e+00
5.816475616012434458e+00
5.810901104623346747e+00
5.803945168795881848e+00
5.795701337172265433e+00
5.786279753674915760e+00
5.775805357983036181e+00
5.764415722818945653e+00
5.752258552812069325e+00
5.739488852471148483e+00
5.726265784825387506e+00
5.712749268096712463e+00
5.699096391035729070e+00
5.685457761502440199e+00
5.671973929309365836e+00
5.658772036112201143e+00
5.645962841982923308e+00
5.633638266541488804e+00
5.621869565962604121e+00
5.610706242946372768e+00
5.600175751648003519e+00
5.590284016269111866e+00
5.581016736910278553e+00
5.572341413779967390e+00
5.564209982889484429e+00
5.556561925790290957e+00
5.549327695775764013e+00
5.542432293421342138e+00
5.535798824125532036e+00
5.529351879346456222e+00
5.523020600742275299e+00
5.516741310458403547e+00
5.510459621260451968e+00
5.504131976768355194e+00
5.497726608504565071e+00
5.491223924344549978e+00
5.484616361196119172e+00
5.477907749154772077e+00
5.471112247553908681e+00
5.464252921596230550e+00
5.457360028746519376e+00
5.450469078972360215e+00
5.443618727402621538e+00
5.436848557008822524e+00
5.430196813679934564e+00
5.423698162848034521e+00
5.417381542619624568e+00
5.411268194279450938e+00
5.405369955105469693e+00
5.399687889807610830e+00
5.394211304865589085e+00
5.388917138964169240e+00
5.383769673606513706e+00
5.378720482651997870e+00
5.373708544002767873e+00
5.368660460338559481e+00
5.363490763070668521e+00
5.358102295178818864e+00
5.352386685648412801e+00
5.346224947712937769e+00
5.339488256587349824e+00
5.332038983286682132e+00
5.323732072305890739e+00
5.314416850331466158e+00
5.303939342899271381e+00
5.292145159017120015e+00
5.278882980923044421e+00
5.264008664661199433e+00
5.247389914071401762e+00
5.228911438241128806e+00
5.208480449174900606e+00
5.186032312724621285e+00
5.161536138308241206e+00
5.135000082879130012e+00
5.106476146606324207e+00
5.076064241866659721e+00
5.043915319577410017e+00
5.010233346207288996e+00
4.975275951450906398e+00
4.939353609160409775e+00
4.902827262100308836e+00
4.866104348467522378e+00
4.829633238746771084e+00
4.793896150180453120e+00
4.759400671212833167e+00
4.726670093992908050e+00
4.696232812308797300e+00
4.668611085922418802e+00
4.644309493475994977e+00
4.623803398048017321e+00
4.607527741624250162e+00
4.595866472769190914e+00
4.589142893630860698e+00
4.587611184406094722e+00
4.591449327840220640e+00
4.600753621488211209e+00
4.615534934816978740e+00
4.635716834126532682e+00
4.661135652002633023e+00
4.691542520225960189e+00
4.726607321167061393e+00
4.765924446628262423e+00
4.809020190482578450e+00
4.855361551043098522e+00
4.904366187110905884e+00
4.955413258472133542e+00
5.007854883018715064e+00
5.061027952098756444e+00
5.114266057932599807e+00
5.166911300918833660e+00
5.218325761201045410e+00
5.267902435379136605e+00
5.315075449045918887e+00
5.359329354151902258e+00
5.400207311135833521e+00
5.437317953564253514e+00
5.470340753840309489e+00
5.499029756383765566e+00
5.523215607956947437e+00
5.542805879433773342e+00
5.557783733784838809e+00
5.568205051164168751e+00
5.574194172430489758e+00
5.575938463408037116e+00
5.573681926765069683e+00
5.567718089433263629e+00
5.558382372852308961e+00
5.546044124811958298e+00
5.531098469597746536e+00
5.513958120095586501e+00
5.495045284937537744e+00
5.474783791884071604e+00
5.453591537515695364e+00
5.431873363339258631e+00
5.410014446463880411e+00
5.388374280359559343e+00
5.367281314456329611e+00
5.347028321306184218e+00
5.327868557992295528e+00
5.310012777220043390e+00
5.293627125719516435e+00
5.278831951463156535e+00
5.265701532366398929e+00
5.254264735883467097e+00
5.244506614054914806e+00
5.236370926986055885e+00
5.229763569668008039e+00
5.224556853640470955e+00
5.220594565950145594e+00
5.217697693672147530e+00
5.215670665017666074e+00
5.214307922536698392e+00
5.213400619194455743e+00
5.212743221892619516e+00
5.212139817332086977e+00
5.211409933091257329e+00
5.210393707522340101e+00
5.208956266955944159e+00
5.206991198813813781e+00
5.204423042790669918e+00
5.201208756724318150e+00
5.197338144975388374e+00
5.192833259742846153e+00
5.187746798813607896e+00
5.182159532453955109e+00
5.176176804617501404e+00
5.169924174137952022e+00
5.163542292696157610e+00
5.157181156218229923e+00
5.150993906369345510e+00
5.145130388842684255e+00
5.139730690197103158e+00
5.134918874459855509e+00
5.130797126275133735e+00
5.127440485196079756e+00
5.124892334974763486e+00
5.123160796741296430e+00
5.122216161815787316e+00
5.121989482439111008e+00
5.122372415794935741e+00
5.123218391942431005e+00
5.124345152319381924e+00
5.125538679785374363e+00
5.126558506533424264e+00
5.127144334991815988e+00
5.127023837580353849e+00
5.125921421289246993e+00
5.123567663768274549e+00
5.119709058403094204e+00
5.114117654598141272e+00
5.106600153620893146e+00
5.097006024433969884e+00
5.085234237395561685e+00
5.071238272844926342e+00
5.055029143262404823e+00
5.036676270128023880e+00
5.016306176077388379e+00
4.994099079341336456e+00
4.970283595479229710e+00
4.945129849460049520e+00
4.918941375907390778e+00
4.892046234956688444e+00
4.864787788921256073e+00
4.837515563929818185e+00
4.810576562978270410e+00
4.784307316060709248e+00
4.759026867495544266e+00
4.735030822717832599e+00
4.712586509526812684e+00
4.691929250747413072e+00
4.673259696113922779e+00
4.656742121201114415e+00
4.642503571677188745e+00
4.630633715921797844e+00
4.621185272147180889e+00
4.614174897211174020e+00
4.609584457780870892e+00
4.607362641231498301e+00
4.607426892028843923e+00
4.609665669473726801e+00
4.613941014451956590e+00
4.620091397146936174e+00
4.627934805164570342e+00
4.637272022573970531e+00
4.647890039420623509e+00
4.659565516678584984e+00
4.672068219120406596e+00
4.685164327593965616e+00
4.698619556566566935e+00
4.712202024660136601e+00
4.725684844032227439e+00
4.738848407219373726e+00
4.751482363215420612e+00
4.763387289170402994e+00
4.774376074352445265e+00
4.784275036443308871e+00
4.792924793483155810e+00
4.800180925732489889e+00
4.805914480836995573e+00
4.810012396998189388e+00
4.812377933617105086e+00
4.812931197933641769e+00
4.811609834950568931e+00
4.808369909909243844e+00
4.803186964889213151e+00
4.796057178907292773e+00
4.786998511330423867e+00
4.776051675912172279e+00
4.763280792100431427e+00
4.748773596264542540e+00
4.732641162216488340e+00
4.715017161373257437e+00
4.696056758130562336e+00
4.675935253667904412e+00
4.654846554852232643e+00
4.633001481494303242e+00
4.610625872312401619e+00
4.587958429224042511e+00
4.565248253562257830e+00
4.542752066484868401e+00
4.520731150125822495e+00
4.499448075462191277e+00
4.479163290225684158e+00
4.460131636835055424e+00
4.442598871445555986e+00
4.426798262429876729e+00
4.412947350576201799e+00
4.401244948624139397e+00
4.391868447637035544e+00
4.384971486891608095e+00
4.380682033880503923e+00
4.379100909967458932e+00
4.380300781676358390e+00
4.384325615046227753e+00
4.391190562955217480e+00
4.400882229117112132e+00
4.413359234666755171e+00
4.428553007841866673e+00
4.446368723077831930e+00
4.466686328505981685e+00
4.489361616226767993e+00
4.514227304303974897e+00
4.541094108739837765e+00
4.569751782348913771e+00
4.599970083216131655e+00
4.631499615515892287e+00
4.664072477064661548e+00
4.697402667314531044e+00
4.731186256567919912e+00
4.765101374007031154e+00
4.798808119805618055e+00
4.831948539369886220e+00
4.864146817419348068e+00
4.895009854946096084e+00
4.924128379313321702e+00
4.951078706741117053e+00
4.975425233848982387e+00
4.996723692875023382e+00
5.014525174713500455e+00
5.028380906958148877e+00
5.037847763471441809e+00
5.042494469836849014e+00
5.041908453277732072e+00
5.035703267709440212e+00
5.023526505168998568e+00
5.005068083936687451e+00
4.980068782766641888e+00
4.948328870071990515e+00
4.909716652691828997e+00
4.864176738318798598e+00
4.811737772689967940e+00
4.752519382204075882e+00
4.686738025429188603e+00
4.614711435050814714e+00
4.536861324002249951e+00
4.453714045479364891e+00
4.365898937251340151e+00
4.274144137994561277e+00
4.179269730413158968e+00
4.082178147882546071e+00
3.983841892634370829e+00
3.885288760422186627e+00
3.787584933674812415e+00
3.691816459108624660e+00
3.599069733970946761e+00
3.510411672051739540e+00
3.426870209669536482e+00
3.349415755626329538e+00
3.278944101960231894e+00
3.216261208619862533e+00
3.162070168914246526e+00
3.116960563595327027e+00
3.081400321248441099e+00
3.055730118870206180e+00
3.040160283147308906e+00
3.034770099607027483e+00
3.039509404819224603e+00
3.054202314114448313e+00
3.078552911086430033e+00
3.112152695753354514e+00
3.154489565702214282e+00
3.204958093738599523e+00
5.244027862647978822e+00
5.233838398558120275e+00
5.224050578566926006e+00
5.214742641532488676e+00
5.205986454828919641e+00
5.197846498334530274e+00
5.190379059232793857e+00
5.183631593048384723e+00
5.177642189225489133e+00
5.172439075352674109e+00
5.168040106005465262e+00
5.164452209668464633e+00
5.161670803944163666e+00
5.159679224251704888e+00
5.158448236056798031e+00
5.157935713001220890e+00
5.158086562680734843e+00
5.158832967461417951e+00
5.160094982211815839e+00
5.161781501508802883e+00
5.163791581832086308e+00
5.166016079409395445e+00
5.168339539539045902e+00
5.170642250994450073e+00
5.172802367289270009e+00
5.174698002424000798e+00
5.176209232745970112e+00
5.177219970063933197e+00
5.177619700320210683e+00
5.177305097553317026e+00
5.176181527168340679e+00
5.174164455096378568e+00
5.171180782210611504e+00
5.167170116568462035e+00
5.162085972002024903e+00
5.155896848536897004e+00
5.148587126768391364e+00
5.140157707080364347e+00
5.130626343478942530e+00
5.120027647915175173e+00
5.108412759326228958e+00
5.095848676627061202e+00
5.082417255221291619e+00
5.068213875349813158e+00
5.053345810641422631e+00
5.037930347476158310e+00
5.022092719892486734e+00
5.005963928103014382e+00
4.989678506532590596e+00
4.973372306997239534e+00
4.957180365299311831e+00
4.941234917340389110e+00
4.925663615683799179e+00
4.910587971586909184e+00
4.896122022923460548e+00
4.882371215360627126e+00
4.869431482629573260e+00
4.857388514622992481e+00
4.846317202984494976e+00
4.836281251336747466e+00
4.827332935169401651e+00
4.819513000680253789e+00
4.812850703319023538e+00
4.807363996607705303e+00
4.803059878884499589e+00
4.799934889704916330e+00
4.797975732153664907e+00
4.797159995978189428e+00
4.797456967836514430e+00
4.798828523392526968e+00
4.801230088199594626e+00
4.804611632950003042e+00
4.808918649507337051e+00
4.814093051454030991e+00
4.820073957131952191e+00
4.826798332104791811e+00
4.834201479716712768e+00
4.842217371938875914e+00
4.850778815203324434e+00
4.859817452339268762e+00
4.869263609858221820e+00
4.879046005678521425e+00
4.889091336002493016e+00
4.899323763927569964e+00
4.909664336494421910e+00
4.920030358438246765e+00
4.930334748572820835e+00
4.940485401460443349e+00
4.950384577287002763e+00
4.959928348375639118e+00
4.969006140559408813e+00
4.977500419915076080e+00
4.985286587020297588e+00
4.992233147801456994e+00
4.998202229722664924e+00
5.003050504410833987e+00
5.006630564121779869e+00
5.008792782756534834e+00
5.009387675459341160e+00
5.008268753644474991e+00
5.005295851292732578e+00
5.000338870863056506e+00
4.993281863664833509e+00
4.984027326319721674e+00
4.972500572122998896e+00
4.958654029284237374e+00
4.942471324050909942e+00
4.923971017614710455e+00
4.903209874085509234e+00
4.880285540357315099e+00
4.855338522211103403e+00
4.828553351294920581e+00
4.800158854127269059e+00
4.770427448994934316e+00
4.739673405253861382e+00
4.708250008418902510e+00
4.676545594507313552e+00
4.644978453407389907e+00
4.613990649743469952e+00
4.584040863913639186e+00
4.555596409950796399e+00
4.529124634669883243e+00
4.505083938430622936e+00
4.483914679269703996e+00
4.466030229102203819e+00
4.451808441420136653e+00
4.441583761881423342e+00
4.435640170361104140e+00
4.434205098691619717e+00
4.437444435016817401e+00
4.445458702915089155e+00
4.458280480430247827e+00
4.475873095171720273e+00
4.498130602522053323e+00
4.524879032634931519e+00
4.555878879496529699e+00
4.590828798461698668e+00
4.629370473042940581e+00
4.671094601126461576e+00
4.715547929694984042e+00
4.762241236556584489e+00
4.810658122769830847e+00
4.860264441949718517e+00
4.910518150558634609e+00
4.960879319934085707e+00
5.010820017026319739e+00
5.059833746169295488e+00
5.107444150494390378e+00
5.153212697680999099e+00
5.196745121016676627e+00
5.237696451201688141e+00
5.275774550349676240e+00
5.310742139590397315e+00
5.342417387262523576e+00
5.370673184477361417e+00
5.395435269764506714e+00
5.416679378305177650e+00
5.434427599144898480e+00
5.448744135933747401e+00
5.459730676859028797e+00
5.467521573958831205e+00
5.472279006703360871e+00
5.474188266926632629e+00
5.473453260187623570e+00
5.470292276261393916e+00
5.464934042641123924e+00
5.457614046974977207e+00
5.448571103788758307e+00
5.438044147211916979e+00
5.426269245584218304e+00
5.413476843590245835e+00
5.399889236865362818e+00
5.385718275921927756e+00
5.371163288206179942e+00
5.356409205346065683e+00
5.341624888728722098e+00
5.326961656231876674e+00
5.312552020986917256e+00
5.298508660635586232e+00
5.284923649107082788e+00
5.271868003692480542e+00
5.259391618355970799e+00
5.247523655829100520e+00
5.236273448837349243e+00
5.225631919420004046e+00
5.215573477487288834e+00
5.206058317632393795e+00
5.197035002686633653e+00
5.188443204200333447e+00
5.180216463155912443e+00
5.172284839394129641e+00
5.164577336258207474e+00
5.157024014898936137e+00
5.149557744251531233e+00
5.142115563675227818e+00
5.134639664788893221e+00
5.127078024111741961e+00
5.119384732313942976e+00
5.111520067739947493e+00
5.103450359634608802e+00
5.095147689497768972e+00
5.086589486701524443e+00
5.077758077706780782e+00
5.068640238934894349e+00
5.059226780937345680e+00
5.049512161031345592e+00
5.039494089923085340e+00
5.029173071253001837e+00
5.018551796220894090e+00
5.007634312729103421e+00
4.996424902806073653e+00
4.984926630512521051e+00
4.973139556339338796e+00
4.961058646650755577e+00
4.948671436207696672e+00
4.935955526038059205e+00
4.922876015929206872e+00
4.909382984784108395e+00
4.895409149787294467e+00
4.880867855678823197e+00
4.865651559228539647e+00
4.849630973510491216e+00
4.832655020510316923e+00
4.814551712216525559e+00
4.795130044730667507e+00
4.774182952178441575e+00
4.751491331726795053e+00
4.726829119921900357e+00
4.699969369647842399e+00
4.670691236339609809e+00
4.638787725999675260e+00
4.604073992510619995e+00
4.566395910386744639e+00
4.525638599242317817e+00
4.481734539215737279e+00
4.434670893692016058e+00
4.384495650606267780e+00
4.331322209956304903e+00
4.275332086442164226e+00
4.216775466617535884e+00
4.155969460260457105e+00
4.093294008130027528e+00
4.029185537448368493e+00
3.964128575300939428e+00
3.898645627360145749e+00
3.833285702158286234e+00
3.768611911730434638e+00
3.705188608603513511e+00
3.643568524285148325e+00
3.584280354768996091e+00
3.527817199257021308e+00
3.474626207291074298e+00
3.425099733475301278e+00
3.379568243620393542e+00
3.338295164217358835e+00
3.301473813218319009e+00
3.269226483832179841e+00
3.241605672095103863e+00
3.218597353833894559e+00
3.200126139967757855e+00
3.186062073930121308e+00
3.176228776152186128e+00
3.170412586268871014e+00
3.168372311899847027e+00
3.169849173621026583e+00
3.174576540190965801e+00
3.182289068541382271e+00
3.192730895374273459e+00
3.205662579327196671e+00
3.220866575024460943e+00
3.238151128738431250e+00
3.257352597867078092e+00
3.278336287956313377e+00
3.300995959707172300e+00
3.325252188081467608e+00
3.351049767134515633e+00
3.378354358821998193e+00
3.407148589762683866e+00
3.437427806345429104e+00
3.469195695971815319e+00
3.502459960666763017e+00
3.537228188461432943e+00
3.573504017570290792e+00
3.611283640651670179e+00
3.650552659664208832e+00
3.691283279480351620e+00
3.733431821663730332e+00
3.776936548979473951e+00
3.821715812493323927e+00
3.867666555911863036e+00
3.914663224406734532e+00
3.962557122961434697e+00
4.011176255519243838e+00
4.060325657729409343e+00
4.109788219814058507e+00
4.159325986506766881e+00
4.208681918889292994e+00
4.257582104630126985e+00
4.305738401885811584e+00
4.352851495448459396e+00
4.398614338550136615e+00
4.442715957869836529e+00
4.484845609873550742e+00
4.524697283661437197e+00
4.561974543850265462e+00
4.596395698528895402e+00
4.627699263486842796e+00
4.655649672949277118e+00
4.680043157783222441e+00
4.700713676572261690e+00
4.717538747764014495e+00
4.730444998459118366e+00
4.739413222603984899e+00
4.744482730174956586e+00
4.745754768010880476e+00
4.743394800653975452e+00
4.737633457060734798e+00
4.728765980166079075e+00
4.717150063381419400e+00
4.703202017728438378e+00
4.687391277624617381e+00
4.670233317930984285e+00
4.652281122085269338e+00
4.634115411301858778e+00
4.616333908124016006e+00
4.599539949857742727e+00
4.584330781058068460e+00
4.571285841721879351e+00
4.560955336625925227e+00
4.553849326929148233e+00
4.550427530793323072e+00
4.551089963270221084e+00
4.556168502480925753e+00
4.565919451696986542e+00
4.580517174761372878e+00
4.600048903286209523e+00
4.624510832335313459e+00
4.653805625425238901e+00
4.687741438354964707e+00
4.726032550610625549e+00
4.768301668555855244e+00
4.814083938202474933e+00
4.862832676519243336e+00
4.913926798146206032e+00
4.966679878787491731e+00
5.020350757413093667e+00
5.074155537485694367e+00
5.127280805946254461e+00
5.178897852403324009e+00
5.228177642605388975e+00
5.274306277772128126e+00
5.316500647883909636e+00
5.354023954821555797e+00
5.386200738860162929e+00
5.412430997802978538e+00
5.432202955209819883e+00
5.445104026041065026e+00
5.450829557679890414e+00
5.449188998971541409e+00
5.440109262331581874e+00
5.423635175103793671e+00
5.399927047570693084e+00
5.369255505380451154e+00
5.331993840152746245e+00
5.288608223710711265e+00
5.239646206134748851e+00
5.185723967885133234e+00
5.127512815377941457e+00
5.065725399427686959e+00
5.001102102828929752e+00
4.934397991176266984e+00
4.866370653054670647e+00
4.797769176148522163e+00
4.729324419206433205e+00
4.661740651321307993e+00
4.595688545535054459e+00
4.531799440875718510e+00
4.470660735389734519e+00
4.412812248450057595e+00
4.358743386881962500e+00
4.308890949800507464e+00
4.263637400499090901e+00
4.223309426256506072e+00
4.188176615989054774e+00
4.158450123039464152e+00
4.134281241482871572e+00
4.115759892358609839e+00
4.102913074149743267e+00
4.095703371966896711e+00
4.094027644629385065e+00
4.097716022860636187e+00
4.106531357732744247e+00
4.120169260907894149e+00
4.138258882842352548e+00
4.160364578689003778e+00
4.185988600994128284e+00
4.214574925491947788e+00
4.245514269200824309e+00
4.278150313314474040e+00
4.311787105116769325e+00
4.345697584261770885e+00
4.379133158333248232e+00
4.411334237822529758e+00
4.441541625531472803e+00
4.469008631864802794e+00
4.493013748537260987e+00
4.512873659369904367e+00
4.527956310082093871e+00
4.537693716117146892e+00
4.541594167597397202e+00
4.539253490057986618e+00
4.530365031923895280e+00
4.514728075071066549e+00
4.492254405978716392e+00
4.462972836388499509e+00
4.427031513592186052e+00
4.384697908936012745e+00
4.336356426160650201e+00
4.282503633430736478e+00
4.223741186734600639e+00
4.160766565534435912e+00
4.094361781252739974e+00
4.025380252890310651e+00
3.954732080677007655e+00
3.883367992700640148e+00
3.812262289226664436e+00
3.742395156635577980e+00
3.674734757304884081e+00
3.610219517772529141e+00
3.549741034632366343e+00
3.494127995807962517e+00
3.444131474303102625e+00
3.400411896718052329e+00
3.363527928311945026e+00
3.333927456410660461e+00
3.311940794482619133e+00
3.297776169093654897e+00
3.291517496244415586e+00
3.293124410390910306e+00
3.302434478860092781e+00
3.319167507428492758e+00
3.342931814924178457e+00
3.373232332666531885e+00
3.409480374700848415e+00
3.451004921355186106e+00
3.497065251027744015e+00
3.546864740301408858e+00
3.599565633532184616e+00
3.654304560702498872e+00
3.710208555448470058e+00
3.766411296082727400e+00
3.822069265773760272e+00
3.876377506990425825e+00
3.928584633084305722e+00
3.978006761643163802e+00
4.024040053628161751e+00
4.066171577198902654e+00
4.103988258412211820e+00
4.137183724924114792e+00
4.165562889799669932e+00
4.189044162484246492e+00
4.207659216826968418e+00
4.221550293486684424e+00
4.230965066574240652e+00
4.236249163439299359e+00
4.237836491610606160e+00
4.236237593240512744e+00
4.232026310946735315e+00
4.225825110757745584e+00
4.218289468209829529e+00
4.210091774226875749e+00
4.201905244331882727e+00
4.194388308146796973e+00
4.188169916322356912e+00
4.183836139539569565e+00
4.181918364586794112e+00
4.182883326351456432e+00
4.187125150825621311e+00
4.194959515835862796e+00
4.206619961768956806e+00
4.222256310619430408e+00
4.241935085323424559e+00
4.265641766565587467e+00
4.293284684079000435e+00
4.324700314628698194e+00
4.359659745043424017e+00
4.397876050603255926e+00
4.439012336507238921e+00
4.482690196417872031e+00
4.528498359367882031e+00
4.576001322780622438e+00
4.624747799530704917e+00
4.674278835922518915e+00
4.724135485214760344e+00
4.773865951406406793e+00
4.823032151634669695e+00
4.871215677810813993e+00
4.918023160163145668e+00
4.963091042131400954e+00
5.006089772658580017e+00
5.046727419305013562e+00
5.084752709114099822e+00
5.119957509142059493e+00
5.152178757684803045e+00
5.181299848610862568e+00
5.207251458410175893e+00
5.230011792432341267e+00
5.249606214045076769e+00
5.266106207369371184e+00
5.279627612536177850e+00
5.290328065538000502e+00
5.298403573810890776e+00
5.304084164475784569e+00
5.307628561287892843e+00
5.309317887756121124e+00
5.309448458857214170e+00
5.308323803659569684e+00
5.306246142410581790e+00
5.303507609633052233e+00
5.300381557855344816e+00
5.297114289478307647e+00
5.293917548065938838e+00
5.290962061539951300e+00
5.288372377749165132e+00
5.286223174974950645e+00
5.284537169555990843e+00
5.283284681447144138e+00
5.282384856243379723e+00
5.281708478972620746e+00
5.281082256298969213e+00
5.280294402521229280e+00
5.279101349735207727e+00
5.277235406144642482e+00
5.274413190826993336e+00
5.270344666815549139e+00
5.264742576528126605e+00
5.257332057270377668e+00
5.247860183514261756e+00
5.236105153771027254e+00
5.221884820740172906e+00
5.205064257867688227e+00
5.185562065291954070e+00
5.163355147384426580e+00
5.138481746084185176e+00
5.111042584759275975e+00
5.081200056312254354e+00
5.049175471114509151e+00
5.015244466977843985e+00
4.979730774222087319e+00
4.942998613586245149e+00
4.905444068765747900e+00
4.867485810406841473e+00
4.829555555500250286e+00
4.792088631667545506e+00
4.755514985102504255e+00
4.720250925335690795e+00
4.686691841295901995e+00
4.655206057350817161e+00
4.626129932075882856e+00
4.599764239817988098e+00
4.576371816859177599e+00
4.556176403515998174e+00
4.539362576397770077e+00
4.526076642119926774e+00
4.516428347298853119e+00
4.510493242016378801e+00
4.508315517008685269e+00
4.509911125554963540e+00
4.515271002628240993e+00
4.524364205741084888e+00
4.537140822012958985e+00
4.553534509219340443e+00
4.573464558905043553e+00
4.596837386907619560e+00
4.623547377004973313e+00
4.653477031150671905e+00
4.686496413251375337e+00
4.722461910177439215e+00
4.761214373679552914e+00
4.802576750038877407e+00
4.846351349212053350e+00
4.892316949123049596e+00
4.940225966092648413e+00
4.989801937491018968e+00
5.040737552123862208e+00
5.092693435702710936e+00
5.145297864705664637e+00
5.198147544207233572e+00
5.250809539594401443e+00
5.302824398058472610e+00
5.353710438775777902e+00
5.402969139003014121e+00
5.450091504345605742e+00
5.494565287234782325e+00
5.535882904652724257e+00
5.573549899479773195e+00
5.607093784430677630e+00
5.636073099375621176e+00
5.660086502872815117e+00
5.678781710780572034e+00
5.691864088271078259e+00
5.699104691547592694e+00
5.700347540061282636e+00
5.695515883317987971e+00
5.684617216030503961e+00
5.667746797832480254e+00
5.645089452941228991e+00
5.616919465029144298e+00
5.583598447275782028e+00
5.545571153793636299e+00
5.503359291105553552e+00
5.457553469221517517e+00
5.408803492829739490e+00
5.357807237456236216e+00
5.305298391656826595e+00
5.252033380455721989e+00
5.198777816441099375e+00
5.146292846242334740e+00
5.095321764173551315e+00
5.046577249274431409e+00
5.000729549393436280e+00
4.958395889437453796e+00
4.920131322495315374e+00
4.886421176769967012e+00
4.857675186135266721e+00
4.834223333608988149e+00
4.816313386019835718e+00
4.804110054306859112e+00
4.797695677751758758e+00
4.797072301843142483e+00
4.802164997504335453e+00
4.812826253297196821e+00
4.828841261390026673e+00
4.849933912997674845e+00
4.875773321639375268e+00
4.905980704609685716e+00
4.940136472521583499e+00
4.977787396977254808e+00
5.018453740458895140e+00
5.061636238964112522e+00
5.106822830981389671e+00
5.153495032186839353e+00
5.201133869053717440e+00
5.249225308798480150e+00
5.297265153454195463e+00
5.344763392645782041e+00
5.391248027671612597e+00
5.436268394379143665e+00
5.479398032355352832e+00
5.520237171769381668e+00
5.558414924563367165e+00
5.593591261510635348e+00
5.625458831741354970e+00
5.653744651653360265e+00
5.678211671315310127e+00
5.698660222010210497e+00
5.714929351829093562e+00
5.726898058904410505e+00
5.734486428154488280e+00
5.737656666555763785e+00
5.736414018973018614e+00
5.730807536576601358e+00
5.720930662290526492e+00
5.706921587960551712e+00
5.688963322026228120e+00
5.667283383448199707e+00
5.642153011982319555e+00
5.613885766062963967e+00
5.582835374531572192e+00
5.549392718164916971e+00
5.513981842451513238e+00
5.477054947212568692e+00
5.439086359515062696e+00
5.400565565111314470e+00
5.361989439886597708e+00
5.323853878941160467e+00
5.286645063195273053e+00
5.250830628767785946e+00
5.216851009327027278e+00
5.185111207246503540e+00
5.155973223581415077e+00
5.129749347314231933e+00
5.106696472721215407e+00
5.087011577110449601e+00
5.070828446102106035e+00
5.058215682198844654e+00
5.049175986068997979e+00
5.043646671665463543e+00
5.041501366848278209e+00
5.042552847806877736e+00
5.046556945009259998e+00
5.053217437478517482e+00
5.062191825725257388e+00
5.073097847194556920e+00
5.085520574961552853e+00
5.099019923891529693e+00
5.113138384395947256e+00
5.127408817694069754e+00
5.141362176214166801e+00
5.154535048326742697e+00
5.166476956401620413e+00
5.176757354586071891e+00
5.184972278504101695e+00
5.190750599170717017e+00
5.193759832647593555e+00
5.193711455213925632e+00
5.190365667611368750e+00
5.183535539593324692e+00
5.173090452849301357e+00
5.158958755780290062e+00
5.141129549988051828e+00
5.119653538401189863e+00
5.094642872745656526e+00
5.066269946331328988e+00
5.034765094348443881e+00
5.000413193800941514e+00
4.963549196756479098e+00
4.924552670955117506e+00
4.883841446568264466e+00
4.841864475781927801e+00
4.799094016282975161e+00
4.756017264035812708e+00
4.713127584862708552e+00
4.670915516701875880e+00
4.629859725248162583e+00
4.590418095626072059e+00
4.553019137618242063e+00
4.518053873144769916e+00
4.485868359772588576e+00
4.456756984851201864e+00
4.430956647958383954e+00
4.408641938857641662e+00
4.389921413449174636e+00
4.374835068555391615e+00
4.363353113675911388e+00
4.355376128570386918e+00
4.350736675951908161e+00
4.349202408155178112e+00
4.350480665798911240e+00
4.354224516328896399e+00
4.360040126264876470e+00
4.367495312902422988e+00
4.376129086176560712e+00
4.385461966810452417e+00
4.395006844958798453e+00
4.404280121691837913e+00
4.412812859895572259e+00
4.420161668768308516e+00
4.425919055845386474e+00
4.429722993319280988e+00
4.431265455613341508e+00
4.430299697372568346e+00
4.426646065071935254e+00
4.420196176562710910e+00
4.410915357623921729e+00
4.398843284084456684e+00
4.384092834303152664e+00
4.366847206489941513e+00
4.347355399684047050e+00
4.325926199027069430e+00
4.302920846836085111e+00
4.278744618998930882e+00
4.253837556916471918e+00
4.228664625171271396e+00
4.203705573673127915e+00
4.179444781200977843e+00
4.156361346504169774e+00
4.134919674732343786e+00
4.115560780816434949e+00
4.098694495964520179e+00
4.084692717978038345e+00
4.073883793387639507e+00
4.066548066162131825e+00
4.062914581878879439e+00
4.063158901871884332e+00
4.067401957841376259e+00
4.075709862616230694e+00
4.088094589950757474e+00
4.104515446419338964e+00
4.124881274592559599e+00
4.149053338299669491e+00
4.176848843390502886e+00
4.208045043241788186e+00
4.242383869742098135e+00
4.279577017185500765e+00
4.319311389627127795e+00
4.361254807630179364e+00
4.405061861776087717e+00
4.450379793748647117e+00
4.496854275867574913e+00
4.544134949879766516e+00
4.591880586004213782e+00
4.639763740229854605e+00
4.687474817603632715e+00
4.734725482224019899e+00
4.781251385169261070e+00
4.826814208159721176e+00
4.871203041343076912e+00
4.914235126838490508e+00
4.955756008386417832e+00
4.995639135497591532e+00
5.033784977957541429e+00
5.070119711378318961e+00
5.104593536724735259e+00
5.137178697376254100e+00
5.167867255500424584e+00
5.196668685048541292e+00
5.223607334762292886e+00
5.248719814875368428e+00
5.272052365678833397e+00
5.293658272249970764e+00
5.313595395290828804e+00
5.331923891800865789e+00
5.348704200678130682e+00
5.363995367034943840e+00
5.377853772026214507e+00
5.390332317052314082e+00
5.401480080903345637e+00
5.411342431080758075e+00
5.419961534067157416e+00
5.427377179921975880e+00
5.433627817898324608e+00
5.438751692657213255e+00
5.442787973201776985e+00
5.445777776192325170e+00
5.447765001297052656e+00
5.448796920533725441e+00
5.448924495515536925e+00
5.448202428467990188e+00
5.446688974988695975e+00
5.444445555945166326e+00
5.441536207254945801e+00
5.438026905156633006e+00
5.433984804453253048e+00
5.429477429880068762e+00
5.424571865936168358e+00
5.419333994960327416e+00
5.413827831603286178e+00
5.408114991003381888e+00
5.402254310714987184e+00
5.396301628995911592e+00
5.390309707759910474e+00
5.384328275371263572e+00
5.378404149525863431e+00
5.372581386436062978e+00
5.366901397636189230e+00
5.361402984474401556e+00
5.356122257894820216e+00
5.351092428152091074e+00
5.346343458450852459e+00
5.341901576218701209e+00
5.337788630932765344e+00
5.334021287488440954e+00
5.330610055433345984e+00
5.327558176459877615e+00
5.324860418436336396e+00
5.322501843661486376e+00
5.320456625081199320e+00
5.318686980221566607e+00
5.317142290021182660e+00
5.315758477687591466e+00
5.314457739396383218e+00
5.313148732307793054e+00
5.311727323079783680e+00
5.310077977557136286e+00
5.308075835873856008e+00
5.305589476492632350e+00
5.302484334364979013e+00
5.298626706332188796e+00
5.293888253968972890e+00
5.288150900683281641e+00
5.281312013169912944e+00
5.273289753706037253e+00
5.264028486297362086e+00
5.253504112272562310e+00
5.241729195341438441e+00
5.228757712694815041e+00
5.214689243606101421e+00
5.199672387409085772e+00
5.183907192335081682e+00
5.167646375925562197e+00
5.151195127044746691e+00
5.134909300387196396e+00
5.119191846395549916e+00
5.104487359340431851e+00
5.091274671758317716e+00
5.080057475972298953e+00
5.071353015347214388e+00
5.065678957833125828e+00
5.063538635087104112e+00
5.065404892876144594e+00
5.071702848843480105e+00
5.082791896401537279e+00
5.098947335102427481e+00
5.120342050215853646e+00
5.147028703845504261e+00
5.178922931810075347e+00
5.215788060823454586e+00
5.257221866337335570e+00
5.302645882497085239e+00
5.351297756714631149e+00
5.402227119811849221e+00
5.454295421911476538e+00
5.506180160870076001e+00
5.556383899779317126e+00
5.603248429997099045e+00
5.644974376337561495e+00
5.679646443186220139e+00
5.705264354074455646e+00
5.719779352422391661e+00
5.721135928560077133e+00
5.707318233430794585e+00
5.676400438683426586e+00
5.626600107453158195e+00
5.556333450735175816e+00
5.464271164509160172e+00
5.349393378593553905e+00
5.211042099788402382e+00
5.048969393187756616e+00
4.863379420766351657e+00
4.654962368915724902e+00
4.424918272510724115e+00
4.174968792620525448e+00
3.907355127507167403e+00
3.624820433187676993e+00
3.330575404445268006e+00
3.028246022955885408e+00
2.721802921181317281e+00
2.415472348868061836e+00
2.113629375706309155e+00
1.820674729428771510e+00
1.540897559923303461e+00
1.278327436155673569e+00
1.036580013211506390e+00
8.187020349874550851e-01
6.270226511108186740e-01
4.630194222248101288e-01
3.272088698180724009e-01
2.190729929667350750e-01
1.370348118675632776e-01
7.849769276600976342e-02
3.996495142157045072e-02
1.725801287937006254e-02
5.853210400153394111e-03
1.359124722833166985e-03
