5.113145978173641026e+00
5.127133493910696949e+00
5.135235349054220855e+00
5.137743201259927339e+00
5.134968406423249476e+00
5.127240030369210722e+00
5.114903413835569346e+00
5.098319078905025670e+00
5.077861770329096913e+00
5.053919450186564077e+00
5.026892111659791773e+00
4.997190340659522612e+00
4.965233613654721267e+00
4.931448356731278793e+00
4.896265799637507854e+00
4.860119651694405185e+00
4.823443620448890634e+00
4.786668794128001281e+00
4.750220908178887314e+00
4.714517507301080101e+00
4.679964998750444138e+00
4.646955576759707718e+00
4.615863987745506769e+00
4.587044106496898088e+00
4.560825308536198719e+00
4.537508653606000308e+00
4.517362934695074550e+00
4.500620688336125497e+00
4.487474299466335026e+00
4.478072364328316013e+00
4.472516493122272507e+00
4.470858738032320367e+00
4.473099824773978384e+00
4.479188348708998291e+00
4.489021065406379130e+00
4.502444356564994976e+00
4.519256889915716613e+00
4.539213425487355735e+00
4.562029657460223930e+00
4.587387924188368160e+00
4.614943571920110621e+00
4.644331723353732677e+00
4.675174183392208249e+00
4.707086217284213170e+00
4.739682966820847554e+00
4.772585323365843735e+00
4.805425135092129096e+00
4.837849676092904616e+00
4.869525346923463616e+00
4.900140615434012581e+00
4.929408244930371552e+00
4.957066890142043825e+00
4.982882163402086562e+00
5.006647276979196093e+00
5.028183353120310173e+00
5.047339470892708846e+00
5.063992500317486822e+00
5.078046766357113384e+00
5.089433585492902701e+00
5.098110716101813544e+00
5.104061755763002139e+00
5.107295511470703708e+00
5.107845371044740013e+00
5.105768711031735130e+00
5.101146373689226188e+00
5.094082226143940240e+00
5.084702787038215099e+00
5.073156883678943352e+00
5.059615289771540958e+00
5.044270284460281140e+00
5.027335065195911668e+00
5.009042945933535940e+00
4.989646282904725005e+00
4.969415087472350834e+00
4.948635298661664628e+00
4.927606688285051106e+00
4.906640355434935152e+00
4.886055738281519290e+00
4.866177042207161740e+00
4.847328968702901086e+00
4.829831635946669977e+00
4.813994609384267598e+00
4.800110008526225158e+00
4.788444725913263866e+00
4.779231885416351133e+00
4.772661772600931052e+00
4.768872572112702990e+00
4.767941322173649077e+00
4.769875527893511880e+00
4.774605861980423249e+00
4.781980333793740101e+00
4.791760241644198004e+00
4.803618155376858212e+00
4.817138114853927178e+00
4.831818171550020580e+00
4.847075338210132145e+00
4.862252943377937342e+00
4.876630313825956797e+00
4.889434628760746193e+00
4.899854712555240965e+00
4.907056472268022773e+00
4.910199650228554979e+00
4.908455545623961136e+00
4.901025352769377008e+00
4.887158759215611603e+00
4.866172438458104210e+00
4.837468060259872082e+00
4.800549432323384380e+00
4.755038385251290300e+00
4.700689019677043667e+00
4.637399948510403824e+00
4.565224183273113745e+00
4.484376324267233649e+00
4.395236718612852478e+00
4.298352258481439314e+00
4.194433520651132952e+00
4.084348010559974540e+00
3.969109372708728323e+00
3.849862556256212098e+00
3.727865063703992288e+00
3.604464549341658053e+00
3.481073170776505243e+00
3.359139233337262276e+00
3.240116802288731446e+00
3.125434087932649874e+00
3.016461527218240679e+00
2.914480579891713052e+00
2.820654308355540874e+00
2.736000796842172456e+00
2.661370374553363671e+00
2.597427447112357513e+00
2.544637536684347445e+00
2.503259908774608355e+00
2.473345937127553906e+00
2.454743136168040962e+00
2.447104584944682859e+00
2.449903290531786570e+00
2.462450899277643046e+00
2.483920060917643280e+00
2.513369680240491455e+00
2.549772249069407248e+00
2.592042431059000673e+00
2.639066067422797257e+00
2.689728783419846447e+00
2.742943410924740366e+00
2.797675510923747222e+00
2.852966381554770336e+00
2.907953058807495328e+00
2.961884937701218412e+00
3.014136746332402250e+00
3.064217692121001146e+00
3.111776680463399281e+00
3.156603594122990852e+00
3.198626719308788502e+00
3.237906504085693360e+00
3.274625932068042200e+00
3.309077889332519007e+00
3.341649989746886096e+00
3.372807393801289244e+00
3.403074205272678565e+00
3.433014061556746377e+00
3.463210546561020120e+00
3.494248040313542081e+00
3.526693565693060251e+00
3.561080100806568005e+00
3.597891712995883395e+00
3.637550759553031643e+00
3.680407304836780025e+00
3.726730826426978282e+00
3.776704222063644423e+00
3.830420082961751405e+00
3.887879164662441323e+00
3.948990956672048469e+00
4.013576222641485280e+00
4.081371358616684653e+00
4.152034404408415647e+00
4.225152540478635643e+00
4.300250900879335703e+00
4.376802525938254362e+00
4.454239269348452268e+00
4.531963466456300438e+00
4.609360160082148106e+00
4.685809662514894391e+00
4.760700211354105704e+00
4.833440462680135496e+00
4.903471563718574622e+00
4.970278556350944399e+00
5.033400874880400444e+00
5.092441708782910581e+00
5.147076003062386107e+00
5.197056876391630276e+00
5.242220264818547193e+00
5.282487647577497114e+00
5.317866766717362914e+00
5.348450297678107646e+00
5.374412459963059163e+00
5.396003586660960138e+00
5.413542716765133989e+00
5.427408346252224902e+00
5.438027564489920529e+00
5.445863887625755240e+00
5.451404161505467805e+00
5.455144944015883901e+00
5.457578800059648572e+00
5.459180952670108056e+00
5.460396721687827970e+00
5.461630139101086634e+00
5.463234060713241469e+00
5.465502008575294113e+00
5.468661888659744896e+00
5.472871642154158778e+00
5.478216815288536878e+00
5.484709978116408813e+00
5.492291886966680359e+00
5.500834265334386686e+00
5.510144072630811962e+00
5.519969136451159386e+00
5.530005032156499745e+00
5.539903091683810565e+00
5.549279406235181789e+00
5.557724658502873005e+00
5.564814585988550277e+00
5.570120841730271444e+00
5.573221988304523755e+00
5.573714350455346356e+00
5.571222476912125465e+00
5.565409020720813338e+00
5.555983916414302115e+00
5.542712783988448244e+00
5.525424508039990634e+00
5.504017923718723893e+00
5.478467498048118500e+00
5.448827842830398893e+00
5.415236853735696521e+00
5.377917251545698107e+00
5.337176305831407674e+00
5.293403542668963624e+00
5.247066272349448113e+00
5.198702820653664070e+00
5.148913413250437721e+00
5.098348754972539254e+00
5.047696464868784538e+00
4.997665659490341916e+00
4.948970097780907018e+00
4.902310395127777554e+00
4.858355879539265842e+00
4.817726705055210168e+00
4.780976858405606045e+00
4.748578689772650741e+00
4.720909562925092118e+00
4.698241154355133453e+00
4.680731835017482467e+00
4.668422442134785300e+00
4.661235602856496740e+00
4.658978623049415013e+00
4.661349812054679909e+00
4.667947980701896427e+00
4.678284733808000695e+00
4.691799091554959666e+00
4.707873918961563042e+00
4.725853610483411238e+00
4.745062457210333484e+00
4.764823113544035316e+00
4.784474583316105978e+00
4.803389169068698727e+00
4.820987875369906028e+00
4.836753826699760950e+00
4.850243350910388607e+00
4.861094485881738869e+00
4.869032780548291584e+00
4.873874370861090988e+00
4.875526406965871473e+00
4.873984984373175955e+00
4.869330788953563527e+00
4.861722709094745021e+00
4.851389707844248278e+00
4.838621287388810366e+00
4.823756910026755662e+00
4.807174752219525615e+00
4.789280157381105241e+00
4.770494123153543597e+00
4.751242118310444518e+00
4.731943482801375112e+00
4.713001628417779365e+00
4.694795226889625361e+00
4.677670542988874303e+00
4.661935040036374822e+00
4.647852354297896227e+00
4.635638704730145498e+00
4.625460776388569784e+00
4.617435086400446309e+00
4.611628803016279754e+00
4.608061935766523121e+00
4.606710752805011744e+00
4.607512220940675363e+00
4.610369214060210830e+00
4.615156204054327915e+00
4.621725141314888319e+00
4.629911250401101519e+00
4.639538503773566802e+00
4.650424581935586055e+00
4.662385173417207263e+00
4.675237510106622807e+00
4.688803075982809432e+00
4.702909476635033670e+00
4.717391515688518666e+00
4.732091584967834663e+00
4.746859521004322957e+00
4.761552098500409613e+00
4.776032328344835598e+00
4.790168723287789199e+00
4.803834695869904081e+00
4.816908247864608583e+00
4.829272083379518854e+00
4.840814228250194695e+00
4.851429178891356386e+00
4.861019549204211643e+00
4.869498141795384427e+00
4.876790336864988973e+00
4.882836662327725286e+00
4.887595378756937947e+00
4.891044883689781742e+00
4.893185718622734548e+00
4.894041961491444326e+00
4.893661817779445755e+00
4.892117281120124339e+00
4.889502802765614220e+00
4.885932971735354791e+00
4.881539256060355214e+00
4.876465890283705917e+00
4.870865020461054407e+00
4.864891244744651289e+00
4.858695721310082760e+00
4.852420050571188526e+00
4.846190163600290646e+00
4.840110456715803089e+00
4.834258404136897447e+00
4.828679861297812792e+00
4.823385248142219695e+00
4.818346779625916732e+00
4.813496887477019648e+00
4.808727948378333394e+00
4.803893399489695959e+00
4.798810284407873716e+00
4.793263229332126230e+00
4.787009797347757889e+00
4.779787109582194660e+00
4.771319563869036884e+00
4.761327436433891336e+00
4.749536125591974134e+00
4.735685782319477788e+00
4.719541059886496193e+00
4.700900698533110322e+00
4.679606644484144873e+00
4.655552392840538900e+00
4.628690249467429574e+00
4.599037230948014532e+00
4.566679357803657524e+00
4.531774137553277626e+00
4.494551081919103019e+00
4.455310162224746406e+00
4.414418181108212380e+00
4.372303122719664259e+00
4.329446629212263531e+00
4.286374832147560099e+00
4.243647838820186813e+00
4.201848227558905968e+00
4.161568934534424891e+00
4.123400917733717641e+00
4.087920969958823036e+00
4.055680027846356062e+00
4.027192285091276247e+00
4.002925360819283185e+00
3.983291701669047669e+00
3.968641318113950600e+00
3.959255881479421202e+00
3.955344147871807436e+00
3.957038641146874536e+00
3.964393529105682656e+00
3.977383664155402787e+00
3.995904817608040727e+00
4.019775195938203538e+00
4.048738369397490544e+00
4.082467753153849799e+00
4.120572748119053053e+00
4.162606571871156902e+00
4.208075699692810367e+00
4.256450706810158024e+00
4.307178169980110383e+00
4.359693166745015169e+00
4.413431825694022592e+00
4.467843349987946411e+00
4.522400967802323812e+00
4.576611352309540415e+00
4.630022180312779234e+00
4.682227633289595126e+00
4.732871764445255813e+00
4.781649753545626602e+00
4.828307150501163214e+00
4.872637270703264356e+00
4.914476950358020346e+00
4.953700903481280449e+00
4.990214951955232792e+00
5.023948426956943436e+00
5.054846054291602719e+00
5.082859629237190369e+00
5.107939764359536561e+00
5.130027973125961260e+00
5.149049344529956329e+00
5.164906065902913568e+00
5.177472048484100142e+00
5.186588889768284361e+00
5.192063366623745679e+00
5.193666604423063937e+00
5.191135019836643494e+00
5.184173088002220098e+00
5.172457933067824420e+00
5.155645683597699147e+00
5.133379476648597617e+00
5.105298944075649992e+00
5.071050975451581344e+00
5.030301522085875554e+00
4.982748182036514706e+00
4.928133283328001824e+00
4.866257158051981335e+00
4.796991269625877408e+00
4.720290820905432838e+00
4.636206441630816855e+00
4.544894539185582616e+00
4.446625900719707758e+00
4.341792158818774894e+00
