-9.659237861633300781e+00 -3.962125301361083984e+00 -8.055439591407775879e-01
-9.625957489013671875e+00 -3.954933404922485352e+00 -8.112246394157409668e-01
-9.597565650939941406e+00 -3.948403358459472656e+00 -8.161047101020812988e-01
-9.574115753173828125e+00 -3.942518234252929688e+00 -8.201329112052917480e-01
-9.555575370788574219e+00 -3.937258243560791016e+00 -8.232771754264831543e-01
-9.541830062866210938e+00 -3.932599067687988281e+00 -8.255248665809631348e-01
-9.532670021057128906e+00 -3.928513526916503906e+00 -8.268869519233703613e-01
-9.527809143066406250e+00 -3.924969673156738281e+00 -8.273962140083312988e-01
-9.526873588562011719e+00 -3.921932935714721680e+00 -8.271045088768005371e-01
-9.529400825500488281e+00 -3.919362545013427734e+00 -8.260878920555114746e-01
-9.534866333007812500e+00 -3.917216300964355469e+00 -8.244399428367614746e-01
-9.542664527893066406e+00 -3.915441751480102539e+00 -8.222697377204895020e-01
-9.552147865295410156e+00 -3.913989305496215820e+00 -8.197038769721984863e-01
-9.562611579895019531e+00 -3.912797689437866211e+00 -8.168787360191345215e-01
-9.573320388793945312e+00 -3.911802291870117188e+00 -8.139364123344421387e-01
-9.600142478942871094e+00 -3.917935609817504883e+00 -8.097513318061828613e-01
-9.634922027587890625e+00 -3.928007364273071289e+00 -8.050391077995300293e-01
-9.659909248352050781e+00 -3.934773445129394531e+00 -8.012482523918151855e-01
-9.673390388488769531e+00 -3.937731981277465820e+00 -7.985922694206237793e-01
-9.673888206481933594e+00 -3.936459302902221680e+00 -7.972583174705505371e-01
-9.660200119018554688e+00 -3.930620193481445312e+00 -7.974024415016174316e-01
-9.631440162658691406e+00 -3.919982194900512695e+00 -7.991427779197692871e-01
-9.587063789367675781e+00 -3.904419898986816406e+00 -8.025611042976379395e-01
-9.565499305725097656e+00 -3.900188446044921875e+00 -8.047294020652770996e-01
-9.543238639831542969e+00 -3.897405862808227539e+00 -8.074579834938049316e-01
-9.515748023986816406e+00 -3.894144535064697266e+00 -8.110850453376770020e-01
-9.483136177062988281e+00 -3.890383958816528320e+00 -8.155754208564758301e-01
-9.445636749267578125e+00 -3.886116981506347656e+00 -8.208674788475036621e-01
-9.403617858886718750e+00 -3.881347417831420898e+00 -8.268751502037048340e-01
-9.357569694519042969e+00 -3.876095294952392578e+00 -8.334893584251403809e-01
-9.308108329772949219e+00 -3.870395898818969727e+00 -8.405800461769104004e-01
-9.255956649780273438e+00 -3.864299774169921875e+00 -8.479990363121032715e-01
-9.190295219421386719e+00 -3.853968620300292969e+00 -8.559394478797912598e-01
-9.117770195007324219e+00 -3.841410875320434570e+00 -8.640543222427368164e-01
-9.045758247375488281e+00 -3.828875303268432617e+00 -8.719698786735534668e-01
-8.975605010986328125e+00 -3.816582918167114258e+00 -8.794956207275390625e-01
-8.908662796020507812e+00 -3.804763793945312500e+00 -8.864479660987854004e-01
-8.846260070800781250e+00 -3.793649911880493164e+00 -8.926506638526916504e-01
-8.530395507812500000e+00 -3.668740510940551758e+00 -9.063351750373840332e-01
-7.898518085479736328e+00 -3.382541418075561523e+00 -9.006476998329162598e-01
-7.029090404510498047e+00 -2.972558259963989258e+00 -8.767483830451965332e-01
-6.412638187408447266e+00 -2.682503700256347656e+00 -8.590909838676452637e-01
-6.076507091522216797e+00 -2.524278163909912109e+00 -8.470570445060729980e-01
-5.995217323303222656e+00 -2.488272428512573242e+00 -8.433471322059631348e-01
-6.193465232849121094e+00 -2.584593296051025391e+00 -8.465747237205505371e-01
-6.676305770874023438e+00 -2.815119743347167969e+00 -8.562839627265930176e-01
-7.430942535400390625e+00 -3.174228906631469727e+00 -8.728305697441101074e-01
-8.326284408569335938e+00 -3.597646713256835938e+00 -8.929510712623596191e-01
-8.668274879455566406e+00 -3.740652561187744141e+00 -8.837624788284301758e-01
-8.795507431030273438e+00 -3.782944202423095703e+00 -8.728468418121337891e-01
-8.859570503234863281e+00 -3.794934272766113281e+00 -8.633878231048583984e-01
-8.932431221008300781e+00 -3.808707237243652344e+00 -8.531852364540100098e-01
-9.013089179992675781e+00 -3.824084520339965820e+00 -8.424047231674194336e-01
-9.100420951843261719e+00 -3.840859889984130859e+00 -8.312227129936218262e-01
-9.183721542358398438e+00 -3.855616331100463867e+00 -8.201060891151428223e-01
-9.260321617126464844e+00 -3.867637395858764648e+00 -8.092729449272155762e-01
-9.339611053466796875e+00 -3.880249977111816406e+00 -7.985659241676330566e-01
-9.420522689819335938e+00 -3.893270254135131836e+00 -7.881379723548889160e-01
-9.502009391784667969e+00 -3.906513929367065430e+00 -7.781305909156799316e-01
-9.632414817810058594e+00 -3.940596580505371094e+00 -7.648802399635314941e-01
-9.837664604187011719e+00 -4.001290798187255859e+00 -7.478103041648864746e-01
-1.006796169281005859e+01 -4.065136432647705078e+00 -7.314516901969909668e-01
-1.028449249267578125e+01 -4.124947071075439453e+00 -7.164871096611022949e-01
-1.048533344268798828e+01 -4.180197715759277344e+00 -7.030258774757385254e-01
-1.066888141632080078e+01 -4.230460166931152344e+00 -6.911479830741882324e-01
-1.083383274078369141e+01 -4.275388717651367188e+00 -6.808997988700866699e-01
-1.097919178009033203e+01 -4.314730167388916016e+00 -6.722988486289978027e-01
-1.110423660278320312e+01 -4.348312377929687500e+00 -6.653378605842590332e-01
-1.120850849151611328e+01 -4.376038551330566406e+00 -6.599864363670349121e-01
-1.129178047180175781e+01 -4.397879123687744141e+00 -6.561916470527648926e-01
-1.135402297973632812e+01 -4.413860797882080078e+00 -6.538890004158020020e-01
-1.139538097381591797e+01 -4.424060344696044922e+00 -6.529989838600158691e-01
-1.141611576080322266e+01 -4.428584575653076172e+00 -6.534377932548522949e-01
-1.141661167144775391e+01 -4.427577972412109375e+00 -6.551155447959899902e-01
-1.139729785919189453e+01 -4.421192169189453125e+00 -6.579442620277404785e-01
-1.135867023468017578e+01 -4.409595489501953125e+00 -6.618385910987854004e-01
-1.130121612548828125e+01 -4.392951011657714844e+00 -6.667205691337585449e-01
-1.122544288635253906e+01 -4.371421813964843750e+00 -6.725197434425354004e-01
-1.113183116912841797e+01 -4.345159053802490234e+00 -6.791759133338928223e-01
-1.102082824707031250e+01 -4.314301013946533203e+00 -6.866407990455627441e-01
-1.089287376403808594e+01 -4.278975486755371094e+00 -6.948754191398620605e-01
-1.074836254119873047e+01 -4.239291667938232422e+00 -7.038516402244567871e-01
-1.058767700195312500e+01 -4.195350170135498047e+00 -7.135519385337829590e-01
-1.041119003295898438e+01 -4.147239685058593750e+00 -7.239640355110168457e-01
-1.021928405761718750e+01 -4.095048904418945312e+00 -7.350830435752868652e-01
-1.003679847717285156e+01 -4.043248653411865234e+00 -7.465445399284362793e-01
-9.887104988098144531e+00 -3.998975515365600586e+00 -7.572590708732604980e-01
-9.826155662536621094e+00 -3.993411779403686523e+00 -7.609874606132507324e-01
-9.761528968811035156e+00 -3.987543106079101562e+00 -7.648431658744812012e-01
-9.693405151367187500e+00 -3.981356620788574219e+00 -7.688314318656921387e-01
-9.615757942199707031e+00 -3.972745895385742188e+00 -7.731450200080871582e-01
-9.520341873168945312e+00 -3.958850383758544922e+00 -7.780407071113586426e-01
-9.421975135803222656e+00 -3.944536447525024414e+00 -7.830633521080017090e-01
-9.321044921875000000e+00 -3.929820775985717773e+00 -7.881949543952941895e-01
-9.033501625061035156e+00 -3.833097219467163086e+00 -7.993800044059753418e-01
-7.738096714019775391e+00 -3.264106512069702148e+00 -8.117870688438415527e-01
-5.084127902984619141e+00 -1.994951486587524414e+00 -7.253201603889465332e-01
-4.290544033050537109e+00 -1.714141130447387695e+00 -8.157728314399719238e-01
-4.143096446990966797e+00 -1.650806307792663574e+00 -7.673740983009338379e-01
-4.016779422760009766e+00 -1.598098993301391602e+00 -7.133387923240661621e-01
-3.909441471099853516e+00 -1.567844271659851074e+00 -6.785964965820312500e-01
-3.842171907424926758e+00 -1.551689267158508301e+00 -6.460461020469665527e-01
-3.786244392395019531e+00 -1.530135512351989746e+00 -6.055001616477966309e-01
-3.739102125167846680e+00 -1.508005380630493164e+00 -5.597601532936096191e-01
-3.695100545883178711e+00 -1.486726403236389160e+00 -5.143774747848510742e-01
-3.652721405029296875e+00 -1.465766787528991699e+00 -4.706264436244964600e-01
-3.612082242965698242e+00 -1.445207118988037109e+00 -4.286494851112365723e-01
-3.577985525131225586e+00 -1.425130009651184082e+00 -3.892354667186737061e-01
-3.547410249710083008e+00 -1.405601620674133301e+00 -3.520341217517852783e-01
-3.518352270126342773e+00 -1.386684060096740723e+00 -3.168180882930755615e-01
-3.490851879119873047e+00 -1.368434786796569824e+00 -2.836304008960723877e-01
-3.438349008560180664e+00 -1.346637368202209473e+00 -2.655968070030212402e-01
-3.385442733764648438e+00 -1.325282216072082520e+00 -2.505951225757598877e-01
-3.336727380752563477e+00 -1.305143356323242188e+00 -2.363384068012237549e-01
-3.292064905166625977e+00 -1.286230325698852539e+00 -2.228480875492095947e-01
-3.253642797470092773e+00 -1.268942713737487793e+00 -2.088517844676971436e-01
-3.220887422561645508e+00 -1.252292037010192871e+00 -1.945042014122009277e-01
-3.190763473510742188e+00 -1.236283302307128906e+00 -1.813789904117584229e-01
-3.162897825241088867e+00 -1.221444010734558105e+00 -1.695865988731384277e-01
-3.138647556304931641e+00 -1.208006262779235840e+00 -1.590067744255065918e-01
-3.119808912277221680e+00 -1.196276187896728516e+00 -1.495107412338256836e-01
-3.102598905563354492e+00 -1.185551762580871582e+00 -1.410523355007171631e-01
-3.086913585662841797e+00 -1.175787925720214844e+00 -1.335321962833404541e-01
-3.072634935379028320e+00 -1.166932940483093262e+00 -1.268535554409027100e-01
-3.059633255004882812e+00 -1.158928275108337402e+00 -1.209223493933677673e-01
-3.047767162322998047e+00 -1.151711344718933105e+00 -1.156498417258262634e-01
-3.036883592605590820e+00 -1.145213842391967773e+00 -1.109505817294120789e-01
-3.026822805404663086e+00 -1.139363527297973633e+00 -1.067440733313560486e-01
-3.017417669296264648e+00 -1.134085416793823242e+00 -1.029530987143516541e-01
-3.008493185043334961e+00 -1.129300236701965332e+00 -9.950526803731918335e-02
-2.999870061874389648e+00 -1.124927163124084473e+00 -9.633158892393112183e-02
-2.991365194320678711e+00 -1.120882391929626465e+00 -9.336461871862411499e-02
-2.982793331146240234e+00 -1.117081165313720703e+00 -9.054043143987655640e-02
-2.973966836929321289e+00 -1.113436937332153320e+00 -8.779554814100265503e-02
-2.964700460433959961e+00 -1.109862565994262695e+00 -8.506741374731063843e-02
-2.954806566238403320e+00 -1.106270194053649902e+00 -8.229403942823410034e-02
-2.944102287292480469e+00 -1.102572083473205566e+00 -7.941272109746932983e-02
-2.932410001754760742e+00 -1.098682045936584473e+00 -7.636093348264694214e-02
-2.919557094573974609e+00 -1.094514012336730957e+00 -7.307451218366622925e-02
-2.905379295349121094e+00 -1.089985132217407227e+00 -6.948976963758468628e-02
-2.889721155166625977e+00 -1.085014343261718750e+00 -6.554242223501205444e-02
-2.872439384460449219e+00 -1.079525470733642578e+00 -6.116884201765060425e-02
-2.853404998779296875e+00 -1.073445916175842285e+00 -5.630584806203842163e-02
-2.832504510879516602e+00 -1.066709518432617188e+00 -5.089276283979415894e-02
-2.809642314910888672e+00 -1.059256434440612793e+00 -4.487200826406478882e-02
-2.784741878509521484e+00 -1.051034569740295410e+00 -3.818970173597335815e-02
-2.757749557495117188e+00 -1.042000174522399902e+00 -3.079809993505477905e-02
-2.728166580200195312e+00 -1.031846761703491211e+00 -2.258490771055221558e-02
-2.695226430892944336e+00 -1.019724488258361816e+00 -1.536919921636581421e-02
-2.661090135574340820e+00 -1.007133841514587402e+00 -8.094348013401031494e-03
-2.624775171279907227e+00 -9.935621619224548340e-01 -1.444444060325622559e-04
-2.586360454559326172e+00 -9.790261387825012207e-01 8.484058082103729248e-03
-2.545953035354614258e+00 -9.635563492774963379e-01 1.778460294008255005e-02
-2.503687620162963867e+00 -9.471969008445739746e-01 2.773927897214889526e-02
-2.459724187850952148e+00 -9.300061464309692383e-01 3.831800073385238647e-02
-2.414748430252075195e+00 -9.096173048019409180e-01 4.845627397298812866e-02
-2.373523712158203125e+00 -8.639375567436218262e-01 4.879460483789443970e-02
-2.331327199935913086e+00 -8.171188831329345703e-01 4.936519265174865723e-02
-2.276170015335083008e+00 -7.003905773162841797e-01 7.862023264169692993e-02
-2.218882799148559570e+00 -5.740256309509277344e-01 1.117740944027900696e-01
-2.123239517211914062e+00 -4.345778822898864746e-01 1.089193895459175110e-01
-2.004774093627929688e+00 -2.927829623222351074e-01 8.159754425287246704e-02
-1.937116622924804688e+00 -1.986334025859832764e-01 8.562924712896347046e-02
-1.879719853401184082e+00 -1.556543111801147461e-01 8.846215158700942993e-02
-1.820429682731628418e+00 -1.271101683378219604e-01 8.530587702989578247e-02
-1.752902984619140625e+00 -1.083131656050682068e-01 6.429009884595870972e-02
-1.723535537719726562e+00 -1.034947633743286133e-01 5.654840916395187378e-02
-1.695891737937927246e+00 -9.973457455635070801e-02 4.903686046600341797e-02
-1.668871760368347168e+00 -9.648413956165313721e-02 4.156919568777084351e-02
-1.642587423324584961e+00 -9.379303455352783203e-02 3.417498618364334106e-02
-1.617138147354125977e+00 -9.170357882976531982e-02 2.688419073820114136e-02
-1.592610239982604980e+00 -9.025231748819351196e-02 1.972508430480957031e-02
-1.569075226783752441e+00 -8.946755528450012207e-02 1.272496581077575684e-02
-1.551538109779357910e+00 -9.018370509147644043e-02 7.162012159824371338e-03
-1.536521434783935547e+00 -9.183602780103683472e-02 2.167679369449615479e-03
-1.522011518478393555e+00 -9.409402310848236084e-02 -2.755127847194671631e-03
-1.508039236068725586e+00 -9.695710986852645874e-02 -7.584702223539352417e-03
-1.494632601737976074e+00 -1.004185453057289124e-01 -1.229987293481826782e-02
-1.481816053390502930e+00 -1.044639199972152710e-01 -1.688065007328987122e-02
-1.469612360000610352e+00 -1.090730130672454834e-01 -2.130803465843200684e-02
-1.458042383193969727e+00 -1.142187714576721191e-01 -2.556386590003967285e-02
-1.447126865386962891e+00 -1.198681965470314026e-01 -2.963168174028396606e-02
-1.436886072158813477e+00 -1.259825378656387329e-01 -3.349538892507553101e-02
-1.427340507507324219e+00 -1.325180828571319580e-01 -3.714154660701751709e-02
-1.418510198593139648e+00 -1.394264996051788330e-01 -4.055713862180709839e-02
-1.410415291786193848e+00 -1.466559916734695435e-01 -4.373101890087127686e-02
-1.403077244758605957e+00 -1.541520357131958008e-01 -4.665344953536987305e-02
-1.396516680717468262e+00 -1.618580818176269531e-01 -4.931609332561492920e-02
-1.390752792358398438e+00 -1.697176098823547363e-01 -5.171260237693786621e-02
-1.385805368423461914e+00 -1.776739656925201416e-01 -5.383749306201934814e-02
-1.381691694259643555e+00 -1.856726706027984619e-01 -5.568747967481613159e-02
-1.378588318824768066e+00 -1.937102675437927246e-01 -5.721552670001983643e-02
-1.383805871009826660e+00 -2.016525268554687500e-01 -5.576562881469726562e-02
-1.389590740203857422e+00 -2.094711959362030029e-01 -5.414345115423202515e-02
-1.395890593528747559e+00 -2.171254456043243408e-01 -5.237179994583129883e-02
-1.402657389640808105e+00 -2.245807647705078125e-01 -5.047202855348587036e-02
-1.409847617149353027e+00 -2.318098843097686768e-01 -4.846424609422683716e-02
-1.417422413825988770e+00 -2.387930750846862793e-01 -4.636621475219726562e-02
-1.425348877906799316e+00 -2.455179095268249512e-01 -4.419365525245666504e-02
-1.433598399162292480e+00 -2.519792914390563965e-01 -4.195997864007949829e-02
-1.442272543907165527e+00 -2.574995160102844238e-01 -3.985404968261718750e-02
-1.451481103897094727e+00 -2.613831758499145508e-01 -3.806932270526885986e-02
-1.460935115814208984e+00 -2.652952075004577637e-01 -3.622470796108245850e-02
-1.470640063285827637e+00 -2.694137990474700928e-01 -3.436630219221115112e-02
-1.480577468872070312e+00 -2.735329866409301758e-01 -3.244502097368240356e-02
-1.493593215942382812e+00 -2.781479656696319580e-01 -2.975232154130935669e-02
-1.508399367332458496e+00 -2.830516397953033447e-01 -2.661208063364028931e-02
-1.523581147193908691e+00 -2.880143225193023682e-01 -2.337904274463653564e-02
-1.539131760597229004e+00 -2.930445969104766846e-01 -2.005542069673538208e-02
-1.555044293403625488e+00 -2.981499731540679932e-01 -1.664263010025024414e-02
-1.571314215660095215e+00 -3.033360838890075684e-01 -1.314014196395874023e-02
-1.586999416351318359e+00 -3.090179264545440674e-01 -1.076976209878921509e-02
-1.601292490959167480e+00 -3.155484199523925781e-01 -1.057536900043487549e-02
-1.615882635116577148e+00 -3.221810162067413330e-01 -1.033246517181396484e-02
-1.630759716033935547e+00 -3.289122581481933594e-01 -1.003573089838027954e-02
-1.645910620689392090e+00 -3.357370495796203613e-01 -9.680956602096557617e-03
-1.661316394805908203e+00 -3.426471948623657227e-01 -9.264156222343444824e-03
-1.676954269409179688e+00 -3.496330380439758301e-01 -8.782736957073211670e-03
-1.692797303199768066e+00 -3.566817939281463623e-01 -8.234173059463500977e-03
-1.708813786506652832e+00 -3.637792766094207764e-01 -7.617458701133728027e-03
-1.724966049194335938e+00 -3.709087371826171875e-01 -6.931655108928680420e-03
-1.741212368011474609e+00 -3.780511319637298584e-01 -6.176762282848358154e-03
-1.757507205009460449e+00 -3.851856291294097900e-01 -5.353637039661407471e-03
-1.778738021850585938e+00 -3.958332240581512451e-01 -5.576558411121368408e-03
-1.800055623054504395e+00 -4.065285325050354004e-01 -5.765520036220550537e-03
-1.821291804313659668e+00 -4.171653687953948975e-01 -5.896426737308502197e-03
-1.842382073402404785e+00 -4.277131855487823486e-01 -5.969785153865814209e-03
-1.863260626792907715e+00 -4.381404221057891846e-01 -5.985878407955169678e-03
-1.883022665977478027e+00 -4.481446743011474609e-01 -6.746567785739898682e-03
-1.899451971054077148e+00 -4.570001661777496338e-01 -1.030895859003067017e-02
-1.913572669029235840e+00 -4.680505692958831787e-01 -1.720833033323287964e-02
-1.926095008850097656e+00 -4.803099334239959717e-01 -2.607034891843795776e-02
-1.938175559043884277e+00 -4.922414720058441162e-01 -3.473315387964248657e-02
-1.952513337135314941e+00 -5.013247132301330566e-01 -4.201535135507583618e-02
-1.967291235923767090e+00 -5.091294050216674805e-01 -4.863651841878890991e-02
-1.981398463249206543e+00 -5.165924429893493652e-01 -5.502071231603622437e-02
-1.994793295860290527e+00 -5.236929655075073242e-01 -6.114553660154342651e-02
-2.007439613342285156e+00 -5.304129719734191895e-01 -6.698925048112869263e-02
-2.019310712814331055e+00 -5.367380380630493164e-01 -7.253255695104598999e-02
-2.030388116836547852e+00 -5.426565408706665039e-01 -7.775663584470748901e-02
-2.040662050247192383e+00 -5.481609702110290527e-01 -8.264613896608352661e-02
-2.050133705139160156e+00 -5.532485246658325195e-01 -8.718872815370559692e-02
-2.058813095092773438e+00 -5.579209327697753906e-01 -9.137628227472305298e-02
-2.066720485687255859e+00 -5.621855854988098145e-01 -9.520492702722549438e-02
-2.073885679244995117e+00 -5.660539269447326660e-01 -9.867548197507858276e-02
-2.080347061157226562e+00 -5.695439577102661133e-01 -1.017945036292076111e-01
-2.086152076721191406e+00 -5.726786255836486816e-01 -1.045731976628303528e-01
-2.091354370117187500e+00 -5.754857063293457031e-01 -1.070287153124809265e-01
-2.096016168594360352e+00 -5.779975056648254395e-01 -1.091826781630516052e-01
-2.100202560424804688e+00 -5.802506804466247559e-01 -1.110612824559211731e-01
-2.103981971740722656e+00 -5.822854638099670410e-01 -1.126956567168235779e-01
-2.107426881790161133e+00 -5.841442942619323730e-01 -1.141193881630897522e-01
-2.110606908798217773e+00 -5.858710408210754395e-01 -1.153683289885520935e-01
-2.113590478897094727e+00 -5.875106453895568848e-01 -1.164800450205802917e-01
-2.116441965103149414e+00 -5.891065597534179688e-01 -1.174921616911888123e-01
-2.119220733642578125e+00 -5.907011032104492188e-01 -1.184413209557533264e-01
-2.121978998184204102e+00 -5.923333168029785156e-01 -1.193617805838584900e-01
-2.124760389328002930e+00 -5.940383672714233398e-01 -1.202852502465248108e-01
-2.127597332000732422e+00 -5.958459973335266113e-01 -1.212381497025489807e-01
-2.130513668060302734e+00 -5.977808833122253418e-01 -1.222427710890769958e-01
-2.133522272109985352e+00 -5.998603701591491699e-01 -1.233153417706489563e-01
-2.137918233871459961e+00 -6.021776795387268066e-01 -1.237940117716789246e-01
-2.142784118652343750e+00 -6.046788692474365234e-01 -1.241527423262596130e-01
-2.147548437118530273e+00 -6.073256731033325195e-01 -1.246749833226203918e-01
-2.152137279510498047e+00 -6.101048588752746582e-01 -1.253741383552551270e-01
-2.156464099884033203e+00 -6.129961609840393066e-01 -1.262600421905517578e-01
-2.160435676574707031e+00 -6.159733533859252930e-01 -1.273376941680908203e-01
-2.163951158523559570e+00 -6.190049648284912109e-01 -1.286079287528991699e-01
-2.166911602020263672e+00 -6.220552921295166016e-01 -1.300672590732574463e-01
-2.169220447540283203e+00 -6.250861883163452148e-01 -1.317075788974761963e-01
-2.170786619186401367e+00 -6.280574202537536621e-01 -1.335166394710540771e-01
-2.171532869338989258e+00 -6.309288740158081055e-01 -1.354781687259674072e-01
-2.171394586563110352e+00 -6.336619853973388672e-01 -1.375732123851776123e-01
-2.170408487319946289e+00 -6.365067958831787109e-01 -1.398462355136871338e-01
-2.170906066894531250e+00 -6.395499706268310547e-01 -1.409754157066345215e-01
-2.171819210052490234e+00 -6.423243284225463867e-01 -1.412993967533111572e-01
-2.172140836715698242e+00 -6.447002291679382324e-01 -1.414852440357208252e-01
-2.171876430511474609e+00 -6.466634273529052734e-01 -1.415287256240844727e-01
-2.171046018600463867e+00 -6.482113003730773926e-01 -1.414322257041931152e-01
-2.169682979583740234e+00 -6.493540406227111816e-01 -1.412057280540466309e-01
-2.167836666107177734e+00 -6.501142382621765137e-01 -1.408669650554656982e-01
-2.165681600570678711e+00 -6.505526900291442871e-01 -1.403133273124694824e-01
-2.163466453552246094e+00 -6.509693264961242676e-01 -1.395011842250823975e-01
-2.161158561706542969e+00 -6.515566706657409668e-01 -1.387091577053070068e-01
-2.158744096755981445e+00 -6.520219445228576660e-01 -1.379099190235137939e-01
-2.156310319900512695e+00 -6.524109244346618652e-01 -1.371589601039886475e-01
-2.153946876525878906e+00 -6.527742147445678711e-01 -1.365144848823547363e-01
-2.151748180389404297e+00 -6.531666517257690430e-01 -1.360360085964202881e-01
-2.149809122085571289e+00 -6.536451578140258789e-01 -1.357820928096771240e-01
-2.148206233978271484e+00 -6.541838645935058594e-01 -1.357752680778503418e-01
-2.146970510482788086e+00 -6.545126438140869141e-01 -1.359318196773529053e-01
-2.146228313446044922e+00 -6.549482941627502441e-01 -1.364068984985351562e-01
-2.146046400070190430e+00 -6.555045247077941895e-01 -1.372234523296356201e-01
-2.146478176116943359e+00 -6.561924815177917480e-01 -1.383971571922302246e-01
-2.147569179534912109e+00 -6.570205688476562500e-01 -1.399347186088562012e-01
-2.149346828460693359e+00 -6.579941511154174805e-01 -1.418345272541046143e-01
-2.151827573776245117e+00 -6.591148376464843750e-01 -1.440850198268890381e-01
-2.155010938644409180e+00 -6.603816747665405273e-01 -1.466660201549530029e-01
-2.158881664276123047e+00 -6.617895960807800293e-01 -1.495482027530670166e-01
-2.163408994674682617e+00 -6.633306145668029785e-01 -1.526938676834106445e-01
-2.168709754943847656e+00 -6.652185320854187012e-01 -1.559398174285888672e-01
-2.174575090408325195e+00 -6.672346591949462891e-01 -1.593416929244995117e-01
-2.180918931961059570e+00 -6.693444848060607910e-01 -1.628519892692565918e-01
-2.187648534774780273e+00 -6.715208292007446289e-01 -1.664133667945861816e-01
-2.194663763046264648e+00 -6.737341284751892090e-01 -1.699663400650024414e-01
-2.201853752136230469e+00 -6.759533882141113281e-01 -1.734495162963867188e-01
-2.209103822708129883e+00 -6.781466007232666016e-01 -1.768019795417785645e-01
-2.216294527053833008e+00 -6.802811026573181152e-01 -1.799641847610473633e-01
-2.223306655883789062e+00 -6.823252439498901367e-01 -1.828798949718475342e-01
-2.230024576187133789e+00 -6.842489242553710938e-01 -1.854958832263946533e-01
-2.236337900161743164e+00 -6.860234141349792480e-01 -1.877655088901519775e-01
-2.242144823074340820e+00 -6.876232624053955078e-01 -1.896479129791259766e-01
-2.247357130050659180e+00 -6.890268921852111816e-01 -1.911104023456573486e-01
-2.251898527145385742e+00 -6.902163624763488770e-01 -1.921285092830657959e-01
-2.255712747573852539e+00 -6.911788582801818848e-01 -1.926874518394470215e-01
-2.258759975433349609e+00 -6.919068098068237305e-01 -1.927819550037384033e-01
-2.261025190353393555e+00 -6.923984289169311523e-01 -1.924170851707458496e-01
-2.262513160705566406e+00 -6.926576495170593262e-01 -1.916088461875915527e-01
-2.263494729995727539e+00 -6.930235028266906738e-01 -1.902103424072265625e-01
-2.263942718505859375e+00 -6.934008598327636719e-01 -1.883170902729034424e-01
-2.263808488845825195e+00 -6.936365365982055664e-01 -1.860683262348175049e-01
-2.263189315795898438e+00 -6.937503218650817871e-01 -1.835249066352844238e-01
-2.262204170227050781e+00 -6.937663555145263672e-01 -1.807568073272705078e-01
-2.260990858078002930e+00 -6.937128305435180664e-01 -1.778424680233001709e-01
-2.259707689285278320e+00 -6.936218738555908203e-01 -1.748663783073425293e-01
-2.258526802062988281e+00 -6.935287117958068848e-01 -1.719194054603576660e-01
-2.257632970809936523e+00 -6.934713125228881836e-01 -1.690953671932220459e-01
-2.257219552993774414e+00 -6.934890151023864746e-01 -1.664900779724121094e-01
-2.257483959197998047e+00 -6.936225295066833496e-01 -1.641999781131744385e-01
-2.258623123168945312e+00 -6.939128041267395020e-01 -1.623184680938720703e-01
-2.260828971862792969e+00 -6.943995952606201172e-01 -1.609363555908203125e-01
-2.264286041259765625e+00 -6.951213479042053223e-01 -1.601373255252838135e-01
-2.269163370132446289e+00 -6.961135864257812500e-01 -1.599973738193511963e-01
-2.275611639022827148e+00 -6.974081993103027344e-01 -1.605833470821380615e-01
-2.283760070800781250e+00 -6.990333199501037598e-01 -1.619504094123840332e-01
-2.293710231781005859e+00 -7.010114192962646484e-01 -1.641409695148468018e-01
-2.305538415908813477e+00 -7.033597230911254883e-01 -1.671837270259857178e-01
-2.319286823272705078e+00 -7.060890793800354004e-01 -1.710928678512573242e-01
-2.333774328231811523e+00 -7.093981504440307617e-01 -1.764780879020690918e-01
-2.348016500473022461e+00 -7.134410738945007324e-01 -1.838155388832092285e-01
-2.364042997360229492e+00 -7.178704142570495605e-01 -1.920074224472045898e-01
-2.381775379180908203e+00 -7.226694226264953613e-01 -2.010041475296020508e-01
-2.401108741760253906e+00 -7.278151512145996094e-01 -2.107414007186889648e-01
-2.421912670135498047e+00 -7.332782745361328125e-01 -2.211407423019409180e-01
-2.444034814834594727e+00 -7.390248775482177734e-01 -2.321132123470306396e-01
-2.467302799224853516e+00 -7.450151443481445312e-01 -2.435590624809265137e-01
-2.492180824279785156e+00 -7.521026134490966797e-01 -2.548991739749908447e-01
-2.518085479736328125e+00 -7.597138881683349609e-01 -2.662980258464813232e-01
-2.544562578201293945e+00 -7.674636840820312500e-01 -2.778166234493255615e-01
-2.569715023040771484e+00 -7.864337563514709473e-01 -2.885247468948364258e-01
-2.594076156616210938e+00 -8.099635243415832520e-01 -2.988230586051940918e-01
-2.618384838104248047e+00 -8.331632614135742188e-01 -3.089328408241271973e-01
-2.641168355941772461e+00 -8.560273051261901855e-01 -3.194229304790496826e-01
-2.655368089675903320e+00 -8.794724941253662109e-01 -3.337306082248687744e-01
-2.672270059585571289e+00 -9.023614525794982910e-01 -3.473035693168640137e-01
-2.692534923553466797e+00 -9.258413910865783691e-01 -3.593322634696960449e-01
-2.712771177291870117e+00 -9.497564435005187988e-01 -3.694304227828979492e-01
-2.732381820678710938e+00 -9.718185067176818848e-01 -3.786896467208862305e-01
-2.751274585723876953e+00 -9.918983578681945801e-01 -3.870525062084197998e-01
-2.769368648529052734e+00 -1.009901285171508789e+00 -3.944779038429260254e-01
-2.786596775054931641e+00 -1.025765299797058105e+00 -4.009410440921783447e-01
-2.802899599075317383e+00 -1.039462566375732422e+00 -4.064340293407440186e-01
-2.818230152130126953e+00 -1.050996780395507812e+00 -4.109646081924438477e-01
-2.832553386688232422e+00 -1.060402274131774902e+00 -4.145566523075103760e-01
-2.845843315124511719e+00 -1.067741036415100098e+00 -4.172485768795013428e-01
-2.858083486557006836e+00 -1.073099255561828613e+00 -4.190920889377593994e-01
-2.869269609451293945e+00 -1.076585888862609863e+00 -4.201510250568389893e-01
-2.879403352737426758e+00 -1.078324913978576660e+00 -4.204984605312347412e-01
-2.888497591018676758e+00 -1.078455328941345215e+00 -4.202156066894531250e-01
-2.896569013595581055e+00 -1.077123999595642090e+00 -4.193888306617736816e-01
-2.903644323348999023e+00 -1.074482798576354980e+00 -4.181080162525177002e-01
-2.909754514694213867e+00 -1.070684313774108887e+00 -4.164633452892303467e-01
-2.914813518524169922e+00 -1.065887570381164551e+00 -4.146496951580047607e-01
-2.918694019317626953e+00 -1.060250639915466309e+00 -4.129002988338470459e-01
-2.921965360641479492e+00 -1.053864479064941406e+00 -4.108333587646484375e-01
-2.924672842025756836e+00 -1.046855330467224121e+00 -4.085239768028259277e-01
-2.926860570907592773e+00 -1.039337396621704102e+00 -4.060392677783966064e-01
-2.928460359573364258e+00 -1.031423687934875488e+00 -4.035385251045227051e-01
-2.929040908813476562e+00 -1.023248910903930664e+00 -4.014911055564880371e-01
-2.929057121276855469e+00 -1.014928460121154785e+00 -3.995615243911743164e-01
-2.929015874862670898e+00 -1.008453130722045898e+00 -3.967301547527313232e-01
-2.928520202636718750e+00 -1.001944303512573242e+00 -3.940846025943756104e-01
-2.927634000778198242e+00 -9.954636693000793457e-01 -3.916471302509307861e-01
-2.926421880722045898e+00 -9.890772700309753418e-01 -3.894371092319488525e-01
-2.924954652786254883e+00 -9.828599691390991211e-01 -3.874739408493041992e-01
-2.919458150863647461e+00 -9.775268435478210449e-01 -3.877520859241485596e-01
-2.913193941116333008e+00 -9.726654291152954102e-01 -3.886721432209014893e-01
-2.907177209854125977e+00 -9.682530164718627930e-01 -3.897984325885772705e-01
-2.901607751846313477e+00 -9.644249677658081055e-01 -3.911280632019042969e-01
-2.896716356277465820e+00 -9.613425731658935547e-01 -3.926618695259094238e-01
-2.892760753631591797e+00 -9.591934680938720703e-01 -3.944061994552612305e-01
-2.890032291412353516e+00 -9.581929445266723633e-01 -3.963738381862640381e-01
-2.888851404190063477e+00 -9.585847854614257812e-01 -3.985842764377593994e-01
-2.889567136764526367e+00 -9.606387615203857422e-01 -4.010656177997589111e-01
-2.892554759979248047e+00 -9.646499156951904297e-01 -4.038543403148651123e-01
-2.898210048675537109e+00 -9.709333777427673340e-01 -4.069943726062774658e-01
-2.906948089599609375e+00 -9.798218011856079102e-01 -4.105366766452789307e-01
-2.919191360473632812e+00 -9.916580319404602051e-01 -4.145397543907165527e-01
-2.935368299484252930e+00 -1.006789326667785645e+00 -4.190661311149597168e-01
-2.945538997650146484e+00 -1.032546877861022949e+00 -4.273075759410858154e-01
-2.957868814468383789e+00 -1.064864039421081543e+00 -4.366504848003387451e-01
-2.972606182098388672e+00 -1.103139638900756836e+00 -4.476187527179718018e-01
-2.989917278289794922e+00 -1.147737622261047363e+00 -4.603514671325683594e-01
-3.037853717803955078e+00 -1.203227996826171875e+00 -4.617715179920196533e-01
-3.100414752960205078e+00 -1.268209338188171387e+00 -4.610082209110260010e-01
-3.167597770690917969e+00 -1.347132921218872070e+00 -4.587880074977874756e-01
-3.238605737686157227e+00 -1.433107256889343262e+00 -4.579370915889739990e-01
-3.335207223892211914e+00 -1.481850147247314453e+00 -4.715977311134338379e-01
-3.594889640808105469e+00 -1.540302753448486328e+00 -4.409362077713012695e-01
-3.846406221389770508e+00 -1.597087979316711426e+00 -4.348610937595367432e-01
-4.148382663726806641e+00 -1.670546412467956543e+00 -4.330602586269378662e-01
-4.465724945068359375e+00 -1.747741222381591797e+00 -4.318319261074066162e-01
-4.797159671783447266e+00 -1.828359484672546387e+00 -4.311579763889312744e-01
-5.162492275238037109e+00 -1.922549366950988770e+00 -4.328112304210662842e-01
-7.881573677062988281e+00 -3.139620780944824219e+00 -4.546945989131927490e-01
-9.393737792968750000e+00 -3.823211431503295898e+00 -4.974043071269989014e-01
-9.721637725830078125e+00 -3.958889484405517578e+00 -5.483234524726867676e-01
-9.913188934326171875e+00 -4.033607006072998047e+00 -6.040844321250915527e-01
-1.010981464385986328e+01 -4.108805179595947266e+00 -6.574534773826599121e-01
-1.036327552795410156e+01 -4.192965507507324219e+00 -6.786994338035583496e-01
-1.072477817535400391e+01 -4.322429656982421875e+00 -6.901896595954895020e-01
-1.118214225769042969e+01 -4.487034797668457031e+00 -6.938337683677673340e-01
-1.169675254821777344e+01 -4.659331798553466797e+00 -6.952137351036071777e-01
-1.217499446868896484e+01 -4.818871498107910156e+00 -6.958636641502380371e-01
-1.263993835449218750e+01 -4.972842216491699219e+00 -6.949504017829895020e-01
-1.308930683135986328e+01 -5.120497703552246094e+00 -6.923980116844177246e-01
-1.352104663848876953e+01 -5.261184692382812500e+00 -6.881583333015441895e-01
-1.393334674835205078e+01 -5.394352912902832031e+00 -6.822172999382019043e-01
-1.432467174530029297e+01 -5.519561767578125000e+00 -6.745933890342712402e-01
-1.469374465942382812e+01 -5.636474609375000000e+00 -6.653380990028381348e-01
-1.503387260437011719e+01 -5.742991447448730469e+00 -6.555189490318298340e-01
-1.532676887512207031e+01 -5.833224773406982422e+00 -6.482860445976257324e-01
-1.560099792480468750e+01 -5.916671752929687500e+00 -6.387628912925720215e-01
-1.585622215270996094e+01 -5.993356227874755859e+00 -6.271390318870544434e-01
-1.609228324890136719e+01 -6.063360214233398438e+00 -6.136321425437927246e-01
