1.000000000000000000e+00 -1.000000000000000000e+00 5.000000000000000000e-01
9.945021398966967796e-01 -9.899501670824986110e-01 5.297705170769894112e-01
9.880135502066930142e-01 -9.799558143371832619e-01 5.593627273621770701e-01
9.805406294325287320e-01 -9.700268461208148008e-01 5.887469936580831398e-01
9.720907609023345941e-01 -9.601731023109810748e-01 6.178938840292506063e-01
9.626723054757576614e-01 -9.504043484612296755e-01 6.467742012502205595e-01
9.522945932717790107e-01 -9.407302660296315011e-01 6.753590120214675308e-01
9.409679144266077655e-01 -9.311604426905538689e-01 7.036196759240599397e-01
9.287035088908056624e-01 -9.217043627393370908e-01 7.315278740840710503e-01
9.155135552757572848e-01 -9.123713975994784953e-01 7.590556375180509407e-01
9.014111587605534437e-01 -9.031707964418240753e-01 7.861753751311886251e-01
8.864103380712949898e-01 -8.941116769251583607e-01 8.128599013401365259e-01
8.705260115457529313e-01 -8.852030160674621007e-01 8.390824632928439719e-01
8.537739822972377768e-01 -8.764536412569777779e-01 8.648167676581441921e-01
8.361709224924301909e-01 -8.678722214120825340e-01 8.900370069582707044e-01
8.177343567588157836e-01 -8.594672582988235332e-01 9.147178854179299767e-01
7.984826447382358250e-01 -8.512470780148085892e-01 9.388346443040411771e-01
7.784349628039225477e-01 -8.432198226479858949e-01 9.623630867307580994e-01
7.576112849592249177e-01 -8.353934421186663961e-01 9.852796019049238074e-01
7.360323629370513210e-01 -8.277756862129637128e-01 1.007561188787662987e+00
7.137197055198550855e-01 -8.203740968156351121e-01 1.029185479148400306e+00
6.906955571007723504e-01 -8.131960003501066403e-01 1.050130759988197493e+00
6.669828755072807480e-01 -8.062485004332624605e-01 1.070375995309931882e+00
6.426053091094854341e-01 -7.995384707523605083e-01 1.089900847213488344e+00
6.175871732358608757e-01 -7.930725481712173064e-01 1.108685696294810841e+00
5.919534259199652482e-01 -7.868571260725768513e-01 1.126711661328352987e+00
5.657296430023209810e-01 -7.808983479433405650e-01 1.143960618213183400e+00
5.389419926122974713e-01 -7.752021012090958285e-01 1.160415218163733941e+00
5.116172090554580443e-01 -7.697740113241284821e-01 1.176058905126934562e+00
4.837825661324265392e-01 -7.646194361228543235e-01 1.190875932408248072e+00
4.554658499159024432e-01 -7.597434604383388468e-01 1.204851378489910418e+00
4.266953310129953936e-01 -7.551508909933121183e-01 1.217971162025486498e+00
3.974997363405695650e-01 -7.508462515688105743e-01 1.230222055995672914e+00
3.679082204417750690e-01 -7.468337784553027436e-01 1.241591701011119264e+00
3.379503363724068454e-01 -7.431174161908721265e-01 1.252068617748888224e+00
3.076560061861634554e-01 -7.397008135907441329e-01 1.261642218510041324e+00
2.770554910482818656e-01 -7.365873200721552161e-01 1.270302817886715285e+00
2.461793610073987615e-01 -7.337799822782633541e-01 1.278041642527941502e+00
2.150584644558333203e-01 -7.312815410045044873e-01 1.284850839994363003e+00
1.837238973088004268e-01 -7.290944284304937684e-01 1.290723486692913813e+00
1.522069719333473681e-01 -7.272207656602689418e-01 1.295653594883442228e+00
1.205391858580599912e-01 -7.256623605733619753e-01 1.299636118750189695e+00
8.875219029480620192e-02 -7.244207059888748690e-01 1.302666959531969315e+00
5.687775850397570193e-02 -7.234969781444260395e-01 1.304742969705830813e+00
2.494775403483382933e-02 -7.228920354915141511e-01 1.305861956219940945e+00
-7.005901127264580960e-03 -7.226064178085335188e-01 1.306022682772364440e+00
-3.895125847495961580e-02 -7.226403456323564622e-01 1.305224871133378706e+00
-7.085637492236307455e-02 -7.229937200090796878e-01 1.303469201509913411e+00
-1.026893447459892861e-01 -7.236661225642124773e-01 1.300757311951667994e+00
-1.344183314912017202e-01 -7.246568158922654934e-01 1.297091796799409558e+00
-1.660115998122681791e-01 -7.259647442653789362e-01 1.292476204176921328e+00
-1.974375472141814136e-01 -7.275885346603110371e-01 1.286915032529019509e+00
-2.286647356644968820e-01 -7.295264981027873574e-01 1.280413726209017611e+00
-2.596619230435671111e-01 -7.317766313278968315e-01 1.272978670119962352e+00
-2.903980944017099386e-01 -7.343366187549013047e-01 1.264617183414916024e+00
-3.208424929920392632e-01 -7.372038347745127895e-01 1.255337512262498123e+00
-3.509646510479074721e-01 -7.403753463463802476e-01 1.245148821684838092e+00
-3.807344202741616002e-01 -7.438479159042146183e-01 1.234061186476015592e+00
-4.101220020216991280e-01 -7.476180045656771744e-01 1.222085581209986227e+00
-4.390979771151224398e-01 -7.516817756438470832e-01 1.209233869347903001e+00
-4.676333353036357665e-01 -7.560350984567855148e-01 1.195518791455643104e+00
-4.956995043057023653e-01 -7.606735524314131025e-01 1.180953952543242869e+00
-5.232683784183823628e-01 -7.655924314976237932e-01 1.165553808538819958e+00
-5.503123466627064531e-01 -7.707867487682681373e-01 1.149333651910430243e+00
-5.768043204368991095e-01 -7.762512415003509636e-01 1.132309596450160605e+00
-6.027177606497576834e-01 -7.819803763325091639e-01 1.114498561235595098e+00
-6.280267043070074662e-01 -7.879683547935563137e-01 1.095918253784619711e+00
-6.527057905240017943e-01 -7.942091190766117359e-01 1.076587152420334537e+00
-6.767302859387026581e-01 -8.006963580730628305e-01 1.056524487863639061e+00
-7.000761094994785161e-01 -8.074235136603515883e-01 1.035750224071822823e+00
-7.227198566028765203e-01 -8.143837872373205222e-01 1.014285038342257916e+00
-7.446388225571753949e-01 -8.215701465006056692e-01 9.921503007010178399e-01
-7.658110253481962282e-01 -8.289753324553221780e-01 9.693680525969706752e-01
-7.862152276845445487e-01 -8.365918666530538506e-01 9.459609849225871780e-01
-8.058309583001758147e-01 -8.444120586499292980e-01 9.219524153833805746e-01
-8.246385324929157434e-01 -8.524280136773475514e-01 8.973662652385484551e-01
-8.426190718783312938e-01 -8.606316405177018014e-01 8.722270354360169842e-01
-8.597545233391277186e-01 -8.690146595772447746e-01 8.465597821656969391e-01
-8.760276771510533411e-01 -8.775686111480414109e-01 8.203900918553425070e-01
-8.914221842671112839e-01 -8.862848638507641041e-01 7.937440556339663278e-01
-9.059225727427224761e-01 -8.951546232499055789e-01 7.666482432882960607e-01
-9.195142632853356979e-01 -9.041689406328096146e-01 7.391296767382685706e-01
-9.321835839128600476e-01 -9.133187219437561843e-01 7.112158030580416623e-01
-9.439177837061809573e-01 -9.225947368641820301e-01 6.829344670694574848e-01
-9.547050456419274855e-01 -9.319876280299698168e-01 6.543138835353250471e-01
-9.645344984925756648e-01 -9.414879203766024496e-01 6.253826089802891897e-01
-9.733962277819062647e-01 -9.510860306028486866e-01 5.961695131674298320e-01
-9.812812857847756920e-01 -9.607722767435287192e-01 5.667037502590812625e-01
-9.881817005611163163e-01 -9.705368878417964806e-01 5.370147296906800927e-01
-9.940904840150451838e-01 -9.803700137112779656e-01 5.071320867867392668e-01
-9.990016389709361899e-01 -9.902617347783100321e-01 4.770856531483074203e-01
-1.002910165259289554e+00 -1.000202071994447550e+00 4.469054268415022513e-01
-1.005812064806226758e+00 -1.010180996809331599e+00 4.166215424169092962e-01
-1.007704345721429862e+00 -1.020188441193954798e+00 3.862642407898091990e-01
-1.008585025380348998e+00 -1.030214307704302001e+00 3.558638390113379457e-01
-1.008453132497505234e+00 -1.040248479575311080e+00 3.254506999607967854e-01
-1.007308708188723756e+00 -1.050280830835061074e+00 2.950552019894097655e-01
-1.005152806021146317e+00 -1.060301236429076921e+00 2.647077085458783841e-01
-1.001987491050879475e+00 -1.070299582344627520e+00 2.344385378141035092e-01
-9.978158378491519542e-01 -1.080265775724895461e+00 2.042779323934356683e-01
-9.926419275188618219e-01 -1.090189754962901825e+00 1.742560290517743971e-01
-9.864708437044076295e-01 -1.100061499765092377e+00 1.444028285817679502e-01
-9.793086675987011658e-01 -1.109871041174520290e+00 1.147481657902637980e-01
-9.711624719522652383e-01 -1.119608471543598105e+00 8.532167965103000518e-02
-9.620403140903163175e-01 -1.129263954446442897e+00 5.615278365060698967e-02
-9.519512279447258640e-01 -1.138827734520898138e+00 2.727063635695873775e-02
-9.409052151087381466e-01 -1.148290147230384584e+00 -1.295887759627545668e-03
-9.289132349233020225e-01 -1.157641628535811318e+00 -2.951822722419399081e-02
-9.159871936048414875e-01 -1.166872724467868272e+00 -5.736816214439618977e-02
-9.021399324252511454e-01 -1.175974100590119642e+00 -8.481784245880605311e-02
-8.873852149558490998e-01 -1.184936551343426681e+00 -1.118398158179569474e-01
-8.717377133879588014e-01 -1.193751009262343565e+00 -1.384070550702192481e-01
-8.552129939437146389e-01 -1.202408554054262169e+00 -1.644929853249872398e-01
-8.378275013915982283e-01 -1.210900421532212334e+00 -1.900715105660783222e-01
-8.195985426821060793e-01 -1.219218012392373041e+00 -2.151170397886927599e-01
-8.005442697198350555e-01 -1.227352900827506144e+00 -2.396045126337564002e-01
-7.806836612891320248e-01 -1.235296842967680719e+00 -2.635094244939689689e-01
-7.600365041513056363e-01 -1.243041785139835875e+00 -2.868078510664061609e-01
-7.386233733322266071e-01 -1.250579871937907095e+00 -3.094764723270754803e-01
-7.164656116199542568e-01 -1.257903454095425477e+00 -3.314925959034007441e-01
-6.935853082928193913e-01 -1.265005096152706621e+00 -3.528341798212112357e-01
-6.700052770991636875e-01 -1.271877583910937526e+00 -3.734798546034333033e-01
-6.457490335106870205e-01 -1.278513931665693049e+00 -3.934089446983298211e-01
-6.208407712720820371e-01 -1.284907389212628148e+00 -4.126014892158003100e-01
-5.953053382703414886e-01 -1.291051448618319997e+00 -4.310382619509450230e-01
-5.691682117478051861e-01 -1.296939850749468492e+00 -4.487007906748067820e-01
-5.424554728836725737e-01 -1.302566591553904418e+00 -4.655713756729358832e-01
-5.151937807693407478e-01 -1.307925928087104284e+00 -4.816331075131726758e-01
-4.874103458035357050e-01 -1.313012384278159805e+00 -4.968698840248127468e-01
-4.591329025337868019e-01 -1.317820756429416429e+00 -5.112664264721055174e-01
-4.303896819713518007e-01 -1.322346118444255092e+00 -5.248082949058419100e-01
-4.012093834072271159e-01 -1.326583826777767205e+00 -5.374819026776066488e-01
-3.716211457573802557e-01 -1.330529525105345723e+00 -5.492745301021063620e-01
-3.416545184658147938e-01 -1.334179148704501827e+00 -5.601743372538368071e-01
-3.113394319945219091e-01 -1.337528928545495877e+00 -5.701703758852142423e-01
-2.807061679297895851e-01 -1.340575395086669896e+00 -5.792526004541753704e-01
-2.497853287347259754e-01 -1.343315381770657124e+00 -5.874118782501395186e-01
-2.186078071782095178e-01 -1.345746028217948531e+00 -5.946399986081259970e-01
-1.872047554708063388e-01 -1.347864783114593124e+00 -6.009296812017314027e-01
-1.556075541384887850e-01 -1.349669406791117465e+00 -6.062745834065916828e-01
-1.238477806652562713e-01 -1.351157973490060504e+00 -6.106693067268830211e-01
-9.195717793599167411e-02 -1.352328873319825542e+00 -6.141094022783500916e-01
-5.996762251109040431e-02 -1.353180813892868262e+00 -6.165913753222953542e-01
-2.791109276456922583e-02 -1.353712821646554154e+00 -6.181126888459095303e-01
4.180363082497740718e-03 -1.353924242845337078e+00 -6.186717661852778605e-01
3.627465900126167209e-02 -1.353814744263226677e+00 -6.182679926883526411e-01
6.833970323507006228e-02 -1.353384313545834772e+00 -6.169017164161438860e-01
1.003434303880525597e-01 -1.352633259251608600e+00 -6.145742478813389642e-01
1.322538334902364499e-01 -1.351562210572182288e+00 -6.112878588245270750e-01
1.640389960071270969e-01 -1.350172116732095695e+00 -6.070457800291652051e-01
1.956671237617416959e-01 -1.348464246068453498e+00 -6.018521981773835572e-01
2.271065767371686639e-01 -1.346440184791415140e+00 -5.957122517496890035e-01
2.583259007278423391e-01 -1.344101835426725566e+00 -5.886320259725791315e-01
2.892938588078705631e-01 -1.341451414941817966e+00 -5.806185468190344645e-01
3.199794625849329277e-01 -1.338491452557330597e+00 -5.716797740678017936e-01
3.503520032084790348e-01 -1.335224787246200195e+00 -5.618245934283240262e-01
3.803810821011993082e-01 -1.331654564922803541e+00 -5.510628077391077628e-01
4.100366413830143220e-01 -1.327784235324929840e+00 -5.394051272482449644e-01
4.392889939571331670e-01 -1.323617548591673687e+00 -5.268631589857253328e-01
4.681088532280673897e-01 -1.319158551540644542e+00 -5.134493952380846382e-01
4.964673624218517989e-01 -1.314411583648186443e+00 -4.991772011368322270e-01
5.243361234791181769e-01 -1.309381272736601876e+00 -4.840608013729886805e-01
5.516872254920930363e-01 -1.304072530372664351e+00 -4.681152660509391161e-01
5.784932726570432004e-01 -1.298490546981997618e+00 -4.513564956956701568e-01
6.047274117141770988e-01 -1.292640786684177145e+00 -4.338012054283051366e-01
6.303633588475151539e-01 -1.286528981853697573e+00 -4.154669083256866124e-01
6.553754260177862001e-01 -1.280161127412215993e+00 -3.963718979805710974e-01
6.797385467019657623e-01 -1.273543474857757873e+00 -3.765352302798029016e-01
7.034283010136664904e-01 -1.266682526036828182e+00 -3.559767044186168405e-01
7.264209401792065535e-01 -1.259585026665636320e+00 -3.347168431699852342e-01
7.486934103448239508e-01 -1.252257959606887683e+00 -3.127768724286708046e-01
7.702233756911712748e-01 -1.244708537908842727e+00 -2.901787000503753267e-01
7.909892408319155743e-01 -1.236944197613583096e+00 -2.669448940070785481e-01
8.109701724739830642e-01 -1.228972590341655957e+00 -2.430986598803496490e-01
8.301461203177228354e-01 -1.220801575660488858e+00 -2.186638177150758422e-01
8.484978371760233395e-01 -1.212439213244189018e+00 -1.936647782566952858e-01
8.660068982921933500e-01 -1.203893754832547014e+00 -1.681265185956394292e-01
8.826557198372196877e-01 -1.195173635997265560e+00 -1.420745572432850490e-01
8.984275765678317871e-01 -1.186287467723631917e+00 -1.155349286642867596e-01
9.133066186276403986e-01 -1.177244027816032990e+00 -8.853415729070661377e-02
9.272778874744744826e-01 -1.168052252135891145e+00 -6.109923104387795373e-02
9.403273309179114303e-01 -1.158721225680768185e+00 -3.325757439043505043e-02
9.524418172518832604e-01 -1.149260173513542149e+00 -5.037020959408403109e-03
9.636091484681477137e-01 -1.139678451550713678e+00 2.353421425227317232e-02
9.738180725373269953e-01 -1.129985537219040825e+00 5.242756305811854811e-02
9.830582947451522724e-01 -1.120191019989832837e+00 8.161413261610689363e-02
9.913204880724920676e-01 -1.110304591800356455e+00 1.110647342899172413e-01
9.985963026086999150e-01 -1.100336037371921982e+00 1.407499128085256401e-01
1.004878373988781881e+00 -1.090295224434323140e+00 1.706399756950395252e-01
1.010160330845859100e+00 -1.080192093866393366e+00 2.007050229353671833e-01
1.014436801271385358e+00 -1.070036649762533321e+00 2.309149768570776251e-01
1.017703418276570959e+00 -1.059838949435133459e+00 2.612396121885934841e-01
1.019956824249459881e+00 -1.049609093362882328e+00 2.916485862686764574e-01
1.021194674403117064e+00 -1.039357215095009224e+00 3.221114693760115388e-01
1.021415639211383120e+00 -1.029093471121548919e+00 3.525977751485744882e-01
1.020619405829672255e+00 -1.018828030719755251e+00 3.830769910623728070e-01
1.018806678499300622e+00 -1.008571065786816545e+00 4.135186089390902597e-01
1.015979177934849043e+00 -9.983327406690347683e-01 4.438921554521317314e-01
1.012139639695081694e+00 -9.881232019976396996e-01 4.741672226005652635e-01
1.007291811538957305e+00 -9.779525685414021119e-01 5.043134981204864253e-01
1.001440449769287255e+00 -9.678309210861935075e-01 5.343007958033911819e-01
9.945913145676024136e-01 -9.577682923516149804e-01 5.640990856912325713e-01
9.867511643248065845e-01 -9.477746569547804700e-01 5.936785241179575179e-01
9.779277489731902362e-01 -9.378599214312945964e-01 6.230094835674711007e-01
9.681298023263871233e-01 -9.280339143234079824e-01 6.520625823181565028e-01
9.573670334348401978e-01 -9.183063763452676831e-01 6.808087138442885378e-01
9.456501169653337424e-01 -9.086869506351028525e-01 7.092190759449208404e-01
9.329906826141227683e-01 -8.991851731041008433e-01 7.372651995710951534e-01
9.194013035641595000e-01 -8.898104628916332359e-01 7.649189773225206768e-01
9.048954839978722298e-01 -8.805721129363845989e-01 7.921526915852000750e-01
8.894876456778973983e-01 -8.714792806728227648e-01 8.189390422818336734e-01
8.731931136091001244e-01 -8.625409788623250584e-01 8.452511742072191803e-01
8.560281007961361155e-01 -8.537660665681398031e-01 8.710627039212768263e-01
8.380096921117156095e-01 -8.451632402832214286e-01 8.963477461727690221e-01
8.191558272916193983e-01 -8.367410252198239640e-01 9.210809398272504778e-01
7.994852830733921722e-01 -8.285077667695762704e-01 9.452374732732786722e-01
7.790176544964951821e-01 -8.204716221425951694e-01 9.687931092814336953e-01
7.577733353825419904e-01 -8.126405521940116561e-01 9.917242092912409435e-01
7.357734980150606452e-01 -8.050223134461000907e-01 1.014007757101660800e+00
7.130400720390304148e-01 -7.976244503140051956e-01 1.035621381941401964e+00
6.895957226012192631e-01 -7.904542875428594018e-01 1.056543380895935691e+00
6.654638277531139678e-01 -7.835189228638707037e-01 1.076752740668726949e+00
6.406684551389698612e-01 -7.768252198767449102e-01 1.096229158654862923e+00
6.152343379922265987e-01 -7.703798011655794697e-01 1.114953063305945902e+00
5.891868504642299165e-01 -7.641890416551330167e-01 1.132905633765823428e+00
5.625519823098672489e-01 -7.582590622141364145e-01 1.150068818757454592e+00
5.353563129553725597e-01 -7.525957235120621647e-01 1.166425354701961847e+00
5.076269849741744666e-01 -7.472046201355193595e-01 1.181958783051680895e+00
4.793916769972564329e-01 -7.420910749701795650e-01 1.196653466819805001e+00
4.506785760850650635e-01 -7.372601338538753435e-01 1.210494606290025033e+00
4.215163495885450584e-01 -7.327165605062431197e-01 1.223468253890381829e+00
3.919341165273899086e-01 -7.284648317400035378e-01 1.235561328216384425e+00
3.619614185140853646e-01 -7.245091329586946793e-01 1.246761627189293176e+00
3.316281902527780101e-01 -7.208533539453850780e-01 1.257057840336335497e+00
3.009647296424293184e-01 -7.175010849466033624e-01 1.266439560180494084e+00
2.700016675141139744e-01 -7.144556130554270412e-01 1.274897292728399245e+00
2.387699370326896997e-01 -7.117199188973749591e-01 1.282422467045758019e+00
2.073007427934043800e-01 -7.092966736224427526e-01 1.289007443910661133e+00
1.756255296443134939e-01 -7.071882362063178773e-01 1.294645523536034570e+00
1.437759512656585914e-01 -7.053966510635004683e-01 1.299330952353428437e+00
1.117838385376025007e-01 -7.039236459747437724e-01 1.303058928851276610e+00
7.968116772793243374e-02 -7.027706303309161351e-01 1.305825608461703480e+00
4.750002853152381771e-02 -7.019386936950686717e-01 1.307628107490906189e+00
1.527259199350997597e-02 -7.014286046841740063e-01 1.308464506089095813e+00
-1.696892165177906267e-02 -7.012408101716849362e-01 1.308333850256941933e+00
-4.919227519395755199e-02 -7.013754348117373638e-01 1.307236152886427138e+00
-8.136524667959915691e-02 -7.018322808855035344e-01 1.305172393834983291e+00
-1.134556616328975254e-01 -7.026108284698777684e-01 1.302144519032750303e+00
-1.454314252317534251e-01 -7.037102359283543551e-01 1.298155438623760816e+00
-1.772605544071107209e-01 -7.051293407236374211e-01 1.293209024142823571e+00
-2.089112098334379164e-01 -7.068666605511971790e-01 1.287310104730841509e+00
-2.403517277783573103e-01 -7.089203947926699945e-01 1.280464462392262748e+00
-2.715506517795623354e-01 -7.112884262876754127e-01 1.272678826299319610e+00
-3.024767641173330968e-01 -7.139683234223102026e-01 1.263960866148664985e+00
-3.330991170511619637e-01 -7.169573425322562921e-01 1.254319184576965895e+00
-3.633870637892336886e-01 -7.202524306181306013e-01 1.243763308642949594e+00
-3.933102891597694550e-01 -7.238502283703884821e-01 1.232303680384338351e+00
-4.228388399535386033e-01 -7.277470735007837144e-01 1.219951646459031425e+00
-4.519431549071693532e-01 -7.319390043770833687e-01 1.206719446880808455e+00
-4.805940942972443120e-01 -7.364217639574273111e-01 1.192620202860737111e+00
-5.087629691155550749e-01 -7.411908040204280290e-01 1.177667903766362878e+00
-5.364215697963045093e-01 -7.462412896868068080e-01 1.161877393211639520e+00
-5.635421944664921190e-01 -7.515681042280704105e-01 1.145264354291431808e+00
-5.900976766911919524e-01 -7.571658541574468604e-01 1.127845293975278551e+00
-6.160614126859328410e-01 -7.630288745980146059e-01 1.109637526675943509e+00
-6.414073879689250468e-01 -7.691512349226828915e-01 1.090659157009111757e+00
-6.661102034264315686e-01 -7.755267446604078296e-01 1.070929061761395795e+00
-6.901451007651685510e-01 -7.821489596627619889e-01 1.050466871084612785e+00
-7.134879873262286454e-01 -7.890111885247164114e-01 1.029292948935065066e+00
-7.361154602356594356e-01 -7.961064992532360662e-01 1.007428372777317005e+00
-7.580048298674871843e-01 -8.034277261770432776e-01 9.848949125726959020e-01
-7.791341425956630484e-01 -8.109674770906630803e-01 9.617150090734614132e-01
-7.994822028121191249e-01 -8.187181406256259786e-01 9.379117514442867343e-01
-8.190285941888501009e-01 -8.266718938414796547e-01 9.135088542333662520e-01
-8.377537001626936819e-01 -8.348207100290383487e-01 8.885306337161187340e-01
-8.556387236222562365e-01 -8.431563667180861366e-01 8.630019836350841800e-01
-8.726657057772255754e-01 -8.516704538815458303e-01 8.369483503602170860e-01
-8.888175441911314589e-01 -8.603543823279284908e-01 8.103957074943626271e-01
-9.040780099594453167e-01 -8.691993922736864775e-01 7.833705299492580432e-01
-9.184317640157674267e-01 -8.781965620869175426e-01 7.558997675179327524e-01
-9.318643725497162134e-01 -8.873368171936895088e-01 7.280108179698880910e-01
-9.443623215210250610e-01 -8.966109391380971960e-01 6.997314996959161926e-01
-9.559130302552510949e-01 -9.060095747870038352e-01 6.710900239298694947e-01
-9.665048641074189817e-01 -9.155232456702779853e-01 6.421149665751202384e-01
-9.761271461808536110e-01 -9.251423574471967504e-01 6.128352396638443444e-01
-9.847701680893983234e-01 -9.348572094895634121e-01 5.832800624776351972e-01
-9.924251997521714719e-01 -9.446580045719648044e-01 5.534789323582945952e-01
-9.990844982109806649e-01 -9.545348586594911700e-01 5.234615952379588766e-01
-1.004741315461488815e+00 -9.644778107831391001e-01 4.932580159180028900e-01
-1.009389905290214440e+00 -9.744768329930306727e-01 4.628983481264175581e-01
-1.013025529110438638e+00 -9.845218403795040762e-01 4.324129043835815422e-01
-1.015644460791094383e+00 -9.946027011520616190e-01 4.018321257065411989e-01
-1.017243990473718274e+00 -1.004709246766100961e+00 3.711865511820777730e-01
-1.017822427373557437e+00 -1.014831282087309994e+00 3.405067874389742233e-01
-1.017379101561939558e+00 -1.024958595583563170e+00 3.098234780499978247e-01
-1.015914364728031316e+00 -1.035080969534132311e+00 2.791672728941880233e-01
-1.013429589919131901e+00 -1.045188190246004067e+00 2.485687975100805414e-01
-1.009927170259669715e+00 -1.055270058267089750e+00 2.180586224705118314e-01
-1.005410516650091735e+00 -1.065316398586114044e+00 1.876672328096280484e-01
-9.998840544478521108e-01 -1.075317070808984310e+00 1.574249975326737216e-01
-9.933532191337310913e-01 -1.085261979301460400e+00 1.273621392390555662e-01
-9.858244509677233092e-01 -1.095141083287981543e+00 9.750870388906569819e-02
-9.773051886397481347e-01 -1.104944406896547937e+00 6.789453074450813030e-02
-9.678038619214425209e-01 -1.114662049139608868e+00 3.854922251330114569e-02
-9.573298833262918750e-01 -1.124284193820970223e+00 9.502115727926679217e-03
-9.458936387863501327e-01 -1.133801119358809339e+00 -1.921774861263303782e-02
-9.335064773547825379e-01 -1.143203208514969038e+00 -4.758165410809223755e-02
-9.201806999444401836e-01 -1.152480958020789314e+00 -7.556123770010264584e-02
-9.059295471136398215e-01 -1.161624988089848154e+00 -1.031285180647689287e-01
-8.907671859112769042e-01 -1.170626051808085766e+00 -1.302559236260168452e-01
-8.747086957943402963e-01 -1.179475044391912197e+00 -1.569163201617688741e-01
-8.577700536318271229e-01 -1.188163012305028410e+00 -1.830830379752868553e-01
-8.399681178099700496e-01 -1.196681162224837003e+00 -2.087298986044733295e-01
-8.213206114545893444e-01 -1.205020869849454668e+00 -2.338312410423829257e-01
-8.018461047872670333e-01 -1.213173688536514083e+00 -2.583619474426814833e-01
-7.815639966329074317e-01 -1.221131357765097958e+00 -2.822974682843032435e-01
-7.604944950970982109e-01 -1.228885811412326889e+00 -3.056138469700947491e-01
-7.386585974325183823e-01 -1.236429185836312339e+00 -3.282877438347979737e-01
-7.160780691144527088e-01 -1.243753827757372088e+00 -3.502964595383135649e-01
-6.927754221462635309e-01 -1.250852301929609833e+00 -3.716179578207974288e-01
-6.687738926164434883e-01 -1.257717398595169733e+00 -3.922308875967801534e-01
-6.440974175296229065e-01 -1.264342140713693441e+00 -4.121146043661572667e-01
-6.187706109346341465e-01 -1.270719790959728535e+00 -4.312491909205798946e-01
-5.928187393734385413e-01 -1.276843858481072180e+00 -4.496154773244773750e-01
-5.662676966754046637e-01 -1.282708105411269894e+00 -4.671950601506676959e-01
-5.391439781220821459e-01 -1.288306553129735743e+00 -4.839703209512540294e-01
-5.114746540082483195e-01 -1.293633488263212117e+00 -4.999244439452695254e-01
-4.832873426256087401e-01 -1.298683468422544118e+00 -5.150414329053137896e-01
-4.546101826961146397e-01 -1.303451327669007620e+00 -5.293061272262233885e-01
-4.254718052824122965e-01 -1.307932181704703378e+00 -5.427042171596353493e-01
-3.959013052034638380e-01 -1.312121432781799157e+00 -5.552222581991361761e-01
-3.659282119838774827e-01 -1.316014774325689141e+00 -5.668476846015344517e-01
-3.355824603659531280e-01 -1.319608195267419015e+00 -5.775688220306605114e-01
-3.048943604138896202e-01 -1.322897984081019551e+00 -5.873748993109706440e-01
-2.738945672400106002e-01 -1.325880732521687477e+00 -5.962560592791235070e-01
-2.426140503832455997e-01 -1.328553339061043559e+00 -6.042033687225963901e-01
-2.110840628704543920e-01 -1.330913012016012198e+00 -6.112088273953221185e-01
-1.793361099915022350e-01 -1.332957272368159973e+00 -6.172653761012476537e-01
-1.474019178192824409e-01 -1.334683956270651395e+00 -6.223669038376484774e-01
-1.153134015061408335e-01 -1.336091217240283680e+00 -6.265082539909709869e-01
-8.310263338838264069e-02 -1.337177528032381879e+00 -6.296852295789222564e-01
-5.080181093073771886e-02 -1.337941682196649884e+00 -6.318945975334798737e-01
-1.844322454282238885e-02 -1.338382795312395235e+00 -6.331340920204527878e-01
1.394077470023269254e-02 -1.338500305901860088e+00 -6.334024167921871173e-01
4.631780740072052871e-02 -1.338293976020719978e+00 -6.326992465709770919e-01
7.865549821252715290e-02 -1.337763891525128201e+00 -6.310252274617116353e-01
1.109215082141637027e-01 -1.336910462015010514e+00 -6.283819763932551039e-01
1.430835672482906884e-01 -1.335734420453637883e+00 -6.247720795890345791e-01
1.751095061953946153e-01 -1.334236822463828354e+00 -6.201990900682747831e-01
2.069672891493400113e-01 -1.332419045301453053e+00 -6.146675241802925793e-01
2.386250454626152873e-01 -1.330282786507243076e+00 -6.081828571752290191e-01
2.700511016292177491e-01 -1.327830062238216202e+00 -6.007515178155614644e-01
3.012140129732833738e-01 -1.325063205280364587e+00 -5.923808820336965431e-01
3.320825951117572505e-01 -1.321984862744559841e+00 -5.830792656419017117e-01
3.626259551596252573e-01 -1.318597993447952810e+00 -5.728559161017777734e-01
3.928135226464798402e-01 -1.314905864983455075e+00 -5.617210033614183917e-01
4.226150801134810897e-01 -1.310912050480209867e+00 -5.496856097693353371e-01
4.520007933600891925e-01 -1.306620425058257151e+00 -5.367617190751502454e-01
4.809412413102928663e-01 -1.302035161980915401e+00 -5.229622045279702647e-01
5.094074454684355269e-01 -1.297160728508699234e+00 -5.083008160842662493e-01
5.373708989351491105e-01 -1.292001881458887613e+00 -4.927921667379649984e-01
5.648035949543422918e-01 -1.286563662475164183e+00 -4.764517179863450580e-01
5.916780549626560193e-01 -1.280851393012025330e+00 -4.592957644461910238e-01
6.179673561132951187e-01 -1.274870669038950632e+00 -4.413414176355127116e-01
6.436451582466663490e-01 -1.268627355469604367e+00 -4.226065889369706730e-01
6.686857302808048020e-01 -1.262127580321613873e+00 -4.031099717599703203e-01
6.930639759951494616e-01 -1.255377728612738997e+00 -3.828710229191878978e-01
7.167554591818293686e-01 -1.248384435999514430e+00 -3.619099432480786804e-01
7.397364281392563301e-01 -1.241154582164700537e+00 -3.402476574666827847e-01
7.619838394834721473e-01 -1.233695283960133837e+00 -3.179057933237922628e-01
7.834753812533804540e-01 -1.226013888311810796e+00 -2.949066600342702960e-01
8.041894952866956991e-01 -1.218117964894276151e+00 -2.712732260330199541e-01
8.241053988441693345e-01 -1.210015298581624377e+00 -2.470290960677848646e-01
8.432031054604042231e-01 -1.201713881682638041e+00 -2.221984876536282072e-01
8.614634450003368915e-01 -1.193221905967810637e+00 -1.968062069125755542e-01
8.788680829012632811e-01 -1.184547754496205973e+00 -1.708776238225249156e-01
8.953995385810924468e-01 -1.175699993250310049e+00 -1.444386469001197604e-01
9.110412029943472101e-01 -1.166687362587220056e+00 -1.175156973428491264e-01
9.257773553182809811e-01 -1.157518768514706586e+00 -9.013568265618182584e-02
9.395931787523467138e-01 -1.148203273800850299e+00 -6.232596979205918403e-02
9.524747754151411394e-01 -1.138750088926133275e+00 -3.411435782556157537e-02
9.644091803238460381e-01 -1.129168562887015170e+00 -5.529050197028236371e-03
9.753843744421069051e-01 -1.119468173860177496e+00 2.340137345265317845e-02
9.853892967832172944e-01 -1.109658519736756555e+00 5.264798582546146438e-02
9.944138555564229209e-01 -1.099749308536021930e+00 8.218154085985426849e-02
1.002448938345112506e+00 -1.089750348708072192e+00 1.119725029457183108e-01
1.009486421306632353e+00 -1.079671539335234520e+00 1.419910764314737117e-01
1.015519177384435867e+00 -1.069522860241958639e+00 1.722072353938543243e-01
1.020541083524269865e+00 -1.059314362023085154e+00 2.025907536406200138e-01
1.024547026887089984e+00 -1.049056156000450990e+00 2.331112349162219322e-01
1.027532910052403992e+00 -1.038758404117869238e+00 2.637381432802358150e-01
1.029495655206749793e+00 -1.028431308784582665e+00 2.944408336282028360e-01
1.030433207313026456e+00 -1.018085102677338982e+00 3.251885823243726437e-01
1.030344536257419730e+00 -1.007730038511284842e+00 3.559506179157282402e-01
1.029229637971681433e+00 -9.973763787899018185e-01 3.866961518965888467e-01
1.027089534529550319e+00 -9.870343855442329506e-01 4.173944094930330806e-01
1.023926273217123706e+00 -9.767143100716563220e-01 4.480146604363622331e-01
1.019742924578018073e+00 -9.664263826844701200e-01 4.785262496948319288e-01
1.014543579435180920e+00 -9.561808024785363180e-01 5.088986281329191952e-01
1.008333344892239580e+00 -9.459877271322190140e-01 5.391013830674614704e-01
1.001118339318293637e+00 -9.358572627458174864e-01 5.691042686901052194e-01
9.929056863210740103e-01 -9.257994537316588390e-01 5.988772363256315012e-01
9.837035077144044015e-01 -9.158242727649636983e-01 6.283904644958882013e-01
9.735209154869054471e-01 -9.059416108055384775e-01 6.576143887592501569e-01
9.623680027798845460e-01 -8.961612672002782221e-01 6.865197312957495024e-01
9.502558338833407836e-01 -8.864929398763837787e-01 7.150775302082716944e-01
9.371964332600015712e-01 -8.769462156351077731e-01 7.432591685104910084e-01
9.232027736082781821e-01 -8.675305605557436239e-01 7.710364027725342684e-01
9.082887629759894832e-01 -8.582553105194625775e-01 7.983813913956961938e-01
8.924692309376539567e-01 -8.491296618624855075e-01 8.252667224879025598e-01
8.757599138490866908e-01 -8.401626621679467721e-01 8.516654413120109401e-01
8.581774391939636093e-01 -8.313632012056699772e-01 8.775510772794647973e-01
8.397393090379218217e-01 -8.227400020289282745e-01 9.028976704622692084e-01
8.204638826066618096e-01 -8.143016122371066201e-01 9.276797975967340237e-01
8.003703580053919131e-01 -8.060563954130161024e-01 9.518725975529379602e-01
7.794787530978174450e-01 -7.980125227434399227e-01 9.754517962443978174e-01
7.578098855637180886e-01 -7.901779648313046467e-01 9.983937309529850035e-01
7.353853521549805761e-01 -7.825604837076817200e-01 1.020675374044713424e+00
7.122275071707564464e-01 -7.751676250516248423e-01 1.042274356052630857e+00
6.883594401731976120e-01 -7.680067106256411869e-01 1.063168988103674772e+00
6.638049529659844072e-01 -7.610848309343793971e-01 1.083338283667010016e+00
6.385885358585988714e-01 -7.544088381138960298e-01 1.102761979602038922e+00
6.127353432400123312e-01 -7.479853390586307382e-01 1.121420556484976405e+00
5.862711684861502404e-01 -7.418206887929837956e-01 1.139295258193598670e+00
5.592224182261645860e-01 -7.359209840941464131e-01 1.156368110730516818e+00
5.316160859931869931e-01 -7.302920573725831810e-01 1.172621940266084017e+00
5.034797252858556060e-01 -7.249394708163079404e-01 1.188040390382826050e+00
4.748414220674969100e-01 -7.198685108048336057e-01 1.202607938504078433e+00
4.457297667304130906e-01 -7.150841825984040057e-01 1.216309911490330853e+00
4.161738255532574926e-01 -7.105912053078436985e-01 1.229132500387608795e+00
3.862031116799945485e-01 -7.063940071500818263e-01 1.241062774313067996e+00
3.558475556494193337e-01 -7.024967209941176405e-01 1.252088693463840885e+00
3.251374755046640419e-01 -6.989031802019091133e-01 1.262199121236047716e+00
2.941035465125418358e-01 -6.956169147683693987e-01 1.271383835441773025e+00
2.627767705229711037e-01 -6.926411477643575898e-01 1.279633538612713117e+00
2.311884449990857793e-01 -6.899787920862485713e-01 1.286939867380106683e+00
1.993701317489693092e-01 -6.876324475153584581e-01 1.293295400921487870e+00
1.673536253902511706e-01 -6.856043980901946888e-01 1.298693668465731310e+00
1.351709215790746210e-01 -6.838966097941866495e-01 1.303129155848799847e+00
1.028541850351829545e-01 -6.825107285612364016e-01 1.306597311113554261e+00
7.043571739507817342e-02 -6.814480786011134494e-01 1.309094549147939990e+00
3.794792492538071743e-02 -6.807096610463959641e-01 1.310618255356825967e+00
5.423286128661670980e-03 -6.802961529223404691e-01 1.311166788363738123e+00
-2.710568072587070734e-02 -6.802079064407399178e-01 1.310739481739696455e+00
-5.960645011437033097e-02 -6.804449486185046858e-01 1.309336644757342460e+00
-9.204652178053300549e-02 -6.810069812213765950e-01 1.306959562169512035e+00
-1.243934532354379063e-01 -6.818933810328625666e-01 1.303610493012390847e+00
-1.566148922025517864e-01 -6.831032004481479847e-01 1.299292668434356868e+00
-1.886786089754485252e-01 -6.846351683924248865e-01 1.294010288552597920e+00
-2.205525286558811249e-01 -6.864876915627458054e-01 1.287768518340556723e+00
-2.522047632399601058e-01 -6.886588559921911212e-01 1.280573482550228848e+00
-2.836036435203409534e-01 -6.911464289348143719e-01 1.272432259674305177e+00
-3.147177507725046897e-01 -6.939478610695102301e-01 1.263352874954109417e+00
-3.455159481934280685e-01 -6.970602890206296642e-01 1.253344292440234931e+00
-3.759674120611857795e-01 -7.004805381928502772e-01 1.242416406113736382e+00
-4.060416625843017435e-01 -7.042051259174963995e-01 1.230580030076668052e+00
-4.357085944099751140e-01 -7.082302649071892109e-01 1.217846887821694590e+00
-4.649385067606448541e-01 -7.125518670154025180e-01 1.204229600591420812e+00
-4.937021331687246883e-01 -7.171655472971901757e-01 1.189741674838997509e+00
-5.219706707797406864e-01 -7.220666283670530428e-01 1.174397488802461975e+00
-5.497158091945314462e-01 -7.272501450496153819e-01 1.158212278206156576e+00
-5.769097588216297590e-01 -7.327108493184846250e-01 1.141202121103445988e+00
-6.035252787114316897e-01 -7.384432155183844326e-01 1.123383921875809710e+00
-6.295357038442745967e-01 -7.444414458653629829e-01 1.104775394404235556e+00
-6.549149718450885116e-01 -7.506994762196026461e-01 1.085395044429665390e+00
-6.796376490978579543e-01 -7.572109821250833095e-01 1.065262151120059064e+00
-7.036789562337270043e-01 -7.639693851100839428e-01 1.044396747862435637e+00
-7.270147929672050591e-01 -7.709678592422456456e-01 1.022819602299029684e+00
-7.496217622555815252e-01 -7.781993379316648474e-01 1.000552195627455898e+00
-7.714771937573300375e-01 -7.856565209752369716e-01 9.776167011855146916e-01
-7.925591665659833529e-01 -7.933318818352278479e-01 9.540359623419862878e-01
-8.128465311966810436e-01 -8.012176751448157885e-01 9.298334697154604367e-01
-8.323189308033386302e-01 -8.093059444331204277e-01 9.050333377439186977e-01
-8.509568216051534018e-01 -8.175885300620135965e-01 8.796602806284402609e-01
-8.687414925019504297e-01 -8.260570773667949007e-01 8.537395876750288881e-01
-8.856550838586824126e-01 -8.347030449926106099e-01 8.272970980591631829e-01
-9.016806054402261017e-01 -8.435177134182969549e-01 8.003591750382516024e-01
-9.168019534784643820e-01 -8.524921936591433047e-01 7.729526796377275133e-01
-9.310039268545108326e-01 -8.616174361398872827e-01 7.451049438370491718e-01
-9.442722423798171061e-01 -8.708842397290862403e-01 7.168437432823712152e-01
-9.565935491608005270e-01 -8.802832609258450791e-01 6.881972695531298756e-01
-9.679554420325472419e-01 -8.898050231897292051e-01 6.591941020102332072e-01
-9.783464740480734001e-01 -8.994399264045457310e-01 6.298631792539680641e-01
-9.877561680105729769e-01 -9.091782564665412680e-01 6.002337702201284708e-01
-9.961750270370326454e-01 -9.190101949874418530e-01 5.703354449432339601e-01
-1.003594544142565326e+00 -9.289258291026414316e-01 5.401980450160428493e-01
-1.010007210835789815e+00 -9.389151613747419578e-01 5.098516537748708499e-01
-1.015406524716573333e+00 -9.489681197825509118e-01 4.793265662405022387e-01
-1.019786996068450469e+00 -9.590745677855548879e-01 4.486532588447289527e-01
-1.023144153439033976e+00 -9.692243144538136290e-01 4.178623589727684107e-01
-1.025474548202750302e+00 -9.794071246531503849e-01 3.869846143519994341e-01
-1.026775758101241998e+00 -9.896127292754599569e-01 3.560508623176102394e-01
-1.027046389757807043e+00 -9.998308355039084994e-01 3.250919989858799819e-01
-1.026286080163267611e+00 -1.010051137102763619e+00 2.941389483659094251e-01
-1.024495497131690636e+00 -1.020263324721569553e+00 2.632226314406806988e-01
-1.021676338725411970e+00 -1.030457096203363010e+00 2.323739352483601972e-01
-1.017831331649844406e+00 -1.040622166886624234e+00 2.016236819947603565e-01
-1.012964228619584128e+00 -1.050748279890662440e+00 1.710025982278485235e-01
-1.007079804698356229e+00 -1.060825216374146951e+00 1.405412841051309480e-01
-1.000183852616365110e+00 -1.070842805756525795e+00 1.102701827846508525e-01
-9.922831770696420861e-01 -1.080790935892109506e+00 8.021954997021771283e-02
-9.833855880069974909e-01 -1.090659563186636705e+00 5.041942364133421978e-02
-9.734998929111984278e-01 -1.100438722646208900e+00 2.089959399810491225e-02
-9.626358880820014008e-01 -1.110118537848532094e+00 -8.310426348801452229e-03
-9.508043489296640338e-01 -1.119689230826495185e+00 -3.718143191330623015e-02
-9.380170192885547431e-01 -1.129141131854187075e+00 -6.568455356463441530e-02
-9.242865997614554407e-01 -1.138464689125565643e+00 -9.379128742433172350e-02
-9.096267351061269046e-01 -1.147650478316086353e+00 -1.214735234006605324e-01
-8.940520006766612404e-01 -1.156689212017720125e+00 -1.487035733318099462e-01
-8.775778879330949911e-01 -1.165571749037916272e+00 -1.754541987097441302e-01
-8.602207890336878160e-01 -1.174289103553198599e+00 -2.016986379569291887e-01
-8.419979805251904814e-01 -1.182832454108228681e+00 -2.274106332286243426e-01
-8.229276061473299597e-01 -1.191193152451325288e+00 -2.525644567138943808e-01
-8.030286587686247257e-01 -1.199362732197589487e+00 -2.771349364089993328e-01
-7.823209614715165294e-01 -1.207332917310957932e+00 -3.010974813373428760e-01
-7.608251478056539119e-01 -1.215095630396686222e+00 -3.244281061907117181e-01
-7.385626412289985065e-01 -1.222643000795953672e+00 -3.471034553671142886e-01
-7.155556337572372971e-01 -1.229967372474478626e+00 -3.691008263811294543e-01
-6.918270638427800323e-01 -1.237061311697235988e+00 -3.903981926232992783e-01
-6.674005935053896055e-01 -1.243917614481585332e+00 -4.109742254457506294e-01
-6.423005847372473820e-01 -1.250529313821336252e+00 -4.308083155519006890e-01
-6.165520752059793219e-01 -1.256889686674507622e+00 -4.498805936687960139e-01
-5.901807532798768463e-01 -1.262992260707770598e+00 -4.681719504813496857e-01
-5.632129324002218551e-01 -1.268830820790811886e+00 -4.856640558084779902e-01
-5.356755248262842217e-01 -1.274399415234099386e+00 -5.023393770018933502e-01
-5.075960147791876986e-01 -1.279692361763790753e+00 -5.181811965490866756e-01
-4.790024310114443518e-01 -1.284704253227785031e+00 -5.331736288628254883e-01
-4.499233188295328478e-01 -1.289429963027190373e+00 -5.473016362403070323e-01
-4.203877115974481438e-01 -1.293864650267749994e+00 -5.605510439759338048e-01
-3.904251017496687126e-01 -1.298003764626051382e+00 -5.729085546125227690e-01
-3.600654113424822667e-01 -1.301843050925624912e+00 -5.843617613166224301e-01
-3.293389621730747341e-01 -1.305378553418334420e+00 -5.948991603644828707e-01
-2.982764454962217315e-01 -1.308606619766747636e+00 -6.045101627261153521e-01
-2.669088913688273390e-01 -1.311523904723480127e+00 -6.131851047357761431e-01
-2.352676376529294899e-01 -1.314127373503805929e+00 -6.209152578381230692e-01
-2.033842987081358744e-01 -1.316414304848134265e+00 -6.276928374002163080e-01
-1.712907338047670591e-01 -1.318382293771263702e+00 -6.335110105804683256e-01
-1.390190152892660791e-01 -1.320029253995633978e+00 -6.383639032465888707e-01
-1.066013965336843755e-01 -1.321353420066117224e+00 -6.422466059355232959e-01
-7.407027970127195993e-02 -1.322353349144202106e+00 -6.451551788493374850e-01
-4.145818336038765289e-02 -1.323027922479751428e+00 -6.470866558819677872e-01
-8.797709979098658831e-03 -1.323376346558828409e+00 -6.480390476727220239e-01
2.387848666703830391e-02 -1.323398153926418574e+00 -6.480113436833906393e-01
5.653773414143270504e-02 -1.323093203683193941e+00 -6.470035132968033897e-01
8.914737401451383603e-02 -1.322461681655791033e+00 -6.450165059356453012e-01
1.216747945207189430e-01 -1.321504100240408430e+00 -6.420522502013239485e-01
1.540874631717606691e-01 -1.320221297919845105e+00 -6.381136520336618823e-01
1.863529592935591617e-01 -1.318614438454437376e+00 -6.332045918931658024e-01
2.184390064542978405e-01 -1.316685009747671220e+00 -6.273299209686021838e-01
2.503135047511676481e-01 -1.314434822387576807e+00 -6.204954564135831685e-01
2.819445629235028949e-01 -1.311866007865333916e+00 -6.127079756168394287e-01
3.133005302601827302e-01 -1.308981016472840153e+00 -6.039752095118211539e-01
3.443500282693749415e-01 -1.305782614881315418e+00 -5.943058349322313250e-01
3.750619820789333758e-01 -1.302273883403336274e+00 -5.837094660210486730e-01
4.054056515360270896e-01 -1.298458212941006940e+00 -5.721966447015456314e-01
4.353506619748773177e-01 -1.294339301623292915e+00 -5.597788302197456156e-01
4.648670346218067850e-01 -1.289921151135849930e+00 -5.464683877686914437e-01
4.939252166071664285e-01 -1.285208062746992175e+00 -5.322785762058184211e-01
5.224961105540943951e-01 -1.280204633033742656e+00 -5.172235348756308859e-01
5.505511037144837916e-01 -1.274915749312216517e+00 -5.013182695507789610e-01
5.780620966229835789e-01 -1.269346584776877673e+00 -4.845786375055131101e-01
6.050015312403383971e-01 -1.263502593353502679e+00 -4.670213317363642869e-01
6.313424185578809800e-01 -1.257389504270973735e+00 -4.486638643457502851e-01
6.570583656355242219e-01 -1.251013316357302285e+00 -4.295245491050488362e-01
6.821236020461691751e-01 -1.244380292065562887e+00 -4.096224832144984007e-01
7.065130057000308383e-01 -1.237496951235686593e+00 -3.889775282780930099e-01
7.302021280230048816e-01 -1.230370064598325319e+00 -3.676102905124245535e-01
7.531672184638406042e-01 -1.223006647027264027e+00 -3.455421002091922933e-01
7.753852483055548861e-01 -1.215413950547100885e+00 -3.227949904718489527e-01
7.968339337572145631e-01 -1.207599457103167184e+00 -2.993916752475793142e-01
8.174917583029330803e-01 -1.199570871100896108e+00 -2.753555266765138620e-01
8.373379942856666869e-01 -1.191336111722076430e+00 -2.507105517807655115e-01
8.563527237041606011e-01 -1.182903305025656548e+00 -2.254813685165384385e-01
8.745168582021772830e-01 -1.174280775840978785e+00 -1.996931812131980399e-01
8.918121582299484151e-01 -1.165477039461527919e+00 -1.733717554238055070e-01
9.082212513586145342e-01 -1.156500793147485773e+00 -1.465433922122114929e-01
9.237276497292646882e-01 -1.147360907445567735e+00 -1.192349019023689338e-01
9.383157666190493629e-01 -1.138066417334806735e+00 -9.147357731606509113e-02
9.519709321077233222e-01 -1.128626513207121596e+00 -6.328716652578691981e-02
9.646794078288714047e-01 -1.119050531691672123e+00 -3.470384514992091302e-02
9.764284007909858065e-01 -1.109347946332165602e+00 -5.752188217948778909e-03
9.872060762544903056e-01 -1.099528358126419025e+00 2.353885836626729705e-02
9.970015696517510184e-01 -1.089601485937626402e+00 5.314000673461162505e-02
1.005804997538068513e+00 -1.079577156786908576e+00 8.302165630938006247e-02
1.013607467562613440e+00 -1.069465296036838931e+00 1.131539233732619665e-01
1.020401087449248179e+00 -1.059275917475753337e+00 1.435066709250998329e-01
1.026178972978164960e+00 -1.049019113312747997e+00 1.740495387915990955e-01
1.030935254960268388e+00 -1.038705044093364283e+00 2.047519739649019399e-01
1.034665085197240764e+00 -1.028343928546032737e+00 2.355832611357102091e-01
1.037364641421236300e+00 -1.017946033369426795e+00 2.665125533914446954e-01
1.039031131209174896e+00 -1.007521662970931153e+00 2.975089030487599318e-01
1.039662794867627804e+00 -9.970811491664794968e-01 3.285412925895963565e-01
1.039258907285320443e+00 -9.866348408520599911e-01 3.595786656698461425e-01
1.037819778751303268e+00 -9.761930936572125184e-01 3.905899581696328782e-01
1.035346754737883845e+00 -9.657662595908605985e-01 4.215441292541609042e-01
1.031842214648439615e+00 -9.553646766898331588e-01 4.524101924140775388e-01
1.027309569531274391e+00 -9.449986586804240973e-01 4.831572464543080203e-01
1.021753258761707750e+00 -9.346784846633309218e-01 5.137545064003725681e-01
1.015178745695625828e+00 -9.244143888322871039e-01 5.441713342912742890e-01
1.007592512298743248e+00 -9.142165502366722540e-01 5.743772698281572886e-01
9.990020527568563846e-01 -9.040950825983410377e-01 6.043420608480759570e-01
9.894158660733863853e-01 -8.940600241928571279e-01 6.340356935923888715e-01
9.788434476615200941e-01 -8.841213278052573177e-01 6.634284227394916522e-01
9.672952799392678935e-01 -8.742888507703933110e-01 6.924908011718391432e-01
9.547828219367509028e-01 -8.645723451078217714e-01 7.211937094474666354e-01
9.413184979260219576e-01 -8.549814477611108465e-01 7.495083849465159487e-01
9.269156850847014573e-01 -8.455256709513355728e-01 7.774064506635920413e-01
9.115887002056751731e-01 -8.362143926544172157e-01 8.048599436171286481e-01
8.953527854660592311e-01 -8.270568472118395853e-01 8.318413428473212523e-01
8.782240932695761781e-01 -8.180621160841423656e-01 8.583235969745952598e-01
8.602196701774151855e-01 -8.092391187564508259e-01 8.842801512910132278e-01
8.413574399435626017e-01 -8.005966038051488542e-01 9.096849743574895175e-01
8.216561856714859058e-01 -7.921431401346427092e-01 9.345125840801739026e-01
8.011355311099319643e-01 -7.838871083929924710e-01 9.587380732398822492e-01
7.798159211064673579e-01 -7.758366925750128651e-01 9.823371344489980617e-01
7.577186012382275404e-01 -7.679998718212539544e-01 1.005286084510838007e+00
7.348655966401699269e-01 -7.603844124210815680e-01 1.027561888157071612e+00
7.112796900519274823e-01 -7.529978600278716128e-01 1.049142181139401497e+00
6.869843991051450827e-01 -7.458475320941212461e-01 1.070005292652358886e+00
6.620039528739393164e-01 -7.389405105340612900e-01 1.090130267064730374e+00
6.363632677118651326e-01 -7.322836346211264447e-01 1.109496884937827277e+00
6.100879223994841727e-01 -7.258834941274081576e-01 1.128085683309513865e+00
5.832041326273245119e-01 -7.197464227119694247e-01 1.145877975223648093e+00
5.557387248396863377e-01 -7.138784915646566587e-01 1.162855868485338284e+00
5.277191094653896908e-01 -7.082855033117876342e-01 1.179002283623191483e+00
4.991732535621773437e-01 -7.029729861898312837e-01 1.194300971040524351e+00
4.701296529020714821e-01 -6.979461884929307747e-01 1.208736527338309497e+00
4.406173035255486758e-01 -6.932100732998457415e-01 1.222294410793464570e+00
4.106656727929261508e-01 -6.887693134856118782e-01 1.234960955976930119e+00
3.803046699618624071e-01 -6.846282870229312145e-01 1.246723387496840640e+00
3.495646163203485757e-01 -6.807910725780170758e-01 1.257569832852970304e+00
3.184762149050151536e-01 -6.772614454053247357e-01 1.267489334389517497e+00
2.870705198349963738e-01 -6.740428735452993481e-01 1.276471860334197350e+00
2.553789052919803737e-01 -6.711385143289697597e-01 1.284508314912521154e+00
2.234330341774319606e-01 -6.685512111929117207e-01 1.291590547527064370e+00
1.912648264782979002e-01 -6.662834908077925888e-01 1.297711360992463980e+00
1.589064273728007237e-01 -6.643375605233980963e-01 1.302864518817822059e+00
1.263901751081892566e-01 -6.627153061327224481e-01 1.307044751529151227e+00
9.374856868254487219e-02 -6.614182899573882723e-01 1.310247762025451346e+00
6.101423536294116323e-02 -6.604477492563382013e-01 1.312470229962976243e+00
2.821989807242166609e-02 -6.598045949594200099e-01 1.313709815163218497e+00
-4.601657321605822151e-03 -6.594894107271582762e-01 1.313965160041117075e+00
-3.741761478485850639e-02 -6.595024523376853409e-01 1.313235891050970272e+00
-7.019516092678239338e-02 -6.598436474014708342e-01 1.311522619148522972e+00
-1.029015178114658230e-01 -6.605125954041675129e-01 1.308826939268673106e+00
-1.355039757360545494e-01 -6.615085680775574239e-01 1.305151428819235404e+00
-1.679699259438897641e-01 -6.628305100982586628e-01 1.300499645192176201e+00
-2.002668932396525769e-01 -6.644770401135233762e-01 1.294876122294722931e+00
-2.323625684738940544e-01 -6.664464520931301372e-01 1.288286366103725156e+00
-2.642248408644567448e-01 -6.687367170060484201e-01 1.280736849247627873e+00
-2.958218301224548319e-01 -6.713454848202287106e-01 1.272235004621384169e+00
-3.271219183506712258e-01 -6.742700868235468326e-01 1.262789218040607064e+00
-3.580937816824564246e-01 -6.775075382636100985e-01 1.252408819942218088e+00
-3.887064216294682240e-01 -6.810545413038168183e-01 1.241104076139805112e+00
-4.189291961068820624e-01 -6.849074882927383978e-01 1.228886177642850130e+00
-4.487318501050196473e-01 -6.890624653435861724e-01 1.215767229549919781e+00
-4.780845459766953076e-01 -6.935152562202098192e-01 1.201760239026844035e+00
-5.069578933099604390e-01 -6.982613465257702101e-01 1.186879102381819262e+00
-5.353229783563381305e-01 -7.032959281899250348e-01 1.171138591250279859e+00
-5.631513929850832101e-01 -7.086139042500676499e-01 1.154554337903270778e+00
-5.904152631344720126e-01 -7.142098939218646247e-01 1.137142819693934603e+00
-6.170872767316284424e-01 -7.200782379540477951e-01 1.118921342657584583e+00
-6.431407110529204774e-01 -7.262130042621327553e-01 1.099908024281690100e+00
-6.685494594975185390e-01 -7.326079938354539411e-01 1.080121775462924427e+00
-6.932880577472931849e-01 -7.392567469116368972e-01 1.059582281669246173e+00
-7.173317092868360945e-01 -7.461525494123549818e-01 1.038309983325777397e+00
-7.406563102580318025e-01 -7.532884396339614153e-01 1.016326055444021659e+00
-7.632384736242661116e-01 -7.606572151863280062e-01 9.936523865147227630e-01
-7.850555526200473366e-01 -7.682514401729745313e-01 9.703115566854040308e-01
-8.060856634625284123e-01 -7.760634526053321602e-01 9.463268152443432557e-01
-8.263077073021536378e-01 -7.840853720437469532e-01 9.217220574334360483e-01
-8.457013913904127822e-01 -7.923091074576048554e-01 8.965218006130717399e-01
-8.642472494434660923e-01 -8.007263652967366863e-01 8.707511598027969368e-01
-8.819266611812062173e-01 -8.093286577660533387e-01 8.444358226221678754e-01
-8.987218710221445139e-01 -8.181073112951542381e-01 8.176020236567947963e-01
-9.146160059153533028e-01 -8.270534751944582652e-01 7.902765182751577688e-01
-9.295930922915558448e-01 -8.361581304892177213e-01 7.624865559223266143e-01
-9.436380721163344365e-01 -8.454120989225994975e-01 7.342598529172409405e-01
-9.567368180293237545e-01 -8.548060521188448613e-01 7.056245647807066756e-01
-9.688761475541717294e-01 -8.643305208973610654e-01 6.766092581217363344e-01
-9.800438363649712770e-01 -8.739759047284438864e-01 6.472428821103045626e-01
-9.902286305958165613e-01 -8.837324813211898666e-01 6.175547395650067273e-01
-9.994202581810867070e-01 -8.935904163340226969e-01 5.875744576844958988e-01
-1.007609439215031433e+00 -9.035397731981348324e-01 5.573319584519318415e-01
-1.014787895320211408e+00 -9.135705230440319680e-01 5.268574287420068059e-01
-1.020948358015336677e+00 -9.236725547212647491e-01 4.961812901604101822e-01
-1.026084576074044685e+00 -9.338356849013355054e-01 4.653341686458675186e-01
-1.030191321867170551e+00 -9.440496682536868578e-01 4.343468638651272751e-01
-1.033264396682076702e+00 -9.543042076846034449e-01 4.032503184314789046e-01
-1.035300635013627790e+00 -9.645889646287937325e-01 3.720755869775659308e-01
-1.036297907822431252e+00 -9.748935693833661320e-01 3.408538051134052393e-01
-1.036255124756990664e+00 -9.852076314738711371e-01 3.096161583006414864e-01
-1.035172235337457503e+00 -9.955207500420453215e-01 2.783938506741525654e-01
-1.033050229099703454e+00 -1.005822524244873506e+00 2.472180738421771995e-01
-1.029891134699476352e+00 -1.016102563654572410e+00 2.161199756961595664e-01
-1.025698017977441312e+00 -1.026350498649095000e+00 1.851306292615000348e-01
-1.020474978986948944e+00 -1.036555990782766612e+00 1.542810016203619294e-01
-1.014227147987408095e+00 -1.046708743126681052e+00 1.236019229376155854e-01
-1.006960680407178454e+00 -1.056798510568513150e+00 9.312405562090052269e-02
-9.986827507809243887e-01 -1.066815110061446692e+00 6.287786364565502162e-02
-9.894015456674020159e-01 -1.076748430811964585e+00 3.289358207580057175e-02
-9.791262555546680346e-01 -1.086588444396308750e+00 3.201186810575477795e-03
-9.678670657607135741e-01 -1.096325214795486058e+00 -2.616963541221133116e-02
-9.556351463385320821e-01 -1.105948908338783010e+00 -5.518951672648889778e-02
-9.424426409956240258e-01 -1.115449803545834007e+00 -8.382943753206170689e-02
-9.283026550389312792e-01 -1.124818300857393982e+00 -1.120607555431557129e-01
-9.132292423571661821e-01 -1.134044932245077408e+00 -1.398552344622958632e-01
-8.972373914534654826e-01 -1.143120370690441145e+00 -1.671850722508097242e-01
-8.803430105422502816e-01 -1.152035439523922289e+00 -1.940229289676528857e-01
-8.625629117251092381e-01 -1.160781121614280265e+00 -2.203419541486805744e-01
-8.439147942614448894e-01 -1.169348568399341204e+00 -2.461158136989473055e-01
-8.244172269505306572e-01 -1.177729108749000275e+00 -2.713187162711005462e-01
-8.040896296425126266e-01 -1.185914257651602854e+00 -2.959254391034460974e-01
-7.829522538967684797e-01 -1.193895724715006601e+00 -3.199113532918001490e-01
-7.610261628068836215e-01 -1.201665422473803480e+00 -3.432524484698080691e-01
-7.383332100123453090e-01 -1.209215474494381271e+00 -3.659253568729976536e-01
-7.148960179178667218e-01 -1.216538223269698404e+00 -3.879073767624496849e-01
-6.907379551420490538e-01 -1.223626237895862223e+00 -4.091764951846065257e-01
-6.658831132178617551e-01 -1.230472321522813495e+00 -4.297114100444006657e-01
-6.403562825681707871e-01 -1.237069518571646931e+00 -4.494915514695705383e-01
-6.141829277802730580e-01 -1.243411121711330392e+00 -4.684971024447369126e-01
-5.873891622040956495e-01 -1.249490678587824366e+00 -4.867090186945421948e-01
-5.600017218994008950e-01 -1.255301998298851140e+00 -5.041090477959029315e-01
-5.320479389579876317e-01 -1.260839157607817285e+00 -5.206797475001961883e-01
-5.035557142275081111e-01 -1.266096506890651563e+00 -5.364045032469871854e-01
-4.745534894641217916e-01 -1.271068675809587933e+00 -5.512675448517140309e-01
-4.450702189417785615e-01 -1.275750578708195970e+00 -5.652539623505683508e-01
-4.151353405464711099e-01 -1.280137419722240377e+00 -5.783497209866523825e-01
-3.847787463843135858e-01 -1.284224697601230147e+00 -5.905416753223506898e-01
-3.540307529327922365e-01 -1.288008210235814577e+00 -6.018175824637259641e-01
-3.229220707649931854e-01 -1.291484058886468667e+00 -6.121661143836366614e-01
-2.914837738770420517e-01 -1.294648652109214870e+00 -6.215768693311722881e-01
-2.597472686493898508e-01 -1.297498709374428794e+00 -6.300403823159163030e-01
-2.277442624729485443e-01 -1.300031264375081541e+00 -6.375481346564696450e-01
-1.955067320714167223e-01 -1.302243668021082934e+00 -6.440925625836028123e-01
-1.630668915514439377e-01 -1.304133591116703350e+00 -6.496670648893495548e-01
-1.304571602125557950e-01 -1.305699026718369904e+00 -6.542660096143066983e-01
-9.771013014900577220e-02 -1.306938292170447546e+00 -6.578847397663684093e-01
-6.485853367593057139e-02 -1.307850030816944509e+00 -6.605195780650877646e-01
-3.193521061236427594e-02 -1.308433213387397043e+00 -6.621678307068353808e-01
1.026924546187316101e-03 -1.308687139055521476e+00 -6.628277901469010747e-01
3.399491553279737621e-02 -1.308611436169544451e+00 -6.624987368956687384e-01
6.693579725889839405e-02 -1.308206062653451962e+00 -6.611809403269794938e-01
9.981662877584918103e-02 -1.307471306078724860e+00 -6.588756584977861763e-01
1.326045262153308091e-01 -1.306407783406462020e+00 -6.555851369791901861e-01
1.652666956756317085e-01 -1.305016440400116995e+00 -6.513126066999403996e-01
1.977704660209338716e-01 -1.303298550709407255e+00 -6.460622808044622634e-01
2.300833215607952231e-01 -1.301255714626281312e+00 -6.398393505284695193e-01
2.621729345771411923e-01 -1.298889857514158752e+00 -6.326499800961942199e-01
2.940071976662269049e-01 -1.296203227911984612e+00 -6.245013006442496906e-01
3.255542558632144590e-01 -1.293198395314964166e+00 -6.154014031781138705e-01
3.567825385172235242e-01 -1.289878247634168584e+00 -6.053593305681896908e-01
3.876607908849608042e-01 -1.286245988337521240e+00 -5.943850685933582678e-01
4.181581054113114315e-01 -1.282305133274997511e+00 -5.824895360408960387e-01
4.482439526655864204e-01 -1.278059507191181776e+00 -5.696845738725695441e-01
4.778882119024617237e-01 -1.273513239928641294e+00 -5.559829334676563706e-01
5.070612012170161442e-01 -1.268670762325886159e+00 -5.413982639545664721e-01
5.357337072636798592e-01 -1.263536801813988308e+00 -5.259450986436474684e-01
5.638770145093368047e-01 -1.258116377716237633e+00 -5.096388405746609118e-01
5.914629339912887973e-01 -1.252414796255504337e+00 -4.924957471932997488e-01
6.184638315512815954e-01 -1.246437645274279138e+00 -4.745329141719912269e-01
6.448526555173138552e-01 -1.240190788672639766e+00 -4.557682583910865337e-01
6.706029638054987752e-01 -1.233680360569682666e+00 -4.362205000973783386e-01
6.956889504148284775e-01 -1.226912759194232594e+00 -4.159091442577126929e-01
7.200854712882921449e-01 -1.219894640510915229e+00 -3.948544611262672643e-01
7.437680695144327503e-01 -1.212632911587939732e+00 -3.730774660448565871e-01
7.667129998440839200e-01 -1.205134723713203293e+00 -3.505998984963931697e-01
7.888972524977094780e-01 -1.197407465265575510e+00 -3.274442004323821487e-01
8.102985762394775415e-01 -1.189458754348471148e+00 -3.036334938960544849e-01
8.308955006949300115e-01 -1.181296431193052499e+00 -2.791915579634510758e-01
8.506673578898648058e-01 -1.172928550338639742e+00 -2.541428050254524451e-01
8.695943029888218989e-01 -1.164363372598126833e+00 -2.285122564344114759e-01
8.876573342123664778e-01 -1.155609356816417632e+00 -2.023255175396830030e-01
9.048383119131775398e-01 -1.146675151430104789e+00 -1.756087521369577298e-01
9.211199767917935821e-01 -1.137569585836812669e+00 -1.483886563568961314e-01
9.364859672337219054e-01 -1.128301661582817195e+00 -1.206924320191214012e-01
9.509208357504985720e-01 -1.118880543377738901e+00 -9.254775947816673565e-02
9.644100645081773449e-01 -1.109315549945277368e+00 -6.398276998848331787e-02
9.769400799276389824e-01 -1.099616144719118616e+00 -3.502601761609832470e-02
9.884982663420371907e-01 -1.089791926393310684e+00 -5.706450724968090832e-03
9.990729786976421112e-01 -1.079852619336536534e+00 2.394661693350039547e-02
1.008653554285293463e+00 -1.069808063879860827e+00 5.390353549888746154e-02
1.017230323490645905e+00 -1.059668206487651032e+00 8.413434861891519456e-02
1.024794619552370056e+00 -1.049443089821486819e+00 1.146088233757341646e-01
1.031338787318461625e+00 -1.039142842706987757e+00 1.452964804914464170e-01
1.036856190991813254e+00 -1.028777670013580892e+00 1.761666247826869092e-01
1.041341220857212146e+00 -1.018357842457319196e+00 2.071883758338337322e-01
1.044789298982947479e+00 -1.007893686336940986e+00 2.383306988581959940e-01
1.047196883891231112e+00 -9.973955732134280883e-01 2.695624357163378670e-01
1.048561474192672316e+00 -9.868739095433765041e-01 3.008523360605370733e-01
1.048881611181076368e+00 -9.763391262765406253e-01 3.321690885742470400e-01
1.048156880385880063e+00 -9.658016684279503439e-01 3.634813522753350123e-01
1.046387912080577021e+00 -9.552719846350261612e-01 3.947577878518006012e-01
1.043576380746532362e+00 -9.447605167101306156e-01 4.259670889986449382e-01
1.039725003492626421e+00 -9.342776891990057786e-01 4.570780137245558095e-01
1.034837537432215848e+00 -9.238338989555346936e-01 4.880594155971028081e-01
1.028918776019939862e+00 -9.134395047432548598e-01 5.188802748951933941e-01
1.021974544351941239e+00 -9.031048168740221094e-01 5.495097296376322271e-01
1.014011693434108352e+00 -8.928400868941904767e-01 5.799171064567463230e-01
1.005038093423975321e+00 -8.826554973286240280e-01 6.100719512861917382e-01
9.950626258529489121e-01 -8.725611514928011125e-01 6.399440598322383433e-01
9.840951748365428520e-01 -8.625670633832046574e-01 6.695035077980459048e-01
9.721466172813206796e-01 -8.526831476561141931e-01 6.987206808306868355e-01
9.592288120982489508e-01 -8.429192097048276988e-01 7.275663041609459203e-01
9.453545884331552296e-01 -8.332849358452444344e-01 7.560114719062323019e-01
9.305377329259727492e-01 -8.237898836196317909e-01 7.840276760072731888e-01
9.147929760114236197e-01 -8.144434722282825057e-01 8.115868347696210128e-01
8.981359772747516956e-01 -8.052549730986409138e-01 8.386613209814008929e-01
8.805833098770642353e-01 -7.962335006013413485e-01 8.652239895791431490e-01
8.621524440657709620e-01 -7.873880029224545885e-01 8.912482048339979146e-01
8.428617297865274027e-01 -7.787272531010834831e-01 9.167078670311041844e-01
8.227303784139874399e-01 -7.702598402412842438e-01 9.415774386153902276e-01
8.017784436195531939e-01 -7.619941609071169131e-01 9.658319697776146517e-01
7.800268013951771051e-01 -7.539384107094450060e-01 9.894471234550128447e-01
7.574971292531123002e-01 -7.461005760929145803e-01 1.012399199721497833e+00
7.342118846223369966e-01 -7.384884263313433728e-01 1.034665159542972779e+00
7.101942824631829465e-01 -7.311095057395414765e-01 1.056222647873944043e+00
6.854682721224794051e-01 -7.239711261093725314e-01 1.077050016072281347e+00
6.600585134522887198e-01 -7.170803593776367002e-01 1.097126343609650556e+00
6.339903522160456051e-01 -7.104440305331296557e-01 1.116431459055846620e+00
6.072897948066288132e-01 -7.040687107699903358e-01 1.134945960315979496e+00
5.799834823015814766e-01 -6.979607108942061933e-01 1.152651234100210198e+00
5.520986638813646374e-01 -6.921260749898919817e-01 1.169529474606498365e+00
5.236631696371659705e-01 -6.865705743516975490e-01 1.185563701397612135e+00
4.947053827953973859e-01 -6.812997016894369873e-01 1.200737776454448902e+00
4.652542113866038886e-01 -6.763186656107572636e-01 1.215036420388543759e+00
4.353390593870612446e-01 -6.716323853873900074e-01 1.228445227797476669e+00
4.049897973618721281e-01 -6.672454860102430274e-01 1.240950681747749362e+00
3.742367326388688631e-01 -6.631622935383039152e-01 1.252540167370568724e+00
3.431105790431054348e-01 -6.593868307460318823e-01 1.263201984556864943e+00
3.116424262221618169e-01 -6.559228130736176610e-01 1.272925359738768192e+00
2.798637085928957768e-01 -6.527736448841873207e-01 1.281700456745680894e+00
2.478061739406588471e-01 -6.499424160317204269e-01 1.289518386724007426e+00
2.155018517023434832e-01 -6.474318987431431083e-01 1.296371217110538376e+00
1.829830209649471462e-01 -6.452445448177406284e-01 1.302251979650430602e+00
1.502821782116267046e-01 -6.433824831467189753e-01 1.307154677451681124e+00
1.174320048474712802e-01 -6.418475175554250178e-01 1.311074291068953235e+00
8.446533453744579922e-02 -6.406411249704110356e-01 1.314006783610583984e+00
5.141512038914723692e-02 -6.397644539132062436e-01 1.315949104863579633e+00
1.831440201317434749e-02 -6.392183233223306393e-01 1.316899194432384901e+00
-1.480372750596323922e-02 -6.390032217047579843e-01 1.316855983888199688e+00
-4.790615469537837234e-02 -6.391193066177072168e-01 1.315819397926603296e+00
-8.095977880270430194e-02 -6.395664044813097471e-01 1.313790354532242688e+00
-1.139315448952532839e-01 -6.403440107223687949e-01 1.310770764150327006e+00
-1.467884769163383951e-01 -6.414512902490984159e-01 1.306763527865669294e+00
-1.794977106657013322e-01 -6.428870782563960162e-01 1.301772534591007613e+00
-2.120265266710614216e-01 -6.446498813608734224e-01 1.295802657267326241e+00
-2.443423829179073303e-01 -6.467378790645414988e-01 1.288859748079887346e+00
-2.764129474047918311e-01 -6.491489255457136842e-01 1.280950632694670688e+00
-3.082061304915607591e-01 -6.518805517753678558e-01 1.272083103520892156e+00
-3.396901170081526589e-01 -6.549299679568790777e-01 1.262265912006254487e+00
-3.708333980918409600e-01 -6.582940662867128312e-01 1.251508759972544294e+00
-4.016048027210598614e-01 -6.619694240333477975e-01 1.239822290000154315e+00
-4.319735289142551116e-01 -6.659523069313773025e-01 1.227218074871058384e+00
-4.619091745625336642e-01 -6.702386728874243360e-01 1.213708606080713626e+00
-4.913817678652487309e-01 -6.748241759941929763e-01 1.199307281430288752e+00
-5.203617973380518791e-01 -6.797041708486697420e-01 1.184028391711546835e+00
-5.488202413633678223e-01 -6.848737171701843041e-01 1.167887106497611516e+00
-5.767285972537025129e-01 -6.903275847137396726e-01 1.150899459053746465e+00
-6.040589097986803768e-01 -6.960602584737242138e-01 1.133082330383155423e+00
-6.307837992672188365e-01 -7.020659441728298589e-01 1.114453432423678780e+00
-6.568764888367920607e-01 -7.083385740307123202e-01 1.095031290412112224e+00
-6.823108314223043092e-01 -7.148718128066513522e-01 1.074835224433705605e+00
-7.070613358776930424e-01 -7.216590641101929826e-01 1.053885330175218238e+00
-7.311031925440060197e-01 -7.286934769734879636e-01 1.032202458900706166e+00
-7.544122981183463139e-01 -7.359679526787777926e-01 1.009808196669989888e+00
-7.769652798187587361e-01 -7.434751518342251897e-01 9.867248428205185329e-01
-7.987395188208312735e-01 -7.512075016910355618e-01 9.629753877340780921e-01
-8.197131729425093383e-01 -7.591572036945739566e-01 9.385834899105105489e-01
-8.398651985543752474e-01 -7.673162412619497497e-01 9.135734523713079369e-01
-8.591753716934126262e-01 -7.756763877783112715e-01 8.879701984166130657e-01
-8.776243083590723471e-01 -7.842292148038746413e-01 8.617992467598116768e-01
-8.951934839712729630e-01 -7.929661004834995808e-01 8.350866860645221879e-01
-9.118652519708027038e-01 -8.018782381504215850e-01 8.078591489093902567e-01
-9.276228615434475300e-01 -8.109566451155548750e-01 7.801437852066703815e-01
-9.424504744500434850e-01 -8.201921716335938140e-01 7.519682351011242050e-01
-9.563331809455447585e-01 -8.295755100369643920e-01 7.233606013762868825e-01
-9.692570147711067063e-01 -8.390972040285067379e-01 6.943494213956500349e-01
-9.812089672041109933e-01 -8.487476581236109707e-01 6.649636386067748761e-01
-9.921770001519972793e-01 -8.585171472323793740e-01 6.352325736367898656e-01
-1.002150058276724653e+00 -8.683958263722454385e-01 6.051858950081387967e-01
-1.011118080137650255e+00 -8.783737405013498645e-01 5.748535895038258126e-01
-1.019072008341596947e+00 -8.884408344628517140e-01 5.442659322117597842e-01
-1.026003798689868907e+00 -8.985869630302414368e-01 5.134534562781206679e-01
-1.031906428312980406e+00 -9.088019010436204637e-01 4.824469223999665601e-01
-1.036773902784872137e+00 -9.190753536268194690e-01 4.512772880875631776e-01
-1.040601262209409406e+00 -9.293969664751471349e-01 4.199756767271494717e-01
-1.043384586272984249e+00 -9.397563362034883072e-01 3.885733464750565358e-01
-1.045120998258075140e+00 -9.501430207444102605e-01 3.571016590142676583e-01
-1.045808668013658238e+00 -9.605465497858832746e-01 3.255920482046480990e-01
-1.045446813879407300e+00 -9.709564352381837571e-01 2.940759886581825744e-01
-1.044035703561660755e+00 -9.813621817195152808e-01 2.625849642706350462e-01
-1.041576653960189836e+00 -9.917532970498649236e-01 2.311504367410934513e-01
-1.038072029945843466e+00 -1.002119302742602525e+00 1.998038141108755550e-01
-1.033525242090198359e+00 -1.012449744483332248e+00 1.685764193532564570e-01
-1.027940743349391672e+00 -1.022734202585516838e+00 1.374994590454300392e-01
-1.021324024705356104e+00 -1.032962302412418598e+00 1.066039921540369029e-01
-1.013681609768722902e+00 -1.043123724754931203e+00 7.592089896548119554e-02
-1.005021048348696322e+00 -1.053208216154923882e+00 4.548085019211634689e-02
-9.953509089962344625e-01 -1.063205599163767667e+00 1.531427628520681816e-02
-9.846807705279027045e-01 -1.073105782525783924e+00 -1.454866301463099594e-02
-9.730212125387814881e-01 -1.082898771276421312e+00 -4.407810885904034359e-02
-9.603838049138249122e-01 -1.092574676745060369e+00 -7.324453317538491548e-02
-9.467810963480669528e-01 -1.102123726452432173e+00 -1.020187682221510156e-01
-9.322266018870656312e-01 -1.111536273892746562e+00 -1.303720357867086954e-01
-9.167347894999551272e-01 -1.120802808190737743e+00 -1.582759759962042156e-01
-9.003210656984439453e-01 -1.129913963623959683e+00 -1.857026757127405725e-01
-8.830017602160549206e-01 -1.138860529000798039e+00 -2.126246964844159260e-01
-8.647941097628397689e-01 -1.147633456884808112e+00 -2.390151020242308744e-01
-8.457162408717306956e-01 -1.156223872656140461e+00 -2.648474851893459769e-01
-8.257871518535984112e-01 -1.164623083400981196e+00 -2.900959944336671259e-01
-8.050266938789799598e-01 -1.172822586620101193e+00 -3.147353597072610198e-01
-7.834555512053151816e-01 -1.180814078747789653e+00 -3.387409177766538271e-01
-7.610952205693851669e-01 -1.188589463472637275e+00 -3.620886369406427496e-01
-7.379679897654836118e-01 -1.196140859851832383e+00 -3.847551411168518287e-01
-7.140969154306682221e-01 -1.203460610210834947e+00 -4.067177332748915797e-01
-6.895058000592334535e-01 -1.210541287820513734e+00 -4.279544181926317470e-01
-6.642191682693187049e-01 -1.217375704344046961e+00 -4.484439245127720408e-01
-6.382622423453164773e-01 -1.223956917046119974e+00 -4.681657260775935470e-01
-6.116609170804701012e-01 -1.230278235757192640e+00 -4.871000625204921497e-01
-5.844417339447546267e-01 -1.236333229585847127e+00 -5.052279590936378240e-01
-5.566318546038085957e-01 -1.242115733372483932e+00 -5.225312457118646003e-01
-5.282590338153388965e-01 -1.247619853877887985e+00 -5.389925751936788245e-01
-4.993515917300418994e-01 -1.252839975700455133e+00 -5.545954406810735815e-01
-4.699383856246862612e-01 -1.257770766916136207e+00 -5.693241922206566663e-01
-4.400487810955694967e-01 -1.262407184435434093e+00 -5.831640524894382560e-01
-4.097126227411040378e-01 -1.266744479072072327e+00 -5.961011316494744250e-01
-3.789602043628023109e-01 -1.270778200318242623e+00 -6.081224413164376674e-01
-3.478222387144137007e-01 -1.274504200821625632e+00 -6.192159076280642216e-01
-3.163298268294208460e-01 -1.277918640559687180e+00 -6.293703833993322672e-01
-2.845144269575280438e-01 -1.281017990707043364e+00 -6.385756593521331181e-01
-2.524078231411663875e-01 -1.283799037192004944e+00 -6.468224744081241262e-01
-2.200420934634053083e-01 -1.286258883938711239e+00 -6.541025250343864839e-01
-1.874495779989897304e-01 -1.288394955791588803e+00 -6.604084736324581373e-01
-1.546628465005223108e-01 -1.290205001119178352e+00 -6.657339559622672542e-01
-1.217146658520786989e-01 -1.291687094094699173e+00 -6.700735875934561436e-01
-8.863796732277788581e-02 -1.292839636651040180e+00 -6.734229693775569681e-01
