6.202393590757466768e+00 8.574748163441868742e-01 -1.943587830797243177e+00
6.385222460922904908e+00 8.934456260228865743e-01 -1.883023116405498243e+00
6.550795185632012796e+00 9.042675617240844010e-01 -1.783550577787125002e+00
6.699487290182224442e+00 8.916122028909743147e-01 -1.646737576758196875e+00
6.831861070715965489e+00 8.576538452951482094e-01 -1.474703258265540162e+00
6.948618343454241675e+00 8.050077783569876688e-01 -1.270076005576934230e+00
7.050553603113516310e+00 7.366580146756673830e-01 -1.035936749402222246e+00
7.138509892059791362e+00 6.558770962946974814e-01 -7.757488446058827813e-01
7.213339287366129504e+00 5.661406661002705842e-01 -4.932763271618015311e-01
7.275869574424754127e+00 4.710393839046421727e-01 -1.924937395556214070e-01
7.326878400991492235e+00 3.741906175609778784e-01 1.225081924715899634e-01
7.367075797850431762e+00 2.791523298408051801e-01 4.476164678467784985e-01
7.397095276782486906e+00 1.893416587964084630e-01 7.787853119241956446e-01
7.417492895754453031e+00 1.079607401369760272e-01 1.112118229646611889e+00
7.428752942764436540e+00 3.793233024943694354e-02 1.443940345123535973e+00
7.431298328747509174e+00 -1.815237256692997167e-02 1.770859226090615968e+00
7.425503434590806862e+00 -5.807189660804355780e-02 2.089812810788892694e+00
7.411707131053230313e+00 -7.999786521611224055e-02 2.398103719355947572e+00
7.390223998811317863e+00 -8.250393337500833146e-02 2.693420144318090070e+00
7.361352246284086576e+00 -6.456166537038809938e-02 2.973844441670594474e+00
7.325377300812983883e+00 -2.552547394825141827e-02 3.237851232373678112e+00
7.282570581766546702e+00 3.489076871507351685e-02 3.484297139827401857e+00
7.233183688293142843e+00 1.166425680949210592e-01 3.712404233784943219e+00
7.177439120922849192e+00 2.193861078422706390e-01 3.921738891266588478e+00
7.115519392045315250e+00 3.425090510552169509e-01 4.112187201856659868e+00
7.047556559125953690e+00 4.851580250440777342e-01 4.283927382462600519e+00
6.973623741221888217e+00 6.462603053541087217e-01 4.437399137703809338e+00
6.893729415070117383e+00 8.245378886505815297e-01 4.573269679803404486e+00
6.807814690263667146e+00 1.018513296110532984e+00 4.692396272736098162e+00
6.715753505014542490e+00 1.226507953382489635e+00 4.795785656311373657e+00
6.617355682059335109e+00 1.446635350623231231e+00 4.884551353875203006e+00
6.512372889103273721e+00 1.676791854415228933e+00 4.959870318573096348e+00
6.400507599074897414e+00 1.914647952655362584e+00 5.022940334862761702e+00
6.281425045083058656e+00 2.157642318845658380e+00 5.074939166591596162e+00
6.154767969983563347e+00 2.402980854952881717e+00 5.116986112876755755e+00
6.020173803589298878e+00 2.647642876363943909e+00 5.150106799036564986e+00
5.877293803522880111e+00 2.888396591697326432e+00 5.175202565177655423e+00
5.725813636547060881e+00 3.121825746249051736e+00 5.193026159489776639e+00
5.565474847857117879e+00 3.344368619830107914e+00 5.204165185407473082e+00
5.396096682441747561e+00 3.552369591764511725e+00 5.209034010217306943e+00
5.217597718791768813e+00 3.742142512429966317e+00 5.207874019097415541e+00
5.030016595635825816e+00 3.910044388715691710e+00 5.200761454891190461e+00
4.833530689975004790e+00 4.052557264628743994e+00 5.187621644358096695e+00
4.628471103363439809e+00 4.166375319997342785e+00 5.168248082110718400e+00
4.415332040055311325e+00 4.248493100537892531e+00 5.142324586505238493e+00
4.194772845629139546e+00 4.296289932517418642e+00 5.109448712581515117e+00
3.967611650589425221e+00 4.307605583289972451e+00 5.069155011901437469e+00
3.734810549957653159e+00 4.280803262941626386e+00 5.020937530543396754e+00
3.497453177514075140e+00 4.214817657374976712e+00 4.964271803281190998e+00
3.256716074901262026e+00 4.109187137780907939e+00 4.898637100755328433e+00
3.013835448285118179e+00 3.964070178666966981e+00 4.823539535081379448e+00
2.770071043650687681e+00 3.780246350027326674e+00 4.738535916383950664e+00
2.526669062833055257e+00 3.559102277897834732e+00 4.643257418316576235e+00
2.284826097880945373e+00 3.302602895755504253e+00 4.537431630098318180e+00
2.045655827900649371e+00 3.013248235736682989e+00 4.420901642536859022e+00
1.810159771877701607e+00 2.694016124035187421e+00 4.293641289100682989e+00
1.579202851878352742e+00 2.348291756273389375e+00 4.155766202622699801e+00
1.353493964634292501e+00 1.979786259110966284e+00 4.007540666296958598e+00
1.133571315049043848e+00 1.592447518392967165e+00 3.849380272590184671e+00
9.197921284437619027e-01 1.190367228578110614e+00 3.681850307850673243e+00
7.123265983943055657e-01 7.776881554143693087e-01 3.505659768370321672e+00
5.111563846605139405e-01 3.585152186666960561e-01 3.321651085712905793e+00
3.160783758989753611e-01 -6.316651848526819157e-02 3.130785895722416168e+00
1.267145758118321808e-01 -4.835643292048216191e-01 2.934127368988639351e+00
-5.747114933175853646e-02 -8.991385709423379557e-01 2.732819729996848857e+00
-2.371489955124179427e-01 -1.306650101406874764e+00 2.528065722806047244e+00
-4.130917144473821301e-01 -1.703193688189572397e+00 2.321102933972918336e+00
-5.861360609142738376e-01 -2.086217834603180776e+00 2.113180003856046874e+00
-7.571382010734472034e-01 -2.453532371562410219e+00 1.905533791241236896e+00
-9.269247732780825366e-01 -2.803305711848739445e+00 1.699368368396920292e+00
-1.096241942469194708e+00 -3.134053892396806429e+00 1.495836239857265104e+00
-1.265705269815327494e+00 -3.444623584779683778e+00 1.296021644674055118e+00
-1.435753366929573893e+00 -3.734171126723265566e+00 1.100925603117245188e+00
-1.606608068443834636e+00 -4.002139271424336009e+00 9.114525843866420063e-01
-1.778243375021988815e+00 -4.248232891636392949e+00 7.283990104418729405e-01
-1.950364842478265581e+00 -4.472394541633151199e+00 5.524439089054385965e-01
-2.122400407581018555e+00 -4.674780728871965607e+00 3.841417116911531870e-01
-2.293502777142574445e+00 -4.855739958388542554e+00 2.239166148708810200e-01
-2.462562561305027931e+00 -5.015793804193959815e+00 7.205750133094034060e-02
-2.628230556553224240e+00 -5.155622035000517300e+00 -7.128746635920112096e-02
-2.788947177643198216e+00 -5.276052080894035434e+00 -2.061169544438903323e-01
-2.942977007749291385e+00 -5.378052209154856378e+00 -3.325830907289459848e-01
-3.088446617605404398e+00 -5.462727092914921201e+00 -4.509980241134055601e-01
-3.223383986091574283e+00 -5.531314151390899880e+00 -5.618393831178336573e-01
-3.345757947154962331e+00 -5.585178971863148156e+00 -6.657531424975158263e-01
-3.453516202972062743e+00 -5.625808052671672499e+00 -7.635521369559274962e-01
-3.544620778128782845e+00 -5.654796966132806801e+00 -8.562085480081343958e-01
-3.617080409439648925e+00 -5.673832082191096582e+00 -9.448390882026131976e-01
-3.668980111339313677e+00 -5.684664590921234328e+00 -1.030682250969768399e+00
-3.698508755717297536e+00 -5.689076738075060646e+00 -1.115067849380629195e+00
-3.703985735380966204e+00 -5.688841386532770272e+00 -1.199379949697384040e+00
-3.683887564216241639e+00 -5.685676552545304574e+00 -1.285014921075647409e+00
-3.636874735032634476e+00 -5.681196374442183838e+00 -1.373336538068319790e+00
-3.561818604843163705e+00 -5.676859713208235902e+00 -1.465629991058062798e+00
-3.457827753486440336e+00 -5.673917880027921079e+00 -1.563056458798669945e+00
-3.324273212438670466e+00 -5.673363755445296697e+00 -1.666609733162076390e+00
-3.160812099453870871e+00 -5.675885276928201328e+00 -1.777076374914600576e+00
-2.967409367051480729e+00 -5.681826587277427620e+00 -1.895001019775053752e+00
-2.744357379290399024e+00 -5.691160047079963924e+00 -2.020658583665645214e+00
-2.492292764873246025e+00 -5.703471830842444135e+00 -2.154034994623378552e+00
-2.212209562846502386e+00 -5.717962867777155900e+00 -2.294817569171776483e+00
-1.905467281145394098e+00 -5.733465575654927981e+00 -2.442395407117806894e+00
-1.573792239078886768e+00 -5.748475659991520104e+00 -2.595869591041850999e+00
-1.219270500951334935e+00 -5.761197625745047013e+00 -2.754072756813728429e+00
-8.443308729300050830e-01 -5.769602412799648583e+00 -2.915597488428708584e+00
-4.517168311344215148e-01 -5.771495282663108739e+00 -3.078832589704489475e+00
-4.444682146035007497e-02 -5.764591656326892632e+00 -3.242005619323852006e+00
3.742368924498561400e-01 -5.746598199501215198e+00 -3.403229541264484403e+00
8.009297330454969721e-01 -5.715296094102365387e+00 -3.560551212895683104e+00
1.232134540788442978e+00 -5.668623107155324803e+00 -3.711999661731817834e+00
1.664336539655515645e+00 -5.604751001453342596e+00 -3.855632533457682420e+00
2.094080078661193500e+00 -5.522155305891612187e+00 -3.989579615334560181e+00
2.518043684930760584e+00 -5.419675340305136757e+00 -4.112082818684446472e+00
2.933110235411273692e+00 -5.296563102550067903e+00 -4.221532258796115045e+00
3.336429404953680677e+00 -5.152519792098620321e+00 -4.316498005775630809e+00
3.725469961598926627e+00 -4.987718651498205702e+00 -4.395756799452632535e+00
4.098060067173407539e+00 -4.802813039601601552e+00 -4.458312715082453082e+00
4.452414511282039911e+00 -4.598929348019466623e+00 -4.503410563714866477e+00
4.787148595158729592e+00 -4.377645164055276261e+00 -4.530540836097080692e+00
5.101279004005929707e+00 -4.140953711656138125e+00 -4.539435437005796103e+00
5.394212388552383608e+00 -3.891216199594357050e+00 -4.530054348975708578e+00
5.665722556331711957e+00 -3.631104375495469494e+00 -4.502564402885961492e+00
5.915917266305913635e+00 -3.363536104996126763e+00 -4.457312103309742035e+00
6.145195797666175075e+00 -3.091606917941513100e+00 -4.394792834725732789e+00
6.354198855530976076e+00 -2.818520258913707277e+00 -4.315618875753687078e+00
6.543752935220069844e+00 -2.547518957593501110e+00 -4.220488492231174504e+00
6.714811772681119173e+00 -2.281820364165977999e+00 -4.110157873061575984e+00
6.868397735127864223e+00 -2.024557509939749700e+00 -3.985416904192369714e+00
7.005545878755939704e+00 -1.778728304337632293e+00 -3.847069089947462217e+00
7.127253011804899785e+00 -1.547154152532694837e+00 -3.695915631576691673e+00
7.234433593688150310e+00 -1.332448641245671084e+00 -3.532743783159595363e+00
7.327883803419331876e+00 -1.136996171628267938e+00 -3.358319895410296851e+00
7.408254748340895368e+00 -9.629395491071273128e-01 -3.173387671934911225e+00
7.476035566905982144e+00 -8.121746342919875516e-01 -2.978671823637170313e+00
7.531546911572870151e+00 -6.863495981363448850e-01 -2.774886586694228718e+00
7.574944806725603996e+00 -5.868664983712232885e-01 -2.562747871853191306e+00
7.606234244950750067e+00 -5.148837455817609765e-01 -2.342987495326600556e+00
7.625291268452548010e+00 -4.713190204472663680e-01 -2.116368020691264284e+00
7.631891687862574436e+00 -4.568527409294750319e-01 -1.883697020435361580e+00
7.625744042624333474e+00 -4.719320672258069393e-01 -1.645839959033269961e+00
7.606524091353725758e+00 -5.167749648494923687e-01 -1.403731477251567661e+00
7.573908192025009534e+00 -5.913734531502216063e-01 -1.158385572910583416e+00
7.527603365932703738e+00 -6.954950935647159493e-01 -9.109056833593485170e-01
7.467372529075529286e+00 -8.286820291899078539e-01 -6.624955349100697388e-01
7.393054217207025047e+00 -9.902473182452109501e-01 -4.144707264754476927e-01
7.304576994782196131e+00 -1.179268705605352130e+00 -1.682698336857207100e-01
7.201969455446586288e+00 -1.394580284814203708e+00 7.453691094200957934e-02
7.085367169102694263e+00 -1.634762836151378407e+00 3.122432299396334376e-01
6.955018077093274798e+00 -1.898134095695974688e+00 5.430079485347166779e-01
6.811287687335266128e+00 -2.182740765322425336e+00 7.648622801601718812e-01
6.654665004996919819e+00 -2.486354554262484307e+00 9.757235303667706194e-01
6.485769616912738122e+00 -2.806474761772426163e+00 1.173415451855340574e+00
6.305359992702668670e+00 -3.140339628978231712e+00 1.355695448981596218e+00
6.114342954197470981e+00 -3.484947704426755166e+00 1.520288644444238280e+00
5.913784201690069686e+00 -3.837088947965467511e+00 1.664928493822511957e+00
5.704919563409603711e+00 -4.193383879334981579e+00 1.787403178059597142e+00
5.489166242518475514e+00 -4.550328353624382594e+00 1.885606406016290260e+00
5.268132895340752242e+00 -4.904341534133214608e+00 1.957590640758253508e+00
5.043627023036502344e+00 -5.251814992226865542e+00 2.001620345154464076e+00
4.817657993979034714e+00 -5.589161407685623750e+00 2.016222705307362251e+00
4.592434055521620095e+00 -5.912862039905832923e+00 2.000233358946017503e+00
4.370351885020271610e+00 -6.219512782384752470e+00 1.952834937645220759e+00
4.153977500279181889e+00 -6.505868868926532045e+00 1.873586868918350801e+00
3.946017710302415438e+00 -6.768888099855288054e+00 1.762445859447211882e+00
3.749281837542178586e+00 -7.005772076245498248e+00 1.619777417284703036e+00
3.566634180199885318e+00 -7.214004706777139120e+00 1.446359221823469543e+00
3.400938377213569730e+00 -7.391387371571001452e+00 1.243377042554134171e+00
3.254995271056221995e+00 -7.536070558341239511e+00 1.012413557567282130e+00
3.131476102887732260e+00 -7.646582245208328743e+00 7.554301899414315180e-01
3.032853142468455498e+00 -7.721853421888109636e+00 4.747421303804862935e-01
2.961330222802524670e+00 -7.761240758406660945e+00 1.729870071927198383e-01
2.918775961215770209e+00 -7.764545670626765705e+00 -1.469119678601344958e-01
2.906662460699695139e+00 -7.732028179878104979e+00 -4.817872810512028314e-01
2.926011896499923548e+00 -7.664413352210584840e+00 -8.282716547452303457e-01
2.977352788658808702e+00 -7.562887889206891145e+00 -1.182844801741001595e+00
3.060687236231440789e+00 -7.429084531811962933e+00 -1.541881598279341903e+00
3.175470044473827524e+00 -7.265052336520260390e+00 -1.901701036191111083e+00
3.320600426305059472e+00 -7.073211836723204193e+00 -2.258615236941400095e+00
3.494426727366144458e+00 -6.856295632309652888e+00 -2.608977579362832255e+00
3.694764374127302187e+00 -6.617276543529132304e+00 -2.949228838758360283e+00
3.918926947418212681e+00 -6.359286460373555272e+00 -3.275940227088754320e+00
4.163769970487686933e+00 -6.085529264850740638e+00 -3.585852220670626700e+00
4.425746723610592070e+00 -5.799191194670972216e+00 -3.875908004944948804e+00
4.700975097438820249e+00 -5.503352265738667981e+00 -4.143280404341505907e+00
4.985314067052546427e+00 -5.200902867402213303e+00 -4.385391455352629642e+00
5.274447853348513959e+00 -4.894470071988781257e+00 -4.599924351109256904e+00
5.563975399272607092e+00 -4.586358265816831370e+00 -4.784828250529104210e+00
5.849502490569331137e+00 -4.278508129545043559e+00 -4.938317195671090509e+00
6.126733650982139956e+00 -3.972476636622112256e+00 -5.058864854942522804e+00
6.391560814638790333e+00 -3.669438875251296750e+00 -5.145196890356761088e+00
6.640145743367185105e+00 -3.370210602462297089e+00 -5.196282548340647622e+00
6.868993265394011338e+00 -3.075288750449058917e+00 -5.211326809138379090e+00
7.075012748066578538e+00 -2.784905701983016790e+00 -5.189764235240711621e+00
7.255565852489027634e+00 -2.499092211091224147e+00 -5.131255534290173337e+00
7.408499538522304917e+00 -2.217743515298794321e+00 -5.035687715287242128e+00
7.532164355995950800e+00 -1.940683396309178077e+00 -4.903178475438313200e+00
7.625419046769510878e+00 -1.667721594432562737e+00 -4.734085057137705554e+00
7.687623170997468947e+00 -1.398701064702197128e+00 -4.529017277969967559e+00
7.718619725738343540e+00 -1.133532951825096058e+00 -4.288853822941470995e+00
7.718709570572212186e+00 -8.722185235932716774e-01 -4.014760302326502384e+00
7.688619118428141164e+00 -6.148583981669144549e-01 -3.708207173823231173e+00
7.629462454919053727e+00 -3.616502679901509310e-01 -3.370985494560426510e+00
7.542698948193548247e+00 -1.128770662750194220e-01 -3.005218564907953915e+00
7.430087443596993246e+00 1.311119217324847042e-01 -2.613367776112941687e+00
7.293638175008349656e+00 3.699242413079960601e-01 -2.198231319073169043e+00
7.135563496967469277e+00 6.031489224525689030e-01 -1.762934794391182836e+00
6.958228429109140301e+00 8.303796970233181529e-01 -1.310913198465327278e+00
6.764101806502192282e+00 1.051233776498427197e+00 -8.458843414473430355e-01
6.555708614454354155e+00 1.265363455800803782e+00 -3.718144599901264669e-01
6.335584000000518579e+00 1.472458786350056226e+00 1.071226395267032561e-01
6.106229571486542440e+00 1.672241134540700003e+00 5.865914150969681051e-01
5.870072812927543460e+00 1.864449039898256721e+00 1.062144181953061706e+00
5.629430592942026301e+00 2.048818849521552909e+00 1.529273718218066236e+00
5.386477817938241763e+00 2.225062916179654682e+00 1.983468518952621551e+00
5.143222285838978003e+00 2.392847772245908278e+00 2.420270420542429246e+00
4.901486627383810024e+00 2.551773932726799199e+00 2.835334146212582951e+00
4.662897725450281250e+00 2.701358366627741869e+00 3.224488137875445748e+00
4.428883178263046894e+00 2.841020535247498202e+00 3.583795951976616490e+00
4.200673408560887445e+00 2.970072965039805446e+00 3.909617337751546184e+00
3.979307253242371889e+00 3.087717149246079540e+00 4.198667712634108540e+00
3.765638650649707042e+00 3.193045097980330649e+00 4.448074201665634497e+00
3.560342490654476055e+00 3.285046290975836225e+00 4.655426017665702965e+00
3.363918569456164853e+00 3.362619262185775781e+00 4.818816973584166163e+00
3.176693537477415674e+00 3.424586664495646637e+00 4.936878355615109903e+00
2.998821527442731227e+00 3.469712618450099484e+00 5.008801037567997660e+00
2.830284716242055243e+00 3.496721608147649540e+00 5.034346331443617650e+00
2.670895359747468945e+00 3.504319097756939172e+00 5.013845555709559143e+00
2.520300841462205454e+00 3.491214980556438086e+00 4.948188698298550570e+00
2.377993032938105156e+00 3.456151268138905053e+00 4.838802823875324677e+00
2.243322827259622176e+00 3.397934752995025676e+00 4.687620960375167734e+00
2.115520165761431315e+00 3.315474220632402158e+00 4.497042225527914994e+00
1.993719318594643797e+00 3.207820983758620681e+00 4.269884163548392841e+00
1.876988585155096922e+00 3.074211305577738695e+00 4.009328669377998366e+00
1.764362911027656411e+00 2.914109170974474861e+00 3.718863225410907081e+00
1.654877299580854277e+00 2.727247359079647548e+00 3.402219276120096669e+00
1.547598583123239502e+00 2.513663991111373175e+00 3.063309477377925916e+00
1.441653255656359711e+00 2.273731238693192491e+00 2.706165373915041528e+00
1.336249616682372077e+00 2.008173103969210782e+00 2.334876723901682549e+00
1.230693335995712401e+00 1.718070074870386099e+00 1.953533120494098441e+00
1.124396580021611802e+00 1.404849632589949326e+00 1.566167863584653652e+00
1.016881763613009415e+00 1.070262710294840103e+00 1.176703538712191799e+00
9.077815150848657089e-01 7.163472278668020499e-01 7.888987997671859098e-01
7.968364840612671696e-01 3.453808637371689749e-01 4.062964721562880577e-01
6.838922999332864849e-01 -4.017373708942991589e-02 3.217398245278513952e-02
5.688964523999471279e-01 -4.377273117869511232e-01 -3.305021255600916197e-01
4.518952276294088688e-01 -8.446216628652358782e-01 -6.791154407706068152e-01
3.330302057243706426e-01 -1.258182973915623393e+00 -1.011430566000143250e+00
2.125333176368868482e-01 -1.675767981811085994e+00 -1.325613910259167527e+00
9.071915534225374889e-02 -2.094801147160064492e+00 -1.620243518800497329e+00
-3.202678701403939565e-02 -2.512801899792767468e+00 -1.894308203933674717e+00
-1.552649013572332815e-01 -2.927402220957632473e+00 -2.147197242725465305e+00
-2.785235452971384085e-01 -3.336356120680520121e+00 -2.378682435848296528e+00
-4.013259006183043653e-01 -3.737543463591310733e+00 -2.588894413395986582e+00
-5.232205362238381285e-01 -4.128970747193116075e+00 -2.778294938362817490e+00
-6.438142976638758785e-01 -4.508770999804787571e+00 -2.947646696839427261e+00
-7.628059094734171985e-01 -4.875204315642426067e+00 -3.097981687719788546e+00
-8.800183536578007892e-01 -5.226659876179681419e+00 -3.230568892534238845e+00
-9.954277879963100428e-01 -5.561659629176936015e+00 -3.346881545371177769e+00
-1.109186790206961204e+00 -5.878863118858766335e+00 -3.448564086895513636e+00
-1.221640202624960425e+00 -6.177072370935340118e+00 -3.537398646536082936e+00
-1.333332576477542997e+00 -6.455235398725573503e+00 -3.615270534055763818e+00
-1.445006788213569537e+00 -6.712446972949240198e+00 -3.684131879330403425e+00
-1.557593679818546129e+00 -6.947945789661528870e+00 -3.745962525060436477e+00
-1.672192744541616038e+00 -7.161107886048741378e+00 -3.802727664955270370e+00
-1.790044171362241476e+00 -7.351436880975556143e+00 -3.856332399631093200e+00
-1.912493009182975934e+00 -7.518552221260845769e+00 -3.908574142897386139e+00
-2.040946664636699825e+00 -7.662176974712136435e+00 -3.961094459794974210e+00
-2.176827231055577627e+00 -7.782126797127964402e+00 -4.015332290472336751e+00
-2.321520207206056341e+00 -7.878301643046645708e+00 -4.072480550293609447e+00
-2.476321113813575447e+00 -7.950681652999180393e+00 -4.133447915510266135e+00
-2.642381520541061235e+00 -7.999328306005912381e+00 -4.198827403893857557e+00
-2.820656126895171312e+00 -8.024391298384356830e+00 -4.268873248337910375e+00
-3.011852742241694525e+00 -8.026120845640791757e+00 -4.343487516645724078e+00
-3.216387175393612630e+00 -8.004884440384993027e+00 -4.422217838790593269e+00
-3.434345088379338939e+00 -7.961186667801893435e+00 -4.504267276144751087e+00
-3.665452755702893750e+00 -7.895690447361452868e+00 -4.588516656191047538e+00
-3.909058371961916301e+00 -7.809237963671200156e+00 -4.673558706204647528e+00
-4.164125013635660899e+00 -7.702869654478873507e+00 -4.757742399918350351e+00
-4.429235593120653292e+00 -7.577840094516121283e+00 -4.839225337686369421e+00
-4.702609338582284693e+00 -7.435630318959241869e+00 -4.916031702327192221e+00
-4.982128790410033758e+00 -7.277956562344001235e+00 -4.986113313054646667e+00
-5.265376134178755052e+00 -7.106775088199086099e+00 -5.047411556749456629e+00
-5.549677664062019566e+00 -6.924281826616377700e+00 -5.097918436242236062e+00
-5.832154986033692978e+00 -6.732904539226178819e+00 -5.135735444348075163e+00
-6.109781225450268138e+00 -6.535284879171771699e+00 -5.159129308801800207e+00
-6.379440273849604992e+00 -6.334248303751048859e+00 -5.166583819508677067e+00
-6.637987158375748820e+00 -6.132761152683663397e+00 -5.156846923064539290e+00
-6.882307825028999737e+00 -5.933875831173848425e+00 -5.128972035834101106e+00
-7.109376847451666315e+00 -5.740666336946881998e+00 -5.082352156384573050e+00
-7.316311837771359627e+00 -5.556156892360936794e+00 -5.016745022113515695e+00
-7.500423707138579310e+00 -5.383246096802196234e+00 -4.932287448285797460e+00
-7.659262337729269454e+00 -5.224628232100107184e+00 -4.829497232192651701e+00
-7.790657579876087979e+00 -5.082712978672713433e+00 -4.709261620403980331e+00
-7.892755724494395331e+00 -4.959545406157121583e+00 -4.572812274654311615e+00
-7.964051687601545026e+00 -4.856729329147801977e+00 -4.421687789774852106e+00
-8.003417025785546812e+00 -4.775358057916201382e+00 -4.257685841723358067e+00
-8.010123546888582524e+00 -4.715956772538637765e+00 -4.082807743659417454e+00
-7.983861774180753379e+00 -4.678440454230067935e+00 -3.899198595551545576e+00
-7.924753107549480369e+00 -4.662090890351271000e+00 -3.709086492455542672e+00
-7.833354479607563370e+00 -4.665555818189698556e+00 -3.514724373044084249e+00
-7.710654690098893482e+00 -4.686872632838636754e+00 -3.318337762182865802e+00
-7.558062151776560711e+00 -4.723518029945104502e+00 -3.122080673701478570e+00
-7.377384159348192583e+00 -4.772483421823940475e+00 -2.928000509203664947e+00
-7.170797959859435800e+00 -4.830374189028928456e+00 -2.738011572235808266e+00
-6.940814075654968995e+00 -4.893529137844170762e+00 -2.553876341102918168e+00
-6.690232620437370770e+00 -4.958155077545347567e+00 -2.377193736894426035e+00
-6.422093636381812409e+00 -5.020470173403154490e+00 -2.209393647865456334e+00
-6.139622650285897265e+00 -5.076848660453860518e+00 -2.051736571379491281e+00
-5.846172722276214984e+00 -5.123958876957947162e+00 -1.905316645729402625e+00
-5.545164297443389678e+00 -5.158886871373005611e+00 -1.771066033690428698e+00
-5.240024200872118953e+00 -5.179239221987136155e+00 -1.649758828720209403e+00
-4.934125210265152717e+00 -5.183220692190221079e+00 -1.542013271263303009e+00
-4.630727868305166695e+00 -5.169684220872742486e+00 -1.448291777035010774e+00
-4.332926465948125916e+00 -5.138152257207871720e+00 -1.368898836404264685e+00
-4.043601188012737602e+00 -5.088809770246548680e+00 -1.303977177936336052e+00
-3.765378116681183940e+00 -5.022470542920303593e+00 -1.253502740160442164e+00
-3.500598228019913272e+00 -4.940519521291285798e+00 -1.217279055549713496e+00
-3.251295875150245873e+00 -4.844834903365397238e+00 -1.194931809361274411e+00
-3.019186666842995415e+00 -4.737694223669630667e+00 -1.185904718107316791e+00
-2.805664193870357703e+00 -4.621668820801597910e+00 -1.189458255179642654e+00
-2.611804728251375440e+00 -4.499510805214887554e+00 -1.204672690832848003e+00
-2.438378779659420292e+00 -4.374036332112298808e+00 -1.230456261574393029e+00
-2.285868237772013867e+00 -4.248009048493431195e+00 -1.265558403953939148e+00
-2.154487834835622007e+00 -4.124027997798491718e+00 -1.308587396245521672e+00
-2.044209865076516142e+00 -4.004424489466156700e+00 -1.358031665234593843e+00
-1.954791357323197420e+00 -3.891171937376137535e+00 -1.412284217505554329e+00
-1.885802996611820381e+00 -3.785811476307211265e+00 -1.469669711522015865e+00
-1.836658984053608279e+00 -3.689394946496587391e+00 -1.528473386244544985e+00
-1.806646882149299138e+00 -3.602446322698451109e+00 -1.586970629908271091e+00
-1.794956473906895500e+00 -3.524942905684651517e+00 -1.643455762823688771e+00
-1.800706741741853634e+00 -3.456317874137503576e+00 -1.696268753386804828e+00
-1.822970159392513834e+00 -3.395485396607651030e+00 -1.743819056811128920e+00
-1.860793664783881418e+00 -3.340888365825040118e+00 -1.784606468604645002e+00
-1.913216098380519536e+00 -3.290567350634497679e+00 -1.817239569330104665e+00
-1.979282465392178336e+00 -3.242247957008375536e+00 -1.840452696623877449e+00
-2.058055774833884133e+00 -3.193442674902299938e+00 -1.853122348951716791e+00
-2.148627177483392714e+00 -3.141562559881799999e+00 -1.854283666770448091e+00
-2.250124720628253527e+00 -3.084033752160227682e+00 -1.843147271756448546e+00
-2.361720511032379122e+00 -3.018413839860434766e+00 -1.819116310270637804e+00
-2.482635688403692864e+00 -2.942503363428683905e+00 -1.781803102439813102e+00
-2.612142481991230891e+00 -2.854448098929396771e+00 -1.731044341609173420e+00
-2.749562686324636296e+00 -2.752827890309394121e+00 -1.666913246017893480e+00
-2.894262008863346836e+00 -2.636727855488486760e+00 -1.589726560152673551e+00
-3.045639898026528236e+00 -2.505788233870414494e+00 -1.500044209447806809e+00
-3.203114812269207690e+00 -2.360230161295646667e+00 -1.398659946505943275e+00
-3.366105556084575845e+00 -2.200855892168917638e+00 -1.286582292371601710e+00
-3.534010125776250621e+00 -2.029023028882987134e+00 -1.165006089178470594e+00
-3.706184139742147998e+00 -1.846593272522856433e+00 -1.035275804470948913e+00
-3.881921199551521706e+00 -1.655857529373172987e+00 -8.988423312586563130e-01
-4.060437491150639566e+00 -1.459441014962761018e+00 -7.572154688542819256e-01
-4.240862632119545950e+00 -1.260193800139339793e+00 -6.119146086133248064e-01
-4.422238173668091576e+00 -1.061073381488374379e+00 -4.644203805305530675e-01
-4.603524359702736213e+00 -8.650260685466270028e-01 -3.161300383151750548e-01
-4.783614947421385821e+00 -6.748735151153546497e-01 -1.683190652679617261e-01
-4.961359262813068938e+00 -4.932100262994216777e-01 -2.211086845768383061e-02
-5.135590215799533453e+00 -3.223155797646962140e-01 1.215443873463358804e-01
-5.305156686902763319e+00 -1.640886992612648199e-01 2.618815630540781147e-01
-5.468958466123587492e+00 -2.000212933518189656e-02 3.983233325808341330e-01
-5.625981732483697151e+00 1.089175054103135448e-01 5.304748486219345027e-01
-5.775332924740410157e+00 2.220870170992251535e-01 6.581116388925020155e-01
-5.916268862921056915e+00 3.193437555721986287e-01 7.811624623924826594e-01
-6.048221248164620256e+00 4.009062150562048843e-01 8.996888855669212814e-01
-6.170814201293340240e+00 4.673219192072090578e-01 1.013863001602108183e+00
-6.283874127884302219e+00 5.194061911362077844e-01 1.123944273175936370e+00
-6.387431700928873468e+00 5.581754438315505995e-01 1.230256164023830090e+00
-6.481716071196082396e+00 5.847786642941346091e-01 1.333163069384191823e+00
-6.567141656531563676e+00 6.004305097484277098e-01 1.433047971262923603e+00
-6.644288120576081980e+00 6.063489901225378453e-01 1.530291166933890779e+00
-6.713874407661343469e+00 6.037003826767107784e-01 1.625250353605460552e+00
-6.776727917782172206e+00 5.935537934637838964e-01 1.718242329921886968e+00
-6.833750138396727181e+00 5.768473023570009905e-01 1.809526630991197038e+00
-6.885880287546426892e+00 5.543667194995501868e-01 1.899291561319608856e+00
-6.934058542887549415e+00 5.267368519974908736e-01 1.987643237374638661e+00
-6.979190098746418158e+00 4.944241970250447538e-01 2.074598239611500361e+00
-7.022110904304423862e+00 4.577493910102134467e-01 2.160080264874435940e+00
-7.063555895316436128e+00 4.169075399909906166e-01 2.243920845205224168e+00
-7.104130753412938759e+00 3.719944387955205767e-01 2.325863783658421280e+00
-7.144288238499875376e+00 3.230364594093079189e-01 2.405572496846006381e+00
-7.184309743797119729e+00 2.700218023432612857e-01 2.482639177252355722e+00
-7.224292210973812800e+00 2.129311400601330007e-01 2.556594770692677265e+00
-7.264140268482518259e+00 1.517661724064916229e-01 2.626919023735786674e+00
-7.303563462340013857e+00 8.657475241883209882e-02 2.693050018958043967e+00
-7.342078531675961806e+00 1.747101692342063403e-02 2.754392734187232961e+00
-7.379016653198082309e+00 -5.535112760336224208e-02 2.810326429135336923e+00
-7.413535410818036908e+00 -1.316124269163979343e-01 2.860210975603560080e+00
-7.444635040910966950e+00 -2.109511722944420742e-01 2.903392285386405813e+00
-7.471178365534428600e+00 -2.929343467190376749e-01 2.939206683144865995e+00
-7.491913769097071629e+00 -3.770759315875535922e-01 2.966983763164543930e+00
-7.505500587309177796e+00 -4.628603800380411970e-01 2.986047366652800239e+00
-7.510536417393422148e+00 -5.497687116604250690e-01 2.995714884896276242e+00
-7.505586123599747417e+00 -6.373047937354235914e-01 2.995295851367203888e+00
-7.489212498443783339e+00 -7.250200011038201442e-01 2.984091395986339990e+00
-7.460008431063935852e+00 -8.125351765663297865e-01 2.961396402509997916e+00
-7.416630084258650335e+00 -8.995593426875619913e-01 2.926506080287994749e+00
-7.357830256285298631e+00 -9.859048631073384916e-01 2.878728169432412276e+00
-7.282491005620660651e+00 -1.071498780711283905e+00 2.817401271692389297e+00
-7.189654783990046205e+00 -1.156389951362790880e+00 2.741919049708780420e+00
-7.078553675998885630e+00 -1.240751386255152244e+00 2.651759464156849155e+00
-6.948636704072464809e+00 -1.324877015901164912e+00 2.546517902150961188e+00
-6.799595281608096897e+00 -1.409172068193352390e+00 2.425942922878836061e+00
-6.631386642234703643e+00 -1.494136455774785599e+00 2.289973255342165892e+00
-6.444254558619153528e+00 -1.580340849983262519e+00 2.138774546654115039e+00
-6.238746181049937611e+00 -1.668395370695850755e+00 1.972774230347333679e+00
-6.015723568565269019e+00 -1.758911140445649668e+00 1.792692792091670650e+00
-5.776368471697884033e+00 -1.852455537506299654e+00 1.599569573295189340e+00
-5.522179139855571073e+00 -1.949502855640195875e+00 1.394781042543844940e+00
-5.254958385640793317e+00 -2.050382903243519461e+00 1.180049310190409706e+00
-4.976792826383632296e+00 -2.155230422701976067e+00 9.574387311975662840e-01
-4.690024033273684445e+00 -2.263938017965994476e+00 7.293388266514705398e-01
-4.397213047877293057e+00 -2.376114869576897437e+00 4.984324681391200662e-01
-4.101100133684946414e+00 -2.491053243621335511e+00 2.676492490867625751e-01
-3.804561580423901024e+00 -2.607704820426526737e+00 4.010504921522991401e-02
-3.510564931756495533e+00 -2.724669083327006636e+00 -1.809702295897990809e-01
-3.222123355636675068e+00 -2.840196064376875995e+00 -3.923140280303961669e-01
-2.942249243113334689e+00 -2.952205247685129486e+00 -5.907182965626747162e-01
-2.673906711445046547e+00 -3.058321324138242314e+00 -7.731187426491128445e-01
-2.419962655993928458e+00 -3.155926206940290246e+00 -9.366823121765712745e-01
-2.183136415798684560e+00 -3.242225837006192268e+00 -1.078889445888087328e+00
-1.965948921159877516e+00 -3.314329969240162210e+00 -1.197608477021062212e+00
-1.770673056971499904e+00 -3.369342884427656504e+00 -1.291160366181131280e+00
-1.599287427963704156e+00 -3.404462342024026977e+00 -1.358372358253802537e+00
-1.453435543125637608e+00 -3.417083186701908915e+00 -1.398619060433536676e+00
-1.334391935916322325e+00 -3.404901437310758006e+00 -1.411849262832448826e+00
-1.243036325313521040e+00 -3.366014819937941827e+00 -1.398596955760461613e+00
-1.179836672115233132e+00 -3.299016354675474272e+00 -1.359975597916178947e+00
-1.144841695004049420e+00 -3.203078256257504641e+00 -1.297655706682303789e+00
-1.137682997662247564e+00 -3.078023738361336470e+00 -1.213827027108624890e+00
-1.157586501405760471e+00 -2.924384293581143712e+00 -1.111147468444209085e+00
-1.203392444601163236e+00 -2.743439781892025753e+00 -9.926813924543916867e-01
-1.273582869065927214e+00 -2.537238437472105534e+00 -8.618298243750920351e-01
-1.366315364046463143e+00 -2.308594010476945790e+00 -7.222550488257799550e-01
-1.479461892431731540e+00 -2.061057856304396640e+00 -5.778019129867418835e-01
-1.610651689724645896e+00 -1.798864693326132747e+00 -4.324177776487389546e-01
-1.757317397124441571e+00 -1.526851690615370183e+00 -2.900723452970759286e-01
-1.916743666107831201e+00 -1.250351526574608796e+00 -1.546778206441759562e-01
-2.086117423551260508e+00 -9.750613025746477369e-01 -3.000938026096460973e-02
-2.262578916736430745e+00 -7.068907198407997639e-01 8.037414316644478363e-02
-2.443272648427452953e+00 -4.517944558071227967e-01 1.732091521887250962e-01
-2.625397309900590948e+00 -2.155949836984562551e-01 2.456048222510270607e-01
-2.806253787505534003e+00 -3.803131128595723439e-03 2.951172516728994277e-01
-2.983290297033874161e+00 1.785556664381599823e-01 3.198170267193891081e-01
-3.154143696641934724e+00 3.271015178723683525e-01 3.183463005287143766e-01
-3.316676058797872084e+00 4.382396276226146470e-01 2.899616024585809915e-01
-3.469005718021698215e+00 5.092736925177671070e-01 2.345594648966240481e-01
-3.609532226401879651e+00 5.384892759770552040e-01 1.526831445307147150e-01
-3.736954793409960285e+00 5.252050700119267335e-01 4.550982383014044730e-02
-3.850283829026884597e+00 4.697916523767793895e-01 -8.518139184479772696e-02
-3.948845309735047326e+00 3.736586173377807740e-01 -2.370595768264023018e-01
