-1.266224265098571777e+00 2.571315050125122070e+00 -2.687689304351806641e+00
-1.268423318862915039e+00 2.559040546417236328e+00 -2.682749032974243164e+00
-1.264750242233276367e+00 2.543824911117553711e+00 -2.671185255050659180e+00
-1.257045388221740723e+00 2.522750139236450195e+00 -2.652735233306884766e+00
-1.245839595794677734e+00 2.495115518569946289e+00 -2.627357959747314453e+00
-1.231241941452026367e+00 2.461295127868652344e+00 -2.595395326614379883e+00
-1.213417768478393555e+00 2.421752214431762695e+00 -2.557288885116577148e+00
-1.189295291900634766e+00 2.372521638870239258e+00 -2.511338710784912109e+00
-1.162498354911804199e+00 2.318843126296997070e+00 -2.460447788238525391e+00
-1.133451700210571289e+00 2.261565446853637695e+00 -2.405387639999389648e+00
-1.102555990219116211e+00 2.201506376266479492e+00 -2.346955299377441406e+00
-1.070249319076538086e+00 2.139528512954711914e+00 -2.286002159118652344e+00
-1.037195682525634766e+00 2.077096700668334961e+00 -2.223534822463989258e+00
-1.005311489105224609e+00 2.019197225570678711e+00 -2.161296844482421875e+00
-9.734454154968261719e-01 1.962046504020690918e+00 -2.099268198013305664e+00
-9.420756101608276367e-01 1.906478643417358398e+00 -2.038362979888916016e+00
-9.145895242691040039e-01 1.856964468955993652e+00 -1.981011629104614258e+00
-8.805753588676452637e-01 1.797501444816589355e+00 -1.913602471351623535e+00
-8.445810079574584961e-01 1.728508472442626953e+00 -1.844523072242736816e+00
-8.120762705802917480e-01 1.667082190513610840e+00 -1.781815886497497559e+00
-7.835357785224914551e-01 1.614086866378784180e+00 -1.726347208023071289e+00
-7.593724727630615234e-01 1.570256710052490234e+00 -1.678868532180786133e+00
-7.420229911804199219e-01 1.541859388351440430e+00 -1.642658472061157227e+00
-7.312647104263305664e-01 1.524141788482666016e+00 -1.615906476974487305e+00
-7.250314354896545410e-01 1.506335139274597168e+00 -1.593957543373107910e+00
-7.221504449844360352e-01 1.495990276336669922e+00 -1.580128431320190430e+00
-7.226355671882629395e-01 1.493138074874877930e+00 -1.574506163597106934e+00
-7.244140505790710449e-01 1.501923084259033203e+00 -1.578850150108337402e+00
-7.336198091506958008e-01 1.527377963066101074e+00 -1.595743894577026367e+00
-7.491267919540405273e-01 1.565728902816772461e+00 -1.623236894607543945e+00
-7.690813541412353516e-01 1.613918185234069824e+00 -1.659673213958740234e+00
-7.929649353027343750e-01 1.670876860618591309e+00 -1.704281449317932129e+00
-8.126806616783142090e-01 1.714975118637084961e+00 -1.746935725212097168e+00
-8.353163599967956543e-01 1.764692425727844238e+00 -1.795683622360229492e+00
-8.604969978332519531e-01 1.819243073463439941e+00 -1.849737286567687988e+00
-8.878073692321777344e-01 1.877777457237243652e+00 -1.908236742019653320e+00
-9.167986512184143066e-01 1.939393758773803711e+00 -1.970264315605163574e+00
-9.469964504241943359e-01 2.003154039382934570e+00 -2.034856557846069336e+00
-9.765331149101257324e-01 2.066043138504028320e+00 -2.098976612091064453e+00
-9.998461008071899414e-01 2.119534730911254883e+00 -2.154093742370605469e+00
-1.022877335548400879e+00 2.172287464141845703e+00 -2.208779335021972656e+00
-1.045235872268676758e+00 2.223512411117553711e+00 -2.262195825576782227e+00
-1.066540241241455078e+00 2.272446393966674805e+00 -2.313526153564453125e+00
-1.091824531555175781e+00 2.319336175918579102e+00 -2.362263679504394531e+00
-1.117534875869750977e+00 2.363414287567138672e+00 -2.407454013824462891e+00
-1.140958786010742188e+00 2.402507305145263672e+00 -2.448071002960205078e+00
-1.161707043647766113e+00 2.436021327972412109e+00 -2.483477592468261719e+00
-1.179428815841674805e+00 2.463438749313354492e+00 -2.513111352920532227e+00
-1.193818330764770508e+00 2.484329462051391602e+00 -2.536491632461547852e+00
-1.204617738723754883e+00 2.498354434967041016e+00 -2.553225040435791016e+00
-1.211184024810791016e+00 2.504756450653076172e+00 -2.562755584716796875e+00
-1.212135672569274902e+00 2.501950979232788086e+00 -2.564159631729125977e+00
-1.209008932113647461e+00 2.491795778274536133e+00 -2.558288097381591797e+00
-1.201802134513854980e+00 2.474380493164062500e+00 -2.545158624649047852e+00
-1.190570712089538574e+00 2.449893712997436523e+00 -2.524888992309570312e+00
-1.175427556037902832e+00 2.418617010116577148e+00 -2.497693777084350586e+00
-1.154539346694946289e+00 2.386229991912841797e+00 -2.466188430786132812e+00
-1.129179716110229492e+00 2.350408792495727539e+00 -2.429568290710449219e+00
-1.100523710250854492e+00 2.309308052062988281e+00 -2.387286186218261719e+00
-1.068918466567993164e+00 2.263468027114868164e+00 -2.339879035949707031e+00
-1.034754514694213867e+00 2.213487148284912109e+00 -2.287950992584228516e+00
-9.984586834907531738e-01 2.160020112991333008e+00 -2.232167243957519531e+00
-9.604892730712890625e-01 2.103760719299316406e+00 -2.173243045806884766e+00
-9.213283658027648926e-01 2.045440196990966797e+00 -2.111934423446655273e+00
-8.814753293991088867e-01 1.985808610916137695e+00 -2.049024581909179688e+00
-8.414378762245178223e-01 1.925629854202270508e+00 -1.985314249992370605e+00
-8.008134365081787109e-01 1.862688541412353516e+00 -1.920302271842956543e+00
-7.506635785102844238e-01 1.771367192268371582e+00 -1.838620424270629883e+00
-7.145089507102966309e-01 1.716219902038574219e+00 -1.773960828781127930e+00
-6.837341785430908203e-01 1.662633180618286133e+00 -1.713384747505187988e+00
-6.608157157897949219e-01 1.611732482910156250e+00 -1.658994197845458984e+00
-6.417120099067687988e-01 1.565442085266113281e+00 -1.609742045402526855e+00
-6.261528134346008301e-01 1.525990962982177734e+00 -1.565637707710266113e+00
-6.099405884742736816e-01 1.488380670547485352e+00 -1.521278858184814453e+00
-5.963829755783081055e-01 1.455433368682861328e+00 -1.481697797775268555e+00
-5.894014239311218262e-01 1.423386335372924805e+00 -1.445468425750732422e+00
-5.856498479843139648e-01 1.392558455467224121e+00 -1.414241433143615723e+00
-5.841512680053710938e-01 1.369665861129760742e+00 -1.391074299812316895e+00
-5.849562287330627441e-01 1.355018377304077148e+00 -1.376281976699829102e+00
-5.879322290420532227e-01 1.348663926124572754e+00 -1.369987010955810547e+00
-5.906018018722534180e-01 1.347942590713500977e+00 -1.370792388916015625e+00
-5.971027016639709473e-01 1.356261968612670898e+00 -1.380991697311401367e+00
-6.071424484252929688e-01 1.372864127159118652e+00 -1.400482296943664551e+00
-6.196013092994689941e-01 1.397717118263244629e+00 -1.428586244583129883e+00
-6.313723921775817871e-01 1.427333712577819824e+00 -1.459838867187500000e+00
-6.437486410140991211e-01 1.462317347526550293e+00 -1.495140910148620605e+00
-6.608229279518127441e-01 1.504047274589538574e+00 -1.536088466644287109e+00
-6.795448660850524902e-01 1.551970243453979492e+00 -1.583228111267089844e+00
-7.070207595825195312e-01 1.606860160827636719e+00 -1.639782071113586426e+00
-7.380062341690063477e-01 1.673424482345581055e+00 -1.698688030242919922e+00
-7.692592144012451172e-01 1.743070363998413086e+00 -1.760571479797363281e+00
-8.042347431182861328e-01 1.811144113540649414e+00 -1.825599908828735352e+00
-8.341219425201416016e-01 1.864567279815673828e+00 -1.885834097862243652e+00
-8.638389706611633301e-01 1.920060753822326660e+00 -1.948216915130615234e+00
-8.936154842376708984e-01 1.978748679161071777e+00 -2.012432336807250977e+00
-9.232193827629089355e-01 2.040377616882324219e+00 -2.077878475189208984e+00
-9.517473578453063965e-01 2.102712154388427734e+00 -2.143546342849731445e+00
-9.800236821174621582e-01 2.158301591873168945e+00 -2.205894708633422852e+00
-1.008377432823181152e+00 2.213716268539428711e+00 -2.267413377761840820e+00
-1.040238261222839355e+00 2.274190664291381836e+00 -2.330272197723388672e+00
-1.070136666297912598e+00 2.332288503646850586e+00 -2.390464782714843750e+00
-1.097789645195007324e+00 2.387402296066284180e+00 -2.447367906570434570e+00
-1.122941851615905762e+00 2.438941001892089844e+00 -2.500385999679565430e+00
-1.145366787910461426e+00 2.486343383789062500e+00 -2.548960208892822266e+00
-1.164865732192993164e+00 2.529076814651489258e+00 -2.592568874359130859e+00
-1.181269168853759766e+00 2.566644430160522461e+00 -2.630736589431762695e+00
-1.194436192512512207e+00 2.598589181900024414e+00 -2.663032770156860352e+00
-1.204255461692810059e+00 2.624500036239624023e+00 -2.689081192016601562e+00
-1.213820457458496094e+00 2.645829916000366211e+00 -2.710936069488525391e+00
-1.219792366027832031e+00 2.660398244857788086e+00 -2.725880861282348633e+00
-1.221876382827758789e+00 2.667644262313842773e+00 -2.733268499374389648e+00
-1.219668507575988770e+00 2.666320323944091797e+00 -2.731387138366699219e+00
-1.213604688644409180e+00 2.657520294189453125e+00 -2.721962690353393555e+00
-1.203727126121520996e+00 2.641208887100219727e+00 -2.705012559890747070e+00
-1.190111994743347168e+00 2.617434978485107422e+00 -2.680636644363403320e+00
-1.172869324684143066e+00 2.586326837539672852e+00 -2.649014711380004883e+00
-1.152143239974975586e+00 2.548101186752319336e+00 -2.610411643981933594e+00
-1.128111362457275391e+00 2.503054380416870117e+00 -2.565170288085937500e+00
-1.100983977317810059e+00 2.451567411422729492e+00 -2.513712406158447266e+00
-1.071001172065734863e+00 2.394096374511718750e+00 -2.456534862518310547e+00
-1.038433313369750977e+00 2.331170082092285156e+00 -2.394198656082153320e+00
-1.003575563430786133e+00 2.263384580612182617e+00 -2.327332019805908203e+00
-9.667479991912841797e-01 2.191390514373779297e+00 -2.256611108779907227e+00
-9.282892346382141113e-01 2.115886211395263672e+00 -2.182755947113037109e+00
-8.894566297531127930e-01 2.037000894546508789e+00 -2.107052803039550781e+00
-8.501104712486267090e-01 1.955830335617065430e+00 -2.029974460601806641e+00
-8.101962208747863770e-01 1.873429059982299805e+00 -1.952047109603881836e+00
-7.703342437744140625e-01 1.790695786476135254e+00 -1.874227404594421387e+00
-7.304348945617675781e-01 1.700106859207153320e+00 -1.794891953468322754e+00
-6.879311800003051758e-01 1.600052595138549805e+00 -1.712406158447265625e+00
-6.564517617225646973e-01 1.529125571250915527e+00 -1.644980072975158691e+00
-6.342924237251281738e-01 1.482554316520690918e+00 -1.590662598609924316e+00
-6.133065223693847656e-01 1.438113570213317871e+00 -1.539221286773681641e+00
-5.955848693847656250e-01 1.387379407882690430e+00 -1.489501714706420898e+00
-5.789901018142700195e-01 1.327769041061401367e+00 -1.440894126892089844e+00
-5.633419156074523926e-01 1.254426002502441406e+00 -1.392542839050292969e+00
-5.498175024986267090e-01 1.188284158706665039e+00 -1.348964571952819824e+00
-5.421462059020996094e-01 1.140823125839233398e+00 -1.318323254585266113e+00
-5.316188335418701172e-01 1.094592690467834473e+00 -1.285999655723571777e+00
-5.236873030662536621e-01 1.063436388969421387e+00 -1.263132333755493164e+00
-5.170457959175109863e-01 1.024667620658874512e+00 -1.240120291709899902e+00
-5.102694630622863770e-01 9.943069815635681152e-01 -1.222428083419799805e+00
-5.024707913398742676e-01 9.756129980087280273e-01 -1.211209535598754883e+00
-4.966624975204467773e-01 9.599894881248474121e-01 -1.202569961547851562e+00
-4.926475882530212402e-01 9.472399950027465820e-01 -1.196248292922973633e+00
-4.902087748050689697e-01 9.371430277824401855e-01 -1.191962480545043945e+00
-4.891134798526763916e-01 9.294571280479431152e-01 -1.189416646957397461e+00
-4.891201257705688477e-01 9.239284396171569824e-01 -1.188309311866760254e+00
-4.899814128875732422e-01 9.202930331230163574e-01 -1.188337683677673340e+00
-4.914517700672149658e-01 9.182849526405334473e-01 -1.189204931259155273e+00
-4.932898581027984619e-01 9.176416993141174316e-01 -1.190625429153442383e+00
-4.952652156352996826e-01 9.181063771247863770e-01 -1.192329525947570801e+00
-4.971603751182556152e-01 9.194338917732238770e-01 -1.194067716598510742e+00
-4.984787702560424805e-01 9.215896129608154297e-01 -1.194665431976318359e+00
-4.991752505302429199e-01 9.242741465568542480e-01 -1.194350123405456543e+00
-4.992509782314300537e-01 9.271944761276245117e-01 -1.193450212478637695e+00
-4.985764026641845703e-01 9.301818609237670898e-01 -1.191827535629272461e+00
-4.970487356185913086e-01 9.330908656120300293e-01 -1.189375281333923340e+00
-4.945933222770690918e-01 9.358004927635192871e-01 -1.186018466949462891e+00
-4.911628067493438721e-01 9.382146000862121582e-01 -1.181713104248046875e+00
-4.867367744445800781e-01 9.402589797973632812e-01 -1.176443338394165039e+00
-4.813219010829925537e-01 9.418837428092956543e-01 -1.170222520828247070e+00
-4.749490320682525635e-01 9.430593252182006836e-01 -1.163088440895080566e+00
-4.676722586154937744e-01 9.437752962112426758e-01 -1.155102610588073730e+00
-4.595484435558319092e-01 9.439203143119812012e-01 -1.146232366561889648e+00
-4.506119191646575928e-01 9.431259036064147949e-01 -1.136206150054931641e+00
-4.410229623317718506e-01 9.417713880538940430e-01 -1.125458955764770508e+00
-4.309007227420806885e-01 9.398925304412841797e-01 -1.114102125167846680e+00
-4.211287796497344971e-01 9.407111406326293945e-01 -1.102395653724670410e+00
-4.118060767650604248e-01 9.448797106742858887e-01 -1.090245127677917480e+00
-4.024251699447631836e-01 9.489889144897460938e-01 -1.077878594398498535e+00
-3.931180536746978760e-01 9.530742168426513672e-01 -1.065427899360656738e+00
-3.839728534221649170e-01 9.571259021759033203e-01 -1.053001284599304199e+00
-3.743532299995422363e-01 9.603445529937744141e-01 -1.040363311767578125e+00
-3.652051091194152832e-01 9.636755585670471191e-01 -1.028018236160278320e+00
-3.566202521324157715e-01 9.671363234519958496e-01 -1.016062140464782715e+00
-3.486752510070800781e-01 9.707370400428771973e-01 -1.004578948020935059e+00
-3.414305150508880615e-01 9.744827747344970703e-01 -9.936363697052001953e-01
-3.349295258522033691e-01 9.783723950386047363e-01 -9.832876920700073242e-01
-3.291978240013122559e-01 9.823995232582092285e-01 -9.735701084136962891e-01
-3.242454230785369873e-01 9.865538477897644043e-01 -9.645058512687683105e-01
-3.200652599334716797e-01 9.908202886581420898e-01 -9.561022520065307617e-01
-3.159521818161010742e-01 9.954731464385986328e-01 -9.479095935821533203e-01
-3.100205659866333008e-01 1.001280188560485840e+00 -9.387099742889404297e-01
-3.065613210201263428e-01 1.008737444877624512e+00 -9.312995672225952148e-01
-3.041479289531707764e-01 1.015877723693847656e+00 -9.247369766235351562e-01
-3.026532530784606934e-01 1.022632598876953125e+00 -9.189348816871643066e-01
-3.019653260707855225e-01 1.028982400894165039e+00 -9.138142466545104980e-01
-3.008496463298797607e-01 1.036123752593994141e+00 -9.085178971290588379e-01
-2.983425557613372803e-01 1.042570233345031738e+00 -9.022732377052307129e-01
-2.940936982631683350e-01 1.045600175857543945e+00 -8.947061896324157715e-01
-2.907777428627014160e-01 1.047817468643188477e+00 -8.866156935691833496e-01
-2.910169661045074463e-01 1.045853257179260254e+00 -8.690794706344604492e-01
-2.911715209484100342e-01 1.043733835220336914e+00 -8.523770570755004883e-01
-2.640209794044494629e-01 1.024464488029479980e+00 -8.371703028678894043e-01
-2.234785556793212891e-01 9.931070208549499512e-01 -8.191475868225097656e-01
-1.760323047637939453e-01 9.553596377372741699e-01 -7.998227477073669434e-01
-1.257063150405883789e-01 9.156357645988464355e-01 -7.794690132141113281e-01
-7.122433185577392578e-02 8.730515241622924805e-01 -7.575988769531250000e-01
-1.135842874646186829e-02 8.267556428909301758e-01 -7.337421178817749023e-01
5.558681115508079529e-02 7.749741673469543457e-01 -7.070688009262084961e-01
1.328714787960052490e-01 7.129834890365600586e-01 -6.755877733230590820e-01
2.144293189048767090e-01 6.455333828926086426e-01 -6.416869759559631348e-01
2.998267114162445068e-01 5.720974802970886230e-01 -6.052491664886474609e-01
3.917304873466491699e-01 4.937176108360290527e-01 -5.658418536186218262e-01
5.021882653236389160e-01 3.954176306724548340e-01 -5.144881606101989746e-01
5.405182242393493652e-01 3.240886926651000977e-01 -4.533770680427551270e-01
5.421919226646423340e-01 2.762232422828674316e-01 -3.990331888198852539e-01
5.399450063705444336e-01 2.572417557239532471e-01 -4.162195920944213867e-01
5.307448506355285645e-01 2.464608401060104370e-01 -4.310482144355773926e-01
5.212669372558593750e-01 2.349495142698287964e-01 -4.471830725669860840e-01
5.115144252777099609e-01 2.227366119623184204e-01 -4.645310640335083008e-01
5.012206435203552246e-01 2.099080830812454224e-01 -4.828966259956359863e-01
4.900633096694946289e-01 1.967522650957107544e-01 -5.018656253814697266e-01
4.784871935844421387e-01 1.867265254259109497e-01 -5.179616212844848633e-01
4.667692780494689941e-01 1.763605326414108276e-01 -5.345711112022399902e-01
4.608712792396545410e-01 1.675001233816146851e-01 -5.422374010086059570e-01
4.615937471389770508e-01 1.590123027563095093e-01 -5.509795546531677246e-01
4.636062979698181152e-01 1.513047665357589722e-01 -5.590489506721496582e-01
4.618593454360961914e-01 1.457811146974563599e-01 -5.615051388740539551e-01
4.602166414260864258e-01 1.403129547834396362e-01 -5.636075735092163086e-01
4.586945772171020508e-01 1.349428147077560425e-01 -5.653148889541625977e-01
4.566223621368408203e-01 1.269735544919967651e-01 -5.671718120574951172e-01
4.542538523674011230e-01 1.173276752233505249e-01 -5.689665675163269043e-01
4.521572589874267578e-01 1.081342548131942749e-01 -5.702421665191650391e-01
4.503975212574005127e-01 9.949709475040435791e-02 -5.709790587425231934e-01
4.490483999252319336e-01 9.151475131511688232e-02 -5.711692571640014648e-01
4.481919705867767334e-01 8.427886664867401123e-02 -5.708169341087341309e-01
4.479194283485412598e-01 7.787229120731353760e-02 -5.699396133422851562e-01
4.483293890953063965e-01 7.236759364604949951e-02 -5.685670971870422363e-01
4.495281577110290527e-01 6.782571971416473389e-02 -5.667433142662048340e-01
4.516278505325317383e-01 6.429432332515716553e-02 -5.645242929458618164e-01
4.547452926635742188e-01 6.180562451481819153e-02 -5.619794130325317383e-01
4.590010643005371094e-01 6.037645414471626282e-02 -5.591898560523986816e-01
4.644654393196105957e-01 5.991731956601142883e-02 -5.561693906784057617e-01
4.713742733001708984e-01 6.061374023556709290e-02 -5.532005429267883301e-01
4.797983169555664062e-01 6.234790757298469543e-02 -5.503234267234802246e-01
4.897935986518859863e-01 6.496582925319671631e-02 -5.475710034370422363e-01
5.014969110488891602e-01 6.845413148403167725e-02 -5.451222062110900879e-01
5.251938104629516602e-01 7.307334244251251221e-02 -5.486314892768859863e-01
5.635401606559753418e-01 7.423315942287445068e-02 -5.618858337402343750e-01
5.998709201812744141e-01 7.617230713367462158e-02 -5.706919431686401367e-01
6.314431428909301758e-01 8.387906849384307861e-02 -5.726709365844726562e-01
6.629657149314880371e-01 9.943772852420806885e-02 -5.731321573257446289e-01
7.244583964347839355e-01 1.213459223508834839e-01 -5.561217069625854492e-01
7.899354100227355957e-01 1.763897389173507690e-01 -5.341015458106994629e-01
7.356586456298828125e-01 3.723126053810119629e-01 -5.804330110549926758e-01
2.384922206401824951e-01 8.344107866287231445e-01 -8.439190983772277832e-01
-3.507553339004516602e-01 1.312247037887573242e+00 -1.118454217910766602e+00
-4.191883802413940430e-01 1.424107909202575684e+00 -1.283057093620300293e+00
-4.737567603588104248e-01 1.519730329513549805e+00 -1.390726685523986816e+00
-5.164152979850769043e-01 1.604647278785705566e+00 -1.491638779640197754e+00
-5.732823014259338379e-01 1.710281252861022949e+00 -1.603766679763793945e+00
-6.317375898361206055e-01 1.814309000968933105e+00 -1.713132381439208984e+00
-6.718285083770751953e-01 1.886771082878112793e+00 -1.795362114906311035e+00
-7.106494307518005371e-01 1.960152626037597656e+00 -1.875963091850280762e+00
-7.491043210029602051e-01 2.027946949005126953e+00 -1.953720808029174805e+00
-7.862597703933715820e-01 2.093538045883178711e+00 -2.029814243316650391e+00
-8.240931034088134766e-01 2.159241676330566406e+00 -2.105151414871215820e+00
-8.615931868553161621e-01 2.217035055160522461e+00 -2.173165082931518555e+00
-8.958041667938232422e-01 2.263427972793579102e+00 -2.232089042663574219e+00
-9.291109442710876465e-01 2.309235811233520508e+00 -2.289991378784179688e+00
-9.614952802658081055e-01 2.354476451873779297e+00 -2.346804857254028320e+00
-9.929570555686950684e-01 2.399173498153686523e+00 -2.402480363845825195e+00
-1.023508191108703613e+00 2.443353652954101562e+00 -2.456984758377075195e+00
-1.052605867385864258e+00 2.489114046096801758e+00 -2.511287450790405273e+00
-1.083121418952941895e+00 2.542286396026611328e+00 -2.569969892501831055e+00
-1.112541675567626953e+00 2.595945835113525391e+00 -2.627888917922973633e+00
-1.140896320343017578e+00 2.649946451187133789e+00 -2.684949636459350586e+00
-1.168219208717346191e+00 2.704103708267211914e+00 -2.741043806076049805e+00
-1.194546341896057129e+00 2.758203983306884766e+00 -2.796051740646362305e+00
-1.219908714294433594e+00 2.812002897262573242e+00 -2.849838495254516602e+00
-1.244335293769836426e+00 2.865231990814208984e+00 -2.902258157730102539e+00
-1.254535794258117676e+00 2.911518812179565430e+00 -2.940495729446411133e+00
-1.261710643768310547e+00 2.945439815521240234e+00 -2.968782663345336914e+00
-1.268207788467407227e+00 2.975834369659423828e+00 -2.994093179702758789e+00
-1.274207472801208496e+00 3.002668619155883789e+00 -3.016539335250854492e+00
-1.279863834381103516e+00 3.025927543640136719e+00 -3.036228179931640625e+00
-1.285300374031066895e+00 3.045622587203979492e+00 -3.053264856338500977e+00
-1.290613293647766113e+00 3.061788558959960938e+00 -3.067747831344604492e+00
-1.295870542526245117e+00 3.074488162994384766e+00 -3.079775810241699219e+00
-1.301115393638610840e+00 3.083806753158569336e+00 -3.089441061019897461e+00
-1.306367754936218262e+00 3.089855909347534180e+00 -3.096838951110839844e+00
-1.311628460884094238e+00 3.092774868011474609e+00 -3.102064371109008789e+00
-1.316884279251098633e+00 3.092725276947021484e+00 -3.105216264724731445e+00
-1.322107076644897461e+00 3.089894056320190430e+00 -3.106398582458496094e+00
-1.327263474464416504e+00 3.084492921829223633e+00 -3.105726480484008789e+00
-1.332316517829895020e+00 3.076751232147216797e+00 -3.103319644927978516e+00
-1.337229013442993164e+00 3.066920757293701172e+00 -3.099311351776123047e+00
-1.341965794563293457e+00 3.055268049240112305e+00 -3.093846321105957031e+00
-1.346500754356384277e+00 3.042074918746948242e+00 -3.087079524993896484e+00
-1.350814461708068848e+00 3.027633428573608398e+00 -3.079180002212524414e+00
-1.354897022247314453e+00 3.012242078781127930e+00 -3.070323944091796875e+00
-1.358751893043518066e+00 2.996200799942016602e+00 -3.060698032379150391e+00
-1.362391591072082520e+00 2.979808330535888672e+00 -3.050493001937866211e+00
-1.365837931632995605e+00 2.963353633880615234e+00 -3.039901494979858398e+00
-1.369123697280883789e+00 2.947113513946533203e+00 -3.029113054275512695e+00
-1.372286438941955566e+00 2.931342124938964844e+00 -3.018309116363525391e+00
-1.375369787216186523e+00 2.916268825531005859e+00 -3.007660388946533203e+00
-1.378415822982788086e+00 2.902089118957519531e+00 -2.997314453125000000e+00
-1.381464362144470215e+00 2.888959407806396484e+00 -2.987397432327270508e+00
-1.384547948837280273e+00 2.876991033554077148e+00 -2.978003501892089844e+00
-1.387688398361206055e+00 2.866244792938232422e+00 -2.969192028045654297e+00
-1.390892863273620605e+00 2.856729269027709961e+00 -2.960982322692871094e+00
-1.394148588180541992e+00 2.848393440246582031e+00 -2.953347444534301758e+00
-1.397422790527343750e+00 2.841128587722778320e+00 -2.946216106414794922e+00
-1.400657176971435547e+00 2.834767341613769531e+00 -2.939467668533325195e+00
-1.403766989707946777e+00 2.829084396362304688e+00 -2.932934761047363281e+00
-1.406641364097595215e+00 2.823803186416625977e+00 -2.926402330398559570e+00
-1.409142732620239258e+00 2.818595886230468750e+00 -2.919612884521484375e+00
-1.411108493804931641e+00 2.813096761703491211e+00 -2.912274360656738281e+00
-1.412352442741394043e+00 2.806904315948486328e+00 -2.904058456420898438e+00
-1.412671923637390137e+00 2.799596548080444336e+00 -2.894618034362792969e+00
-1.411848664283752441e+00 2.790736675262451172e+00 -2.883589029312133789e+00
-1.409656763076782227e+00 2.779891252517700195e+00 -2.870608329772949219e+00
-1.405868172645568848e+00 2.766636610031127930e+00 -2.855314493179321289e+00
-1.400260806083679199e+00 2.750569581985473633e+00 -2.837366342544555664e+00
-1.391827464103698730e+00 2.730234861373901367e+00 -2.815912961959838867e+00
-1.380944967269897461e+00 2.706092834472656250e+00 -2.791067361831665039e+00
-1.367726922035217285e+00 2.678263425827026367e+00 -2.762796878814697266e+00
-1.352070450782775879e+00 2.646588087081909180e+00 -2.730957031250000000e+00
-1.333911776542663574e+00 2.610986232757568359e+00 -2.695470571517944336e+00
-1.313230156898498535e+00 2.571448326110839844e+00 -2.656330347061157227e+00
-1.290051341056823730e+00 2.528047561645507812e+00 -2.613602399826049805e+00
-1.264000177383422852e+00 2.481180429458618164e+00 -2.567275524139404297e+00
-1.234403491020202637e+00 2.431508302688598633e+00 -2.517295598983764648e+00
-1.203403592109680176e+00 2.378509283065795898e+00 -2.463882923126220703e+00
-1.170575380325317383e+00 2.322184324264526367e+00 -2.406886100769042969e+00
-1.136068463325500488e+00 2.263695240020751953e+00 -2.347837924957275391e+00
-1.100131869316101074e+00 2.203506708145141602e+00 -2.287182569503784180e+00
-1.063038110733032227e+00 2.142108201980590820e+00 -2.225392341613769531e+00
-1.025078535079956055e+00 2.080002069473266602e+00 -2.162955999374389648e+00
-9.865543246269226074e-01 2.017691373825073242e+00 -2.100365400314331055e+00
-9.473608136177062988e-01 1.955101013183593750e+00 -2.037824630737304688e+00
-9.069338440895080566e-01 1.891511201858520508e+00 -1.975210309028625488e+00
-8.667303919792175293e-01 1.828959703445434570e+00 -1.913748025894165039e+00
-8.206819891929626465e-01 1.747079610824584961e+00 -1.844722867012023926e+00
-7.751662135124206543e-01 1.664749622344970703e+00 -1.776279926300048828e+00
-7.340479493141174316e-01 1.585621595382690430e+00 -1.708307862281799316e+00
-7.073159813880920410e-01 1.541581392288208008e+00 -1.658914208412170410e+00
-6.857020258903503418e-01 1.504543423652648926e+00 -1.615121006965637207e+00
-6.681261062622070312e-01 1.472163081169128418e+00 -1.576167225837707520e+00
-6.464366316795349121e-01 1.428030371665954590e+00 -1.530841469764709473e+00
-6.212043166160583496e-01 1.368665218353271484e+00 -1.478613615036010742e+00
-5.975661277770996094e-01 1.313790917396545410e+00 -1.430256009101867676e+00
-5.754602551460266113e-01 1.263135433197021484e+00 -1.385510206222534180e+00
-5.547387003898620605e-01 1.206972956657409668e+00 -1.342079281806945801e+00
-5.354343056678771973e-01 1.152346134185791016e+00 -1.301134347915649414e+00
-5.212779045104980469e-01 1.103539466857910156e+00 -1.262908816337585449e+00
-5.114912390708923340e-01 1.059134244918823242e+00 -1.226919770240783691e+00
-5.021780729293823242e-01 1.015630841255187988e+00 -1.190554141998291016e+00
-4.906951189041137695e-01 9.817740321159362793e-01 -1.157910108566284180e+00
-4.784341156482696533e-01 9.629477858543395996e-01 -1.133522510528564453e+00
-4.670956134796142578e-01 9.502893090248107910e-01 -1.112724900245666504e+00
-4.560164511203765869e-01 9.387128949165344238e-01 -1.092339515686035156e+00
-4.451103508472442627e-01 9.280431270599365234e-01 -1.072233080863952637e+00
-4.343115687370300293e-01 9.181280732154846191e-01 -1.052312016487121582e+00
-4.236535429954528809e-01 9.089531898498535156e-01 -1.032592773437500000e+00
-4.129439592361450195e-01 9.003857374191284180e-01 -1.013158917427062988e+00
-3.996703028678894043e-01 8.893045783042907715e-01 -9.925497174263000488e-01
-3.861770033836364746e-01 8.782336115837097168e-01 -9.719588756561279297e-01
-3.726054728031158447e-01 8.672853708267211914e-01 -9.515805244445800781e-01
-3.591853976249694824e-01 8.567009568214416504e-01 -9.317086935043334961e-01
-3.487996160984039307e-01 8.466281294822692871e-01 -9.133970737457275391e-01
-3.395599722862243652e-01 8.367220759391784668e-01 -8.960808515548706055e-01
-3.312493264675140381e-01 8.279751539230346680e-01 -8.803185820579528809e-01
-3.240987658500671387e-01 8.206823468208312988e-01 -8.664958477020263672e-01
-3.183842897415161133e-01 8.152524828910827637e-01 -8.550389409065246582e-01
-3.146689236164093018e-01 8.129021525382995605e-01 -8.465462327003479004e-01
-3.128482401371002197e-01 8.129472732543945312e-01 -8.412361145019531250e-01
-3.131681382656097412e-01 8.157119154930114746e-01 -8.395229578018188477e-01
-3.144108653068542480e-01 8.200721144676208496e-01 -8.409242033958435059e-01
-3.181375563144683838e-01 8.285189270973205566e-01 -8.474439382553100586e-01
-3.250655531883239746e-01 8.411551117897033691e-01 -8.590674996376037598e-01
-3.353593051433563232e-01 8.582219481468200684e-01 -8.760775923728942871e-01
-3.491401672363281250e-01 8.799112439155578613e-01 -8.986945748329162598e-01
-3.664835095405578613e-01 9.063559174537658691e-01 -9.270682334899902344e-01
-3.874142467975616455e-01 9.376266002655029297e-01 -9.612725377082824707e-01
-4.119024574756622314e-01 9.737233519554138184e-01 -1.001297950744628906e+00
-4.406427145004272461e-01 1.027738451957702637e+00 -1.053016066551208496e+00
-4.739973247051239014e-01 1.100576639175415039e+00 -1.115928411483764648e+00
-5.102580189704895020e-01 1.195934534072875977e+00 -1.196910977363586426e+00
-5.536540746688842773e-01 1.319824218750000000e+00 -1.294813871383666992e+00
-5.881990790367126465e-01 1.426122069358825684e+00 -1.385675311088562012e+00
-6.195428371429443359e-01 1.500129818916320801e+00 -1.465766191482543945e+00
-6.469531655311584473e-01 1.565644741058349609e+00 -1.538327336311340332e+00
-6.803941130638122559e-01 1.644628643989562988e+00 -1.613856673240661621e+00
-7.109520435333251953e-01 1.715280294418334961e+00 -1.686867952346801758e+00
-7.414743900299072266e-01 1.787187695503234863e+00 -1.761202692985534668e+00
-7.722750306129455566e-01 1.856336116790771484e+00 -1.834793448448181152e+00
-8.033923506736755371e-01 1.920430183410644531e+00 -1.906296849250793457e+00
-8.338682651519775391e-01 1.983248829841613770e+00 -1.976926445960998535e+00
-8.634826540946960449e-01 2.044315576553344727e+00 -2.046128273010253906e+00
-8.957329988479614258e-01 2.108070373535156250e+00 -2.115792274475097656e+00
-9.288255572319030762e-01 2.171985149383544922e+00 -2.184402704238891602e+00
-9.606359601020812988e-01 2.233108758926391602e+00 -2.250267267227172852e+00
-9.910191297531127930e-01 2.291122198104858398e+00 -2.313023805618286133e+00
-1.019863486289978027e+00 2.345766782760620117e+00 -2.372378587722778320e+00
-1.047091722488403320e+00 2.396855831146240234e+00 -2.428112745285034180e+00
-1.072661757469177246e+00 2.444267034530639648e+00 -2.480077028274536133e+00
-1.097950339317321777e+00 2.488735437393188477e+00 -2.529232740402221680e+00
-1.123229384422302246e+00 2.530413866043090820e+00 -2.575759172439575195e+00
-1.146906375885009766e+00 2.568431138992309570e+00 -2.618484020233154297e+00
-1.169032692909240723e+00 2.602895498275756836e+00 -2.657504558563232422e+00
-1.189683318138122559e+00 2.633959054946899414e+00 -2.692968368530273438e+00
-1.208949446678161621e+00 2.661815404891967773e+00 -2.725067615509033203e+00
-1.226933836936950684e+00 2.686682939529418945e+00 -2.754024028778076172e+00
-1.243746995925903320e+00 2.708801746368408203e+00 -2.780083417892456055e+00
-1.258889079093933105e+00 2.728758335113525391e+00 -2.803298711776733398e+00
-1.264455080032348633e+00 2.751243591308593750e+00 -2.821247577667236328e+00
-1.269890308380126953e+00 2.771311283111572266e+00 -2.837306261062622070e+00
-1.275363206863403320e+00 2.789131402969360352e+00 -2.851731538772583008e+00
-1.281014084815979004e+00 2.804850339889526367e+00 -2.864748954772949219e+00
-1.287323951721191406e+00 2.818334579467773438e+00 -2.876763582229614258e+00
-1.294771671295166016e+00 2.829389095306396484e+00 -2.888153314590454102e+00
-1.302458882331848145e+00 2.838677883148193359e+00 -2.898451328277587891e+00
-1.310380935668945312e+00 2.846193313598632812e+00 -2.907686233520507812e+00
-1.318497061729431152e+00 2.851878881454467773e+00 -2.915829896926879883e+00
-1.326727509498596191e+00 2.855634212493896484e+00 -2.922797679901123047e+00
-1.334954261779785156e+00 2.857311964035034180e+00 -2.928448200225830078e+00
-1.343026638031005859e+00 2.856725931167602539e+00 -2.932585954666137695e+00
-1.350759744644165039e+00 2.853651762008666992e+00 -2.934968471527099609e+00
-1.357944011688232422e+00 2.847838401794433594e+00 -2.935312032699584961e+00
-1.364343643188476562e+00 2.839012861251831055e+00 -2.933299779891967773e+00
-1.369709491729736328e+00 2.826885938644409180e+00 -2.928587913513183594e+00
-1.373777866363525391e+00 2.811167001724243164e+00 -2.920820951461791992e+00
-1.376283168792724609e+00 2.791569232940673828e+00 -2.909639120101928711e+00
-1.376962780952453613e+00 2.767823696136474609e+00 -2.894690513610839844e+00
-1.375561833381652832e+00 2.739683628082275391e+00 -2.875643014907836914e+00
-1.371842741966247559e+00 2.706941127777099609e+00 -2.852197647094726562e+00
-1.359426975250244141e+00 2.672851562500000000e+00 -2.822032928466796875e+00
