4.724932014942169189e-01 6.028168797492980957e-01
4.657437503337860107e-01 6.195517182350158691e-01
4.691065251827239990e-01 5.981325507164001465e-01
4.698391854763031006e-01 6.172645092010498047e-01
4.537365436553955078e-01 6.255270838737487793e-01
4.599395394325256348e-01 6.201207637786865234e-01
4.570358097553253174e-01 6.366930007934570312e-01
4.512716531753540039e-01 6.034448146820068359e-01
4.529231488704681396e-01 5.967926383018493652e-01
4.542445242404937744e-01 6.202147603034973145e-01
4.506167471408843994e-01 5.915937423706054688e-01
4.585083425045013428e-01 6.168820261955261230e-01
4.522478282451629639e-01 6.092162132263183594e-01
4.511324465274810791e-01 5.705020427703857422e-01
4.603109657764434814e-01 5.746383666992187500e-01
4.507219791412353516e-01 5.425150990486145020e-01
4.538282155990600586e-01 5.685132741928100586e-01
4.434354305267333984e-01 5.414509773254394531e-01
4.529833495616912842e-01 5.617473125457763672e-01
4.619419872760772705e-01 5.514855384826660156e-01
4.386009871959686279e-01 5.180793404579162598e-01
4.456488490104675293e-01 5.073229074478149414e-01
4.408857524394989014e-01 4.861730337142944336e-01
4.543350040912628174e-01 5.734400749206542969e-01
4.563667476177215576e-01 5.457781553268432617e-01
4.603841602802276611e-01 5.704256296157836914e-01
4.438462853431701660e-01 5.418975949287414551e-01
4.344663619995117188e-01 4.745896160602569580e-01
4.322177767753601074e-01 4.667336642742156982e-01
4.410234093666076660e-01 4.702988862991333008e-01
4.302124679088592529e-01 4.526706337928771973e-01
4.283196330070495605e-01 4.794089198112487793e-01
4.266692399978637695e-01 4.455833733081817627e-01
4.195646345615386963e-01 4.139623641967773438e-01
4.220300316810607910e-01 4.343480467796325684e-01
4.149213433265686035e-01 4.169100522994995117e-01
4.212169647216796875e-01 4.355167746543884277e-01
4.162676334381103516e-01 4.029132127761840820e-01
4.098464250564575195e-01 4.345874786376953125e-01
4.141169488430023193e-01 3.967432975769042969e-01
4.053451418876647949e-01 3.702562451362609863e-01
3.902214765548706055e-01 3.334397971630096436e-01
3.948234915733337402e-01 3.112466931343078613e-01
3.965596854686737061e-01 3.091206550598144531e-01
3.889417350292205811e-01 3.041957616806030273e-01
3.674814403057098389e-01 2.822317779064178467e-01
3.547532260417938232e-01 2.380804419517517090e-01
3.571862280368804932e-01 2.131471335887908936e-01
3.612067103385925293e-01 1.593905091285705566e-01
3.478534221649169922e-01 1.072532162070274353e-01
3.553848564624786377e-01 2.238435894250869751e-01
3.602961897850036621e-01 2.500311732292175293e-01
3.443798720836639404e-01 1.167482361197471619e-01
3.361648023128509521e-01 1.497345566749572754e-01
3.430700600147247314e-01 1.066770851612091064e-01
3.266101181507110596e-01 7.956576347351074219e-02
3.259549736976623535e-01 8.817911148071289062e-02
3.084098994731903076e-01 6.020900607109069824e-02
3.088777065277099609e-01 8.201341331005096436e-02
2.657180130481719971e-01 3.739695250988006592e-02
2.700950503349304199e-01 2.234931290149688721e-02
2.626215517520904541e-01 2.374805510044097900e-02
2.220536172389984131e-01 3.074470162391662598e-02
2.426090240478515625e-01 2.952270209789276123e-02
1.174263507127761841e-01 3.512060642242431641e-02
-1.055681779980659485e-01 6.886063516139984131e-02
-1.214431822299957275e-01 7.275207340717315674e-02
-1.966313272714614868e-01 6.598590314388275146e-02
-2.336509823799133301e-01 7.170311361551284790e-02
-2.300336658954620361e-01 6.916232407093048096e-02
-2.381947338581085205e-01 8.051483333110809326e-02
-2.614387869834899902e-01 7.363257557153701782e-02
-2.654073536396026611e-01 7.251656800508499146e-02
-2.620903253555297852e-01 7.086340337991714478e-02
-2.642812430858612061e-01 6.018106639385223389e-02
-2.465538829565048218e-01 5.364301800727844238e-02
-2.540608048439025879e-01 7.450461387634277344e-02
-2.551623582839965820e-01 8.848620951175689697e-02
-2.530892491340637207e-01 1.053928136825561523e-01
-2.572720050811767578e-01 8.171039819717407227e-02
-2.591884136199951172e-01 6.265597045421600342e-02
-2.635969221591949463e-01 8.073606342077255249e-02
-2.401180565357208252e-01 7.916465401649475098e-02
-2.479705959558486938e-01 1.065012216567993164e-01
-2.369122356176376343e-01 1.297072470188140869e-01
-2.406163960695266724e-01 1.603526771068572998e-01
-2.526539564132690430e-01 1.711340397596359253e-01
-2.571879625320434570e-01 1.770832091569900513e-01
-2.510954737663269043e-01 1.673682034015655518e-01
-2.605617642402648926e-01 1.798174977302551270e-01
-2.558104991912841797e-01 1.800989061594009399e-01
-2.731476426124572754e-01 1.790720373392105103e-01
-2.683729529380798340e-01 1.793548315763473511e-01
-2.686061859130859375e-01 1.793410181999206543e-01
-2.643711566925048828e-01 1.795918643474578857e-01
-2.616679668426513672e-01 1.797519624233245850e-01
-2.585754394531250000e-01 1.799351423978805542e-01
-2.598799467086791992e-01 1.953320801258087158e-01
-2.587358951568603516e-01 2.008339762687683105e-01
-2.566557824611663818e-01 2.448931932449340820e-01
-2.522510886192321777e-01 2.307408601045608521e-01
-2.397719919681549072e-01 2.729400992393493652e-01
-2.340619117021560669e-01 2.761236727237701416e-01
-2.414540797472000122e-01 2.835965156555175781e-01
-2.367775440216064453e-01 2.926040887832641602e-01
-2.542058825492858887e-01 2.956185340881347656e-01
-2.453715056180953979e-01 3.120214939117431641e-01
-2.371470332145690918e-01 3.202618062496185303e-01
-2.337254285812377930e-01 3.262944817543029785e-01
-2.315660119056701660e-01 3.321688771247863770e-01
-2.374626547098159790e-01 3.384215831756591797e-01
-2.220789641141891479e-01 3.515598773956298828e-01
-2.219489216804504395e-01 3.649887740612030029e-01
-2.175764739513397217e-01 3.609428405761718750e-01
-2.165366709232330322e-01 3.520333170890808105e-01
-2.195508033037185669e-01 3.514322638511657715e-01
-2.038761377334594727e-01 3.541126549243927002e-01
-2.079361081123352051e-01 3.585839867591857910e-01
-1.969349235296249390e-01 3.661963939666748047e-01
-1.959396302700042725e-01 3.850718140602111816e-01
-1.893929690122604370e-01 3.907527029514312744e-01
-1.849799305200576782e-01 4.001260995864868164e-01
-1.791336387395858765e-01 4.214311838150024414e-01
-1.842604577541351318e-01 4.142282605171203613e-01
-1.786778718233108521e-01 4.508985877037048340e-01
-1.631864160299301147e-01 4.921513199806213379e-01
-1.449871063232421875e-01 5.738788843154907227e-01
-1.403517425060272217e-01 5.580973625183105469e-01
-1.386583447456359863e-01 6.080001592636108398e-01
-1.260325014591217041e-01 6.484905481338500977e-01
-1.144454851746559143e-01 6.846652030944824219e-01
-1.081100404262542725e-01 6.749509572982788086e-01
-1.100606545805931091e-01 6.858330368995666504e-01
-1.031792983412742615e-01 6.813210248947143555e-01
-9.104723483324050903e-02 7.190061211585998535e-01
-6.745046377182006836e-02 7.494327425956726074e-01
-7.512564212083816528e-02 7.268177270889282227e-01
-7.726433873176574707e-02 7.270520925521850586e-01
-7.140102982521057129e-02 7.343537807464599609e-01
-7.258775085210800171e-02 7.318449616432189941e-01
-6.673178821802139282e-02 7.314335107803344727e-01
-6.106153130531311035e-02 7.456790804862976074e-01
-5.568229407072067261e-02 7.596752643585205078e-01
-6.510883569717407227e-02 7.354137897491455078e-01
-6.257859617471694946e-02 7.388405203819274902e-01
-4.849648475646972656e-02 7.715151309967041016e-01
-2.646768838167190552e-02 8.107727766036987305e-01
2.255521714687347412e-03 8.089148402214050293e-01
-5.634395778179168701e-02 7.517565488815307617e-01
-4.601421952247619629e-02 7.694482803344726562e-01
5.347837507724761963e-02 8.175046443939208984e-01
1.041675359010696411e-01 8.628468513488769531e-01
1.966104209423065186e-01 8.634449839591979980e-01
3.260869383811950684e-01 8.521476387977600098e-01
2.344599366188049316e-01 8.551979064941406250e-01
3.314955532550811768e-01 8.205888867378234863e-01
4.387952685356140137e-01 7.881372570991516113e-01
4.647955000400543213e-01 7.432209253311157227e-01
4.909988343715667725e-01 7.418940663337707520e-01
4.543170928955078125e-01 6.842233538627624512e-01
3.660836219787597656e-01 6.913285851478576660e-01
4.682510197162628174e-01 6.358464360237121582e-01
4.443422257900238037e-01 6.915519237518310547e-01
4.444849491119384766e-01 6.607733368873596191e-01
4.602473080158233643e-01 6.417302489280700684e-01
4.632947742938995361e-01 6.722257137298583984e-01
4.725383222103118896e-01 6.766135692596435547e-01
4.474295675754547119e-01 6.927971839904785156e-01
4.566796720027923584e-01 6.273367404937744141e-01
4.669658839702606201e-01 6.489737033843994141e-01
4.739356935024261475e-01 6.687957048416137695e-01
4.609573781490325928e-01 6.602569222450256348e-01
4.720451533794403076e-01 6.751959323883056641e-01
4.685665667057037354e-01 6.555134057998657227e-01
4.614107310771942139e-01 6.244754791259765625e-01
4.643724262714385986e-01 6.373833417892456055e-01
4.318264424800872803e-01 6.320391893386840820e-01
4.475708901882171631e-01 6.600027680397033691e-01
4.564184248447418213e-01 6.323280334472656250e-01
4.565173983573913574e-01 6.599029302597045898e-01
4.526051282882690430e-01 6.317790746688842773e-01
4.594060480594635010e-01 6.471592783927917480e-01
4.549032449722290039e-01 6.450843811035156250e-01
4.574023187160491943e-01 6.416558027267456055e-01
4.526244103908538818e-01 6.065589189529418945e-01
4.614304602146148682e-01 6.262124180793762207e-01
4.659478962421417236e-01 6.115531921386718750e-01
4.546484053134918213e-01 6.015210151672363281e-01
4.098351895809173584e-01 6.020202636718750000e-01
4.169583022594451904e-01 6.076190471649169922e-01
4.549730718135833740e-01 6.078029870986938477e-01
4.753914177417755127e-01 6.070809364318847656e-01
4.688671529293060303e-01 6.070665121078491211e-01
4.502892196178436279e-01 5.786567926406860352e-01
4.514096677303314209e-01 5.889323949813842773e-01
4.470613598823547363e-01 5.786273479461669922e-01
4.550477564334869385e-01 5.617165565490722656e-01
4.623753726482391357e-01 5.670783519744873047e-01
4.580626785755157471e-01 5.761500597000122070e-01
4.650686085224151611e-01 5.828120112419128418e-01
4.588101208209991455e-01 5.588467121124267578e-01
4.622754156589508057e-01 5.731455087661743164e-01
4.583281278610229492e-01 5.798696279525756836e-01
4.548538029193878174e-01 5.709887146949768066e-01
4.585123360157012939e-01 5.696591734886169434e-01
4.527719318866729736e-01 5.648629069328308105e-01
4.391112923622131348e-01 5.177361965179443359e-01
4.298996031284332275e-01 5.149205923080444336e-01
4.170513749122619629e-01 4.975169599056243896e-01
4.234550595283508301e-01 4.792980253696441650e-01
4.294034540653228760e-01 4.895497858524322510e-01
4.323436021804809570e-01 4.777277410030364990e-01
4.162540733814239502e-01 4.408307671546936035e-01
4.193694889545440674e-01 4.339124262332916260e-01
4.128887951374053955e-01 3.794867098331451416e-01
4.135518372058868408e-01 3.750443160533905029e-01
4.077190756797790527e-01 3.808619678020477295e-01
4.085487425327301025e-01 4.329203963279724121e-01
4.025591015815734863e-01 4.036841690540313721e-01
3.968841731548309326e-01 3.712685704231262207e-01
3.979795873165130615e-01 3.640120625495910645e-01
3.847362995147705078e-01 3.423861265182495117e-01
3.892224133014678955e-01 3.353918492794036865e-01
3.683388531208038330e-01 2.745539546012878418e-01
3.756276667118072510e-01 2.846353650093078613e-01
3.640611171722412109e-01 2.450763136148452759e-01
3.638049960136413574e-01 2.576918005943298340e-01
3.615196347236633301e-01 2.125158458948135376e-01
3.497053086757659912e-01 1.721625477075576782e-01
3.439739942550659180e-01 1.891530156135559082e-01
3.570854067802429199e-01 1.897865682840347290e-01
3.444888293743133545e-01 1.398924589157104492e-01
3.294766545295715332e-01 1.012883931398391724e-01
3.149166405200958252e-01 7.947959750890731812e-02
3.087928891181945801e-01 6.575486063957214355e-02
3.086014986038208008e-01 5.694198608398437500e-02
3.012263476848602295e-01 4.989087581634521484e-02
2.837108969688415527e-01 3.306810557842254639e-02
2.644737660884857178e-01 2.533699572086334229e-02
1.358566731214523315e-01 4.212683439254760742e-02
2.394606173038482666e-01 2.912572026252746582e-02
1.874585300683975220e-01 2.063275873661041260e-02
1.027951985597610474e-01 2.971330285072326660e-02
-1.663750559091567993e-01 6.859097629785537720e-02
1.395893469452857971e-02 3.076246380805969238e-02
-5.147696658968925476e-02 5.148173868656158447e-02
-2.054021060466766357e-01 6.023737788200378418e-02
-2.076761424541473389e-01 6.236635148525238037e-02
-2.390218824148178101e-01 6.858588755130767822e-02
-2.557832598686218262e-01 6.962034106254577637e-02
-2.487560212612152100e-01 6.686179339885711670e-02
-2.328834384679794312e-01 7.312241196632385254e-02
-2.568221390247344971e-01 6.507843732833862305e-02
-2.484833598136901855e-01 6.150846183300018311e-02
-2.407600879669189453e-01 7.749611884355545044e-02
-2.188669443130493164e-01 7.619906961917877197e-02
-1.968485563993453979e-01 7.370450347661972046e-02
-1.240783035755157471e-01 6.011439859867095947e-02
-2.128544151782989502e-01 8.644836395978927612e-02
-2.268222272396087646e-01 9.180099517107009888e-02
-2.170858979225158691e-01 9.269180893898010254e-02
-2.124458402395248413e-01 7.948227971792221069e-02
-2.291637063026428223e-01 8.974760770797729492e-02
-2.322869896888732910e-01 8.254008740186691284e-02
-2.191425412893295288e-01 9.779000282287597656e-02
-2.390527874231338501e-01 9.110820293426513672e-02
-2.311260700225830078e-01 9.931137412786483765e-02
-2.418790161609649658e-01 1.216447427868843079e-01
-2.450364381074905396e-01 1.253461241722106934e-01
-2.435163110494613647e-01 1.165083125233650208e-01
-2.274546027183532715e-01 1.798907071352005005e-01
-2.151980996131896973e-01 2.151971757411956787e-01
-2.535920441150665283e-01 1.402819752693176270e-01
-2.349762767553329468e-01 1.627623140811920166e-01
-2.358882278203964233e-01 1.861941516399383545e-01
-2.244874089956283569e-01 1.893578916788101196e-01
-2.414043247699737549e-01 1.298870295286178589e-01
-2.529584765434265137e-01 1.367000937461853027e-01
-2.362110912799835205e-01 1.372038573026657104e-01
-2.381203621625900269e-01 1.474802047014236450e-01
-2.423759400844573975e-01 1.466467231512069702e-01
-2.409847676753997803e-01 1.470983922481536865e-01
-2.465495765209197998e-01 1.604577451944351196e-01
-2.479189634323120117e-01 1.796115785837173462e-01
-2.445298880338668823e-01 1.641714721918106079e-01
-2.438056468963623047e-01 1.749330759048461914e-01
-2.524687051773071289e-01 1.802968382835388184e-01
-2.470655888319015503e-01 1.806168705224990845e-01
-2.524387240409851074e-01 1.802986115217208862e-01
-2.568387389183044434e-01 1.800380051136016846e-01
-2.594721317291259766e-01 1.798820346593856812e-01
-2.589445412158966064e-01 1.799132823944091797e-01
-2.549757659435272217e-01 1.801483482122421265e-01
-2.604653239250183105e-01 1.798232048749923706e-01
-2.599364519119262695e-01 1.798545271158218384e-01
-2.643148303031921387e-01 1.795952022075653076e-01
-2.621226310729980469e-01 1.797250360250473022e-01
-2.642804682254791260e-01 1.806818693876266479e-01
-2.666082978248596191e-01 1.794593632221221924e-01
-2.661444842815399170e-01 1.794868260622024536e-01
-2.536222934722900391e-01 2.101602852344512939e-01
-2.633145451545715332e-01 2.233748883008956909e-01
-2.633879780769348145e-01 2.333819270133972168e-01
-2.502380311489105225e-01 2.519785165786743164e-01
-2.460680454969406128e-01 2.693946063518524170e-01
-2.272357791662216187e-01 2.999014854431152344e-01
-2.358123511075973511e-01 2.935545444488525391e-01
-2.364558130502700806e-01 3.085783720016479492e-01
-2.416303604841232300e-01 3.154391646385192871e-01
-2.289057075977325439e-01 3.255292773246765137e-01
-2.269981205463409424e-01 3.279045522212982178e-01
-2.134139239788055420e-01 3.377873897552490234e-01
-2.077569216489791870e-01 3.520516455173492432e-01
-2.123457342386245728e-01 3.573959469795227051e-01
-1.987571567296981812e-01 3.686236739158630371e-01
-1.863811314105987549e-01 3.915941119194030762e-01
-1.731634289026260376e-01 4.081980586051940918e-01
-1.771985888481140137e-01 3.907007575035095215e-01
-1.817478090524673462e-01 3.942324519157409668e-01
-1.699856221675872803e-01 4.204150438308715820e-01
-1.769717335700988770e-01 3.991016745567321777e-01
-1.612191647291183472e-01 4.274572134017944336e-01
-1.730767041444778442e-01 4.227039217948913574e-01
-1.672447621822357178e-01 4.217131137847900391e-01
-1.767312288284301758e-01 4.208726286888122559e-01
-1.600335240364074707e-01 4.580677151679992676e-01
-1.525169461965560913e-01 4.765751957893371582e-01
-1.441577076911926270e-01 4.981403052806854248e-01
-1.530558019876480103e-01 5.059397220611572266e-01
-1.359833776950836182e-01 5.172292590141296387e-01
-1.263090968132019043e-01 5.778791308403015137e-01
-1.339936256408691406e-01 5.613696575164794922e-01
-1.115432009100914001e-01 6.290352940559387207e-01
-1.083876192569732666e-01 6.382557153701782227e-01
-1.124453917145729065e-01 6.380612254142761230e-01
-1.089305579662322998e-01 6.315714120864868164e-01
-1.046634241938591003e-01 6.648300886154174805e-01
-8.539270609617233276e-02 6.917871832847595215e-01
-8.726216852664947510e-02 6.892756223678588867e-01
-6.257511675357818604e-02 7.262204289436340332e-01
-4.558704793453216553e-02 7.654588818550109863e-01
-4.549858719110488892e-02 7.162363529205322266e-01
4.604605734348297119e-01 7.108256220817565918e-01
1.474650800228118896e-01 7.606689333915710449e-01
-6.844897568225860596e-02 7.172127962112426758e-01
-6.765837967395782471e-02 7.296140789985656738e-01
-6.564627587795257568e-02 7.284340262413024902e-01
-1.973433792591094971e-02 7.909784317016601562e-01
-4.384893178939819336e-02 7.544023990631103516e-01
-2.362252771854400635e-02 8.029270172119140625e-01
1.845461875200271606e-02 8.354635834693908691e-01
1.266188919544219971e-02 7.990196347236633301e-01
5.063635110855102539e-02 8.615207076072692871e-01
5.324085801839828491e-02 8.767206072807312012e-01
5.897444486618041992e-02 8.913251757621765137e-01
6.673344969749450684e-02 8.634671568870544434e-01
1.132243722677230835e-01 9.049623608589172363e-01
4.498765170574188232e-01 7.993878126144409180e-01
2.439056932926177979e-01 8.393598794937133789e-01
4.735215604305267334e-01 7.184079289436340332e-01
4.719929397106170654e-01 6.913994550704956055e-01
4.767329990863800049e-01 6.986094713211059570e-01
4.644853174686431885e-01 6.749323010444641113e-01
4.750701487064361572e-01 7.003305554389953613e-01
4.665768444538116455e-01 6.693850755691528320e-01
4.631990492343902588e-01 6.915794610977172852e-01
3.801248073577880859e-01 7.320712804794311523e-01
4.745310842990875244e-01 6.800093650817871094e-01
4.630374610424041748e-01 6.929228305816650391e-01
4.700061380863189697e-01 6.892352104187011719e-01
4.637167155742645264e-01 6.772777438163757324e-01
4.657562077045440674e-01 6.643305420875549316e-01
4.642240107059478760e-01 6.798926591873168945e-01
4.409484863281250000e-01 6.920434236526489258e-01
4.706027805805206299e-01 6.701304316520690918e-01
4.623903334140777588e-01 6.233075857162475586e-01
4.650362432003021240e-01 6.383606195449829102e-01
4.622543752193450928e-01 5.983582735061645508e-01
4.647282063961029053e-01 6.131278276443481445e-01
4.552739560604095459e-01 5.924758911132812500e-01
4.564932882785797119e-01 5.975148081779479980e-01
4.635087549686431885e-01 5.934482812881469727e-01
4.581962525844573975e-01 6.034593582153320312e-01
4.488905966281890869e-01 5.708296298980712891e-01
4.525998532772064209e-01 5.561988353729248047e-01
4.503978788852691650e-01 5.430368185043334961e-01
4.464614987373352051e-01 5.489276647567749023e-01
4.385117590427398682e-01 5.496342182159423828e-01
4.515601396560668945e-01 5.760692358016967773e-01
4.529159963130950928e-01 5.704243779182434082e-01
4.472338855266571045e-01 5.202984213829040527e-01
4.447266757488250732e-01 5.421285629272460938e-01
4.477086961269378662e-01 5.698688626289367676e-01
4.509175717830657959e-01 5.195739269256591797e-01
4.405939579010009766e-01 4.997830986976623535e-01
4.415473043918609619e-01 5.199110507965087891e-01
4.338316619396209717e-01 4.926770627498626709e-01
4.297208786010742188e-01 4.646288454532623291e-01
4.182618260383605957e-01 4.354566335678100586e-01
4.073207676410675049e-01 4.042975306510925293e-01
4.072715342044830322e-01 4.205470085144042969e-01
4.064855873584747314e-01 3.923351168632507324e-01
4.028229415416717529e-01 3.892634212970733643e-01
4.093580245971679688e-01 4.175229072570800781e-01
4.168437123298645020e-01 4.485269188880920410e-01
3.952699899673461914e-01 3.719820976257324219e-01
4.004167616367340088e-01 3.786810040473937988e-01
3.761537373065948486e-01 3.297153115272521973e-01
3.906696140766143799e-01 3.618252575397491455e-01
3.780692517757415771e-01 3.292713463306427002e-01
3.629758656024932861e-01 2.871867418289184570e-01
3.726604282855987549e-01 2.872800827026367188e-01
3.583045303821563721e-01 2.433470934629440308e-01
3.531630933284759521e-01 2.759235501289367676e-01
3.452275097370147705e-01 1.880834549665451050e-01
3.493236899375915527e-01 1.883607506752014160e-01
3.306899666786193848e-01 2.136177271604537964e-01
3.254472911357879639e-01 1.901274472475051880e-01
3.255981802940368652e-01 1.931590288877487183e-01
3.426635265350341797e-01 2.038813531398773193e-01
3.051648736000061035e-01 2.228740006685256958e-01
2.951764762401580811e-01 2.117826938629150391e-01
3.279900848865509033e-01 1.479201763868331909e-01
2.900778055191040039e-01 1.050312668085098267e-01
1.936096549034118652e-01 1.123857945203781128e-01
2.913758754730224609e-01 9.794991463422775269e-02
2.806065976619720459e-01 5.477201938629150391e-02
2.206127047538757324e-01 4.621085524559020996e-02
2.554137110710144043e-01 3.701619803905487061e-02
2.438949942588806152e-01 2.973435819149017334e-02
2.838974297046661377e-01 3.289654850959777832e-02
1.995103061199188232e-01 1.399931311607360840e-02
1.628266870975494385e-01 2.139198780059814453e-02
-3.108703903853893280e-02 4.413639008998870850e-02
-1.654783487319946289e-01 4.213878512382507324e-02
-4.033084958791732788e-02 2.164515852928161621e-02
-2.228354662656784058e-01 4.394441843032836914e-02
-2.172216773033142090e-01 4.924353957176208496e-02
-2.101592868566513062e-01 4.429012537002563477e-02
-2.462956309318542480e-01 5.694931745529174805e-02
-2.324163019657135010e-01 7.617107033729553223e-02
-2.389049530029296875e-01 8.688706159591674805e-02
-2.400634437799453735e-01 7.586835324764251709e-02
-2.662320137023925781e-01 9.687994420528411865e-02
-2.468885928392410278e-01 1.038848534226417542e-01
-2.519493103027343750e-01 1.353072971105575562e-01
-2.461699098348617554e-01 1.339711844921112061e-01
-2.531650960445404053e-01 1.138600111007690430e-01
-2.491053491830825806e-01 1.574648469686508179e-01
-2.510262727737426758e-01 1.612887680530548096e-01
-2.608774900436401367e-01 1.797987967729568481e-01
-2.561259269714355469e-01 1.800802201032638550e-01
-2.513857185840606689e-01 1.803609877824783325e-01
-2.620651721954345703e-01 1.797284483909606934e-01
-2.578480243682861328e-01 1.799782216548919678e-01
-2.582414746284484863e-01 1.799549162387847900e-01
-2.532373666763305664e-01 2.190331667661666870e-01
-2.569288611412048340e-01 2.202428281307220459e-01
-2.633768916130065918e-01 2.047339379787445068e-01
-2.646350562572479248e-01 2.190530598163604736e-01
-2.553201317787170410e-01 2.250218540430068970e-01
-2.650507390499114990e-01 2.107546776533126831e-01
-2.525310516357421875e-01 2.372959852218627930e-01
-2.524274587631225586e-01 2.644184827804565430e-01
-2.567490935325622559e-01 2.636674344539642334e-01
-2.560630738735198975e-01 2.957900166511535645e-01
-2.329393029212951660e-01 3.058999478816986084e-01
-2.267118543386459351e-01 3.341548442840576172e-01
-2.274955511093139648e-01 3.346891105175018311e-01
-2.197337299585342407e-01 3.413193225860595703e-01
-2.272536754608154297e-01 3.427383303642272949e-01
-2.099877297878265381e-01 3.555463552474975586e-01
-2.197749167680740356e-01 3.629245758056640625e-01
-2.086620181798934937e-01 3.628971874713897705e-01
-2.103607356548309326e-01 3.590283393859863281e-01
-2.036867439746856689e-01 3.705784678459167480e-01
-2.025839686393737793e-01 3.732111155986785889e-01
-1.891326606273651123e-01 3.849734067916870117e-01
-1.735563427209854126e-01 3.904548585414886475e-01
-1.740985512733459473e-01 3.997553288936614990e-01
-1.863658726215362549e-01 3.951510787010192871e-01
-1.617797762155532837e-01 4.232439398765563965e-01
-1.678135842084884644e-01 4.280017614364624023e-01
-1.572844088077545166e-01 4.422494173049926758e-01
-1.531227827072143555e-01 4.844972789287567139e-01
-1.586193442344665527e-01 4.627190232276916504e-01
-1.659359633922576904e-01 4.627858102321624756e-01
-1.500914692878723145e-01 5.044330358505249023e-01
-1.404790729284286499e-01 5.371403694152832031e-01
-1.429754942655563354e-01 5.356131792068481445e-01
-1.350338459014892578e-01 5.743589401245117188e-01
-1.304977238178253174e-01 5.774841308593750000e-01
-1.232893168926239014e-01 5.920633077621459961e-01
-1.154080107808113098e-01 6.091844439506530762e-01
-1.050409227609634399e-01 6.513253450393676758e-01
-9.403594583272933960e-02 6.733243465423583984e-01
-9.460491687059402466e-02 6.765382289886474609e-01
-5.698750913143157959e-02 7.461824417114257812e-01
-7.182087004184722900e-02 7.276852726936340332e-01
-6.809782981872558594e-02 7.284001111984252930e-01
-6.186790764331817627e-02 7.430893778800964355e-01
-6.172055006027221680e-02 7.546611428260803223e-01
-5.690594017505645752e-02 7.662798762321472168e-01
-3.975851833820343018e-02 7.749716043472290039e-01
-1.694633066654205322e-02 8.223354220390319824e-01
6.403691321611404419e-02 8.102685809135437012e-01
3.029778301715850830e-01 7.474218010902404785e-01
4.097230434417724609e-01 6.997231841087341309e-01
3.026471287012100220e-02 8.298756480216979980e-01
2.618344724178314209e-01 7.982128262519836426e-01
4.589771926403045654e-01 6.932563185691833496e-01
4.371215403079986572e-01 7.001720666885375977e-01
4.090884625911712646e-01 7.119901180267333984e-01
4.121498763561248779e-01 7.420307397842407227e-01
4.476493299007415771e-01 7.426106929779052734e-01
4.796031415462493896e-01 7.503706812858581543e-01
4.945128262042999268e-01 7.884089946746826172e-01
4.884693324565887451e-01 8.107635974884033203e-01
5.004546642303466797e-01 7.815323472023010254e-01
5.168237686157226562e-01 8.157570362091064453e-01
5.156958103179931641e-01 8.398505449295043945e-01
5.276466608047485352e-01 8.744997978210449219e-01
5.045725107192993164e-01 8.254501819610595703e-01
5.112252235412597656e-01 8.260723948478698730e-01
5.060439109802246094e-01 8.234091997146606445e-01
4.931884109973907471e-01 7.821169495582580566e-01
4.929749071598052979e-01 7.756818532943725586e-01
4.904403388500213623e-01 7.719688415527343750e-01
4.736502468585968018e-01 7.827406525611877441e-01
4.869342744350433350e-01 7.817210555076599121e-01
4.900377094745635986e-01 7.659525275230407715e-01
4.919072687625885010e-01 7.571860551834106445e-01
4.950992763042449951e-01 7.511592507362365723e-01
4.946790039539337158e-01 7.507371306419372559e-01
4.921981394290924072e-01 7.314578890800476074e-01
4.936666786670684814e-01 7.280367016792297363e-01
4.835433065891265869e-01 7.084745168685913086e-01
4.856242239475250244e-01 7.206199765205383301e-01
4.875794351100921631e-01 7.318974733352661133e-01
4.866540133953094482e-01 7.132326364517211914e-01
4.821944534778594971e-01 7.100231051445007324e-01
4.881663620471954346e-01 7.379664778709411621e-01
4.956534206867218018e-01 7.338400483131408691e-01
4.895047843456268311e-01 7.450005412101745605e-01
4.889135062694549561e-01 7.144821286201477051e-01
4.850052893161773682e-01 7.243728041648864746e-01
4.788061082363128662e-01 7.222599387168884277e-01
4.888691604137420654e-01 7.310948371887207031e-01
4.881190359592437744e-01 7.279492616653442383e-01
4.934401214122772217e-01 7.139307260513305664e-01
4.890450537204742432e-01 7.097066044807434082e-01
4.886101782321929932e-01 7.057188749313354492e-01
4.778738319873809814e-01 7.131765484809875488e-01
4.483208358287811279e-01 7.113569974899291992e-01
4.813402593135833740e-01 7.182594537734985352e-01
4.769847691059112549e-01 6.865652799606323242e-01
4.604263603687286377e-01 6.645640730857849121e-01
4.632265269756317139e-01 6.548488140106201172e-01
4.723490178585052490e-01 6.653162837028503418e-01
4.640921652317047119e-01 6.620357036590576172e-01
4.552205801010131836e-01 6.471548080444335938e-01
4.631837904453277588e-01 6.395996809005737305e-01
4.690901339054107666e-01 6.550974249839782715e-01
4.593065083026885986e-01 6.157783865928649902e-01
4.545603692531585693e-01 6.097956895828247070e-01
4.548391997814178467e-01 5.930395126342773438e-01
4.608447849750518799e-01 5.919119119644165039e-01
4.561011493206024170e-01 5.796700716018676758e-01
4.413587749004364014e-01 5.378041863441467285e-01
4.397329986095428467e-01 5.541958212852478027e-01
4.388674497604370117e-01 5.569884777069091797e-01
4.423037171363830566e-01 5.471912026405334473e-01
4.715204536914825439e-01 6.123466491699218750e-01
4.609648883342742920e-01 5.872004032135009766e-01
4.697704017162322998e-01 6.095499992370605469e-01
4.636624753475189209e-01 6.876682043075561523e-01
4.773235023021697998e-01 6.731348037719726562e-01
4.894451797008514404e-01 6.702086329460144043e-01
4.743538796901702881e-01 6.787198781967163086e-01
4.800677597522735596e-01 7.306402921676635742e-01
4.772625863552093506e-01 7.183896899223327637e-01
4.853555858135223389e-01 6.613405346870422363e-01
4.751873314380645752e-01 6.442661285400390625e-01
4.797144234180450439e-01 7.237933874130249023e-01
4.666583836078643799e-01 6.337964534759521484e-01
4.815236032009124756e-01 6.350609660148620605e-01
4.788536131381988525e-01 6.332470178604125977e-01
4.729515612125396729e-01 6.998992562294006348e-01
4.805620014667510986e-01 6.378624439239501953e-01
4.764767587184906006e-01 7.201725840568542480e-01
4.741155207157135010e-01 6.721490621566772461e-01
4.758248627185821533e-01 6.471371650695800781e-01
4.665233194828033447e-01 6.528329849243164062e-01
4.675063192844390869e-01 6.579146385192871094e-01
4.671696126461029053e-01 6.443598866462707520e-01
4.609648883342742920e-01 6.244067549705505371e-01
4.882712662220001221e-01 6.657681465148925781e-01
4.744996130466461182e-01 6.648411750793457031e-01
4.680950939655303955e-01 6.368503570556640625e-01
4.778170287609100342e-01 6.455994844436645508e-01
4.672029912471771240e-01 6.566315889358520508e-01
4.826076328754425049e-01 6.771024465560913086e-01
4.690653383731842041e-01 6.947083473205566406e-01
4.802427589893341064e-01 6.731429696083068848e-01
4.841879904270172119e-01 6.823009848594665527e-01
4.822737872600555420e-01 6.523326635360717773e-01
4.839085042476654053e-01 6.605530977249145508e-01
4.817331731319427490e-01 6.749446392059326172e-01
4.683823883533477783e-01 6.230508089065551758e-01
4.512603878974914551e-01 5.704951286315917969e-01
4.615409076213836670e-01 5.885081291198730469e-01
4.596070051193237305e-01 5.969837307929992676e-01
4.482446610927581787e-01 5.481895804405212402e-01
4.476246535778045654e-01 5.452332496643066406e-01
4.585762321949005127e-01 5.545313358306884766e-01
4.483728706836700439e-01 5.768004059791564941e-01
4.547868669033050537e-01 5.568686127662658691e-01
4.406510889530181885e-01 5.479421615600585938e-01
4.335274398326873779e-01 5.284514427185058594e-01
4.321081638336181641e-01 5.070567727088928223e-01
4.288690090179443359e-01 4.777089357376098633e-01
4.303317666053771973e-01 4.898895621299743652e-01
4.190011024475097656e-01 4.912450015544891357e-01
3.858729302883148193e-01 4.753331840038299561e-01
3.951371014118194580e-01 4.817004203796386719e-01
3.834523856639862061e-01 4.896682500839233398e-01
4.273746907711029053e-01 5.057336091995239258e-01
4.070309102535247803e-01 4.921356737613677979e-01
3.955017030239105225e-01 4.758496284484863281e-01
4.072209894657135010e-01 4.914235472679138184e-01
4.286287724971771240e-01 5.222139954566955566e-01
4.258520305156707764e-01 4.883471727371215820e-01
4.195518791675567627e-01 4.556115269660949707e-01
4.230575859546661377e-01 4.607384502887725830e-01
4.218411147594451904e-01 4.684286713600158691e-01
4.052908718585968018e-01 4.579340815544128418e-01
4.127635359764099121e-01 4.921237826347351074e-01
4.206831753253936768e-01 4.621601402759552002e-01
4.006840884685516357e-01 3.857650458812713623e-01
3.980707824230194092e-01 3.903803527355194092e-01
4.005507826805114746e-01 3.713140487670898438e-01
3.857735097408294678e-01 3.579466938972473145e-01
3.776009082794189453e-01 3.392584323883056641e-01
3.734861910343170166e-01 2.952542901039123535e-01
3.657979667186737061e-01 2.342415899038314819e-01
3.715455830097198486e-01 2.618086934089660645e-01
3.602943420410156250e-01 2.156435549259185791e-01
3.614608347415924072e-01 1.823871135711669922e-01
3.638749718666076660e-01 2.147704064846038818e-01
3.607999384403228760e-01 1.722924709320068359e-01
3.552433252334594727e-01 1.170963793992996216e-01
3.376066982746124268e-01 8.119736611843109131e-02
3.231008946895599365e-01 6.756421923637390137e-02
3.236523568630218506e-01 6.961158663034439087e-02
3.383505344390869141e-01 8.707676827907562256e-02
3.327900469303131104e-01 7.737843692302703857e-02
2.971657514572143555e-01 5.398575961589813232e-02
3.023834228515625000e-01 6.832459568977355957e-02
2.643347680568695068e-01 2.836452424526214600e-02
1.743344217538833618e-01 3.446999192237854004e-02
2.067327499389648438e-01 3.285858035087585449e-02
-1.244227960705757141e-02 5.147275328636169434e-02
-2.262670993804931641e-01 5.907858908176422119e-02
-2.539248466491699219e-01 6.283150613307952881e-02
-2.386132180690765381e-01 6.026712059974670410e-02
-2.480254173278808594e-01 5.833226442337036133e-02
-2.543170750141143799e-01 5.120782554149627686e-02
-2.793732881546020508e-01 6.483052670955657959e-02
-2.750996351242065430e-01 1.012151166796684265e-01
-2.841951847076416016e-01 8.385614305734634399e-02
-2.828989028930664062e-01 8.515321463346481323e-02
-3.087335228919982910e-01 1.008988618850708008e-01
-3.224210739135742188e-01 1.064259931445121765e-01
-3.189046382904052734e-01 1.331329643726348877e-01
-3.084954619407653809e-01 1.618154048919677734e-01
-2.999313175678253174e-01 1.493553370237350464e-01
-3.073759377002716064e-01 1.589111387729644775e-01
-2.988622188568115234e-01 1.600427329540252686e-01
-2.603216469287872314e-01 1.606177687644958496e-01
-2.552013695240020752e-01 1.743063479661941528e-01
-2.604688405990600586e-01 1.798229962587356567e-01
-2.700445353984832764e-01 1.792558282613754272e-01
-2.667640447616577148e-01 1.794501245021820068e-01
-2.700072824954986572e-01 1.792580336332321167e-01
-2.732406258583068848e-01 1.790665239095687866e-01
-2.695861458778381348e-01 1.792829781770706177e-01
-2.750021219253540039e-01 1.789621859788894653e-01
-2.790660262107849121e-01 1.787214875221252441e-01
-2.780022621154785156e-01 1.787844896316528320e-01
-2.871941328048706055e-01 1.782400608062744141e-01
-2.710304260253906250e-01 1.986067593097686768e-01
-2.443364709615707397e-01 2.540343999862670898e-01
-2.675321698188781738e-01 1.853578090667724609e-01
-2.341937124729156494e-01 2.843380272388458252e-01
-2.292453050613403320e-01 3.164596557617187500e-01
-2.286615818738937378e-01 3.270099759101867676e-01
-2.409233003854751587e-01 3.152110278606414795e-01
-2.352621108293533325e-01 3.440856337547302246e-01
-2.369544506072998047e-01 3.380694985389709473e-01
-2.280981689691543579e-01 3.516800105571746826e-01
-2.240853607654571533e-01 3.501181006431579590e-01
-2.120647877454757690e-01 3.700720667839050293e-01
-2.211188524961471558e-01 3.552060425281524658e-01
-2.208437770605087280e-01 3.623723685741424561e-01
-2.060865163803100586e-01 3.791347146034240723e-01
-1.980085819959640503e-01 3.822686374187469482e-01
-2.152637243270874023e-01 3.743443489074707031e-01
-1.879327893257141113e-01 3.999327123165130615e-01
-1.730507165193557739e-01 4.200834333896636963e-01
-1.637028604745864868e-01 4.310729503631591797e-01
-1.586819440126419067e-01 4.576850831508636475e-01
-1.485260725021362305e-01 4.858325421810150146e-01
-1.471242755651473999e-01 5.026949644088745117e-01
-1.444723010063171387e-01 5.028789043426513672e-01
-1.329306364059448242e-01 5.365716814994812012e-01
-1.462543308734893799e-01 5.071573257446289062e-01
-1.513269096612930298e-01 5.145981311798095703e-01
-1.367030441761016846e-01 5.533908009529113770e-01
-1.353493332862854004e-01 5.400043129920959473e-01
-1.278850734233856201e-01 5.762252807617187500e-01
-1.175787597894668579e-01 6.075084805488586426e-01
-1.187804713845252991e-01 6.237158775329589844e-01
-1.137378141283988953e-01 6.340264678001403809e-01
-1.028427183628082275e-01 6.575382947921752930e-01
-9.514215588569641113e-02 6.714611053466796875e-01
-8.776449412107467651e-02 6.936978101730346680e-01
-8.015645295381546021e-02 7.078107595443725586e-01
-6.614395231008529663e-02 7.299318313598632812e-01
-6.803057342767715454e-02 7.275308966636657715e-01
-6.773827970027923584e-02 7.507545351982116699e-01
-5.272944271564483643e-02 7.775136828422546387e-01
-7.727552205324172974e-02 7.224078178405761719e-01
-6.312619149684906006e-02 7.469148635864257812e-01
-4.158607125282287598e-02 8.010929822921752930e-01
-3.649524599313735962e-02 7.740622758865356445e-01
-2.315223962068557739e-02 7.927901744842529297e-01
5.287274718284606934e-02 8.295891880989074707e-01
1.513743400573730469e-02 8.243150115013122559e-01
-3.592938184738159180e-03 8.157286643981933594e-01
1.489226520061492920e-02 8.551530241966247559e-01
3.263164162635803223e-01 7.956332564353942871e-01
4.070955216884613037e-01 7.850329279899597168e-01
3.453072011470794678e-01 7.754935622215270996e-01
4.573082923889160156e-01 7.224829792976379395e-01
4.269117712974548340e-01 7.498098611831665039e-01
3.679677546024322510e-01 7.499365210533142090e-01
4.568645656108856201e-01 6.989611387252807617e-01
4.653907716274261475e-01 6.877768039703369141e-01
4.753367602825164795e-01 6.806459426879882812e-01
4.809593260288238525e-01 7.194426655769348145e-01
4.685917198657989502e-01 7.224662899971008301e-01
4.686063826084136963e-01 6.916897296905517578e-01
4.516927897930145264e-01 6.949958801269531250e-01
4.825125038623809814e-01 6.851139068603515625e-01
4.660488069057464600e-01 6.250188350677490234e-01
4.588766396045684814e-01 6.305407285690307617e-01
4.590826332569122314e-01 6.163623332977294922e-01
4.580634534358978271e-01 6.111714839935302734e-01
4.538241922855377197e-01 6.152541637420654297e-01
4.596021473407745361e-01 6.071258783340454102e-01
4.631115496158599854e-01 5.961475372314453125e-01
4.532566964626312256e-01 6.030091047286987305e-01
4.648271501064300537e-01 6.059970855712890625e-01
4.559387564659118652e-01 6.011321544647216797e-01
4.492292702198028564e-01 5.977817773818969727e-01
4.544699788093566895e-01 5.947362184524536133e-01
4.545885026454925537e-01 6.009384989738464355e-01
4.555717408657073975e-01 5.991483926773071289e-01
4.627541005611419678e-01 5.910537242889404297e-01
4.560202360153198242e-01 6.162598729133605957e-01
4.568712711334228516e-01 5.783050060272216797e-01
4.607836306095123291e-01 5.784823298454284668e-01
4.662794172763824463e-01 6.234506368637084961e-01
4.644087851047515869e-01 6.276412606239318848e-01
4.675310552120208740e-01 6.227341294288635254e-01
4.778865873813629150e-01 6.034328937530517578e-01
4.709161818027496338e-01 5.963668227195739746e-01
4.540855884552001953e-01 5.650417804718017578e-01
4.598418176174163818e-01 5.827113389968872070e-01
4.600971043109893799e-01 5.430348515510559082e-01
4.519105255603790283e-01 5.279371738433837891e-01
4.510961472988128662e-01 5.581830143928527832e-01
4.490274190902709961e-01 5.475837588310241699e-01
4.622582495212554932e-01 5.699275732040405273e-01
4.536370038986206055e-01 5.307354927062988281e-01
4.584307074546813965e-01 5.554620623588562012e-01
4.581909477710723877e-01 5.745932459831237793e-01
4.559051692485809326e-01 5.410280227661132812e-01
4.742639362812042236e-01 5.830940008163452148e-01
4.591612815856933594e-01 5.696943998336791992e-01
4.463990926742553711e-01 5.328415632247924805e-01
4.489532113075256348e-01 5.294419527053833008e-01
4.420486986637115479e-01 4.991430640220642090e-01
4.349035620689392090e-01 5.026184916496276855e-01
4.344022274017333984e-01 4.855212569236755371e-01
4.342567026615142822e-01 4.620113670825958252e-01
4.419245719909667969e-01 4.550698399543762207e-01
4.358644485473632812e-01 4.560987353324890137e-01
4.352521002292633057e-01 4.737101197242736816e-01
4.260948002338409424e-01 4.448169469833374023e-01
4.293161928653717041e-01 4.359163939952850342e-01
4.277481138706207275e-01 4.020548760890960693e-01
4.137910008430480957e-01 4.171418249607086182e-01
4.028787314891815186e-01 3.774831295013427734e-01
4.086689949035644531e-01 3.596653342247009277e-01
4.070626795291900635e-01 3.743574619293212891e-01
3.888213336467742920e-01 3.383340239524841309e-01
3.820479512214660645e-01 3.286078572273254395e-01
3.828581869602203369e-01 3.258618116378784180e-01
3.646523356437683105e-01 2.621842324733734131e-01
3.683041632175445557e-01 2.603640854358673096e-01
3.627810776233673096e-01 2.392610013484954834e-01
3.622968494892120361e-01 2.275103330612182617e-01
3.658976852893829346e-01 2.212741971015930176e-01
3.719104528427124023e-01 2.437965273857116699e-01
3.704774975776672363e-01 2.396983951330184937e-01
3.621807098388671875e-01 2.355257719755172729e-01
3.635421991348266602e-01 2.231237292289733887e-01
3.408162891864776611e-01 1.990757882595062256e-01
3.399805724620819092e-01 1.425817459821701050e-01
3.284198343753814697e-01 9.237970411777496338e-02
1.779067814350128174e-01 5.816301703453063965e-02
2.575470507144927979e-01 7.421917468309402466e-02
3.101464807987213135e-01 7.045931369066238403e-02
1.688207983970642090e-01 4.696057736873626709e-02
-4.478014260530471802e-02 6.522117555141448975e-02
5.815276503562927246e-02 7.680816948413848877e-02
2.540217041969299316e-01 4.087805747985839844e-02
2.326556742191314697e-01 5.272006988525390625e-02
4.242836683988571167e-02 7.246669381856918335e-02
-2.154939025640487671e-01 9.027444571256637573e-02
-2.068380713462829590e-01 7.834756374359130859e-02
-2.282740473747253418e-01 6.450608372688293457e-02
-2.605600357055664062e-01 7.738223671913146973e-02
-2.815071940422058105e-01 8.376556634902954102e-02
-2.709142565727233887e-01 9.830494225025177002e-02
-2.709348201751708984e-01 1.281402707099914551e-01
-2.428191900253295898e-01 1.091095507144927979e-01
-2.415451556444168091e-01 1.036331802606582642e-01
-2.313813269138336182e-01 8.939623832702636719e-02
-2.430294603109359741e-01 1.204309090971946716e-01
-2.294013500213623047e-01 1.340165883302688599e-01
-2.491722553968429565e-01 1.469652950763702393e-01
-2.459582835435867310e-01 1.581857800483703613e-01
-2.479830235242843628e-01 1.697792708873748779e-01
-2.436077892780303955e-01 1.725404560565948486e-01
-2.468981593847274780e-01 1.806267797946929932e-01
-2.486317306756973267e-01 1.801145225763320923e-01
-2.525739073753356934e-01 1.802906095981597900e-01
-2.552780210971832275e-01 1.801304519176483154e-01
-2.532882988452911377e-01 1.802482903003692627e-01
-2.585432529449462891e-01 1.799370497465133667e-01
-2.580588459968566895e-01 1.799657344818115234e-01
-2.551265954971313477e-01 1.801394075155258179e-01
-2.635973095893859863e-01 1.796377003192901611e-01
-2.587288618087768555e-01 2.110716104507446289e-01
-2.511432170867919922e-01 2.293448448181152344e-01
-2.545367479324340820e-01 2.034972608089447021e-01
-2.401939630508422852e-01 2.538472115993499756e-01
-2.356529086828231812e-01 2.641451954841613770e-01
-2.469673007726669312e-01 2.396381497383117676e-01
-2.357583194971084595e-01 2.698563337326049805e-01
-2.285927832126617432e-01 2.840667963027954102e-01
-2.087929695844650269e-01 3.143572509288787842e-01
-1.998752057552337646e-01 3.268692493438720703e-01
-1.945164799690246582e-01 3.424259722232818604e-01
-1.962792277336120605e-01 3.511072993278503418e-01
-1.906352192163467407e-01 3.625895082950592041e-01
-1.959206163883209229e-01 3.599972724914550781e-01
-1.822396069765090942e-01 3.626281619071960449e-01
-1.744303405284881592e-01 3.835198879241943359e-01
-1.735933125019073486e-01 3.810013830661773682e-01
-1.664510667324066162e-01 4.068692624568939209e-01
-1.744758486747741699e-01 4.260323047637939453e-01
-1.680902540683746338e-01 4.594577550888061523e-01
-1.712051779031753540e-01 4.215321540832519531e-01
-1.678740531206130981e-01 4.538189172744750977e-01
-1.600716859102249146e-01 4.645229578018188477e-01
-1.500859856605529785e-01 4.951267838478088379e-01
-1.521883904933929443e-01 4.940924644470214844e-01
-1.411526650190353394e-01 5.278298854827880859e-01
-1.309418678283691406e-01 5.740540623664855957e-01
-1.468478739261627197e-01 5.172450542449951172e-01
-1.292099952697753906e-01 5.622560977935791016e-01
-1.281716376543045044e-01 5.636835098266601562e-01
-1.313008815050125122e-01 5.688172578811645508e-01
-1.026616394519805908e-01 6.576233506202697754e-01
-1.097734868526458740e-01 6.289188861846923828e-01
-1.060549244284629822e-01 6.568502187728881836e-01
-1.031695008277893066e-01 6.354019045829772949e-01
-1.037221774458885193e-01 6.435038447380065918e-01
-1.030104309320449829e-01 6.590070724487304688e-01
-8.593364059925079346e-02 6.906899809837341309e-01
-7.582268863916397095e-02 7.167372107505798340e-01
-8.121052384376525879e-02 7.086861729621887207e-01
-6.969290971755981445e-02 7.113566994667053223e-01
-7.592436671257019043e-02 7.071865797042846680e-01
-3.094148635864257812e-02 7.746827602386474609e-01
-2.771455794572830200e-02 7.858347296714782715e-01
2.562664449214935303e-03 7.846214175224304199e-01
1.576341688632965088e-02 8.387669324874877930e-01
-4.617661237716674805e-03 7.918635606765747070e-01
-4.832240939140319824e-02 7.712273001670837402e-01
-5.864917486906051636e-02 7.631377577781677246e-01
-4.997405409812927246e-02 7.889030575752258301e-01
3.982329368591308594e-02 8.340743780136108398e-01
3.574717044830322266e-02 8.095805048942565918e-01
-3.336668014526367188e-04 8.097624182701110840e-01
4.744525253772735596e-02 8.604198694229125977e-01
5.731839686632156372e-02 8.157209157943725586e-01
2.932787537574768066e-01 8.055965304374694824e-01
3.488380610942840576e-01 8.220207691192626953e-01
1.550571471452713013e-01 8.127058148384094238e-01
3.261958062648773193e-02 8.212001919746398926e-01
4.950978457927703857e-01 7.557803988456726074e-01
4.886098206043243408e-01 7.886235713958740234e-01
4.905505478382110596e-01 7.577944993972778320e-01
4.852994382381439209e-01 7.276922464370727539e-01
4.828294813632965088e-01 7.337921857833862305e-01
4.800207912921905518e-01 7.505230307579040527e-01
5.036531686782836914e-01 7.701030373573303223e-01
5.045379400253295898e-01 7.952587604522705078e-01
5.376298427581787109e-01 9.180288314819335938e-01
5.304195880889892578e-01 8.954049348831176758e-01
5.398596525192260742e-01 9.007167220115661621e-01
5.362014770507812500e-01 8.946864604949951172e-01
5.471341609954833984e-01 9.568421840667724609e-01
5.420954227447509766e-01 9.383227825164794922e-01
5.360773801803588867e-01 9.265061616897583008e-01
5.244828462600708008e-01 9.061631560325622559e-01
5.139688253402709961e-01 8.766383528709411621e-01
5.118328332901000977e-01 8.732512593269348145e-01
5.150114297866821289e-01 8.601097464561462402e-01
5.098601579666137695e-01 8.474242091178894043e-01
