5.189390960089917293e+00
5.145022442729940693e+00
5.103869215320780306e+00
5.066687324964445516e+00
5.034151499810104902e+00
5.006835057108772524e+00
4.985191941964999707e+00
4.969541563679547025e+00
4.960056995009713532e+00
4.956756975313286517e+00
4.959502028653445471e+00
4.967994879060363189e+00
4.981785213769929221e+00
5.000278708356625579e+00
5.022750090425692981e+00
5.048359891881334605e+00
5.076174432982412554e+00
5.105188497934968872e+00
5.134350099915888421e+00
5.162586688736575447e+00
5.188832123016952735e+00
5.212053709905637433e+00
5.231278611058115757e+00
5.245618925927969300e+00
5.254294792051615204e+00
5.256654885646569575e+00
5.252193766768217031e+00
5.240565597387067953e+00
5.221593871501373663e+00
5.195276927676348855e+00
5.161789151001557663e+00
5.121477900841242992e+00
5.074856322134138509e+00
5.022592313121291063e+00
4.965494021106505507e+00
4.904492303713406720e+00
4.840620624102036196e+00
4.774992863245586250e+00
4.708779550004308589e+00
4.643183031462528199e+00
4.579412119813524029e+00
4.518656751027825713e+00
4.462063180854144662e+00
4.410710236076140767e+00
4.365587132798646408e+00
4.327573353139265500e+00
4.297421021414677966e+00
4.275740140883118379e+00
4.262986954856402555e+00
4.259455591756434956e+00
4.265273046437494386e+00
4.280397445864862149e+00
4.304619456680216949e+00
4.337566623697068025e+00
4.378710384731975935e+00
4.427375487530009757e+00
4.482751535607329529e+00
4.543906406560718203e+00
4.609801311185244721e+00
4.679307282544304059e+00
4.751222888984888648e+00
4.824292950370254296e+00
4.897228007528638294e+00
4.968724261433374423e+00
5.037483676019519407e+00
5.102233938422126691e+00
5.161747989310261353e+00
5.214862860644781328e+00
5.260497580149704255e+00
5.297669918722536231e+00
5.325511767807870278e+00
5.343282942110210598e+00
5.350383218525601059e+00
5.346362448817067126e+00
5.330928611471166256e+00
5.303953683005316222e+00
5.265477207701748874e+00
5.215707440041754239e+00
5.155019944968321610e+00
5.083953578404950768e+00
5.003203829048202600e+00
4.913613566295491175e+00
4.816161295543298415e+00
4.711947068766915159e+00
4.602176235863984388e+00
4.488141247526203692e+00
4.371201733171598214e+00
4.252763088489833088e+00
4.134253835760202556e+00
4.017102082403328112e+00
3.902711496862151463e+00
3.792437320397715084e+00
3.687563007078170862e+00
3.589278117036296845e+00
3.498658083429925458e+00
3.416646437604793807e+00
3.344040009792070833e+00
3.281477524082912822e+00
3.229431883599402919e+00
3.188206308738596118e+00
3.157934361017022518e+00
3.138583762257311172e+00
3.129963802395194783e+00
3.131736019180984876e+00
3.143427734106484461e+00
3.164447948542761679e+00
3.194105051788715954e+00
3.231625776795362004e+00
3.276174860705668657e+00
3.326874916497535750e+00
3.382826082084866126e+00
3.443125068531714295e+00
3.506883273119578703e+00
3.573243658666326539e+00
3.641396132443621259e+00
3.710591187121534684e+00
3.780151591747523465e+00
3.849481946595050719e+00
3.918075947609733767e+00
3.985521244888113213e+00
4.051501823653510748e+00
4.115797889442839974e+00
4.178283306532190267e+00
4.238920715308347020e+00
4.297754528280957942e+00
4.354902067527352649e+00
4.410543156596266279e+00
4.464908516612966061e+00
4.518267341134784232e+00
4.570914442533800859e+00
4.623157375582884754e+00
4.675303942857516937e+00
4.727650460536315435e+00
4.780471109930569895e+00
4.834008629103641930e+00
4.888466525785456263e+00
4.944002928289602750e+00
5.000726135049001542e+00
5.058691869625844717e+00
5.117902193925389476e+00
5.178305981585707762e+00
5.239800813717182315e+00
5.302236135422066177e+00
5.365417499953545999e+00
5.429111718016168098e+00
5.493052718199949780e+00
5.556947916727729364e+00
5.620484897461026641e+00
5.683338215924835346e+00
5.745176158999111493e+00
5.805667310658545688e+00
5.864486791327965243e+00
5.921322054624634568e+00
5.975878143453331681e+00
6.027882329401094808e+00
6.077088084478044827e+00
6.123278360011633836e+00
6.166268170089041156e+00
6.205906493684998360e+00
6.242077521092672221e+00
6.274701276639413017e+00
6.303733646883888042e+00
6.329165829958816936e+00
6.351023207665264181e+00
6.369363643059206659e+00
6.384275227333679581e+00
6.395873531247053378e+00
6.404298445806885454e+00
6.409710717647415734e+00
6.412288294822687362e+00
6.412222599057527894e+00
6.409714831931303536e+00
6.404972405516773826e+00
6.398205563059032208e+00
6.389624226373982196e+00
6.379435084741813533e+00
6.367838936927889826e+00
6.355028312025395643e+00
6.341185410485466356e+00
6.326480412753203275e+00
6.311070201283856207e+00
6.295097534676012963e+00
6.278690695773240016e+00
6.261963609187332302e+00
6.245016400106035093e+00
6.227936356855058087e+00
6.210799260137371824e+00
6.193671037935024160e+00
6.176609689964743133e+00
6.159667404168888361e+00
6.142892766618588851e+00
6.126332948239027409e+00
6.110035739545607747e+00
6.094051303437114875e+00
6.078433530834802312e+00
6.063240913073197014e+00
6.048536880592701337e+00
6.034389592900027743e+00
6.020871198844671923e+00
6.008056619218654859e+00
5.996021931058991505e+00
5.984842447074059990e+00
5.974590582060795185e+00
5.965333588122498476e+00
5.957131229372651049e+00
5.950033455064563270e+00
5.944078117743987200e+00
5.939288775294620848e+00
5.935672616685308434e+00
5.933218559055939423e+00
5.931895575969582168e+00
5.931651333598947140e+00
5.932411231283086117e+00
5.934077954499588081e+00
5.936531637256057259e+00
5.939630693462481403e+00
5.943213326146899789e+00
5.947099677484906088e+00
5.951094550393674076e+00
5.954990614053968123e+00
5.958572000886372066e+00
5.961618211584304383e+00
5.963908263362405648e+00
5.965225033617863382e+00
5.965359755268900166e+00
5.964116608722384250e+00
5.961317337396393690e+00
5.956805797970241123e+00
5.950452342123277560e+00
5.942157906719197413e+00
5.931857662666226716e+00
5.919524045869005491e+00
5.905168976228297950e+00
5.888845070418982530e+00
5.870645679232432634e+00
5.850703638027532349e+00
5.829188708183635548e+00
5.806303791984609219e+00
5.782280095994895674e+00
5.757371476171287306e+00
5.731848215612037833e+00
5.705990472712958450e+00
5.680081611104276895e+00
5.654401598777337057e+00
5.629220648617106804e+00
5.604793262868398074e+00
5.581352832947788833e+00
5.559106929283180065e+00
5.538233394371495422e+00
5.518877328217677736e+00
5.501149028954742448e+00
5.485122924109555598e+00
5.470837504653688121e+00
5.458296257446571431e+00
5.447469576747617559e+00
5.438297612790714552e+00
5.430693980750907812e+00
5.424550212850372866e+00
5.419740802162404947e+00
5.416128666733412977e+00
5.413570852758741836e+00
5.411924284129472795e+00
5.411051348485625745e+00
5.410825097653539473e+00
5.411133845084884264e+00
5.411884961745860423e+00
5.413007694795903824e+00
5.414454861301836175e+00
5.416203312466418396e+00
5.418253127634471866e+00
5.420625575987848777e+00
5.423359962705260884e+00
5.426509536775808051e+00
5.430136668650796139e+00
5.434307514865286848e+00
5.439086392809862502e+00
5.444530103780217623e+00
5.450682461787508259e+00
5.457569297630659122e+00
5.465194204649902687e+00
5.473535271973157812e+00
5.482543013511602226e+00
5.492139649245987520e+00
5.502219830930663136e+00
5.512652824597393142e+00
5.523286066151588791e+00
5.533949903250924507e+00
5.544463246925483979e+00
5.554639800296901520e+00
5.564294515448209744e+00
5.573249946013564049e+00
5.581342205871170137e+00
5.588426309872906117e+00
5.594380750353122878e+00
5.599111235595009894e+00
5.602553569971768788e+00
5.604675686739660101e+00
5.605478857624667910e+00
5.604998106347487408e+00
5.603301853519003117e+00
5.600490820266814218e+00
5.596696215501260063e+00
5.592077226097709186e+00
5.586817823127410598e+00
5.581122894499670473e+00
5.575213719748543184e+00
5.569322822863142619e+00
5.563688277489972300e+00
5.558547587793571942e+00
5.554131312165337064e+00
5.550656625963510393e+00
5.548321034023985021e+00
5.547296445985115732e+00
5.547723815505144707e+00
5.549708516661606694e+00
5.553316592014353681e+00
5.558571965431303497e+00
5.565454674289559200e+00
5.573900142928021495e+00
5.583799495817324043e+00
5.595000895216835524e+00
5.607311877386392140e+00
5.620502647522650719e+00
5.634310279408236255e+00
5.648443756159458040e+00
5.662589777898770826e+00
5.676419239543051276e+00
5.689594246365940577e+00
5.701775498392635200e+00
5.712629848395584631e+00
5.721837823855554284e+00
5.729100896412642641e+00
5.734148282389883278e+00
5.736743070932307731e+00
5.736687507989579160e+00
5.733827313418099259e+00
5.728054966777712309e+00
5.719311953926343506e+00
5.707590011257433815e+00
5.692931433110532957e+00
5.675428524091307381e+00
5.655222288178340051e+00
5.632500450855564722e+00
5.607494901374827201e+00
5.580478614184301911e+00
5.551762068200405409e+00
5.521689145222950401e+00
5.490632468072464967e+00
5.458988141078140899e+00
5.427169877602843862e+00
5.395602532972971765e+00
5.364715100878524545e+00
5.334933277548443264e+00
5.306671748382014719e+00
5.280326393915244054e+00
5.256266632260166993e+00
5.234828109361109760e+00
5.216305921667651724e+00
5.200948517237198310e+00
5.188952381747771625e+00
5.180457585596656145e+00
5.175544252370040788e+00
5.174230004720778986e+00
5.176468441243544660e+00
5.182148687732540004e+00
5.191096047539158320e+00
5.203073754365742154e+00
5.217785809721226187e+00
5.234880866164270508e+00
5.253957096941652694e+00
5.274567971241608255e+00
5.296228826739286966e+00
5.318424094342724118e+00
5.340614987957289728e+00
5.362247435281465080e+00
5.382760008625626647e+00
5.401591627667515993e+00
5.418188846391037039e+00
5.432012593500616049e+00
5.442544301921765637e+00
5.449291433910263827e+00
5.451792472976481285e+00
5.449621498841699108e+00
5.442392484713036716e+00
5.429763465582515103e+00
5.411440724684745796e+00
5.387183125252357208e+00
5.356806671826209509e+00
5.320189325391718960e+00
5.277276029129703616e+00
5.228083834653695305e+00
5.172706960292915213e+00
5.111321570593501562e+00
5.044190040414179066e+00
4.971664450892561149e+00
4.894189052876866342e+00
4.812301428872664211e+00
4.726632091041482298e+00
4.637902267671872636e+00
4.546919651033230814e+00
4.454571912683736201e+00
4.361817849110045664e+00
4.269676100637755489e+00
4.179211477489603865e+00
4.091519019460088558e+00
4.007706011902509857e+00
3.928872285206841397e+00
3.856089234228201157e+00
3.790378097009064806e+00
3.732688116917250998e+00
3.683875269858206014e+00
3.644682261043663996e+00
3.615720480981358786e+00
3.597454561372429360e+00
3.590190091305850206e+00
3.594064940559911214e+00
3.609044491765639240e+00
3.634920919242813575e+00
3.671316487725889921e+00
3.717690694826061293e+00
3.773350956874030437e+00
3.837466442340845330e+00
3.909084589595686055e+00
3.987149804555082611e+00
4.070523816415693830e+00
4.158007170610629188e+00
4.248361349511807106e+00
4.340331027739479097e+00
4.432665988840010840e+00
4.524142254739947688e+00
4.613582011988115461e+00
4.699871962734213149e+00
4.781979784162180280e+00
4.858968445232732414e+00
4.930008199816243497e+00
4.994386145833650481e+00
5.051513308509791855e+00
