-1.127274036407470703e+00 1.828611493110656738e-01 -2.419564723968505859e+00
-8.985059261322021484e-01 3.005439043045043945e-02 -2.376174926757812500e+00
-7.030675411224365234e-01 -1.395904421806335449e-01 -2.335090875625610352e+00
-5.441496372222900391e-01 -3.230004906654357910e-01 -2.297497510910034180e+00
-4.242711067199707031e-01 -5.167356133460998535e-01 -2.264502286911010742e+00
-3.451879024505615234e-01 -7.170338034629821777e-01 -2.237090349197387695e+00
-3.078396320343017578e-01 -9.199313521385192871e-01 -2.216095209121704102e+00
-3.123116493225097656e-01 -1.121327638626098633e+00 -2.202169895172119141e+00
-3.578264713287353516e-01 -1.317106008529663086e+00 -2.195769309997558594e+00
-4.427404403686523438e-01 -1.503221988677978516e+00 -2.197127580642700195e+00
-5.645866394042968750e-01 -1.675801515579223633e+00 -2.206252574920654297e+00
-7.201242446899414062e-01 -1.831231117248535156e+00 -2.222922325134277344e+00
-9.054028987884521484e-01 -1.966252803802490234e+00 -2.246692180633544922e+00
-1.115856409072875977e+00 -2.078017950057983398e+00 -2.276906490325927734e+00
-1.346396207809448242e+00 -2.164176940917968750e+00 -2.312716960906982422e+00
-1.591523051261901855e+00 -2.222913980484008789e+00 -2.353103637695312500e+00
-1.845445871353149414e+00 -2.252992630004882812e+00 -2.396908044815063477e+00
-2.102205753326416016e+00 -2.253785610198974609e+00 -2.442859172821044922e+00
-2.355797529220581055e+00 -2.225292921066284180e+00 -2.489610433578491211e+00
-2.600303173065185547e+00 -2.168135643005371094e+00 -2.535769701004028320e+00
-2.830018043518066406e+00 -2.083548307418823242e+00 -2.579936981201171875e+00
-3.039576292037963867e+00 -1.973362445831298828e+00 -2.620737791061401367e+00
-3.224046468734741211e+00 -1.839957714080810547e+00 -2.656854629516601562e+00
-3.379069566726684570e+00 -1.686233758926391602e+00 -2.687058925628662109e+00
-3.500934123992919922e+00 -1.515522241592407227e+00 -2.710244894027709961e+00
-3.586671829223632812e+00 -1.331555128097534180e+00 -2.725447416305541992e+00
-3.634114980697631836e+00 -1.138360977172851562e+00 -2.731873273849487305e+00
-3.641964197158813477e+00 -9.401889443397521973e-01 -2.728918552398681641e+00
-3.609810113906860352e+00 -7.414265275001525879e-01 -2.716183423995971680e+00
-3.538147449493408203e+00 -5.464847683906555176e-01 -2.693489313125610352e+00
-3.428370714187622070e+00 -3.597274422645568848e-01 -2.660885810852050781e+00
-3.282729864120483398e+00 -1.853505969047546387e-01 -2.618649482727050781e+00
-3.104294776916503906e+00 -2.730375528335571289e-02 -2.567299365997314453e+00
-2.896866083145141602e+00 1.108109354972839355e-01 -2.507576465606689453e+00
-2.664888858795166016e+00 2.258099913597106934e-01 -2.440444469451904297e+00
-2.413343906402587891e+00 3.150162100791931152e-01 -2.367071390151977539e+00
-2.147607326507568359e+00 3.763008713722229004e-01 -2.288815021514892578e+00
-1.873350858688354492e+00 4.081465601921081543e-01 -2.207190513610839844e+00
-1.596372485160827637e+00 4.096668362617492676e-01 -2.123845100402832031e+00
-1.322472691535949707e+00 3.806247115135192871e-01 -2.040521144866943359e+00
-1.057316541671752930e+00 3.214330077171325684e-01 -1.959015846252441406e+00
-8.063044548034667969e-01 2.331264019012451172e-01 -1.881136059761047363e+00
-5.744451284408569336e-01 1.173363327980041504e-01 -1.808654189109802246e+00
-3.662636280059814453e-01 -2.376419305801391602e-02 -1.743257880210876465e+00
-1.856992244720458984e-01 -1.875171065330505371e-01 -1.686503052711486816e+00
-3.603374958038330078e-02 -3.708636164665222168e-01 -1.639772415161132812e+00
8.015072345733642578e-02 -5.704150795936584473e-01 -1.604230523109436035e+00
1.610158681869506836e-01 -7.825466990470886230e-01 -1.580788850784301758e+00
2.054762840270996094e-01 -1.003484249114990234e+00 -1.570079684257507324e+00
2.131917476654052734e-01 -1.229401111602783203e+00 -1.572435975074768066e+00
1.845362186431884766e-01 -1.456508159637451172e+00 -1.587879180908203125e+00
1.205582618713378906e-01 -1.681128263473510742e+00 -1.616117954254150391e+00
2.292537689208984375e-02 -1.899797677993774414e+00 -1.656559348106384277e+00
-1.061573028564453125e-01 -2.109306573867797852e+00 -1.708320736885070801e+00
-2.640199661254882812e-01 -2.306778907775878906e+00 -1.770259737968444824e+00
-4.476164579391479492e-01 -2.489701986312866211e+00 -1.841001510620117188e+00
-6.536214351654052734e-01 -2.655973911285400391e+00 -1.918977499008178711e+00
-8.785040378570556641e-01 -2.803907394409179688e+00 -2.002463340759277344e+00
-1.118640899658203125e+00 -2.932238578796386719e+00 -2.089617729187011719e+00
-1.370368003845214844e+00 -3.040127754211425781e+00 -2.178531169891357422e+00
-1.630079507827758789e+00 -3.127129554748535156e+00 -2.267254114151000977e+00
-1.894281148910522461e+00 -3.193169593811035156e+00 -2.353846549987792969e+00
-2.159646987915039062e+00 -3.238502502441406250e+00 -2.436403751373291016e+00
-2.423067808151245117e+00 -3.263674020767211914e+00 -2.513090848922729492e+00
-2.681686162948608398e+00 -3.269471168518066406e+00 -2.582169294357299805e+00
-2.932914972305297852e+00 -3.256862878799438477e+00 -2.642018318176269531e+00
-3.174463987350463867e+00 -3.226970434188842773e+00 -2.691157579421997070e+00
-3.404332160949707031e+00 -3.180996179580688477e+00 -2.728260040283203125e+00
-3.620816469192504883e+00 -3.120190143585205078e+00 -2.752168416976928711e+00
-3.822503328323364258e+00 -3.045800924301147461e+00 -2.761902570724487305e+00
-4.008253097534179688e+00 -2.959049940109252930e+00 -2.756668329238891602e+00
-4.177174568176269531e+00 -2.861094951629638672e+00 -2.735864639282226562e+00
-4.328622817993164062e+00 -2.753001451492309570e+00 -2.699084520339965820e+00
-4.462148666381835938e+00 -2.635749101638793945e+00 -2.646121025085449219e+00
-4.577493667602539062e+00 -2.510205507278442383e+00 -2.576955795288085938e+00
-4.674553871154785156e+00 -2.377133607864379883e+00 -2.491768836975097656e+00
-4.753365516662597656e+00 -2.237195730209350586e+00 -2.390926837921142578e+00
-4.814058303833007812e+00 -2.090979099273681641e+00 -2.274972438812255859e+00
-4.856866836547851562e+00 -1.938987016677856445e+00 -2.144623279571533203e+00
-4.882087707519531250e+00 -1.781686067581176758e+00 -2.000754833221435547e+00
-4.890076637268066406e+00 -1.619524002075195312e+00 -1.844390630722045898e+00
-4.881236076354980469e+00 -1.452944040298461914e+00 -1.676686882972717285e+00
-4.856013298034667969e+00 -1.282419443130493164e+00 -1.498920917510986328e+00
-4.814891815185546875e+00 -1.108482122421264648e+00 -1.312471508979797363e+00
-4.758397102355957031e+00 -9.317305684089660645e-01 -1.118806004524230957e+00
-4.687114715576171875e+00 -7.528632283210754395e-01 -9.194612503051757812e-01
-4.601670265197753906e+00 -5.726886391639709473e-01 -7.160309553146362305e-01
-4.502766609191894531e+00 -3.921208977699279785e-01 -5.101430416107177734e-01
-4.391174316406250000e+00 -2.122018933296203613e-01 -3.034455478191375732e-01
-4.267747879028320312e+00 -3.407889604568481445e-02 -9.758582711219787598e-02
-4.133424758911132812e+00 1.410003304481506348e-01 1.058059334754943848e-01
-3.989225149154663086e+00 3.117075562477111816e-01 3.051384687423706055e-01
-3.836252450942993164e+00 4.766630530357360840e-01 4.988794028759002686e-01
-3.675677537918090820e+00 6.344627737998962402e-01 6.855767369270324707e-01
-3.508729219436645508e+00 7.837160229682922363e-01 8.638778924942016602e-01
-3.336675882339477539e+00 9.230737090110778809e-01 1.032553911209106445e+00
-3.160802602767944336e+00 1.051280498504638672e+00 1.190521121025085449e+00
-2.982392549514770508e+00 1.167196512222290039e+00 1.336860895156860352e+00
-2.802705526351928711e+00 1.269830703735351562e+00 1.470841765403747559e+00
-2.622948169708251953e+00 1.358376741409301758e+00 1.591934680938720703e+00
-2.444251060485839844e+00 1.432229638099670410e+00 1.699834227561950684e+00
-2.267667055130004883e+00 1.491004347801208496e+00 1.794466495513916016e+00
-2.094134807586669922e+00 1.534541606903076172e+00 1.876001715660095215e+00
-1.924479484558105469e+00 1.562919259071350098e+00 1.944860458374023438e+00
-1.759401798248291016e+00 1.576444387435913086e+00 2.001708507537841797e+00
-1.599474549293518066e+00 1.575643062591552734e+00 2.047459602355957031e+00
-1.445140361785888672e+00 1.561247229576110840e+00 2.083255767822265625e+00
-1.296717643737792969e+00 1.534176349639892578e+00 2.110453367233276367e+00
-1.154407739639282227e+00 1.495512485504150391e+00 2.130603790283203125e+00
-1.018299818038940430e+00 1.446472406387329102e+00 2.145420074462890625e+00
-8.883824348449707031e-01 1.388382911682128906e+00 2.156742572784423828e+00
-7.645587921142578125e-01 1.322643995285034180e+00 2.166507482528686523e+00
-6.466528177261352539e-01 1.250705122947692871e+00 2.176703929901123047e+00
-5.344276428222656250e-01 1.174028158187866211e+00 2.189328193664550781e+00
-4.275845289230346680e-01 1.094065666198730469e+00 2.206346273422241211e+00
-3.257913589477539062e-01 1.012229204177856445e+00 2.229645252227783203e+00
-2.286777496337890625e-01 9.298584461212158203e-01 2.260999917984008789e+00
-1.358489990234375000e-01 8.482103943824768066e-01 2.302022933959960938e+00
-4.688954353332519531e-02 7.684272527694702148e-01 2.354139566421508789e+00
3.862690925598144531e-02 6.915252208709716797e-01 2.418552875518798828e+00
1.211401224136352539e-01 6.183802485466003418e-01 2.496219158172607422e+00
2.010965347290039062e-01 5.497159361839294434e-01 2.587830543518066406e+00
2.789484262466430664e-01 4.860939979553222656e-01 2.693793535232543945e+00
3.551641702651977539e-01 4.279153943061828613e-01 2.814231872558593750e+00
4.302151203155517578e-01 3.754147887229919434e-01 2.948979377746582031e+00
5.045846700668334961e-01 3.286655545234680176e-01 3.097583770751953125e+00
5.787768363952636719e-01 2.875883579254150391e-01 3.259324312210083008e+00
6.533073186874389648e-01 2.519540786743164062e-01 3.433221340179443359e+00
7.287112474441528320e-01 2.213992476463317871e-01 3.618063926696777344e+00
8.055365085601806641e-01 1.954441666603088379e-01 3.812433958053588867e+00
8.843501806259155273e-01 1.734976172447204590e-01 4.014733791351318359e+00
9.657162427902221680e-01 1.548865437507629395e-01 4.223222732543945312e+00
1.050211668014526367e+00 1.388701796531677246e-01 4.436048507690429688e+00
1.138390898704528809e+00 1.246585249900817871e-01 4.651288509368896484e+00
1.230786323547363281e+00 1.114341020584106445e-01 4.866976261138916016e+00
1.327893972396850586e+00 9.837007522583007812e-02 5.081151008605957031e+00
1.430149435997009277e+00 8.464938402175903320e-02 5.291874408721923828e+00
1.537904500961303711e+00 6.947994232177734375e-02 5.497280120849609375e+00
1.651419758796691895e+00 5.211174488067626953e-02 5.695594787597656250e+00
1.770834207534790039e+00 3.184938430786132812e-02 5.885168075561523438e+00
1.896149039268493652e+00 8.065998554229736328e-03 6.064499855041503906e+00
2.027208566665649414e+00 -1.979625225067138672e-02 6.232255935668945312e+00
2.163685083389282227e+00 -5.220490694046020508e-02 6.387290000915527344e+00
2.305063724517822266e+00 -8.954375982284545898e-02 6.528656005859375000e+00
2.450631141662597656e+00 -1.321026682853698730e-01 6.655625343322753906e+00
2.599476575851440430e+00 -1.800785660743713379e-01 6.767680168151855469e+00
2.750488996505737305e+00 -2.335720658302307129e-01 6.864526748657226562e+00
2.902366638183593750e+00 -2.925887703895568848e-01 6.946083545684814453e+00
3.053622007369995117e+00 -3.570387959480285645e-01 7.012482643127441406e+00
3.202616930007934570e+00 -4.267423748970031738e-01 7.064047813415527344e+00
3.347575187683105469e+00 -5.014281868934631348e-01 7.101284027099609375e+00
3.486629247665405273e+00 -5.807402729988098145e-01 7.124857902526855469e+00
3.617849826812744141e+00 -6.642370820045471191e-01 7.135575771331787109e+00
3.739301443099975586e+00 -7.514052987098693848e-01 7.134351730346679688e+00
3.849078655242919922e+00 -8.416545987129211426e-01 7.122189998626708984e+00
3.945358753204345703e+00 -9.343357682228088379e-01 7.100154399871826172e+00
4.026453971862792969e+00 -1.028742313385009766e+00 7.069336414337158203e+00
4.090859413146972656e+00 -1.124125719070434570e+00 7.030843734741210938e+00
4.137283325195312500e+00 -1.219698905944824219e+00 6.985758304595947266e+00
4.164695739746093750e+00 -1.314654111862182617e+00 6.935130119323730469e+00
4.172359466552734375e+00 -1.408180713653564453e+00 6.879959583282470703e+00
4.159845352172851562e+00 -1.499468326568603516e+00 6.821171760559082031e+00
4.127052307128906250e+00 -1.587728261947631836e+00 6.759614944458007812e+00
4.074206352233886719e+00 -1.672214508056640625e+00 6.696063041687011719e+00
4.001872539520263672e+00 -1.752222299575805664e+00 6.631192684173583984e+00
3.910916090011596680e+00 -1.827117919921875000e+00 6.565608024597167969e+00
3.802509546279907227e+00 -1.896346807479858398e+00 6.499819755554199219e+00
3.678088426589965820e+00 -1.959435701370239258e+00 6.434274196624755859e+00
3.539330244064331055e+00 -2.016013860702514648e+00 6.369343280792236328e+00
3.388097047805786133e+00 -2.065815687179565430e+00 6.305344104766845703e+00
3.226423025131225586e+00 -2.108680963516235352e+00 6.242541790008544922e+00
3.056441068649291992e+00 -2.144563436508178711e+00 6.181166172027587891e+00
2.880361795425415039e+00 -2.173519849777221680e+00 6.121416091918945312e+00
2.700422525405883789e+00 -2.195716142654418945e+00 6.063466072082519531e+00
2.518840074539184570e+00 -2.211412191390991211e+00 6.007485866546630859e+00
2.337781667709350586e+00 -2.220956802368164062e+00 5.953632354736328125e+00
2.159323692321777344e+00 -2.224773168563842773e+00 5.902069568634033203e+00
1.985434770584106445e+00 -2.223353862762451172e+00 5.852958679199218750e+00
1.817934274673461914e+00 -2.217236042022705078e+00 5.806471824645996094e+00
1.658476710319519043e+00 -2.206994771957397461e+00 5.762781143188476562e+00
1.508543968200683594e+00 -2.193228006362915039e+00 5.722067356109619141e+00
1.369419336318969727e+00 -2.176537752151489258e+00 5.684507369995117188e+00
1.242193222045898438e+00 -2.157519102096557617e+00 5.650267124176025391e+00
1.127752661705017090e+00 -2.136742830276489258e+00 5.619503021240234375e+00
1.026770830154418945e+00 -2.114757537841796875e+00 5.592345237731933594e+00
9.397301673889160156e-01 -2.092062234878540039e+00 5.568892002105712891e+00
8.669111728668212891e-01 -2.069106340408325195e+00 5.549201965332031250e+00
8.083977699279785156e-01 -2.046283483505249023e+00 5.533280849456787109e+00
7.640950679779052734e-01 -2.023926019668579102e+00 5.521080970764160156e+00
7.337282896041870117e-01 -2.002301216125488281e+00 5.512487411499023438e+00
7.168663740158081055e-01 -1.981609106063842773e+00 5.507328033447265625e+00
7.129186391830444336e-01 -1.961989641189575195e+00 5.505370140075683594e+00
7.211655378341674805e-01 -1.943514585494995117e+00 5.506326198577880859e+00
7.407534122467041016e-01 -1.926195859909057617e+00 5.509851455688476562e+00
7.707264423370361328e-01 -1.909992218017578125e+00 5.515578269958496094e+00
8.100316524505615234e-01 -1.894809484481811523e+00 5.523109912872314453e+00
8.575451374053955078e-01 -1.880508899688720703e+00 5.532055854797363281e+00
9.120855331420898438e-01 -1.866913080215454102e+00 5.542026996612548828e+00
9.724259376525878906e-01 -1.853814840316772461e+00 5.552690505981445312e+00
1.037326812744140625e+00 -1.840985536575317383e+00 5.563744544982910156e+00
1.105542659759521484e+00 -1.828175067901611328e+00 5.574973106384277344e+00
1.175850749015808105e+00 -1.815135955810546875e+00 5.586234092712402344e+00
1.247057318687438965e+00 -1.801620721817016602e+00 5.597469329833984375e+00
1.318031549453735352e+00 -1.787389278411865234e+00 5.608719348907470703e+00
1.387703537940979004e+00 -1.772228956222534180e+00 5.620113372802734375e+00
1.455093383789062500e+00 -1.755947589874267578e+00 5.631851673126220703e+00
1.519312739372253418e+00 -1.738392114639282227e+00 5.644213676452636719e+00
1.579586267471313477e+00 -1.719454050064086914e+00 5.657537460327148438e+00
1.635238885879516602e+00 -1.699072599411010742e+00 5.672182559967041016e+00
1.685713529586791992e+00 -1.677243232727050781e+00 5.688537120819091797e+00
1.730569839477539062e+00 -1.654017210006713867e+00 5.706976413726806641e+00
1.769470691680908203e+00 -1.629504442214965820e+00 5.727848529815673828e+00
1.802183389663696289e+00 -1.603878259658813477e+00 5.751458168029785156e+00
1.828561425209045410e+00 -1.577361583709716797e+00 5.778035640716552734e+00
1.848546862602233887e+00 -1.550230503082275391e+00 5.807735443115234375e+00
1.862148761749267578e+00 -1.522802352905273438e+00 5.840612888336181641e+00
1.869429707527160645e+00 -1.495428323745727539e+00 5.876616001129150391e+00
1.870505809783935547e+00 -1.468476295471191406e+00 5.915588855743408203e+00
1.865523695945739746e+00 -1.442327976226806641e+00 5.957262992858886719e+00
1.854664802551269531e+00 -1.417351722717285156e+00 6.001254558563232422e+00
1.838126420974731445e+00 -1.393906354904174805e+00 6.047085285186767578e+00
1.816130042076110840e+00 -1.372308969497680664e+00 6.094182491302490234e+00
1.788911223411560059e+00 -1.352832555770874023e+00 6.141889095306396484e+00
1.756731986999511719e+00 -1.335696697235107422e+00 6.189489364624023438e+00
1.719868659973144531e+00 -1.321049451828002930e+00 6.236216545104980469e+00
1.678621411323547363e+00 -1.308966636657714844e+00 6.281275272369384766e+00
1.633321642875671387e+00 -1.299444198608398438e+00 6.323857307434082031e+00
1.584334373474121094e+00 -1.292396306991577148e+00 6.363168239593505859e+00
1.532066464424133301e+00 -1.287647724151611328e+00 6.398432731628417969e+00
1.476957917213439941e+00 -1.284947395324707031e+00 6.428931236267089844e+00
1.419499397277832031e+00 -1.283963918685913086e+00 6.454002380371093750e+00
1.360222458839416504e+00 -1.284295558929443359e+00 6.473064422607421875e+00
1.299700975418090820e+00 -1.285478591918945312e+00 6.485637664794921875e+00
1.238558292388916016e+00 -1.287002086639404297e+00 6.491345882415771484e+00
1.177444934844970703e+00 -1.288321018218994141e+00 6.489945888519287109e+00
1.117055892944335938e+00 -1.288857936859130859e+00 6.481321811676025391e+00
1.058103442192077637e+00 -1.288039684295654297e+00 6.465502262115478516e+00
1.001323699951171875e+00 -1.285292625427246094e+00 6.442655563354492188e+00
9.474588632583618164e-01 -1.280064582824707031e+00 6.413111686706542969e+00
8.972476720809936523e-01 -1.271842241287231445e+00 6.377335071563720703e+00
8.514206409454345703e-01 -1.260157823562622070e+00 6.335935592651367188e+00
8.106818199157714844e-01 -1.244599103927612305e+00 6.289653778076171875e+00
7.757012844085693359e-01 -1.224824428558349609e+00 6.239348411560058594e+00
7.470978498458862305e-01 -1.200559377670288086e+00 6.185976982116699219e+00
7.254376411437988281e-01 -1.171610832214355469e+00 6.130571842193603516e+00
7.112092971801757812e-01 -1.137857675552368164e+00 6.074234008789062500e+00
7.048344612121582031e-01 -1.099255084991455078e+00 6.018084049224853516e+00
7.066414356231689453e-01 -1.055826902389526367e+00 5.963240146636962891e+00
7.168661355972290039e-01 -1.007663965225219727e+00 5.910807609558105469e+00
7.356591224670410156e-01 -9.549079537391662598e-01 5.861838817596435547e+00
7.630699872970581055e-01 -8.977482914924621582e-01 5.817302703857421875e+00
7.990545034408569336e-01 -8.364120125770568848e-01 5.778074264526367188e+00
8.434839248657226562e-01 -7.711470723152160645e-01 5.744905471801757812e+00
8.961410522460937500e-01 -7.022206187248229980e-01 5.718408584594726562e+00
9.567413330078125000e-01 -6.299068331718444824e-01 5.699047088623046875e+00
1.024926900863647461e+00 -5.544767975807189941e-01 5.687119007110595703e+00
1.100288391113281250e+00 -4.761977791786193848e-01 5.682756423950195312e+00
1.182372331619262695e+00 -3.953242897987365723e-01 5.685916423797607422e+00
1.270691752433776855e+00 -3.121008276939392090e-01 5.696388721466064453e+00
1.364741086959838867e+00 -2.267532348632812500e-01 5.713797569274902344e+00
1.464004874229431152e+00 -1.395031213760375977e-01 5.737615108489990234e+00
1.567959547042846680e+00 -5.055546760559082031e-02 5.767166137695312500e+00
1.676094293594360352e+00 3.988295793533325195e-02 5.801646232604980469e+00
1.787907481193542480e+00 1.316094398498535156e-01 5.840147495269775391e+00
1.902912855148315430e+00 2.244114279747009277e-01 5.881665706634521484e+00
2.020642757415771484e+00 3.180631995201110840e-01 5.925136089324951172e+00
2.140647411346435547e+00 4.123204350471496582e-01 5.969456672668457031e+00
2.262488842010498047e+00 5.069091320037841797e-01 6.013506889343261719e+00
2.385744333267211914e+00 6.015274524688720703e-01 6.056179523468017578e+00
2.509994506835937500e+00 6.958299875259399414e-01 6.096414566040039062e+00
2.634826421737670898e+00 7.894316911697387695e-01 6.133214473724365234e+00
2.759815454483032227e+00 8.819061517715454102e-01 6.165670871734619141e+00
2.884534120559692383e+00 9.727771878242492676e-01 6.192994117736816406e+00
3.008534431457519531e+00 1.061531305313110352e+00 6.214511394500732422e+00
3.131347894668579102e+00 1.147608757019042969e+00 6.229710102081298828e+00
3.252482175827026367e+00 1.230422496795654297e+00 6.238215923309326172e+00
3.371413946151733398e+00 1.309353351593017578e+00 6.239810466766357422e+00
3.487588405609130859e+00 1.383766412734985352e+00 6.234438419342041016e+00
3.600428819656372070e+00 1.453018903732299805e+00 6.222180366516113281e+00
3.709322214126586914e+00 1.516471862792968750e+00 6.203266620635986328e+00
3.813642978668212891e+00 1.573498249053955078e+00 6.178048133850097656e+00
3.912741661071777344e+00 1.623506069183349609e+00 6.146980285644531250e+00
4.005967617034912109e+00 1.665940284729003906e+00 6.110615253448486328e+00
4.092669486999511719e+00 1.700300931930541992e+00 6.069566726684570312e+00
4.172213077545166016e+00 1.726159572601318359e+00 6.024501323699951172e+00
4.243990898132324219e+00 1.743163108825683594e+00 5.976119518280029297e+00
4.307431221008300781e+00 1.751055717468261719e+00 5.925118923187255859e+00
4.362020492553710938e+00 1.749682188034057617e+00 5.872196197509765625e+00
4.407308578491210938e+00 1.738994598388671875e+00 5.818017482757568359e+00
4.442923545837402344e+00 1.719071388244628906e+00 5.763213634490966797e+00
4.468582153320312500e+00 1.690103292465209961e+00 5.708362102508544922e+00
4.484112739562988281e+00 1.652408003807067871e+00 5.653984069824218750e+00
4.489444732666015625e+00 1.606423139572143555e+00 5.600525856018066406e+00
4.484632492065429688e+00 1.552703380584716797e+00 5.548370838165283203e+00
4.469851493835449219e+00 1.491906881332397461e+00 5.497818470001220703e+00
4.445403099060058594e+00 1.424801588058471680e+00 5.449095726013183594e+00
4.411719322204589844e+00 1.352237224578857422e+00 5.402349472045898438e+00
4.369355201721191406e+00 1.275138854980468750e+00 5.357645511627197266e+00
4.318980216979980469e+00 1.194492340087890625e+00 5.314974784851074219e+00
4.261370182037353516e+00 1.111323595046997070e+00 5.274257183074951172e+00
4.197402000427246094e+00 1.026683330535888672e+00 5.235351085662841797e+00
4.128030300140380859e+00 9.416302442550659180e-01 5.198052883148193359e+00
4.054266929626464844e+00 8.572103977203369141e-01 5.162117958068847656e+00
3.977167606353759766e+00 7.744393348693847656e-01 5.127274036407470703e+00
3.897812604904174805e+00 6.942825913429260254e-01 5.093230247497558594e+00
3.817281246185302734e+00 6.176426410675048828e-01 5.059709548950195312e+00
3.736627340316772461e+00 5.453383922576904297e-01 5.026446342468261719e+00
3.656873703002929688e+00 4.780908823013305664e-01 4.993234157562255859e+00
3.578975439071655273e+00 4.165142178535461426e-01 4.959918022155761719e+00
3.503815889358520508e+00 3.610975444316864014e-01 4.926426887512207031e+00
3.432197332382202148e+00 3.122026622295379639e-01 4.892783641815185547e+00
3.364811182022094727e+00 2.700571417808532715e-01 4.859120845794677734e+00
3.302253961563110352e+00 2.347503304481506348e-01 4.825677871704101562e+00
3.245006322860717773e+00 2.062305808067321777e-01 4.792813301086425781e+00
3.193437814712524414e+00 1.843146085739135742e-01 4.761003017425537109e+00
3.147809743881225586e+00 1.686903238296508789e-01 4.730827808380126953e+00
3.108267068862915039e+00 1.589270830154418945e-01 4.702973365783691406e+00
3.074861288070678711e+00 1.544876694679260254e-01 4.678205013275146484e+00
3.047544002532958984e+00 1.547453999519348145e-01 4.657353401184082031e+00
3.026189088821411133e+00 1.590008139610290527e-01 4.641298294067382812e+00
3.010597229003906250e+00 1.664976477622985840e-01 4.630935668945312500e+00
3.000503301620483398e+00 1.764478087425231934e-01 4.627152442932128906e+00
2.995609760284423828e+00 1.880493760108947754e-01 4.630805969238281250e+00
2.995574712753295898e+00 2.005091905593872070e-01 4.642679214477539062e+00
3.000044584274291992e+00 2.130569517612457275e-01 4.663472175598144531e+00
3.008652448654174805e+00 2.249736785888671875e-01 4.693759918212890625e+00
3.021034479141235352e+00 2.355985045433044434e-01 4.733968257904052734e+00
3.036832094192504883e+00 2.443436086177825928e-01 4.784364223480224609e+00
3.055690526962280273e+00 2.507116496562957764e-01 4.845022201538085938e+00
3.077276706695556641e+00 2.542952299118041992e-01 4.915822982788085938e+00
3.101258039474487305e+00 2.547850012779235840e-01 4.996451377868652344e+00
3.127310991287231445e+00 2.519696950912475586e-01 5.086381435394287109e+00
3.155101537704467773e+00 2.457329630851745605e-01 5.184905529022216797e+00
3.184291124343872070e+00 2.360495328903198242e-01 5.291130542755126953e+00
3.214526414871215820e+00 2.229775488376617432e-01 5.404017448425292969e+00
3.245421648025512695e+00 2.066459059715270996e-01 5.522398948669433594e+00
3.276559352874755859e+00 1.872506737709045410e-01 5.645012378692626953e+00
3.307484388351440430e+00 1.650392413139343262e-01 5.770534515380859375e+00
3.337698698043823242e+00 1.402996182441711426e-01 5.897616386413574219e+00
3.366660356521606445e+00 1.133518218994140625e-01 6.024929046630859375e+00
3.393792867660522461e+00 8.453685045242309570e-02 6.151176929473876953e+00
3.418473005294799805e+00 5.420631170272827148e-02 6.275148391723632812e+00
3.440065622329711914e+00 2.271753549575805664e-02 6.395724296569824219e+00
3.457910776138305664e+00 -9.574532508850097656e-03 6.511915206909179688e+00
3.471349716186523438e+00 -4.232358932495117188e-02 6.622861862182617188e+00
3.479732751846313477e+00 -7.519406080245971680e-02 6.727867126464843750e+00
3.482442617416381836e+00 -1.078660488128662109e-01 6.826375007629394531e+00
3.478905916213989258e+00 -1.400352120399475098e-01 6.917992591857910156e+00
3.468607902526855469e+00 -1.714183688163757324e-01 7.002479553222656250e+00
3.451113939285278320e+00 -2.017483115196228027e-01 7.079742431640625000e+00
3.426078557968139648e+00 -2.307860851287841797e-01 7.149822235107421875e+00
3.393259286880493164e+00 -2.583121657371520996e-01 7.212879180908203125e+00
3.352530002593994141e+00 -2.841328978538513184e-01 7.269197940826416016e+00
3.303894281387329102e+00 -3.080869317054748535e-01 7.319137573242187500e+00
3.247473955154418945e+00 -3.300461173057556152e-01 7.363142967224121094e+00
3.183532238006591797e+00 -3.499149680137634277e-01 7.401719093322753906e+00
3.112473964691162109e+00 -3.676446080207824707e-01 7.435410499572753906e+00
3.034817934036254883e+00 -3.832274079322814941e-01 7.464772224426269531e+00
2.951238632202148438e+00 -3.967068791389465332e-01 7.490374565124511719e+00
2.862501621246337891e+00 -4.081777930259704590e-01 7.512761116027832031e+00
2.769503831863403320e+00 -4.177883267402648926e-01 7.532434463500976562e+00
2.673235177993774414e+00 -4.257413744926452637e-01 7.549850463867187500e+00
2.574761629104614258e+00 -4.322900176048278809e-01 7.565380096435546875e+00
2.475221395492553711e+00 -4.377399086952209473e-01 7.579308509826660156e+00
2.375800132751464844e+00 -4.424322247505187988e-01 7.591814994812011719e+00
2.277710199356079102e+00 -4.467492699623107910e-01 7.602960586547851562e+00
2.182167053222656250e+00 -4.510882496833801270e-01 7.612686157226562500e+00
2.090368747711181641e+00 -4.558621048927307129e-01 7.620802879333496094e+00
2.003482341766357422e+00 -4.614716172218322754e-01 7.626995086669921875e+00
1.922597765922546387e+00 -4.682986140251159668e-01 7.630825042724609375e+00
1.848732829093933105e+00 -4.766778349876403809e-01 7.631742477416992188e+00
1.782799243927001953e+00 -4.868876338005065918e-01 7.629101276397705078e+00
1.725587844848632812e+00 -4.991287589073181152e-01 7.622169494628906250e+00
1.677767395973205566e+00 -5.135011076927185059e-01 7.610160827636718750e+00
1.639858245849609375e+00 -5.300007462501525879e-01 7.592252731323242188e+00
1.612252712249755859e+00 -5.484994053840637207e-01 7.567610263824462891e+00
1.595183849334716797e+00 -5.687438845634460449e-01 7.535422325134277344e+00
1.588765263557434082e+00 -5.903505682945251465e-01 7.494927406311035156e+00
1.592972040176391602e+00 -6.128070950508117676e-01 7.445432662963867188e+00
1.607658743858337402e+00 -6.354897618293762207e-01 7.386345386505126953e+00
1.632582068443298340e+00 -6.576662659645080566e-01 7.317202091217041016e+00
1.667400360107421875e+00 -6.785216927528381348e-01 7.237673282623291016e+00
1.711689352989196777e+00 -6.971870064735412598e-01 7.147591590881347656e+00
1.764967441558837891e+00 -7.127564549446105957e-01 7.046958446502685547e+00
1.826690077781677246e+00 -7.243258357048034668e-01 6.935953140258789062e+00
1.896278262138366699e+00 -7.310231328010559082e-01 6.814933776855468750e+00
1.973109245300292969e+00 -7.320474982261657715e-01 6.684428215026855469e+00
2.056540250778198242e+00 -7.266917824745178223e-01 6.545138359069824219e+00
2.145895957946777344e+00 -7.143883109092712402e-01 6.397920131683349609e+00
2.240481615066528320e+00 -6.947261691093444824e-01 6.243771553039550781e+00
2.339573144912719727e+00 -6.674869656562805176e-01 6.083804130554199219e+00
2.442419767379760742e+00 -6.326604485511779785e-01 5.919233322143554688e+00
2.548227071762084961e+00 -5.904663205146789551e-01 5.751343727111816406e+00
2.656161069869995117e+00 -5.413599610328674316e-01 5.581463813781738281e+00
2.765342473983764648e+00 -4.860424399375915527e-01 5.410934448242187500e+00
2.874818801879882812e+00 -4.254546761512756348e-01 5.241085052490234375e+00
2.983580350875854492e+00 -3.607731461524963379e-01 5.073183536529541016e+00
3.090531110763549805e+00 -2.933881878852844238e-01 4.908422470092773438e+00
3.194505691528320312e+00 -2.248924970626831055e-01 4.747871398925781250e+00
3.294239044189453125e+00 -1.570451259613037109e-01 4.592456817626953125e+00
3.388395547866821289e+00 -9.173434972763061523e-02 4.442918777465820312e+00
3.475541114807128906e+00 -3.095191717147827148e-02 4.299797534942626953e+00
3.554163932800292969e+00 2.326124906539916992e-02 4.163409233093261719e+00
3.622679471969604492e+00 6.886291503906250000e-02 4.033825874328613281e+00
3.679441690444946289e+00 1.038541197776794434e-01 3.910882949829101562e+00
3.722752809524536133e+00 1.263366937637329102e-01 3.794155120849609375e+00
3.750889062881469727e+00 1.345600485801696777e-01 3.682988405227661133e+00
3.762113332748413086e+00 1.269792318344116211e-01 3.576497316360473633e+00
3.754720926284790039e+00 1.022992730140686035e-01 3.473598241806030273e+00
3.727045774459838867e+00 5.952399969100952148e-02 3.373035907745361328e+00
3.677512884140014648e+00 -2.004802227020263672e-03 3.273416996002197266e+00
3.604676961898803711e+00 -8.257669210433959961e-02 3.173255920410156250e+00
3.507248163223266602e+00 -1.820858120918273926e-01 3.071018695831298828e+00
3.384140491485595703e+00 -3.000152707099914551e-01 2.965171575546264648e+00
3.234513521194458008e+00 -4.354386925697326660e-01 2.854228496551513672e+00
3.057810306549072266e+00 -5.870236754417419434e-01 2.736803531646728516e+00
2.853784561157226562e+00 -7.530534863471984863e-01 2.611655473709106445e+00
2.622542619705200195e+00 -9.314695000648498535e-01 2.477729797363281250e+00
2.364554166793823242e+00 -1.119888305664062500e+00 2.334198713302612305e+00
2.080676078796386719e+00 -1.315682888031005859e+00 2.180488586425781250e+00
1.772155523300170898e+00 -1.516026020050048828e+00 2.016304016113281250e+00
1.440615177154541016e+00 -1.717960357666015625e+00 1.841643214225769043e+00
1.088070631027221680e+00 -1.918465614318847656e+00 1.656800627708435059e+00
7.168676853179931641e-01 -2.114538669586181641e+00 1.462362766265869141e+00
3.296875953674316406e-01 -2.303248643875122070e+00 1.259199023246765137e+00
-7.052540779113769531e-02 -2.481809377670288086e+00 1.048431277275085449e+00
-4.805870056152343750e-01 -2.647644281387329102e+00 8.314120173454284668e-01
-8.971385955810546875e-01 -2.798438787460327148e+00 6.096855998039245605e-01
-1.316703319549560547e+00 -2.932165861129760742e+00 3.849405944347381592e-01
-1.735742092132568359e+00 -3.047159910202026367e+00 1.589722931385040283e-01
-2.150715589523315430e+00 -3.142106771469116211e+00 -6.637260317802429199e-02
-2.558138132095336914e+00 -3.216071367263793945e+00 -2.892432510852813721e-01
-2.954645395278930664e+00 -3.268524885177612305e+00 -5.078297853469848633e-01
-3.337031126022338867e+00 -3.299317598342895508e+00 -7.204163074493408203e-01
-3.702306032180786133e+00 -3.308679819107055664e+00 -9.254146218299865723e-01
