8.918302506208419800e-02 -1.512614786624908447e-01 1.102902144193649292e-01
-5.695987120270729065e-02 -1.979081928730010986e-01 -1.255862414836883545e-01
8.833790570497512817e-02 -1.501750648021697998e-01 1.106490343809127808e-01
-6.050273030996322632e-02 -1.587648987770080566e-01 -1.156827360391616821e-01
-9.233030676841735840e-02 -3.597985953092575073e-02 -1.229587048292160034e-01
9.195853024721145630e-02 -1.571025848388671875e-01 1.041813343763351440e-01
-6.273570656776428223e-02 -1.987360119819641113e-01 -1.194840222597122192e-01
-6.069431453943252563e-02 -2.082309126853942871e-01 -1.203783154487609863e-01
-5.189788341522216797e-02 -2.299387156963348389e-01 -1.237901747226715088e-01
8.799936622381210327e-02 -1.497172117233276367e-01 1.093960404396057129e-01
8.993824571371078491e-02 -1.530656814575195312e-01 1.081471890211105347e-01
-9.490706026554107666e-02 9.070839732885360718e-02 -8.953006565570831299e-02
-1.080903857946395874e-01 8.075274527072906494e-02 -1.194983869791030884e-01
-5.475784093141555786e-02 -2.071852982044219971e-01 -1.271823495626449585e-01
1.972265541553497314e-01 -2.054667472839355469e-02 -1.855316609144210815e-01
-7.100987434387207031e-02 -2.008634507656097412e-01 -1.266855001449584961e-01
1.201526597142219543e-01 4.671320691704750061e-02 3.160624578595161438e-02
-5.872614681720733643e-02 -2.056153714656829834e-01 -1.244831383228302002e-01
-1.026471033692359924e-01 -1.350861191749572754e-01 1.079525351524353027e-01
-2.532107234001159668e-01 -1.411392390727996826e-01 1.542199254035949707e-01
-5.743872374296188354e-02 -2.106588780879974365e-01 -1.191335320472717285e-01
-5.598263069987297058e-02 -2.120005786418914795e-01 -1.186382770538330078e-01
8.980724960565567017e-02 -1.529685258865356445e-01 1.085819602012634277e-01
-6.115825474262237549e-02 -1.971152722835540771e-01 -1.208483874797821045e-01
8.863777667284011841e-02 -1.509614884853363037e-01 1.090369224548339844e-01
-5.675695464015007019e-02 -2.106476724147796631e-01 -1.193596869707107544e-01
-2.180061861872673035e-02 -1.242659017443656921e-01 9.611077606678009033e-02
8.585145324468612671e-02 -1.456142365932464600e-01 1.106433868408203125e-01
8.973216265439987183e-02 -1.530351936817169189e-01 1.033154428005218506e-01
8.961524814367294312e-02 -1.533188521862030029e-01 1.057548522949218750e-01
-4.581493139266967773e-02 -2.438344359397888184e-01 -1.369063258171081543e-01
-5.459473282098770142e-02 -2.312936186790466309e-01 -1.177915036678314209e-01
-7.281283289194107056e-02 -1.481601595878601074e-01 -1.233867108821868896e-01
9.478186815977096558e-02 -1.565426290035247803e-01 1.014725416898727417e-01
-5.861078202724456787e-02 -2.106181085109710693e-01 -1.197227388620376587e-01
-8.076538145542144775e-02 1.442566215991973877e-01 1.701783984899520874e-01
9.069012850522994995e-02 -1.518675088882446289e-01 1.079120039939880371e-01
-2.374669015407562256e-01 -1.229064688086509705e-01 1.377440392971038818e-01
-1.115538999438285828e-01 8.365219086408615112e-02 -1.351633965969085693e-01
8.951710909605026245e-02 -1.509654819965362549e-01 1.054571121931076050e-01
8.630821853876113892e-02 -1.470339000225067139e-01 1.087943017482757568e-01
-5.818187817931175232e-02 -2.064124345779418945e-01 -1.197798699140548706e-01
-6.566901504993438721e-02 -1.762991845607757568e-01 -1.258398741483688354e-01
9.171976894140243530e-02 -1.566899418830871582e-01 1.037793308496475220e-01
-5.124768242239952087e-02 -2.269374728202819824e-01 -1.279435604810714722e-01
-5.234597250819206238e-02 -2.202996313571929932e-01 -1.344965249300003052e-01
-7.804261147975921631e-02 -1.363930106163024902e-01 -1.260330975055694580e-01
-5.230629816651344299e-02 -2.173806130886077881e-01 -1.201301217079162598e-01
-6.255270540714263916e-02 -1.875735223293304443e-01 -1.249756962060928345e-01
8.846233040094375610e-02 -1.505775451660156250e-01 1.097431033849716187e-01
8.768538385629653931e-02 -1.486285626888275146e-01 1.075891852378845215e-01
8.966656774282455444e-02 -1.525821089744567871e-01 1.083827763795852661e-01
8.682467788457870483e-02 -1.556279957294464111e-01 1.099535375833511353e-01
9.102406352758407593e-02 -1.549069583415985107e-01 1.068926751613616943e-01
3.689390420913696289e-02 -1.266133487224578857e-01 1.087332814931869507e-01
1.050117984414100647e-01 -1.496692597866058350e-01 1.186471134424209595e-01
-6.343587487936019897e-02 -1.999174952507019043e-01 -1.196292489767074585e-01
-5.688316747546195984e-02 -2.091633081436157227e-01 -1.178591698408126831e-01
9.013629704713821411e-02 -1.510810256004333496e-01 1.080967783927917480e-01
-2.462899684906005859e-01 -1.393295526504516602e-01 1.477855741977691650e-01
1.302889287471771240e-01 -4.692290127277374268e-01 -4.573013633489608765e-03
8.992596715688705444e-02 -1.519968509674072266e-01 1.043844521045684814e-01
8.989108353853225708e-02 -1.532636284828186035e-01 1.054889857769012451e-01
1.829735636711120605e-01 -1.045265793800354004e-02 -4.508382454514503479e-02
9.300925582647323608e-02 -1.570187211036682129e-01 1.076939254999160767e-01
8.997166901826858521e-02 -1.535153090953826904e-01 1.070506721735000610e-01
7.047836482524871826e-02 -1.308833360671997070e-01 1.259179562330245972e-01
8.582510799169540405e-02 -1.511335968971252441e-01 1.096983700990676880e-01
-4.791732132434844971e-02 -2.427955865859985352e-01 -1.151815056800842285e-01
-7.101553678512573242e-02 -1.641340255737304688e-01 -1.285483390092849731e-01
8.828004449605941772e-02 -1.503306925296783447e-01 1.081532388925552368e-01
-5.580188706517219543e-02 -2.141067981719970703e-01 -1.202318966388702393e-01
8.754218369722366333e-02 -1.484028398990631104e-01 1.102032512426376343e-01
-2.473167181015014648e-01 -1.430230736732482910e-01 1.447945386171340942e-01
-1.262866854667663574e-01 4.982641339302062988e-02 1.602194011211395264e-01
-5.451316758990287781e-02 -2.072911560535430908e-01 -1.254517585039138794e-01
-5.286220461130142212e-02 -2.268341779708862305e-01 -1.233867853879928589e-01
-6.480114161968231201e-02 -2.186767160892486572e-01 -1.259278655052185059e-01
8.670578151941299438e-02 -1.471361219882965088e-01 1.085661351680755615e-01
-6.407067924737930298e-02 1.181236281991004944e-01 1.105416193604469299e-02
-1.144216656684875488e-01 8.247290551662445068e-02 -1.307046562433242798e-01
-5.235811695456504822e-02 -2.260001003742218018e-01 -1.202622056007385254e-01
8.914930373430252075e-02 -1.528273224830627441e-01 1.042665243148803711e-01
8.622661978006362915e-02 -1.468103229999542236e-01 1.094259172677993774e-01
-5.619395524263381958e-02 -2.022679448127746582e-01 -1.254359930753707886e-01
8.979498594999313354e-02 -1.535511314868927002e-01 1.047846823930740356e-01
8.735727518796920776e-02 -1.482169032096862793e-01 1.088247150182723999e-01
9.059401601552963257e-02 -1.534640192985534668e-01 1.061502993106842041e-01
-1.087331026792526245e-01 8.345979452133178711e-02 -1.234410554170608521e-01
-5.774272978305816650e-02 -2.062904238700866699e-01 -1.194861531257629395e-01
7.869640737771987915e-02 -2.150227874517440796e-02 1.326741129159927368e-01
-4.750522598624229431e-02 -2.310823500156402588e-01 -1.285518258810043335e-01
-5.972842872142791748e-02 -1.975362896919250488e-01 -1.226452291011810303e-01
2.555204033851623535e-01 -5.249818414449691772e-02 -2.192701399326324463e-01
8.574172109365463257e-02 -1.507934927940368652e-01 1.093238890171051025e-01
-5.249324440956115723e-02 -2.307734489440917969e-01 -1.198361665010452271e-01
9.140070527791976929e-02 -1.556066870689392090e-01 1.055447608232498169e-01
-9.776137769222259521e-02 -1.148500293493270874e-02 -1.208766549825668335e-01
8.914830535650253296e-02 -1.512223184108734131e-01 1.100053638219833374e-01
-5.822531878948211670e-02 -2.094169557094573975e-01 -1.177731007337570190e-01
8.921077102422714233e-02 -1.527099609375000000e-01 1.073526293039321899e-01
-8.509213477373123169e-02 1.467695534229278564e-01 1.766114532947540283e-01
8.816572278738021851e-02 -1.501059532165527344e-01 1.068129241466522217e-01
-8.249272406101226807e-02 1.433494836091995239e-01 1.689857691526412964e-01
-5.152132734656333923e-02 -2.380751967430114746e-01 -1.238489300012588501e-01
8.790060132741928101e-02 -1.498356163501739502e-01 1.065091639757156372e-01
-1.141083315014839172e-01 8.271101862192153931e-02 -1.324932575225830078e-01
-5.066751688718795776e-02 -2.404653728008270264e-01 -1.265703439712524414e-01
-1.420232057571411133e-01 3.672327473759651184e-02 1.718367487192153931e-01
8.522916585206985474e-02 -1.446831226348876953e-01 1.092803478240966797e-01
-6.481140851974487305e-02 -1.763651669025421143e-01 -1.267541348934173584e-01
8.628173917531967163e-02 -1.459321677684783936e-01 1.113843470811843872e-01
8.664304763078689575e-02 -1.477583646774291992e-01 1.095110028982162476e-01
-7.384994626045227051e-02 -1.196768209338188171e-01 1.056713759899139404e-01
-6.049910932779312134e-02 -2.000046670436859131e-01 -1.218239814043045044e-01
9.026931971311569214e-02 -1.540958285331726074e-01 1.058914810419082642e-01
-1.159667894244194031e-01 8.197112381458282471e-02 -1.298936605453491211e-01
8.768898993730545044e-02 -1.498824357986450195e-01 1.081081181764602661e-01
-4.614362865686416626e-02 -2.494073212146759033e-01 -1.261184960603713989e-01
-2.302836477756500244e-01 -1.471014320850372314e-01 1.408500671386718750e-01
8.816974610090255737e-02 -1.500974595546722412e-01 1.087256520986557007e-01
-5.125520750880241394e-02 -2.302201390266418457e-01 -1.319328546524047852e-01
-6.305498629808425903e-02 -1.875045895576477051e-01 -1.228081434965133667e-01
-5.560255423188209534e-02 -2.079838216304779053e-01 -1.198167502880096436e-01
-5.227575823664665222e-02 -2.248691618442535400e-01 -1.239040791988372803e-01
-5.785814672708511353e-02 -2.395421564579010010e-01 -1.243239343166351318e-01
-5.748046189546585083e-02 -2.210686504840850830e-01 -1.229357719421386719e-01
8.472650498151779175e-02 -1.441061794757843018e-01 1.097647398710250854e-01
8.556320518255233765e-02 -1.470421552658081055e-01 1.106017827987670898e-01
-1.019505783915519714e-01 1.611994206905364990e-02 -1.260732412338256836e-01
-1.121720001101493835e-01 8.228848129510879517e-02 -1.209867298603057861e-01
1.148219034075737000e-01 -1.335036754608154297e-01 9.590540826320648193e-02
9.024973958730697632e-02 -1.529907584190368652e-01 1.100899577140808105e-01
9.771997481584548950e-02 -1.877466738224029541e-01 9.449352324008941650e-02
-1.365368068218231201e-01 3.050542622804641724e-02 1.614049226045608521e-01
-9.084285050630569458e-02 -4.358214884996414185e-02 1.103024780750274658e-01
1.755923032760620117e-01 -4.883110523223876953e-05 -1.690085679292678833e-01
8.927228301763534546e-02 -1.520439386367797852e-01 1.074243038892745972e-01
-5.083496123552322388e-02 -2.068988978862762451e-01 -1.327423304319381714e-01
9.098549932241439819e-02 -1.546117961406707764e-01 1.040232181549072266e-01
-5.409928038716316223e-02 -2.340077459812164307e-01 -1.216886192560195923e-01
-9.171303361654281616e-02 -1.913604885339736938e-02 -1.191055625677108765e-01
8.741260319948196411e-02 -1.471732854843139648e-01 1.078820675611495972e-01
-4.648076370358467102e-02 -2.478002011775970459e-01 -1.292266398668289185e-01
-2.134857475757598877e-01 -1.485013365745544434e-01 1.173730939626693726e-01
8.988546580076217651e-02 -1.501394212245941162e-01 1.105007380247116089e-01
-5.585785955190658569e-02 -2.172007858753204346e-01 -1.194077730178833008e-01
-5.915730446577072144e-02 -2.156034708023071289e-01 -1.149507761001586914e-01
-5.494982004165649414e-02 -2.231723964214324951e-01 -1.248667985200881958e-01
4.492184519767761230e-02 -1.311654448509216309e-01 1.038855761289596558e-01
8.963591605424880981e-02 -1.529102027416229248e-01 1.074678599834442139e-01
-5.241414159536361694e-02 -2.372999787330627441e-01 -1.230692565441131592e-01
8.990827947854995728e-02 -1.529870033264160156e-01 1.042736172676086426e-01
-2.490707933902740479e-01 -1.403403580188751221e-01 1.453393399715423584e-01
-5.549929663538932800e-02 -2.112513780593872070e-01 -1.200429797172546387e-01
-5.472838133573532104e-02 -2.131223678588867188e-01 -1.220017075538635254e-01
1.526374816894531250e-01 8.382500708103179932e-02 -1.077123135328292847e-01
-2.440306842327117920e-01 -1.357633173465728760e-01 1.099723726511001587e-01
-5.335144698619842529e-02 -2.311005592346191406e-01 -1.352691054344177246e-01
-9.722945094108581543e-02 -1.100434362888336182e-02 -1.233122050762176514e-01
8.757533878087997437e-02 -1.497470736503601074e-01 1.090612262487411499e-01
8.597860485315322876e-02 -1.582126319408416748e-01 1.081233918666839600e-01
8.508069068193435669e-02 -1.440087556838989258e-01 1.100389510393142700e-01
-5.077586323022842407e-02 -2.115626037120819092e-01 -1.302769929170608521e-01
-6.698158383369445801e-02 -1.783652007579803467e-01 -1.228131353855133057e-01
1.594085693359375000e-01 9.268198907375335693e-02 -6.619097292423248291e-02
1.519187688827514648e-01 5.827032029628753662e-02 -1.257617175579071045e-01
9.000677615404129028e-02 -1.522452533245086670e-01 1.082681417465209961e-01
-9.024558961391448975e-02 1.443797051906585693e-01 1.695852428674697876e-01
-1.019819676876068115e-01 1.972272247076034546e-02 -1.210781037807464600e-01
8.742212504148483276e-02 -1.482036709785461426e-01 1.067234724760055542e-01
9.078115969896316528e-02 -1.556295752525329590e-01 1.016361564397811890e-01
-1.615092456340789795e-01 -1.461035311222076416e-01 1.247748881578445435e-01
-5.893514677882194519e-02 -2.084560096263885498e-01 -1.165816634893417358e-01
-8.333898335695266724e-02 1.436448693275451660e-01 1.678941100835800171e-01
-1.030300781130790710e-01 2.129147201776504517e-02 -1.233334839344024658e-01
2.070682048797607422e-01 -5.147875100374221802e-02 -1.746210306882858276e-01
-4.845074564218521118e-02 -2.237072587013244629e-01 -1.245158165693283081e-01
-4.696290567517280579e-02 -2.427142262458801270e-01 -1.299211233854293823e-01
2.319572269916534424e-01 -1.373022794723510742e-01 -1.522035896778106689e-01
1.749449074268341064e-01 1.363744586706161499e-01 -5.778044089674949646e-02
-8.127069473266601562e-02 -1.124811246991157532e-01 -1.084693744778633118e-01
-5.360106006264686584e-02 -2.115578651428222656e-01 -1.259332299232482910e-01
-1.049082949757575989e-01 8.628562092781066895e-02 -1.443120837211608887e-01
9.150547534227371216e-02 -1.573736667633056641e-01 1.010782569646835327e-01
8.917415887117385864e-02 -1.505670249462127686e-01 1.119482219219207764e-01
8.615527302026748657e-02 -1.583867669105529785e-01 1.072625368833541870e-01
-1.088543236255645752e-01 8.382130414247512817e-02 -1.281522810459136963e-01
-5.464303493499755859e-02 -2.160798609256744385e-01 -1.257702112197875977e-01
8.716099709272384644e-02 -1.483267843723297119e-01 1.086892634630203247e-01
9.091842919588088989e-02 -1.541377007961273193e-01 1.067780405282974243e-01
9.565920382738113403e-02 -1.528130769729614258e-01 1.052008420228958130e-01
8.551176637411117554e-03 -1.180154904723167419e-01 1.113386303186416626e-01
9.057164937257766724e-02 -1.545504033565521240e-01 1.050034761428833008e-01
-1.119514480233192444e-01 8.239699900150299072e-02 -1.215418130159378052e-01
-2.170625329017639160e-01 -1.652105450630187988e-01 1.176672875881195068e-01
-5.467943847179412842e-02 -2.079079449176788330e-01 -1.229555308818817139e-01
-2.421280145645141602e-01 -1.413132250308990479e-01 1.397002935409545898e-01
9.123957902193069458e-02 -1.554735004901885986e-01 1.061833053827285767e-01
8.991851657629013062e-02 -1.517707407474517822e-01 1.111864894628524780e-01
-1.656041443347930908e-01 2.551097422838211060e-02 1.470999270677566528e-01
8.833464235067367554e-02 -1.502955555915832520e-01 1.096243262290954590e-01
-7.821616530418395996e-02 1.429388225078582764e-01 1.683052480220794678e-01
-1.109365075826644897e-01 8.286246657371520996e-02 -1.236928701400756836e-01
-2.466572821140289307e-01 -1.433896720409393311e-01 1.456449776887893677e-01
-5.387962982058525085e-02 -2.307460606098175049e-01 -1.244252473115921021e-01
-5.524557456374168396e-02 -2.176448702812194824e-01 -1.200188398361206055e-01
7.711566239595413208e-02 -1.357677876949310303e-01 1.003959178924560547e-01
-5.486185103654861450e-02 -2.158652544021606445e-01 -1.237896233797073364e-01
-1.107825338840484619e-01 7.725054025650024414e-02 -1.171163320541381836e-01
-4.666541516780853271e-02 -2.441295087337493896e-01 -1.270609945058822632e-01
2.072658538818359375e-01 1.883695125579833984e-01 4.249695688486099243e-03
-2.219972610473632812e-01 -1.746231913566589355e-01 1.207776516675949097e-01
-2.486159205436706543e-01 -1.434324383735656738e-01 1.575035750865936279e-01
-6.004927307367324829e-02 -2.006258070468902588e-01 -1.221662461757659912e-01
-5.460333079099655151e-02 -2.053783535957336426e-01 -1.255103498697280884e-01
-4.660879448056221008e-02 -2.041747868061065674e-01 -1.098501384258270264e-01
-4.812492802739143372e-02 1.496760994195938110e-01 1.407049447298049927e-01
8.655492216348648071e-02 -1.475716233253479004e-01 1.087500303983688354e-01
9.218380600214004517e-02 -1.568137109279632568e-01 1.048197746276855469e-01
-5.899956077337265015e-02 -2.040864527225494385e-01 -1.187332719564437866e-01
8.780737966299057007e-02 -1.493550240993499756e-01 1.114304214715957642e-01
-9.669637680053710938e-02 1.386522799730300903e-01 1.663956791162490845e-01
-2.459553778171539307e-01 -1.368934512138366699e-01 1.426755189895629883e-01
8.904314786195755005e-02 -1.522471010684967041e-01 1.043582558631896973e-01
1.177717968821525574e-01 -1.003802344202995300e-01 7.439291477203369141e-02
-5.931232124567031860e-02 -2.077579498291015625e-01 -1.237936913967132568e-01
8.546300977468490601e-02 -1.450900137424468994e-01 1.107585281133651733e-01
-1.049743071198463440e-01 3.350526094436645508e-05 -1.333581656217575073e-01
-1.138537973165512085e-01 8.176089078187942505e-02 -1.203252971172332764e-01
-2.230728864669799805e-01 -1.288430094718933105e-01 1.402358114719390869e-01
-1.757705807685852051e-01 -7.879934459924697876e-02 -4.999453946948051453e-02
-5.246891826391220093e-02 -2.296285629272460938e-01 -1.197168529033660889e-01
-4.666304588317871094e-02 -2.423840463161468506e-01 -1.170355528593063354e-01
-5.339137837290763855e-02 -2.355487346649169922e-01 -1.154212206602096558e-01
-5.278280004858970642e-02 -2.186903357505798340e-01 -1.220887154340744019e-01
-8.647850155830383301e-02 -7.271420210599899292e-02 -1.299615353345870972e-01
-5.829765275120735168e-02 -2.108164131641387939e-01 -1.203994750976562500e-01
-5.242295935750007629e-02 -2.337783873081207275e-01 -1.205801665782928467e-01
9.101820737123489380e-02 -1.522850990295410156e-01 1.098612546920776367e-01
-5.918173864483833313e-02 -1.979211568832397461e-01 -1.200652122497558594e-01
-1.117714196443557739e-01 6.582312285900115967e-02 -1.199412941932678223e-01
-1.792081594467163086e-01 -1.405092179775238037e-01 9.812515974044799805e-02
-2.366003692150115967e-01 -1.427566707134246826e-01 1.395404636859893799e-01
8.872472494840621948e-02 -1.514942646026611328e-01 1.071613281965255737e-01
-5.317382514476776123e-02 -2.254368364810943604e-01 -1.224359869956970215e-01
-1.598621308803558350e-01 -1.273083984851837158e-01 9.504708647727966309e-02
-4.830656200647354126e-02 -2.342078983783721924e-01 -1.197956800460815430e-01
-6.820955127477645874e-02 1.482990980148315430e-01 1.751818209886550903e-01
-5.627134442329406738e-02 -2.153379321098327637e-01 -1.255571842193603516e-01
2.683236002922058105e-01 -5.118135362863540649e-02 -2.238428443670272827e-01
-5.466651543974876404e-02 -2.262164652347564697e-01 -1.194372773170471191e-01
-5.417089536786079407e-02 -2.279908359050750732e-01 -1.186320632696151733e-01
-5.715169385075569153e-02 -2.211286723613739014e-01 -1.210727542638778687e-01
-7.542774081230163574e-02 1.307720094919204712e-01 6.065671518445014954e-02
-9.032948315143585205e-02 1.270305812358856201e-01 1.713550388813018799e-01
9.093312174081802368e-02 -1.505905687808990479e-01 1.096248626708984375e-01
-8.952424675226211548e-02 1.427663415670394897e-01 1.579126268625259399e-01
-1.115264073014259338e-01 7.924450933933258057e-02 -1.174148917198181152e-01
7.689780741930007935e-02 -1.560834050178527832e-01 1.141013652086257935e-01
-5.411735922098159790e-02 -2.325082421302795410e-01 -1.219803839921951294e-01
-5.371626466512680054e-02 -2.408300638198852539e-01 -1.255460083484649658e-01
9.177420288324356079e-02 -1.506014764308929443e-01 1.133922636508941650e-01
-1.198840737342834473e-01 -1.203170791268348694e-01 1.071585565805435181e-01
-5.782459676265716553e-02 -2.071294486522674561e-01 -1.208486855030059814e-01
-5.444398894906044006e-02 -2.296363711357116699e-01 -1.224008798599243164e-01
-2.090259790420532227e-01 -6.787850707769393921e-02 1.470158547163009644e-01
-1.102402210235595703e-01 1.041380837559700012e-01 1.640593260526657104e-01
8.910367637872695923e-02 -1.493943631649017334e-01 1.079752445220947266e-01
1.560050845146179199e-01 6.098059564828872681e-02 -1.858653500676155090e-02
8.713196963071823120e-02 -1.582562327384948730e-01 1.102764904499053955e-01
-5.317896977066993713e-02 -2.358666360378265381e-01 -1.186674088239669800e-01
9.143913537263870239e-02 -1.559923887252807617e-01 1.059227436780929565e-01
9.047921746969223022e-02 -1.551912128925323486e-01 1.040515303611755371e-01
-5.034013465046882629e-02 -2.195523083209991455e-01 -1.273217946290969849e-01
-6.707347929477691650e-02 1.497469097375869751e-01 1.738615334033966064e-01
-2.234180867671966553e-01 -1.051189526915550232e-01 1.478745788335800171e-01
9.184583276510238647e-02 -1.561957895755767822e-01 1.060657948255538940e-01
-4.070060327649116516e-02 -1.604850590229034424e-02 -7.977866381406784058e-02
9.923247247934341431e-02 -1.514477133750915527e-01 1.022785753011703491e-01
-7.836332917213439941e-02 -1.059514805674552917e-01 -1.258041560649871826e-01
-5.410041287541389465e-02 -2.272283136844635010e-01 -1.199703961610794067e-01
-6.490496546030044556e-02 -2.221416532993316650e-01 -1.269521862268447876e-01
2.702047526836395264e-01 -5.319399386644363403e-02 -2.246846407651901245e-01
-1.067067384719848633e-01 8.539769053459167480e-02 -1.397486776113510132e-01
8.893429487943649292e-02 -1.501274108886718750e-01 1.077274978160858154e-01
9.082425385713577271e-02 -1.542482376098632812e-01 1.064758002758026123e-01
9.157458692789077759e-02 -1.487422585487365723e-01 9.799952805042266846e-02
-1.027119010686874390e-01 -4.697345942258834839e-02 -1.179195046424865723e-01
8.762938529253005981e-02 -1.485062539577484131e-01 1.135624498128890991e-01
-2.456276416778564453e-01 -1.364021003246307373e-01 1.429641693830490112e-01
9.063514322042465210e-02 -1.519629955291748047e-01 1.044955849647521973e-01
-1.111405640840530396e-01 8.307427912950515747e-02 -1.268979609012603760e-01
-5.836922675371170044e-02 -2.235134840011596680e-01 -1.214674562215805054e-01
8.935879915952682495e-02 -1.492524147033691406e-01 1.123303323984146118e-01
-5.585841089487075806e-02 -2.057105600833892822e-01 -1.240868419408798218e-01
2.768959403038024902e-01 -4.862082749605178833e-02 -2.263329476118087769e-01
1.669653356075286865e-01 1.405520141124725342e-01 -4.807658120989799500e-02
9.036243706941604614e-02 -1.538895368576049805e-01 1.072913110256195068e-01
9.112080186605453491e-02 -1.545960307121276855e-01 1.083717942237854004e-01
2.033554911613464355e-01 1.854373812675476074e-01 -1.728683337569236755e-02
-8.864493668079376221e-02 -6.264822930097579956e-02 -1.300648003816604614e-01
8.910719305276870728e-02 -1.517053246498107910e-01 1.060598343610763550e-01
-5.948447436094284058e-02 -1.939177811145782471e-01 -1.238605678081512451e-01
-2.533408701419830322e-01 -1.384404897689819336e-01 1.439682394266128540e-01
-9.115763008594512939e-02 -1.369726359844207764e-01 -1.083058863878250122e-01
-1.031840592622756958e-01 8.531340211629867554e-02 -1.269674003124237061e-01
8.748594671487808228e-02 -1.486497819423675537e-01 1.113281697034835815e-01
-5.303999781608581543e-02 -2.197262942790985107e-01 -1.208385527133941650e-01
-7.862792909145355225e-02 -1.323847174644470215e-01 -1.287607252597808838e-01
-4.305441305041313171e-02 -2.602227926254272461e-01 -1.335139274597167969e-01
-1.110516935586929321e-01 7.259792089462280273e-02 -1.183991730213165283e-01
9.021530300378799438e-02 -1.533473730087280273e-01 1.083657294511795044e-01
9.138553589582443237e-02 -1.567856669425964355e-01 1.015638858079910278e-01
2.212189137935638428e-04 -1.278490424156188965e-01 1.033290475606918335e-01
9.154715389013290405e-02 -1.558755040168762207e-01 1.064090430736541748e-01
-5.448311567306518555e-02 -2.111048102378845215e-01 -1.240847855806350708e-01
-5.525863543152809143e-02 -2.127067744731903076e-01 -1.240502148866653442e-01
-2.341848015785217285e-01 -1.497561335563659668e-01 1.396512687206268311e-01
-6.144454702734947205e-02 -2.024062573909759521e-01 -1.227621436119079590e-01
-6.370739638805389404e-02 -2.209261953830718994e-01 -1.255317479372024536e-01
-2.450138330459594727e-01 -1.403948664665222168e-01 1.432360410690307617e-01
-5.557110160589218140e-02 -2.065500020980834961e-01 -1.231789290904998779e-01
-5.961274355649948120e-02 -1.726487576961517334e-01 -1.174996495246887207e-01
-5.290982872247695923e-02 -2.263799011707305908e-01 -1.257711797952651978e-01
-8.863362669944763184e-02 -6.196575611829757690e-02 -1.249552816152572632e-01
-7.193652540445327759e-02 1.195573508739471436e-01 4.001266136765480042e-02
-5.963572114706039429e-02 -1.946133673191070557e-01 -1.210206300020217896e-01
8.241518586874008179e-02 -1.560929417610168457e-01 1.069505065679550171e-01
8.879687637090682983e-02 -1.503773927688598633e-01 1.092193424701690674e-01
-7.846577465534210205e-02 -1.065759435296058655e-01 -1.235353648662567139e-01
9.072089940309524536e-02 -1.538783907890319824e-01 1.074031442403793335e-01
-1.139114648103713989e-01 8.213554322719573975e-02 -1.249805390834808350e-01
-5.258192867040634155e-02 -2.176884412765502930e-01 -1.269112676382064819e-01
8.625284582376480103e-02 -1.467618346214294434e-01 1.104649156332015991e-01
-5.370646715164184570e-02 -2.155184745788574219e-01 -1.298607438802719116e-01
8.118046075105667114e-02 -1.537578701972961426e-01 1.132528036832809448e-01
8.910904079675674438e-02 -1.519731879234313965e-01 1.072380542755126953e-01
-1.141166761517524719e-01 8.266799151897430420e-02 -1.320086270570755005e-01
-1.120918840169906616e-01 8.210188150405883789e-02 -1.184962689876556396e-01
8.628381043672561646e-02 -1.553059220314025879e-01 1.092561334371566772e-01
-3.755529597401618958e-02 -1.234336867928504944e-01 1.115828305482864380e-01
-1.785901486873626709e-01 -7.688932120800018311e-03 1.480527371168136597e-01
-7.805170118808746338e-02 -1.504883766174316406e-01 -1.313883960247039795e-01
-7.726882398128509521e-02 1.439197957515716553e-01 1.608772426843643188e-01
-1.107629165053367615e-01 8.260026574134826660e-02 -1.199894398450851440e-01
-5.649369955062866211e-02 -2.273668348789215088e-01 -1.212518066167831421e-01
-8.203397691249847412e-02 1.342377364635467529e-01 1.253718435764312744e-01
-5.363633483648300171e-02 -2.257401347160339355e-01 -1.178838759660720825e-01
8.866883069276809692e-02 -1.512329876422882080e-01 1.062382459640502930e-01
1.844304800033569336e-01 -1.371577382087707520e-03 -7.099352777004241943e-02
-5.473737418651580811e-02 -2.475351095199584961e-01 -1.248638778924942017e-01
9.073922783136367798e-02 -1.553382575511932373e-01 1.043700873851776123e-01
-6.869765371084213257e-02 1.186568588018417358e-01 5.339410156011581421e-03
-6.296002864837646484e-02 -1.940921545028686523e-01 -1.213958859443664551e-01
8.925285190343856812e-02 -1.538701951503753662e-01 1.017100363969802856e-01
-9.767946600914001465e-02 -4.012755304574966431e-02 -1.331600993871688843e-01
-1.076717525720596313e-01 8.417873829603195190e-02 -1.284559816122055054e-01
9.018742293119430542e-02 -1.535369753837585449e-01 1.060948371887207031e-01
-8.328145742416381836e-02 -8.467452973127365112e-02 -1.260041147470474243e-01
-1.091953143477439880e-01 8.366280794143676758e-02 -1.274044513702392578e-01
-6.187116354703903198e-02 -1.865270435810089111e-01 -1.281437575817108154e-01
-6.330879032611846924e-02 -1.886541545391082764e-01 -1.251332759857177734e-01
8.771181851625442505e-02 -1.482952535152435303e-01 1.133370101451873779e-01
9.413351863622665405e-02 -1.587478220462799072e-01 1.059797555208206177e-01
9.184139221906661987e-02 -1.567698419094085693e-01 1.052771955728530884e-01
-5.214543640613555908e-02 -2.269072532653808594e-01 -1.295103728771209717e-01
4.191385209560394287e-02 1.238617226481437683e-01 -1.050184667110443115e-01
9.725933521986007690e-02 -1.513201892375946045e-01 1.034204959869384766e-01
8.938101679086685181e-02 -1.531434953212738037e-01 1.041913330554962158e-01
9.112355858087539673e-02 -1.545780003070831299e-01 1.077555269002914429e-01
8.910711854696273804e-02 -1.506951451301574707e-01 1.107579022645950317e-01
2.647600769996643066e-01 -4.399455338716506958e-02 -2.194051742553710938e-01
-6.066314131021499634e-02 -2.000761628150939941e-01 -1.230046302080154419e-01
-4.970924928784370422e-02 -2.304255664348602295e-01 -1.251565217971801758e-01
-1.108339428901672363e-01 8.297015726566314697e-02 -1.246326118707656860e-01
-4.967755824327468872e-02 -2.244674265384674072e-01 -1.314269602298736572e-01
8.809707313776016235e-02 -1.512292027473449707e-01 1.113290339708328247e-01
-2.497805655002593994e-01 -1.327375471591949463e-01 1.368322968482971191e-01
1.273825392127037048e-02 -1.954144835472106934e-01 -1.039357334375381470e-01
8.547287434339523315e-02 -1.520920693874359131e-01 1.087528765201568604e-01
9.046799689531326294e-02 -1.545265316963195801e-01 1.061439514160156250e-01
-5.197899416089057922e-02 -2.273376286029815674e-01 -1.200093179941177368e-01
-1.676432192325592041e-01 -1.294044554233551025e-01 9.918932616710662842e-02
-5.423739179968833923e-02 -2.095400094985961914e-01 -1.217294335365295410e-01
9.071434289216995239e-02 -1.548013389110565186e-01 1.071539819240570068e-01
8.504093438386917114e-02 -1.421626210212707520e-01 1.023791879415512085e-01
-1.083061769604682922e-01 8.310045301914215088e-02 -1.177336126565933228e-01
-5.736219137907028198e-02 -2.020918726921081543e-01 -1.220552474260330200e-01
-1.166233867406845093e-01 8.057618141174316406e-02 -1.154737174510955811e-01
8.620082587003707886e-02 -1.464646458625793457e-01 1.070559024810791016e-01
4.800006747245788574e-03 1.093527674674987793e-02 2.498362213373184204e-03
-5.040836706757545471e-02 -2.256315648555755615e-01 -1.225536614656448364e-01
-5.998456478118896484e-02 -2.199467718601226807e-01 -1.160763204097747803e-01
1.526562571525573730e-01 2.488587051630020142e-02 4.035111516714096069e-03
-8.038865029811859131e-02 -1.121682748198509216e-01 -1.236023455858230591e-01
-6.706024706363677979e-02 -1.888874769210815430e-01 -1.263410598039627075e-01
8.638655394315719604e-02 -1.469803750514984131e-01 1.085655242204666138e-01
-2.182336747646331787e-01 -1.814794540405273438e-01 1.181515455245971680e-01
-5.819361284375190735e-02 -1.933012008666992188e-01 -1.281374096870422363e-01
-7.654680311679840088e-02 1.499928236007690430e-01 1.713793426752090454e-01
-7.129310071468353271e-02 1.489763855934143066e-01 1.720361858606338501e-01
-1.039515137672424316e-01 2.224593609571456909e-02 -1.207880377769470215e-01
-5.307495221495628357e-02 -2.258460223674774170e-01 -1.298602372407913208e-01
9.237077087163925171e-02 -1.570526659488677979e-01 1.055868864059448242e-01
-6.247984245419502258e-02 -1.938368082046508789e-01 -1.234551817178726196e-01
-5.184181034564971924e-02 -2.240037918090820312e-01 -1.293656080961227417e-01
-4.477700218558311462e-02 1.447629779577255249e-01 1.314901411533355713e-01
-2.507201135158538818e-01 -1.359784007072448730e-01 1.490404158830642700e-01
-5.537270382046699524e-02 -2.307090163230895996e-01 -1.202331036329269409e-01
9.975042194128036499e-02 -1.448400318622589111e-01 1.006792932748794556e-01
8.652003854513168335e-02 -1.477361023426055908e-01 1.096271574497222900e-01
9.450430423021316528e-02 -1.310690939426422119e-01 9.013681113719940186e-02
-1.101549342274665833e-01 8.313351869583129883e-02 -1.243083328008651733e-01
-5.726574361324310303e-02 -2.005467116832733154e-01 -1.270280927419662476e-01
-5.839300900697708130e-02 -2.045146226882934570e-01 -1.214703917503356934e-01
-7.994610071182250977e-02 1.422861218452453613e-01 1.628826409578323364e-01
-5.383507162332534790e-02 -2.328525781631469727e-01 -1.221299469470977783e-01
8.985912054777145386e-02 -1.526297926902770996e-01 1.097509115934371948e-01
8.423874527215957642e-02 -8.829178661108016968e-02 1.269830316305160522e-01
-5.849710106849670410e-02 -2.002497613430023193e-01 -1.193648874759674072e-01
-5.711919814348220825e-02 -2.115833461284637451e-01 -1.216660290956497192e-01
-4.951567202806472778e-02 -2.292927801609039307e-01 -1.211023926734924316e-01
8.933309465646743774e-02 -1.521923542022705078e-01 1.070178598165512085e-01
-9.073082357645034790e-02 1.395883411169052124e-01 1.697601526975631714e-01
-1.094261035323143005e-01 8.335688710212707520e-02 -1.245322376489639282e-01
-6.130178645253181458e-02 -2.124333381652832031e-01 -1.217101812362670898e-01
1.058275923132896423e-01 -9.197513014078140259e-02 7.105445861816406250e-02
-7.961635291576385498e-02 -1.244223490357398987e-01 9.098355472087860107e-02
