-5.155832767486572266e+00 -5.028772830963134766e+00 7.568705558776855469e+00
-5.152956962585449219e+00 -5.030777454376220703e+00 7.575630187988281250e+00
-5.131777763366699219e+00 -5.013967990875244141e+00 7.562522888183593750e+00
-5.092455863952636719e+00 -4.978477954864501953e+00 7.529357433319091797e+00
-5.035400390625000000e+00 -4.924701213836669922e+00 7.476376056671142578e+00
-4.961252689361572266e+00 -4.853278636932373047e+00 7.404070377349853516e+00
-4.874774456024169922e+00 -4.763867378234863281e+00 7.322558879852294922e+00
-4.786531448364257812e+00 -4.654597282409667969e+00 7.255696773529052734e+00
-4.685841560363769531e+00 -4.530616760253906250e+00 7.175770282745361328e+00
-4.573995590209960938e+00 -4.393554687500000000e+00 7.083736896514892578e+00
-4.452452659606933594e+00 -4.245231628417968750e+00 6.980751514434814453e+00
-4.322823047637939453e+00 -4.087631702423095703e+00 6.868158817291259766e+00
-4.181217670440673828e+00 -3.919976949691772461e+00 6.762269496917724609e+00
-4.036763668060302734e+00 -3.747423887252807617e+00 6.671274662017822266e+00
-3.893761873245239258e+00 -3.573477268218994141e+00 6.591718196868896484e+00
-3.749950885772705078e+00 -3.399247884750366211e+00 6.507820129394531250e+00
-3.607326507568359375e+00 -3.227120637893676758e+00 6.420917987823486328e+00
-3.467869281768798828e+00 -3.059443712234497070e+00 6.332417964935302734e+00
-3.333520889282226562e+00 -2.898502826690673828e+00 6.243775844573974609e+00
-3.206147670745849609e+00 -2.746479749679565430e+00 6.156464576721191406e+00
-3.087511301040649414e+00 -2.605419397354125977e+00 6.071935176849365234e+00
-2.934103488922119141e+00 -2.432161569595336914e+00 5.941998004913330078e+00
-2.696973800659179688e+00 -2.203660249710083008e+00 5.668909549713134766e+00
-2.523952007293701172e+00 -2.040511131286621094e+00 5.459862232208251953e+00
-2.424069404602050781e+00 -1.951485753059387207e+00 5.318909168243408203e+00
-2.338822364807128906e+00 -1.873904109001159668e+00 5.203365802764892578e+00
-2.272659778594970703e+00 -1.812358379364013672e+00 5.117779731750488281e+00
-2.227930307388305664e+00 -1.769275665283203125e+00 5.064575195312500000e+00
-2.198485374450683594e+00 -1.738131046295166016e+00 5.038145542144775391e+00
-2.184500694274902344e+00 -1.719179034233093262e+00 5.038518905639648438e+00
-2.194361209869384766e+00 -1.722790360450744629e+00 5.066624641418457031e+00
-2.295934200286865234e+00 -1.829051136970520020e+00 5.142950057983398438e+00
-2.428667068481445312e+00 -1.959753870964050293e+00 5.273709774017333984e+00
-2.590550899505615234e+00 -2.118745565414428711e+00 5.436050891876220703e+00
-2.778866767883300781e+00 -2.303388833999633789e+00 5.627173900604248047e+00
-2.990567445755004883e+00 -2.510728597640991211e+00 5.843913555145263672e+00
-3.106044054031372070e+00 -2.643507242202758789e+00 5.917443752288818359e+00
-3.210399389266967773e+00 -2.774236917495727539e+00 5.962797164916992188e+00
-3.321200609207153320e+00 -2.912283182144165039e+00 6.015199184417724609e+00
-3.443087577819824219e+00 -3.057951688766479492e+00 6.095265865325927734e+00
-3.572261095046997070e+00 -3.208123922348022461e+00 6.196787834167480469e+00
-3.703852415084838867e+00 -3.359631299972534180e+00 6.306851863861083984e+00
-3.834071397781372070e+00 -3.509686231613159180e+00 6.416413784027099609e+00
-3.960940599441528320e+00 -3.656059980392456055e+00 6.523630619049072266e+00
-4.082521915435791016e+00 -3.796576976776123047e+00 6.626651287078857422e+00
-4.195189476013183594e+00 -3.928235292434692383e+00 6.728261947631835938e+00
-4.295870780944824219e+00 -4.048381328582763672e+00 6.830086231231689453e+00
-4.386434078216552734e+00 -4.156986713409423828e+00 6.921121597290039062e+00
-4.465401172637939453e+00 -4.252382755279541016e+00 6.999616146087646484e+00
-4.531446933746337891e+00 -4.333079814910888672e+00 7.063960075378417969e+00
-4.583412170410156250e+00 -4.397788047790527344e+00 7.112712383270263672e+00
-4.620323657989501953e+00 -4.445428371429443359e+00 7.144619464874267578e+00
-4.641408920288085938e+00 -4.475157260894775391e+00 7.158645629882812500e+00
-4.646110534667968750e+00 -4.486373424530029297e+00 7.153992176055908203e+00
-4.634094715118408203e+00 -4.478733062744140625e+00 7.130113124847412109e+00
-4.605258941650390625e+00 -4.452147006988525391e+00 7.086728096008300781e+00
-4.559735774993896484e+00 -4.406790733337402344e+00 7.023838520050048828e+00
-4.497900485992431641e+00 -4.343109607696533203e+00 6.941742897033691406e+00
-4.420359134674072266e+00 -4.261797428131103516e+00 6.841020107269287109e+00
-4.327949047088623047e+00 -4.163804531097412109e+00 6.722553253173828125e+00
-4.221731185913085938e+00 -4.050318717956542969e+00 6.587503910064697266e+00
-4.102971553802490234e+00 -3.922748327255249023e+00 6.437311649322509766e+00
-3.972353458404541016e+00 -3.782308340072631836e+00 6.275713443756103516e+00
-3.827791690826416016e+00 -3.628875970840454102e+00 6.114410400390625000e+00
-3.675267219543457031e+00 -3.466571807861328125e+00 5.944503307342529297e+00
-3.516757965087890625e+00 -3.297514200210571289e+00 5.768120765686035156e+00
-3.356999397277832031e+00 -3.124719381332397461e+00 5.598211765289306641e+00
-3.197087049484252930e+00 -2.950162887573242188e+00 5.432917118072509766e+00
-3.037374258041381836e+00 -2.775626182556152344e+00 5.267292499542236328e+00
-2.879987716674804688e+00 -2.603423357009887695e+00 5.103532314300537109e+00
-2.727151155471801758e+00 -2.435876607894897461e+00 4.944298267364501953e+00
-2.568957328796386719e+00 -2.279980421066284180e+00 4.772698879241943359e+00
-2.399239301681518555e+00 -2.133296012878417969e+00 4.573153495788574219e+00
-2.252880811691284180e+00 -2.007310628890991211e+00 4.392301559448242188e+00
-2.141738653182983398e+00 -1.922192335128784180e+00 4.201882839202880859e+00
-2.078091621398925781e+00 -1.867219448089599609e+00 4.101142883300781250e+00
-2.065876007080078125e+00 -1.844650626182556152e+00 4.097796916961669922e+00
-2.054886341094970703e+00 -1.824710607528686523e+00 4.094071388244628906e+00
-2.046107292175292969e+00 -1.808119773864746094e+00 4.091327667236328125e+00
-2.039656877517700195e+00 -1.795086145401000977e+00 4.089612483978271484e+00
-2.035618782043457031e+00 -1.785775184631347656e+00 4.088935852050781250e+00
-2.034042358398437500e+00 -1.780311584472656250e+00 4.089273452758789062e+00
-2.025647640228271484e+00 -1.767811179161071777e+00 4.086390972137451172e+00
-2.010843276977539062e+00 -1.751085638999938965e+00 4.075562477111816406e+00
-1.999135255813598633e+00 -1.740447759628295898e+00 4.062404632568359375e+00
-1.987510323524475098e+00 -1.733646035194396973e+00 4.044705867767333984e+00
-2.039448976516723633e+00 -1.792397260665893555e+00 4.069445133209228516e+00
-2.122890949249267578e+00 -1.892363667488098145e+00 4.083797931671142578e+00
-2.266798973083496094e+00 -2.015244245529174805e+00 4.262904644012451172e+00
-2.430538177490234375e+00 -2.156949043273925781e+00 4.456144809722900391e+00
-2.613221168518066406e+00 -2.312842369079589844e+00 4.685274600982666016e+00
-2.810473680496215820e+00 -2.480539083480834961e+00 4.937881469726562500e+00
-2.983657836914062500e+00 -2.657412290573120117e+00 5.106010913848876953e+00
-3.141407728195190430e+00 -2.841661453247070312e+00 5.216992855072021484e+00
-3.302823781967163086e+00 -3.031471967697143555e+00 5.327552318572998047e+00
-3.466262340545654297e+00 -3.224899768829345703e+00 5.436531066894531250e+00
-3.630088806152343750e+00 -3.419983863830566406e+00 5.542856693267822266e+00
-3.788162946701049805e+00 -3.612428426742553711e+00 5.657460689544677734e+00
-3.939027547836303711e+00 -3.800353050231933594e+00 5.779161930084228516e+00
-4.085716247558593750e+00 -3.984207868576049805e+00 5.895208358764648438e+00
-4.226864337921142578e+00 -4.162196636199951172e+00 6.004674434661865234e+00
-4.368968009948730469e+00 -4.330124855041503906e+00 6.125536918640136719e+00
-4.515638828277587891e+00 -4.484825611114501953e+00 6.268707752227783203e+00
-4.651727199554443359e+00 -4.629201412200927734e+00 6.399685382843017578e+00
-4.776007175445556641e+00 -4.761880397796630859e+00 6.517449855804443359e+00
-4.891115188598632812e+00 -4.883299350738525391e+00 6.633670330047607422e+00
-4.986803054809570312e+00 -4.989738941192626953e+00 6.731327533721923828e+00
-5.063229560852050781e+00 -5.079603195190429688e+00 6.808036327362060547e+00
-5.125504016876220703e+00 -5.153784751892089844e+00 6.868233680725097656e+00
-5.173061847686767578e+00 -5.211588382720947266e+00 6.911403656005859375e+00
-5.205463409423828125e+00 -5.252469062805175781e+00 6.937138080596923828e+00
-5.222387313842773438e+00 -5.276037693023681641e+00 6.945112705230712891e+00
-5.223647594451904297e+00 -5.282069206237792969e+00 6.935117721557617188e+00
-5.209178447723388672e+00 -5.270492553710937500e+00 6.907041549682617188e+00
-5.179051399230957031e+00 -5.241410255432128906e+00 6.860874652862548828e+00
-5.133464813232421875e+00 -5.195082187652587891e+00 6.796717166900634766e+00
-5.072745323181152344e+00 -5.131929397583007812e+00 6.714773178100585938e+00
-4.997353076934814453e+00 -5.052536964416503906e+00 6.615370750427246094e+00
-4.898819923400878906e+00 -4.954925060272216797e+00 6.491045475006103516e+00
-4.781472206115722656e+00 -4.841063499450683594e+00 6.345535278320312500e+00
-4.654874801635742188e+00 -4.715032577514648438e+00 6.200152397155761719e+00
-4.518199920654296875e+00 -4.579057693481445312e+00 6.046547412872314453e+00
-4.375340938568115234e+00 -4.437862873077392578e+00 5.892751216888427734e+00
-4.241354942321777344e+00 -4.280723094940185547e+00 5.772455692291259766e+00
-4.104150772094726562e+00 -4.113334178924560547e+00 5.654416561126708984e+00
-3.960572481155395508e+00 -3.938656330108642578e+00 5.528897762298583984e+00
-3.811874151229858398e+00 -3.758313179016113281e+00 5.396780967712402344e+00
-3.659346818923950195e+00 -3.573955297470092773e+00 5.259034633636474609e+00
-3.499298334121704102e+00 -3.384654521942138672e+00 5.129849910736083984e+00
-3.333801269531250000e+00 -3.192433357238769531e+00 5.008337497711181641e+00
-3.168447971343994141e+00 -3.001093149185180664e+00 4.884341716766357422e+00
-3.004525423049926758e+00 -2.811527967453002930e+00 4.761068820953369141e+00
-2.795536756515502930e+00 -2.613569259643554688e+00 4.546036243438720703e+00
-2.567946434020996094e+00 -2.420836210250854492e+00 4.268362522125244141e+00
-2.346564292907714844e+00 -2.234695672988891602e+00 3.995176076889038086e+00
-2.244159460067749023e+00 -2.127670288085937500e+00 3.918488502502441406e+00
-2.188238859176635742e+00 -2.045123100280761719e+00 3.964364051818847656e+00
-2.138007164001464844e+00 -1.967930674552917480e+00 4.021716117858886719e+00
-2.118004798889160156e+00 -1.933677434921264648e+00 4.038563251495361328e+00
-2.108472585678100586e+00 -1.915004014968872070e+00 4.042007446289062500e+00
-2.100129365921020508e+00 -1.899047613143920898e+00 4.044839859008789062e+00
-2.092956304550170898e+00 -1.885766506195068359e+00 4.047075748443603516e+00
-2.086910724639892578e+00 -1.875077009201049805e+00 4.048731327056884766e+00
-2.081928968429565430e+00 -1.866854071617126465e+00 4.049815177917480469e+00
-2.077926874160766602e+00 -1.860940814018249512e+00 4.050325870513916016e+00
-2.074804782867431641e+00 -1.857150554656982422e+00 4.050253391265869141e+00
-2.072446346282958984e+00 -1.855274081230163574e+00 4.049575805664062500e+00
-2.070722579956054688e+00 -1.855081915855407715e+00 4.048256874084472656e+00
-2.069496631622314453e+00 -1.856334686279296875e+00 4.046249866485595703e+00
-2.068625450134277344e+00 -1.858785152435302734e+00 4.043496608734130859e+00
-2.067959308624267578e+00 -1.862183451652526855e+00 4.039925575256347656e+00
-2.067349672317504883e+00 -1.866283178329467773e+00 4.035456180572509766e+00
-2.066651582717895508e+00 -1.870847225189208984e+00 4.030001640319824219e+00
-2.065721273422241211e+00 -1.875646948814392090e+00 4.023467540740966797e+00
-2.064424037933349609e+00 -1.880470275878906250e+00 4.015756130218505859e+00
-2.062633037567138672e+00 -1.885123014450073242e+00 4.006768226623535156e+00
-2.060232877731323242e+00 -1.889428853988647461e+00 3.996406793594360352e+00
-2.057119607925415039e+00 -1.893233656883239746e+00 3.984574794769287109e+00
-2.053565502166748047e+00 -1.897183537483215332e+00 3.970170736312866211e+00
-2.049043893814086914e+00 -1.901265859603881836e+00 3.950835943222045898e+00
-2.042634725570678711e+00 -1.904536843299865723e+00 3.926739692687988281e+00
-2.035162925720214844e+00 -1.906767129898071289e+00 3.900927066802978516e+00
-2.026601791381835938e+00 -1.907909393310546875e+00 3.873397350311279297e+00
-2.016942262649536133e+00 -1.907945752143859863e+00 3.844161510467529297e+00
-2.006191015243530273e+00 -1.906878948211669922e+00 3.813242912292480469e+00
-1.994367718696594238e+00 -1.904731988906860352e+00 3.780673027038574219e+00
-1.979669332504272461e+00 -1.900480866432189941e+00 3.743739843368530273e+00
-1.959169268608093262e+00 -1.892458915710449219e+00 3.698044061660766602e+00
-1.937771797180175781e+00 -1.883552074432373047e+00 3.650917768478393555e+00
-1.915549874305725098e+00 -1.873848676681518555e+00 3.602447509765625000e+00
-1.892582535743713379e+00 -1.863443374633789062e+00 3.552730321884155273e+00
-1.856964588165283203e+00 -1.847658514976501465e+00 3.466544628143310547e+00
-1.819881319999694824e+00 -1.831023335456848145e+00 3.376688241958618164e+00
-1.782210588455200195e+00 -1.814007401466369629e+00 3.285473346710205078e+00
-1.744128465652465820e+00 -1.796801805496215820e+00 3.193140268325805664e+00
-1.705605745315551758e+00 -1.779294252395629883e+00 3.099849462509155273e+00
-1.666761040687561035e+00 -1.761581659317016602e+00 3.005840778350830078e+00
-1.627721548080444336e+00 -1.743760108947753906e+00 2.911377668380737305e+00
-1.588610529899597168e+00 -1.725921630859375000e+00 2.816721916198730469e+00
-1.570261359214782715e+00 -1.715519309043884277e+00 2.776704311370849609e+00
-1.556302666664123535e+00 -1.706763267517089844e+00 2.748151302337646484e+00
-1.542618632316589355e+00 -1.698220252990722656e+00 2.720182657241821289e+00
-1.529255628585815430e+00 -1.689928531646728516e+00 2.692896127700805664e+00
-1.516251206398010254e+00 -1.681919693946838379e+00 2.666371107101440430e+00
-1.503633379936218262e+00 -1.674215435981750488e+00 2.640672445297241211e+00
-1.491420149803161621e+00 -1.666825771331787109e+00 2.615849494934082031e+00
-1.479623675346374512e+00 -1.659756064414978027e+00 2.591937065124511719e+00
-1.468243718147277832e+00 -1.653000235557556152e+00 2.568948030471801758e+00
-1.457273483276367188e+00 -1.646545767784118652e+00 2.546883106231689453e+00
-1.446697473526000977e+00 -1.640372395515441895e+00 2.525724887847900391e+00
-1.436511874198913574e+00 -1.634444952011108398e+00 2.505601406097412109e+00
-1.426720499992370605e+00 -1.628716945648193359e+00 2.486748933792114258e+00
-1.417241096496582031e+00 -1.623177170753479004e+00 2.468688011169433594e+00
-1.408029913902282715e+00 -1.617787480354309082e+00 2.451325178146362305e+00
-1.399042606353759766e+00 -1.612509131431579590e+00 2.434554815292358398e+00
-1.390229821205139160e+00 -1.607300519943237305e+00 2.418263196945190430e+00
-1.381541609764099121e+00 -1.602120876312255859e+00 2.402330160140991211e+00
-1.372927427291870117e+00 -1.596929073333740234e+00 2.386629343032836914e+00
-1.364337086677551270e+00 -1.591686606407165527e+00 2.371037721633911133e+00
-1.355721235275268555e+00 -1.586354136466979980e+00 2.355427265167236328e+00
-1.347035527229309082e+00 -1.580898046493530273e+00 2.339679479598999023e+00
-1.338237762451171875e+00 -1.575285792350769043e+00 2.323682069778442383e+00
-1.329290032386779785e+00 -1.569488286972045898e+00 2.307328224182128906e+00
-1.320160746574401855e+00 -1.563481450080871582e+00 2.290527105331420898e+00
-1.310823440551757812e+00 -1.557243585586547852e+00 2.273197889328002930e+00
-1.301258087158203125e+00 -1.550757408142089844e+00 2.255275487899780273e+00
-1.291452646255493164e+00 -1.544010996818542480e+00 2.236716032028198242e+00
-1.281400680541992188e+00 -1.536995053291320801e+00 2.217487812042236328e+00
-1.271104335784912109e+00 -1.529706478118896484e+00 2.197581529617309570e+00
-1.260664701461791992e+00 -1.522097468376159668e+00 2.177808046340942383e+00
-1.250133872032165527e+00 -1.514241099357604980e+00 2.158089876174926758e+00
-1.240262627601623535e+00 -1.507197856903076172e+00 2.137924194335937500e+00
-1.230074405670166016e+00 -1.499687194824218750e+00 2.117351293563842773e+00
-1.219600439071655273e+00 -1.491724967956542969e+00 2.096433639526367188e+00
-1.208881497383117676e+00 -1.483335018157958984e+00 2.075246095657348633e+00
-1.197965145111083984e+00 -1.474550247192382812e+00 2.053876161575317383e+00
-1.185856461524963379e+00 -1.466893672943115234e+00 2.031998157501220703e+00
-1.171175956726074219e+00 -1.462450623512268066e+00 2.009141445159912109e+00
-1.156451225280761719e+00 -1.457782864570617676e+00 1.986387252807617188e+00
-1.141793608665466309e+00 -1.452885746955871582e+00 1.963857173919677734e+00
-1.127317786216735840e+00 -1.447758793830871582e+00 1.941674351692199707e+00
-1.113136768341064453e+00 -1.442408204078674316e+00 1.919951915740966797e+00
-1.099826097488403320e+00 -1.436243057250976562e+00 1.899915337562561035e+00
-1.087269663810729980e+00 -1.429573059082031250e+00 1.881123304367065430e+00
-1.075308680534362793e+00 -1.422771096229553223e+00 1.863034009933471680e+00
-1.064030766487121582e+00 -1.415884494781494141e+00 1.845703363418579102e+00
-1.053516030311584473e+00 -1.408971071243286133e+00 1.829177737236022949e+00
-1.043836355209350586e+00 -1.402096271514892578e+00 1.813492059707641602e+00
-1.035054683685302734e+00 -1.395335435867309570e+00 1.798672080039978027e+00
-1.027224898338317871e+00 -1.388773798942565918e+00 1.784736871719360352e+00
-1.020393013954162598e+00 -1.382502913475036621e+00 1.771699547767639160e+00
-1.014597415924072266e+00 -1.376623988151550293e+00 1.759572029113769531e+00
-1.009867548942565918e+00 -1.371245145797729492e+00 1.748363494873046875e+00
-1.006228327751159668e+00 -1.366479158401489258e+00 1.738091826438903809e+00
-1.003697633743286133e+00 -1.362444877624511719e+00 1.728776574134826660e+00
-1.002290129661560059e+00 -1.359264492988586426e+00 1.720450520515441895e+00
-1.002015113830566406e+00 -1.357062339782714844e+00 1.713155031204223633e+00
-1.002880930900573730e+00 -1.355962872505187988e+00 1.706947445869445801e+00
-1.005319833755493164e+00 -1.355759978294372559e+00 1.702952623367309570e+00
-1.011299848556518555e+00 -1.355049967765808105e+00 1.706112504005432129e+00
-1.018718242645263672e+00 -1.355584263801574707e+00 1.711322188377380371e+00
-1.027620553970336914e+00 -1.357413530349731445e+00 1.718802094459533691e+00
-1.038944363594055176e+00 -1.359409809112548828e+00 1.730934858322143555e+00
-1.051718711853027344e+00 -1.362929582595825195e+00 1.745513439178466797e+00
-1.124048352241516113e+00 -1.378894090652465820e+00 1.927277803421020508e+00
-1.350415468215942383e+00 -1.505250334739685059e+00 2.377737522125244141e+00
-1.503039479255676270e+00 -1.606509447097778320e+00 2.591921091079711914e+00
-1.630785822868347168e+00 -1.715606331825256348e+00 2.701096773147583008e+00
-1.765582561492919922e+00 -1.832540273666381836e+00 2.812885046005249023e+00
-1.906630516052246094e+00 -1.956785440444946289e+00 2.926288604736328125e+00
-2.053914546966552734e+00 -2.088413715362548828e+00 3.041515111923217773e+00
-2.404736995697021484e+00 -2.325060129165649414e+00 3.603403806686401367e+00
-2.653455257415771484e+00 -2.541839361190795898e+00 3.925218820571899414e+00
-2.866034269332885742e+00 -2.762685298919677734e+00 4.139480113983154297e+00
-3.070717334747314453e+00 -2.982439756393432617e+00 4.369336605072021484e+00
-3.264086484909057617e+00 -3.196595430374145508e+00 4.550659179687500000e+00
-3.435520410537719727e+00 -3.394563674926757812e+00 4.641098499298095703e+00
-3.623164415359497070e+00 -3.582890272140502930e+00 4.787681579589843750e+00
-3.781888961791992188e+00 -3.763358354568481445e+00 4.911235809326171875e+00
-3.939397096633911133e+00 -3.943485975265502930e+00 5.036416053771972656e+00
-4.094886779785156250e+00 -4.122247695922851562e+00 5.162954330444335938e+00
-4.247594356536865234e+00 -4.298639297485351562e+00 5.290581226348876953e+00
-4.396806240081787109e+00 -4.471697807312011719e+00 5.419027805328369141e+00
-4.541860580444335938e+00 -4.640509128570556641e+00 5.548018932342529297e+00
-4.682157039642333984e+00 -4.804216861724853516e+00 5.677270412445068359e+00
-4.817159175872802734e+00 -4.962036132812500000e+00 5.806488037109375000e+00
-4.946399688720703125e+00 -5.113257884979248047e+00 5.935368537902832031e+00
-5.069477558135986328e+00 -5.257256031036376953e+00 6.063588142395019531e+00
-5.191202640533447266e+00 -5.397741794586181641e+00 6.203780651092529297e+00
-5.308530807495117188e+00 -5.531959056854248047e+00 6.348576068878173828e+00
-5.417876720428466797e+00 -5.656736850738525391e+00 6.489050388336181641e+00
-5.519182682037353516e+00 -5.771859169006347656e+00 6.625018596649169922e+00
-5.595644474029541016e+00 -5.856986045837402344e+00 6.723645210266113281e+00
-5.648900985717773438e+00 -5.913965225219726562e+00 6.787809371948242188e+00
-5.696110248565673828e+00 -5.963313579559326172e+00 6.850430965423583984e+00
-5.737710952758789062e+00 -6.005470275878906250e+00 6.911875247955322266e+00
-5.774158000946044922e+00 -6.040908336639404297e+00 6.972468852996826172e+00
-5.805909633636474609e+00 -6.070123672485351562e+00 7.032492160797119141e+00
-5.833415985107421875e+00 -6.093624114990234375e+00 7.092171192169189453e+00
-5.857111930847167969e+00 -6.111919879913330078e+00 7.151663303375244141e+00
-5.877156257629394531e+00 -6.125325679779052734e+00 7.210077762603759766e+00
-5.885332107543945312e+00 -6.129565715789794922e+00 7.228748798370361328e+00
-5.894237995147705078e+00 -6.133398532867431641e+00 7.257873058319091797e+00
-5.900775909423828125e+00 -6.133270740509033203e+00 7.288875579833984375e+00
-5.905265331268310547e+00 -6.129604816436767578e+00 7.321844100952148438e+00
-5.907976627349853516e+00 -6.122795104980468750e+00 7.356753349304199219e+00
-5.909131050109863281e+00 -6.113196849822998047e+00 7.393467903137207031e+00
-5.908910751342773438e+00 -6.101139545440673828e+00 7.431768894195556641e+00
-5.907455921173095703e+00 -6.086917400360107422e+00 7.471347332000732422e+00
-5.904874801635742188e+00 -6.070796966552734375e+00 7.511839389801025391e+00
-5.901244163513183594e+00 -6.053015708923339844e+00 7.552830219268798828e+00
-5.899463653564453125e+00 -6.037081718444824219e+00 7.601074695587158203e+00
-5.900270462036132812e+00 -6.023997783660888672e+00 7.657884597778320312e+00
-5.900750160217285156e+00 -6.010538578033447266e+00 7.715338230133056641e+00
-5.900782585144042969e+00 -5.996703147888183594e+00 7.772629737854003906e+00
-5.900248527526855469e+00 -5.982484817504882812e+00 7.828988552093505859e+00
-5.899034023284912109e+00 -5.967861652374267578e+00 7.883694171905517578e+00
-5.897029399871826172e+00 -5.952809810638427734e+00 7.936075687408447266e+00
-5.894134998321533203e+00 -5.937297821044921875e+00 7.985540866851806641e+00
-5.890267848968505859e+00 -5.921296119689941406e+00 8.031586647033691406e+00
-5.885357856750488281e+00 -5.904767036437988281e+00 8.073800086975097656e+00
-5.879341125488281250e+00 -5.887671470642089844e+00 8.111847877502441406e+00
-5.870974540710449219e+00 -5.869108200073242188e+00 8.140749931335449219e+00
-5.857362270355224609e+00 -5.846984863281250000e+00 8.149046897888183594e+00
-5.842998027801513672e+00 -5.824476718902587891e+00 8.154720306396484375e+00
-5.827900886535644531e+00 -5.801545143127441406e+00 8.158064842224121094e+00
-5.803568840026855469e+00 -5.767912864685058594e+00 8.142863273620605469e+00
-5.778822422027587891e+00 -5.734123229980468750e+00 8.126594543457031250e+00
-5.753908157348632812e+00 -5.700427532196044922e+00 8.110116958618164062e+00
-5.728538036346435547e+00 -5.666440010070800781e+00 8.093281745910644531e+00
-5.702346801757812500e+00 -5.631700038909912109e+00 8.075809478759765625e+00
-5.674900054931640625e+00 -5.595680236816406250e+00 8.057308197021484375e+00
-5.645699024200439453e+00 -5.557794094085693359e+00 8.037259101867675781e+00
-5.614188671112060547e+00 -5.517416954040527344e+00 8.015020370483398438e+00
-5.579776287078857422e+00 -5.473890781402587891e+00 7.989862918853759766e+00
-5.541839122772216797e+00 -5.426550388336181641e+00 7.960963249206542969e+00
-5.497150421142578125e+00 -5.373956680297851562e+00 7.925164699554443359e+00
-5.439364910125732422e+00 -5.313764095306396484e+00 7.876542568206787109e+00
-5.375291347503662109e+00 -5.247607707977294922e+00 7.820624828338623047e+00
-5.304384708404541016e+00 -5.174971580505371094e+00 7.756486415863037109e+00
-5.224092960357666016e+00 -5.093931674957275391e+00 7.674926757812500000e+00
-5.132750511169433594e+00 -5.003235340118408203e+00 7.570003986358642578e+00
-5.033160686492919922e+00 -4.904866695404052734e+00 7.453198909759521484e+00
-4.925216674804687500e+00 -4.798765659332275391e+00 7.324086189270019531e+00
-4.808945178985595703e+00 -4.685013294219970703e+00 7.182389259338378906e+00
-4.691106796264648438e+00 -4.561728477478027344e+00 7.043931484222412109e+00
-4.574728012084960938e+00 -4.428395748138427734e+00 6.915372848510742188e+00
-4.451426982879638672e+00 -4.288283348083496094e+00 6.775687694549560547e+00
-4.321656703948974609e+00 -4.142024993896484375e+00 6.625065326690673828e+00
-4.185985088348388672e+00 -3.990367650985717773e+00 6.463874340057373047e+00
-4.045081615447998047e+00 -3.834156274795532227e+00 6.292649269104003906e+00
-3.896314620971679688e+00 -3.672564744949340820e+00 6.120994091033935547e+00
-3.741524934768676758e+00 -3.507095098495483398e+00 5.947117328643798828e+00
-3.584044218063354492e+00 -3.340025663375854492e+00 5.765568733215332031e+00
-3.426489591598510742e+00 -3.174075365066528320e+00 5.582127094268798828e+00
-3.272670984268188477e+00 -3.012606859207153320e+00 5.406924724578857422e+00
-3.121088504791259766e+00 -2.853218317031860352e+00 5.235725402832031250e+00
-2.970096588134765625e+00 -2.696061134338378906e+00 5.059514045715332031e+00
-2.820518732070922852e+00 -2.541962385177612305e+00 4.879423141479492188e+00
-2.683123588562011719e+00 -2.395026683807373047e+00 4.733511447906494141e+00
-2.515021085739135742e+00 -2.254655361175537109e+00 4.493499279022216797e+00
-2.329170227050781250e+00 -2.112792730331420898e+00 4.216228008270263672e+00
-2.182289600372314453e+00 -1.991011738777160645e+00 4.029038906097412109e+00
-2.135974645614624023e+00 -1.932428598403930664e+00 4.029992580413818359e+00
-2.091263532638549805e+00 -1.877406477928161621e+00 4.027497768402099609e+00
-2.059864759445190430e+00 -1.842103600502014160e+00 4.006739616394042969e+00
-2.038538932800292969e+00 -1.822008132934570312e+00 3.971946716308593750e+00
-2.017484188079833984e+00 -1.803526759147644043e+00 3.935705423355102539e+00
-1.996686458587646484e+00 -1.786570549011230469e+00 3.898150682449340820e+00
-1.976126909255981445e+00 -1.771028518676757812e+00 3.859428882598876953e+00
-1.955789566040039062e+00 -1.756777524948120117e+00 3.819708585739135742e+00
-1.935657739639282227e+00 -1.743679285049438477e+00 3.779169797897338867e+00
-1.915723562240600586e+00 -1.731593370437622070e+00 3.738014459609985352e+00
-1.895986080169677734e+00 -1.720377683639526367e+00 3.696461915969848633e+00
-1.876456618309020996e+00 -1.709894537925720215e+00 3.654751062393188477e+00
-1.856333374977111816e+00 -1.700020909309387207e+00 3.610248804092407227e+00
-1.831341266632080078e+00 -1.689216732978820801e+00 3.553249120712280273e+00
-1.806516408920288086e+00 -1.678752183914184570e+00 3.496477365493774414e+00
-1.782013058662414551e+00 -1.668575286865234375e+00 3.440438508987426758e+00
-1.757997274398803711e+00 -1.658652544021606445e+00 3.385635137557983398e+00
-1.734644293785095215e+00 -1.648974061012268066e+00 3.332567453384399414e+00
-1.712137460708618164e+00 -1.639550209045410156e+00 3.281723737716674805e+00
-1.690668702125549316e+00 -1.630417466163635254e+00 3.233578205108642578e+00
-1.670431017875671387e+00 -1.621634006500244141e+00 3.188579797744750977e+00
-1.651619076728820801e+00 -1.613280534744262695e+00 3.147148847579956055e+00
-1.634424328804016113e+00 -1.605457305908203125e+00 3.109667062759399414e+00
-1.620060682296752930e+00 -1.599747538566589355e+00 3.076965570449829102e+00
-1.608119130134582520e+00 -1.595451116561889648e+00 3.049059152603149414e+00
-1.598187446594238281e+00 -1.591891527175903320e+00 3.025918960571289062e+00
-1.590422630310058594e+00 -1.589234828948974609e+00 3.007736921310424805e+00
-1.584964632987976074e+00 -1.587657094001770020e+00 2.994642734527587891e+00
-1.578312397003173828e+00 -1.583019256591796875e+00 2.985184192657470703e+00
-1.569838047027587891e+00 -1.574635267257690430e+00 2.979063272476196289e+00
-1.563972353935241699e+00 -1.567871928215026855e+00 2.978064298629760742e+00
-1.560890674591064453e+00 -1.563048839569091797e+00 2.982124090194702148e+00
-1.560757994651794434e+00 -1.560492753982543945e+00 2.991126298904418945e+00
-1.563724160194396973e+00 -1.560531258583068848e+00 3.004901647567749023e+00
-1.569922685623168945e+00 -1.563487410545349121e+00 3.023232936859130859e+00
-1.579463839530944824e+00 -1.569669723510742188e+00 3.045853853225708008e+00
-1.592438817024230957e+00 -1.579369902610778809e+00 3.072460651397705078e+00
-1.608907938003540039e+00 -1.592851161956787109e+00 3.102705717086791992e+00
-1.628904819488525391e+00 -1.610342383384704590e+00 3.136219024658203125e+00
-1.742563486099243164e+00 -1.726026058197021484e+00 3.211144685745239258e+00
-1.870319366455078125e+00 -1.827966094017028809e+00 3.336701869964599609e+00
-1.984403252601623535e+00 -1.939111471176147461e+00 3.406275749206542969e+00
-2.099375486373901367e+00 -2.057361841201782227e+00 3.461934566497802734e+00
-2.218799352645874023e+00 -2.181126117706298828e+00 3.518684387207031250e+00
-2.434883832931518555e+00 -2.364698171615600586e+00 3.766535282135009766e+00
-2.710306882858276367e+00 -2.577511787414550781e+00 4.149215221405029297e+00
-2.973550796508789062e+00 -2.788500547409057617e+00 4.509606838226318359e+00
-3.162562608718872070e+00 -3.001308679580688477e+00 4.658159255981445312e+00
-3.357685089111328125e+00 -3.221524000167846680e+00 4.822620391845703125e+00
-3.543412208557128906e+00 -3.437332868576049805e+00 5.005779743194580078e+00
-3.724184036254882812e+00 -3.649779558181762695e+00 5.187033176422119141e+00
-3.900399208068847656e+00 -3.858249902725219727e+00 5.361275672912597656e+00
-4.070982933044433594e+00 -4.061408042907714844e+00 5.527650356292724609e+00
-4.258790969848632812e+00 -4.250475406646728516e+00 5.742962837219238281e+00
-4.430114746093750000e+00 -4.426417827606201172e+00 5.911391258239746094e+00
-4.574816226959228516e+00 -4.590391159057617188e+00 6.054134845733642578e+00
-4.707741737365722656e+00 -4.745502948760986328e+00 6.187768459320068359e+00
-4.833495616912841797e+00 -4.892593860626220703e+00 6.316256999969482422e+00
-4.951650142669677734e+00 -5.031092166900634766e+00 6.439155101776123047e+00
-5.061892032623291016e+00 -5.160558700561523438e+00 6.556107044219970703e+00
-5.169862270355224609e+00 -5.283054351806640625e+00 6.683217525482177734e+00
-5.269716262817382812e+00 -5.396069526672363281e+00 6.804159164428710938e+00
-5.361117362976074219e+00 -5.499408245086669922e+00 6.917843818664550781e+00
-5.444161891937255859e+00 -5.593121051788330078e+00 7.024210453033447266e+00
-5.519028186798095703e+00 -5.677358150482177734e+00 7.123267650604248047e+00
-5.585970401763916016e+00 -5.752356529235839844e+00 7.215089321136474609e+00
-5.633594036102294922e+00 -5.804358959197998047e+00 7.277080059051513672e+00
-5.670024394989013672e+00 -5.843068122863769531e+00 7.324501514434814453e+00
-5.701066017150878906e+00 -5.875409603118896484e+00 7.368096828460693359e+00
-5.727119445800781250e+00 -5.901812076568603516e+00 7.408101558685302734e+00
-5.748573780059814453e+00 -5.922697544097900391e+00 7.444746017456054688e+00
-5.765802860260009766e+00 -5.938479900360107422e+00 7.478256702423095703e+00
-5.776307582855224609e+00 -5.947510242462158203e+00 7.497552394866943359e+00
-5.782656669616699219e+00 -5.951749324798583984e+00 7.511845111846923828e+00
-5.786063194274902344e+00 -5.952181816101074219e+00 7.525125026702880859e+00
-5.786733150482177734e+00 -5.949050903320312500e+00 7.537572383880615234e+00
-5.784792423248291016e+00 -5.942522048950195312e+00 7.549250125885009766e+00
-5.780276775360107422e+00 -5.932681560516357422e+00 7.560100078582763672e+00
-5.773134231567382812e+00 -5.919528961181640625e+00 7.569927215576171875e+00
-5.763230323791503906e+00 -5.902987480163574219e+00 7.578413009643554688e+00
-5.750347614288330078e+00 -5.882903099060058594e+00 7.585124015808105469e+00
-5.734199047088623047e+00 -5.859057426452636719e+00 7.589513301849365234e+00
-5.714427947998046875e+00 -5.831171035766601562e+00 7.590920448303222656e+00
-5.690636157989501953e+00 -5.798924446105957031e+00 7.588614940643310547e+00
-5.662375450134277344e+00 -5.761960506439208984e+00 7.581780910491943359e+00
-5.629183769226074219e+00 -5.719911098480224609e+00 7.569556236267089844e+00
