1.730663663068975566e+00 1.669788919944333871e-01 -3.111370623166699323e-01
1.711206669450845430e+00 1.654564044893368779e-01 -3.325674325094748474e-01
1.679246627121216306e+00 1.614159440800711776e-01 -3.519194416035639761e-01
1.635075175657986435e+00 1.549089484960356200e-01 -3.689774189370037538e-01
1.579156286578903501e+00 1.460183756488038220e-01 -3.835585849308711381e-01
1.512124619227664946e+00 1.348578965442749356e-01 -3.955136429386655883e-01
1.434781123096549704e+00 1.215707757300089342e-01 -4.047270515644658118e-01
1.348085685549423873e+00 1.063284083921774148e-01 -4.111170216451190407e-01
1.253146699625789173e+00 8.932848185656001860e-02 -4.146352675073679550e-01
1.151207522843768150e+00 7.079273217961822018e-02 -4.152665321346966643e-01
1.043629909878864392e+00 5.096427539586581568e-02 -4.130279009846044014e-01
9.318746225871847866e-01 3.010450878388461898e-02 -4.079679181582892555e-01
8.174795417042217682e-01 8.489598662705910223e-03 -4.001655202084075658e-01
7.020357163386669042e-01 -1.359340629609327375e-02 -3.897288054473914132e-01
5.871618805311064060e-01 -3.585077707690439985e-02 -3.767936578355196575e-01
4.744780318838640598e-01 -5.798654572003962560e-02 -3.615222430070291759e-01
3.655786994031469672e-01 -7.970709659233231326e-02 -3.441013900987227592e-01
2.620065252469301331e-01 -1.007258079090477404e-01 -3.247408675175689208e-01
1.652267530517681493e-01 -1.207676377821193109e-01 -3.036715539496730454e-01
7.660316244760130566e-02 -1.395735463550578093e-01 -2.811434979236130949e-01
-2.624076114162030883e-03 -1.569046454187271733e-01 -2.574238501260129874e-01
-7.135822339465555664e-02 -1.725459700637948512e-01 -2.327946431244414804e-01
-1.286631405353618196e-01 -1.863097751185549544e-01 -2.075503856911141420e-01
-1.737775480747424384e-01 -1.980382724871852240e-01 -1.819954368035397452e-01
-2.061261868467001157e-01 -2.076057424528258144e-01 -1.564411291530989900e-01
-2.253277568144343435e-01 -2.149199714931748495e-01 -1.312026229344865624e-01
-2.311995692319092910e-01 -2.199229914740272740e-01 -1.065954865980105748e-01
-2.237589065005330946e-01 -2.225911200627479491e-01 -8.293202129162756397e-02
-2.032211470449947766e-01 -2.229343278691424957e-01 -6.051736851638086362e-02
-1.699947786094676561e-01 -2.209949815322437838e-01 -3.964546313468753080e-02
-1.246734860565029412e-01 -2.168460321057283924e-01 -2.059491272068192380e-02
-6.802555181620072167e-02 -2.105887343741941753e-01 -3.624897200279783831e-03
-9.808451281139861540e-04 -2.023499953184642597e-01 1.102881039287158943e-02
7.538429929002990471e-02 -1.922794581656462054e-01 2.315760025933291666e-02
1.598639991808839811e-01 -1.805464303436260798e-01 3.258346244240047790e-02
2.511412208651178091e-01 -1.673367573563002142e-01 3.916201652459389004e-02
3.478073376710906772e-01 -1.528497305345888624e-01 4.278505886059204288e-02
4.483825429574676558e-01 -1.372950976934858291e-01 4.338256294317184569e-02
5.513368229965724954e-01 -1.208902250711625798e-01 4.092407883590479245e-02
6.551112122147849659e-01 -1.038574383663554562e-01 3.541948914376517876e-02
7.581390728672580126e-01 -8.642155160474294939e-02 2.691909406665571325e-02
8.588671599733541662e-01 -6.880757696642980648e-02 1.551301671667260941e-02
9.557762479758052931e-01 -5.123859868785562294e-02 1.329939601009970124e-03
1.047401108834458805e+00 -3.393379078994331749e-02 -1.546479889969983902e-02
1.132349645432973118e+00 -1.710656100301959082e-02 -3.467170468425775226e-02
1.209321001693912656e+00 -9.628089972902773800e-04 -5.606016995151466564e-02
1.277122489950825557e+00 1.430070834934810825e-02 -7.937199228803618056e-02
1.334685192792029351e+00 2.849791172487396024e-02 -1.043252954830977547e-01
1.381078108733908794e+00 4.145484570535429986e-02 -1.306187660455407906e-01
1.415520718807268485e+00 5.301105363751380806e-02 -1.579361114456652448e-01
1.437393853330591664e+00 6.302089980631046806e-02 -1.859506432550160349e-01
1.446248732832496664e+00 7.135485357413479113e-02 -2.143298900002876817e-01
1.441814045306160308e+00 7.790074223799667297e-02 -2.427401490802664208e-01
1.424000908843336521e+00 8.256496985534825250e-02 -2.708508941915555024e-01
1.392905560528425735e+00 8.527368918373989803e-02 -2.983389637568201747e-01
1.348809613985083367e+00 8.597390355525498518e-02 -3.248924652877955843e-01
1.292177741698782745e+00 8.463446533787173653e-02 -3.502143404971536089e-01
1.223652665896427738e+00 8.124692847839165566e-02 -3.740255476293086190e-01
1.144047385801900241e+00 7.582620665831871221e-02 -3.960678302891377789e-01
1.054334631405079215e+00 6.841098864214137376e-02 -4.161060545578361691e-01
9.556336122504112129e-01 5.906386968105731966e-02 -4.339301098005361457e-01
8.491942176306729317e-01 4.787117040274917190e-02 -4.493563860019563760e-01
7.363789149096935382e-01 3.494242848953933028e-02 -4.622288609773836932e-01
6.186426792857810941e-01 2.040956054284090437e-02 -4.724198498495791321e-01
4.975113632768106697e-01 4.425700606992167760e-03 -4.798304823557024701e-01
3.745589680090243845e-01 -1.283627249858162317e-02 -4.843909791434142242e-01
2.513843050321544759e-01 -3.118550372277125587e-02 -4.860607962146153427e-01
1.295875384453995804e-01 -5.041520790854429196e-02 -4.848286973273737144e-01
1.074707857068329768e-02 -7.030497141021231633e-02 -4.807127987322633023e-01
-1.036027351915422834e-01 -9.062328432949692814e-02 -4.737606120592287584e-01
-2.119927709219694978e-01 -1.111302784834581475e-01 -4.640490924039714082e-01
-3.130387248748555118e-01 -1.315806478000020596e-01 -4.516846807412877585e-01
-4.054589536359441415e-01 -1.517267279732635032e-01 -4.368033122644809363e-01
-4.880903103688109534e-01 -1.713217085694411501e-01 -4.195703444994371978e-01
-5.599018405951041721e-01 -1.901229433634151200e-01 -4.001803415965247135e-01
-6.200062477963124152e-01 -2.078953159620755553e-01 -3.788566365587229257e-01
-6.676690828021241142e-01 -2.244146105072895026e-01 -3.558505847777283515e-01
-7.023156437993014478e-01 -2.394708319454942613e-01 -3.314404221337724499e-01
-7.235355985169301674e-01 -2.528714157734159307e-01 -3.059296485489067519e-01
-7.310853593924628857e-01 -2.644442630611588685e-01 -2.796448713392477581e-01
-7.248882580501398998e-01 -2.740405339712734811e-01 -2.529330600201286083e-01
-7.050325792037237527e-01 -2.815371322651552544e-01 -2.261581837637141046e-01
-6.717675290233715568e-01 -2.868388132926382172e-01 -1.996972235532957218e-01
-6.254972319508597112e-01 -2.898798479462740829e-01 -1.739355737260019352e-01
-5.667728748304853292e-01 -2.906251771927996219e-01 -1.492618737373471172e-01
-4.962831480936369943e-01 -2.890710012783008209e-01 -1.260623408990241556e-01
-4.148431672864967834e-01 -2.852447685639910024e-01 -1.047147052387162325e-01
-3.233820886175475806e-01 -2.792045592371013574e-01 -8.558187394146613003e-02
-2.229296550172501779e-01 -2.710378916493340617e-01 -6.900547316011733379e-02
-1.146019236336744407e-01 -2.608600064978793265e-01 -5.529942966604128179e-02
4.135675176052633849e-04 -2.488117030894128612e-01 -4.474376321615670254e-02
1.208729366390998705e-01 -2.350568132952951250e-01 -3.757876058028129795e-02
2.454911496537083571e-01 -2.197794048474859263e-01 -3.399969260970617940e-02
3.729570307303005650e-01 -2.031808069753988366e-01 -3.415221759176290117e-02
5.019478752023326384e-01 -1.854765467061323392e-01 -3.812859118461554842e-02
6.311434715081737368e-01 -1.668932729929260561e-01 -4.596478077953023572e-02
7.592393676038656780e-01 -1.476657301204563622e-01 -5.763856365504202439e-02
8.849592524115643677e-01 -1.280338239987353355e-01 -7.306867259407943960e-02
1.007066361509241892e+00 -1.082398063795915882e-01 -9.211503570865901824e-02
1.124373853154733149e+00 -8.852558410838348713e-02 -1.145801362245335714e-01
1.235754134118144609e+00 -6.913014610245649116e-02 -1.402114926776531767e-01
1.340147148082772022e+00 -5.028709330758548979e-02 -1.687052318844171617e-01
1.436567674335289979e+00 -3.222225774246170737e-02 -1.997106986931788120e-01
1.524111716654489301e+00 -1.515140350332991326e-02 -2.328360199089891946e-01
1.601962085856399209e+00 7.219887665656492953e-04 -2.676545149445938021e-01
1.669393292842378473e+00 1.520884467885847378e-02 -3.037118226317243597e-01
1.725775872985399806e+00 2.813651078643926093e-02 -3.405335946171205719e-01
1.770580255326018371e+00 3.935064074502601927e-02 -3.776335938254519187e-01
1.803380267797967118e+00 4.871692796891606558e-02 -4.145220318037897145e-01
1.823856332988453177e+00 5.612265603474867609e-02 -4.507139789251963791e-01
1.831798363274159458e+00 6.147803626822197914e-02 -4.857376832851538206e-01
1.827108315178724407e+00 6.471730281137616503e-02 -5.191426357023528615e-01
1.809802312844529526e+00 6.579953815917478910e-02 -5.505072201661140863e-01
1.780012201822489537e+00 6.470920428525996082e-02 -5.794457936176665713e-01
1.737986352762936448e+00 6.145635461582990566e-02 -6.056150473079379148e-01
1.684089506749494314e+00 5.607650158643719823e-02 -6.287195137300566339e-01
1.618801442275232372e+00 4.863011534879050496e-02 -6.485160978888485639e-01
1.542714246518078536e+00 3.920173203707842668e-02 -6.648175297663063699e-01
1.456527989346170449e+00 2.789865533335000175e-02 -6.774946566683520688e-01
1.361044627819357089e+00 1.484924403152198223e-02 -6.864775196950571035e-01
1.257160012260599258e+00 2.007913474556235946e-04 -6.917551873523921646e-01
1.145853922433492045e+00 -1.588298210590833801e-02 -6.933743500442111074e-01
1.028178135456082609e+00 -3.322478215515416167e-02 -6.914367101552160166e-01
9.052426171837304469e-01 -5.163688456645845748e-02 -6.860952329445140219e-01
7.782000323273874365e-01 -7.092449376782700154e-02 -6.775493545538666673e-01
6.482288754883507309e-01 -9.088922549468976542e-02 -6.660392766043543578e-01
5.165156230033437490e-01 -1.113326077797886365e-01 -6.518395116402807554e-01
3.842363818992677316e-01 -1.320594875014849956e-01 -6.352518760718345314e-01
2.525385566941260596e-01 -1.528812333091180142e-01 -6.165981508678313183e-01
1.225230614746994490e-01 -1.736186398570685463e-01 -5.962126398583097453e-01
-4.772423717169433678e-03 -1.941044586179238585e-01 -5.744348501110000393e-01
-1.283887074543055284e-01 -2.141855019066867816e-01 -5.516025012087836243e-01
-2.474584776177765622e-01 -2.337242857637721050e-01 -5.280450442484458939e-01
-3.612175312767433311e-01 -2.526001932598974098e-01 -5.040778402909501521e-01
-4.690136282541522150e-01 -2.707101540202100365e-01 -4.799971141401536134e-01
-5.703128347396508868e-01 -2.879688500601221279e-01 -4.560757638629278632e-01
-6.647033019374757323e-01 -3.043084721286609673e-01 -4.325600705770806242e-01
-7.518964965886157925e-01 -3.196780628618381415e-01 -4.096673196579351250e-01
-8.317259637817046025e-01 -3.340424921787901735e-01 -3.875843164216893344e-01
-9.041437579168090100e-01 -3.473811171885780591e-01 -3.664667557389689190e-01
-9.692147250040810125e-01 -3.596861854610569065e-01 -3.464393831188398720e-01
-1.027108858621607723e+00 -3.709610490272472472e-01 -3.275968642347087956e-01
-1.078091983620215188e+00 -3.812182657451865797e-01 -3.100052634459025125e-01
-1.122515046533500760e+00 -3.904776690444970999e-01 -2.937040228157593580e-01
-1.160802308512483449e+00 -3.987644820993783701e-01 -2.787083322820844700e-01
-1.193438744121863460e+00 -4.061075402854548710e-01 -2.650117862425842019e-01
-1.220956948235403683e+00 -4.125376720469456915e-01 -2.525892275573438650e-01
-1.243923846169044056e+00 -4.180862766136871911e-01 -2.413996850212010992e-01
-1.262927491235414035e+00 -4.227841280402429569e-01 -2.313893162102940160e-01
-1.278564219362208876e+00 -4.266604280971258434e-01 -2.224942759304265605e-01
-1.291426411731836588e+00 -4.297421239850887642e-01 -2.146434412976910289e-01
-1.302091093650945997e+00 -4.320534991516820633e-01 -2.077609369701876596e-01
-1.311109571509256000e+00 -4.336160365904734304e-01 -2.017684170915189368e-01
-1.318998279557581865e+00 -4.344485445432583193e-01 -1.965870724443714024e-01
-1.326230973691036041e+00 -4.345675248929049550e-01 -1.921393408169459749e-01
-1.333232370621565854e+00 -4.339877556921123425e-01 -1.883503059987580996e-01
-1.340373289595032880e+00 -4.327230529019430172e-01 -1.851487782548082717e-01
-1.347967313180500115e+00 -4.307871727703178610e-01 -1.824680585601003990e-01
-1.356268945874291365e+00 -4.281948132138555518e-01 -1.802464001335277455e-01
-1.365473214127006063e+00 -4.249626679876687407e-01 -1.784271921517011639e-01
-1.375716617543838893e+00 -4.211104819451376713e-01 -1.769589004821974509e-01
-1.387079309246413317e+00 -4.166620519563380420e-01 -1.757948075921529074e-01
-1.399588357735045419e+00 -4.116461183289864545e-01 -1.748925970358879145e-01
-1.413221926394949257e+00 -4.060970965226965435e-01 -1.742138270105558495e-01
-1.427914198799987489e+00 -4.000556077003295519e-01 -1.737233342380383183e-01
-1.443560874471687905e+00 -3.935687770952723263e-01 -1.733886058094840921e-01
-1.460025059327371588e+00 -3.866902788834115645e-01 -1.731791533341460743e-01
-1.477143378633890114e+00 -3.794801144904347834e-01 -1.730659206336356837e-01
-1.494732148163286922e+00 -3.720041197933089960e-01 -1.730207527462604977e-01
-1.512593451032989256e+00 -3.643332075836808182e-01 -1.730159497449672013e-01
-1.530520984306537935e+00 -3.565423645761166549e-01 -1.730239239460595047e-01
-1.548305562129374424e+00 -3.487094345513122029e-01 -1.730169732588687781e-01
-1.565740189661066317e+00 -3.409137286914143972e-01 -1.729671759740635806e-01
-1.582624650256258647e+00 -3.332345105279811981e-01 -1.728464035967969548e-01
-1.598769573223179252e+00 -3.257494069424060057e-01 -1.726264403792109881e-01
-1.613999968498263105e+00 -3.185327983584378408e-01 -1.722791928466128608e-01
-1.628158226612652193e+00 -3.116542400182839012e-01 -1.717769700116680009e-01
-1.641106588806680033e+00 -3.051769621609313754e-01 -1.710928138368502938e-01
-1.652729096598277936e+00 -2.991564908066408068e-01 -1.702008586226161080e-01
-1.662933034849394254e+00 -2.936394229697039115e-01 -1.690766978501951068e-01
-1.671649887084734942e+00 -2.886623807601395586e-01 -1.676977398581236678e-01
-1.678835825899846368e+00 -2.842511597585754002e-01 -1.660435412929426868e-01
-1.684471765829965939e+00 -2.804200807462801093e-01 -1.640961179569724315e-01
-1.688563012396611329e+00 -2.771715510677111860e-01 -1.618402420323831192e-01
-1.691138548029115229e+00 -2.744958408933184657e-01 -1.592637389955329219e-01
-1.692249999493133705e+00 -2.723710782190878477e-01 -1.563577962177913061e-01
-1.691970329851416377e+00 -2.707634637819886225e-01 -1.531172894707585053e-01
-1.690392292420286768e+00 -2.696277041732762503e-01 -1.495411247425868506e-01
-1.687626678767417454e+00 -2.689076601201446648e-01 -1.456325832052276226e-01
-1.683800390009547954e+00 -2.685372079990933636e-01 -1.413996504578223512e-01
-1.679054359359045012e+00 -2.684413144000420970e-01 -1.368553102567333091e-01
-1.673541351168873037e+00 -2.685373224302463613e-01 -1.320177875412007762e-01
-1.667423656798516785e+00 -2.687364421814031346e-01 -1.269107322328377474e-01
-1.660870703477644872e+00 -2.689454275125093830e-01 -1.215633404837000858e-01
-1.654056593131552289e+00 -2.690684100218912467e-01 -1.160104129128621264e-01
-1.647157594473501074e+00 -2.690088510788056220e-01 -1.102923510243311450e-01
-1.640349620283061416e+00 -2.686715654199321457e-01 -1.044550939267043649e-01
-1.633805729670434914e+00 -2.679647663246391143e-01 -9.854999715049192477e-02
-1.627693701756929512e+00 -2.668020832320683322e-01 -9.263365343882372371e-02
-1.622173732419177394e+00 -2.651045067156044266e-01 -8.676765127260652188e-02
-1.617396307548133016e+00 -2.628022211312218692e-01 -8.101825951785904256e-02
-1.613500301935884673e+00 -2.598362911185080892e-01 -7.545601692972191132e-02
-1.610611341582948386e+00 -2.561601744536021186e-01 -7.015519750583684710e-02
-1.608840450449933845e+00 -2.517410394188523415e-01 -6.519312085298510639e-02
-1.608282982937896177e+00 -2.465608674370201592e-01 -6.064928122394470239e-02
-1.609017823414890191e+00 -2.406173202432932146e-01 -5.660427737782373209e-02
-1.611106816601383773e+00 -2.339243473619545821e-01 -5.313853581516498475e-02
-1.614594379036570881e+00 -2.265125074400262117e-01 -5.033083198850604734e-02
-1.619507232207835878e+00 -2.184289783512806948e-01 -4.825662868798430427e-02
-1.625854192242875529e+00 -2.097372360770760336e-01 -4.698626777749483063e-02
-1.633625949889489615e+00 -2.005163893468347169e-01 -4.658306837333828915e-02
-1.642794778378467324e+00 -1.908601633174908663e-01 -4.710139786086836589e-02
-1.653314115902067227e+00 -1.808755298859815730e-01 -4.858478897553186043e-02
-1.665117983532258261e+00 -1.706809855084116812e-01 -5.106417533845626633e-02
-1.678120216974188672e+00 -1.604044820542899485e-01 -5.455630966453704073e-02
-1.692213508917121967e+00 -1.501810247730875347e-01 -5.906241445550650809e-02
-1.707268275734873386e+00 -1.401499649676424819e-01 -6.456709652645649389e-02
-1.723131378093513799e+00 -1.304520315241566863e-01 -7.103753835676782091e-02
-1.739624740958871207e+00 -1.212261611240104120e-01 -7.842296566961617921e-02
-1.756543934092421599e+00 -1.126061996252563646e-01 -8.665438376112002961e-02
-1.773656787415927916e+00 -1.047175578857268419e-01 -9.564457360719116896e-02
-1.790702126065292887e+00 -9.767391543008271948e-02 -1.052883412008189246e-01
-1.807388718884328949e+00 -9.157407296400563168e-02 -1.154630207141027626e-01
-1.823394542361828963e+00 -8.649905597413076741e-02 -1.260292449892049804e-01
-1.838366469133302594e+00 -8.250956425272175376e-02 -1.368320125075115079e-01
-1.851920495956070667e+00 -7.964384715422297145e-02 -1.477020911450931673e-01
-1.863642630364445107e+00 -7.791606517043229985e-02 -1.584577997921997050e-01
-1.873090555487207709e+00 -7.731517908488906576e-02 -1.689071992051795756e-01
-1.879796183962263889e+00 -7.780439127729660287e-02 -1.788507080183490139e-01
-1.883269191342930471e+00 -7.932115016759833104e-02 -1.880841440541940746e-01
-1.883001588212145139e+00 -8.177771789153810700e-02 -1.964021772403778399e-01
-1.878473352776110827e+00 -8.506229328822965952e-02 -2.036021673377950425e-01
-1.869159105833543721e+00 -8.904067700919973682e-02 -2.094883454158330827e-01
-1.854535769410275758e+00 -9.355846119721504539e-02 -2.138762824544199470e-01
-1.834091109439211609e+00 -9.844372025797050452e-02 -2.165975725689276432e-01
-1.807333021746374113e+00 -1.035101703905626502e-01 -2.175046424875163864e-01
-1.773799379423656175e+00 -1.085607541897872924e-01 -2.164755828605947063e-01
-1.733068220171031459e+00 -1.133915947710394667e-01 -2.134188813172719912e-01
-1.684768019048276555e+00 -1.177962532005669000e-01 -2.082779232357465649e-01
-1.628587770379675836e+00 -1.215702129454317992e-01 -2.010351145585909105e-01
-1.564286593470920472e+00 -1.245155036237107216e-01 -1.917154714455931996e-01
-1.491702577547930231e+00 -1.264453627313179007e-01 -1.803895152389684564e-01
-1.410760589248912344e+00 -1.271888193058084426e-01 -1.671753112105474337e-01
-1.321478780536790687e+00 -1.265950697374999268e-01 -1.522394980921628338e-01
-1.223973556059694712e+00 -1.245375055143848053e-01 -1.357971718171636366e-01
-1.118462786316417601e+00 -1.209172481924490755e-01 -1.181105098889767557e-01
-1.005267086860781589e+00 -1.156660515040631859e-01 -9.948605282423139684e-02
-8.848090266182787600e-01 -1.087484468440157170e-01 -8.027059777335300572e-02
-7.576101829961716660e-01 -1.001630357882813960e-01 -6.084570791730737477e-02
-6.242860279472433049e-01 -8.994286796833506070e-02 -4.162089997574495298e-02
-4.855387043203878150e-01 -7.815488072570703215e-02 -2.302563910160715377e-02
-3.421478308204554120e-01 -6.489841640373164577e-02 -5.500338886471970064e-03
-1.949595503759460335e-01 -5.030287194176464444e-02 1.051337549155240136e-02
-4.487410254567730794e-02 -3.452457038223260416e-02 2.458283780959445719e-02
1.071677518203825730e-01 -1.774297141800669844e-02 3.629461360224028182e-02
2.601990987917210396e-01 -1.563565509430753600e-04 4.526453175640930693e-02
4.132416678058525306e-01 1.802286494275581741e-02 5.114713569897323675e-02
5.653206921819901032e-01 3.657307782191065310e-02 5.364423587410046407e-02
7.154794769828675127e-01 5.526845828676244660e-02 5.251228172142562850e-02
8.627933333263377857e-01 7.388389947415366366e-02 4.756832073370675235e-02
1.006382564270355662e+00 9.219972852428343080e-02 3.869437073731243210e-02
1.145424223057866397e+00 1.100060949904223540e-01 2.584009612520680663e-02
1.279162407894117948e+00 1.271069293668326550e-01 9.023746632527729003e-03
1.406916906568612458e+00 1.433233902450511965e-01 -1.166861535029729141e-02
1.528090056971146415e+00 1.584967389888789213e-01 -3.608551080852082787e-02
1.642171743876317480e+00 1.724906024060987864e-01 -6.401392303797438788e-02
1.748742506913207206e+00 1.851926058519164087e-01 -9.518447946399219428e-02
1.847474788299332094e+00 1.965153792368276586e-01 -1.292777296406263654e-01
1.938132400973583414e+00 2.063969547043570663e-01 -1.659312963024736909e-01
2.020568347846285473e+00 2.148005872087829227e-01 -2.047476679835874280e-01
2.094721169140246086e+00 2.217140389921648247e-01 -2.453024025655027585e-01
2.160610033293404175e+00 2.271483774334906725e-01 -2.871525227484524878e-01
2.218328814949999561e+00 2.311363439525276064e-01 -3.298449037844078391e-01
2.268039421557827229e+00 2.337303595033184411e-01 -3.729244742510443023e-01
2.309964637915300045e+00 2.350002383336157741e-01 -4.159420681190862390e-01
2.344380752923260314e+00 2.350306849220110406e-01 -4.584617819000159633e-01
2.371610212887327318e+00 2.339186497258825825e-01 -5.000677076180222169e-01
2.392014512440710838e+00 2.317706185128969032e-01 -5.403699331851926635e-01
2.405987490257386785e+00 2.286999067994003598e-01 -5.790097266652686203e-01
2.413949145117457729e+00 2.248240232883808587e-01 -6.156638481470609880e-01
2.416340033463737491e+00 2.202621540516614962e-01 -6.500479607832156947e-01
2.413616259598538427e+00 2.151328055107596116e-01 -6.819191411241721790e-01
2.406245030898330306e+00 2.095516335834705368e-01 -7.110775185761425421e-01
2.394700725126685192e+00 2.036294818038107690e-01 -7.373671011338617243e-01
2.379461401359211248e+00 1.974706517070728695e-01 -7.606758626944064572e-01
2.361005674455844083e+00 1.911714298350196406e-01 -7.809351729785827256e-01
2.339809863033093684e+00 1.848188937895985928e-01 -7.981186479555411051e-01
2.316345313500224101e+00 1.784900141831564369e-01 -8.122404921856369864e-01
2.291075798332020685e+00 1.722510602406336078e-01 -8.233533968957675864e-01
2.264454883742070823e+00 1.661573038989704876e-01 -8.315460486531931483e-01
2.236923159591698518e+00 1.602530020379452913e-01 -8.369402938383136981e-01
2.208905225415879414e+00 1.545716234922528687e-01 -8.396879957456887533e-01
2.180806335164313214e+00 1.491362805212521625e-01 -8.399676151792516698e-01
2.153008621952096302e+00 1.439603226584777462e-01 -8.379805415502097343e-01
2.125866852117542116e+00 1.390480510979194839e-01 -8.339472004610842815e-01
2.099703693652770653e+00 1.343955130261804964e-01 -8.281029674149961162e-01
2.074804527303911961e+00 1.299913390157578508e-01 -8.206939251580813721e-01
2.051411879208848266e+00 1.258175930036094792e-01 -8.119725107736566194e-01
2.029719609175677952e+00 1.218506114684030361e-01 -8.021931051862890572e-01
2.009867043642358020e+00 1.180618146518663814e-01 -7.916076225499288910e-01
1.991933292181073067e+00 1.144184787032190981e-01 -7.804611624936774739e-01
1.975932026281376874e+00 1.108844642367737554e-01 -7.689877963609984546e-01
1.961807023013762974e+00 1.074209029524837294e-01 -7.574065691748169682e-01
1.949428779429031477e+00 1.039868484879381411e-01 -7.459178100258349042e-01
1.938592486825664762e+00 1.005399006619978469e-01 -7.346998526426294918e-01
1.929017621928798443e+00 9.703681333423695710e-02 -7.239062723791486187e-01
1.920349368735695617e+00 9.343409360233784211e-02 -7.136637414661165524e-01
1.912162032447221716e+00 8.968859402601767061e-02 -7.040705868153488423e-01
1.903964546062389074e+00 8.575809290236932614e-02 -6.951961034112751348e-01
1.895208099975446592e+00 8.160185301062530816e-02 -6.870806366617474570e-01
1.885295845628391254e+00 7.718114737336861930e-02 -6.797364081500301136e-01
1.873594540688361176e+00 7.245974183919895451e-02 -6.731490291161693618e-01
1.859447922487428073e+00 6.740432895793296852e-02 -6.672796275057488735e-01
1.842191523743031967e+00 6.198491387180801726e-02 -6.620675045315502771e-01
1.821168581870031389e+00 5.617515773111522032e-02 -6.574332298039673450e-01
1.795746640135858829e+00 4.995268612223832672e-02 -6.532820767214034818e-01
1.765334393781431865e+00 4.329936963783346388e-02 -6.495076926341309953e-01
1.729398295868471713e+00 3.620158141205116753e-02 -6.459958939695611413e-01
1.687478407343273146e+00 2.865043247612041391e-02 -6.426284767705883194e-01
1.639202958284477152e+00 2.064198140125094241e-02 -6.392869375670242604e-01
1.584301089394183792e+00 1.217741140938745879e-02 -6.358560058423093908e-01
1.522613269858630991e+00 3.263165899999400689e-03 -6.322268951911796941e-01
1.454098940994470235e+00 -6.088969674467942066e-03 -6.283001858916090754e-01
1.378841013988818087e+00 -1.586185662270429148e-02 -6.239882601214935542e-01
1.297046954779840444e+00 -2.603308464312653614e-02 -6.192172251708442099e-01
1.209046318645366158e+00 -3.657516984744076105e-02 -6.139282794037375091e-01
1.115284744952312002e+00 -4.745588807192158143e-02 -6.080784977676635394e-01
1.016314576542610260e+00 -5.863875179555706058e-02 -6.016410364642218456e-01
9.127824139818803140e-01 -7.008362517209455744e-02 -5.946047799416062096e-01
8.054140403953325977e-01 -8.174745840431757449e-02 -5.869734769153569509e-01
6.949972504960114650e-01 -9.358511288022747232e-02 -5.787644324641696425e-01
5.823631844480213759e-01 -1.055502428636413692e-01 -5.700068369538972002e-01
4.683668035746846869e-01 -1.175961972975392844e-01 -5.607398192916299706e-01
3.538671533521201562e-01 -1.296769062551457463e-01 -5.510103144250292351e-01
2.397080430222156000e-01 -1.417477213683546733e-01 -5.408708354422525622e-01
1.266997330748442230e-01 -1.537661869510097978e-01 -5.303772392370305067e-01
1.560216383648265620e-02 -1.656927253661504007e-01 -5.195865704228226356e-01
-9.288981679557398174e-02 -1.774912255937213246e-01 -5.085550603824812166e-01
-1.981588569564216862e-01 -1.891295301106638571e-01 -4.973363469075789967e-01
-2.996748634899731312e-01 -2.005798223823197779e-01 -4.859799647116115340e-01
-3.970019520917228983e-01 -2.118189221572557290e-01 -4.745301391629433985e-01
-4.898025115434351262e-01 -2.228284956107020320e-01 -4.630248980396065028e-01
-5.778383997173608400e-01 -2.335951828528156915e-01 -4.514955021458706419e-01
-6.609693701673000632e-01 -2.441106392888395538e-01 -4.399661852163711528e-01
-7.391488975285414043e-01 -2.543714827749050666e-01 -4.284541840600301077e-01
-8.124176259393371957e-01 -2.643791365537671578e-01 -4.169700296377835125e-01
-8.808947069429516885e-01 -2.741395571946766974e-01 -4.055180595326252635e-01
-9.447673239660969724e-01 -2.836628358407400352e-01 -3.940971041857059820e-01
-1.004278722887611108e+00 -2.929626612358595672e-01 -3.827012949811664511e-01
-1.059715084538844332e+00 -3.020556370080581532e-01 -3.713209422965232376e-01
-1.111391585395396397e+00 -3.109604547810378428e-01 -3.599434354910984180e-01
-1.159637997506750340e+00 -3.196969373410256665e-01 -3.485541228297980298e-01
-1.204784179821968948e+00 -3.282849786171099793e-01 -3.371371352979861125e-01
-1.247145812512199248e+00 -3.367434152317661522e-01 -3.256761232519129190e-01
-1.287010723168642956e+00 -3.450888648834619099e-01 -3.141548807182916736e-01
-1.324626146066824273e+00 -3.533345607983848780e-01 -3.025578422409965773e-01
-1.360187240180710688e+00 -3.614892041680229928e-01 -2.908704528417374591e-01
-1.393827166777366289e+00 -3.695558533766769016e-01 -2.790794301682119616e-01
-1.425608993174745098e+00 -3.775308704182445685e-01 -2.671729545567581021e-01
-1.455519647022607055e+00 -3.854029471201123602e-01 -2.551408348392295022e-01
-1.483466097627482050e+00 -3.931522339767176688e-01 -2.429747049060154707e-01
-1.509273889479118225e+00 -4.007495941708716369e-01 -2.306683076376981334e-01
-1.532688099719334840e+00 -4.081560072163843422e-01 -2.182179174281706213e-01
-1.553376737203581381e+00 -4.153221507980147664e-01 -2.056229402638656834e-01
-1.570936546879146745e+00 -4.221881943777084367e-01 -1.928867135807725841e-01
-1.584901128941401671e+00 -4.286838421740623573e-01 -1.800175092512640018e-01
-1.594751226951815370e+00 -4.347286642039143723e-01 -1.670297232555259248e-01
-1.599926983681903669e+00 -4.402327505184364664e-01 -1.539452169097208500e-01
-1.599841909511754867e+00 -4.450977153064609726e-01 -1.407947601668314563e-01
-1.593898256538927249e+00 -4.492180653857104078e-01 -1.276195184933887061e-01
-1.581503443314357771e+00 -4.524829332774988333e-01 -1.144725185821574148e-01
-1.562087133764239022e+00 -4.547781596460165332e-01 -1.014200218061792336e-01
-1.535118543189834650e+00 -4.559886938366408682e-01 -8.854272745166807956e-02
-1.500123524888504534e+00 -4.560012642442706210e-01 -7.593672139754674422e-02
-1.456700980730765815e+00 -4.547072523701794489e-01 -6.371408102831643827e-02
-1.404538136574641882e+00 -4.520056880767467922e-01 -5.200304547605610200e-02
-1.343424229696644767e+00 -4.478062725012047496e-01 -4.094766435425008927e-02
-1.273262172741554510e+00 -4.420323311702142322e-01 -3.070684939405354114e-02
-1.194077789933414513e+00 -4.346236015668051289e-01 -2.145277098033263052e-02
-1.106026269656808614e+00 -4.255387636725044276e-01 -1.336856412903761858e-02
-1.009395544625033114e+00 -4.147576265458800537e-01 -6.645335853622398072e-03
-9.046063948055239612e-01 -4.022828882949481266e-01 -1.478498466772723953e-03
-7.922091645254006886e-01 -3.881413919179680372e-01 1.936510104494342877e-03
-6.728770889215256457e-01 -3.723848075868158580e-01 3.409020309371482444e-03
-5.473963320464654281e-01 -3.550896856630001430e-01 2.758304422332288116e-03
-4.166529463519010879e-01 -3.363568456736585333e-01 -1.810388970389654713e-04
-2.816170693997203656e-01 -3.163100935236599076e-01 -5.553686732922887698e-03
-1.433247772543951026e-01 -2.950942888433746303e-01 -1.347840095985791860e-02
-2.858111067351471173e-03 -2.728728130217693559e-01 -2.404327600301214840e-02
1.386761234566393775e-01 -2.498245141024787175e-01 -3.730165456448676642e-02
2.801681236213710569e-01 -2.261402260255966912e-01 -5.326892153102440880e-02
4.205267357871408374e-01 -2.020189757091497007e-01 -7.192034953194749447e-02
5.587003014841954718e-01 -1.776640024647591631e-01 -9.319011715388757222e-02
6.936960734705720499e-01 -1.532787215966345540e-01 -1.169715596392902901e-01
8.245976499603514531e-01 -1.290627682421964240e-01 -1.431186514108670205e-01
9.505799724958644559e-01 -1.052082569309751581e-01 -1.714486657102778366e-01
1.070921539510991893e+00 -8.189638436386105502e-02 -2.017459089368275060e-01
1.185013596390032342e+00 -5.929448636914909365e-02 -2.337663843928714791e-01
1.292366168172731422e+00 -3.755363596430009304e-02 -2.672432030333034558e-01
1.392610898394674113e+00 -1.680684061577378263e-02 -3.018925304935033971e-01
1.485500744065043621e+00 2.832132992025281158e-03 -3.374198433638356809e-01
1.570906653230683458e+00 2.126930515633484314e-02 -3.735262647095185518e-01
1.648811421177213576e+00 3.843042129175722188e-02 -4.099147569455216522e-01
1.719300984936271037e+00 5.426032338950876471e-02 -4.462959652232477703e-01
1.782553470154251807e+00 6.872181721169952351e-02 -4.823935245072406008e-01
1.838826346532687728e+00 8.179411849155825143e-02 -5.179486698508071196e-01
1.888442079343539026e+00 9.347097747707110160e-02 -5.527240231812985405e-01
1.931772689171187052e+00 1.037585874735067470e-01 -5.865064692868332541e-01
1.969223652077853215e+00 1.126733783306503034e-01 -6.191090755562885795e-01
2.001217584875629729e+00 1.202397834976809965e-01 -6.503720525896178328e-01
2.028178160119007867e+00 1.264880550461277842e-01 -6.801627939388888988e-01
2.050514681512010107e+00 1.314521891321818459e-01 -7.083750686330096968e-01
2.068607725833632838e+00 1.351680153140972784e-01 -7.349274664103458976e-01
2.082796224617495806e+00 1.376714952675049120e-01 -7.597612136757146972e-01
2.093366316659752258e+00 1.389972683358655092e-01 -7.828374910207686055e-01
2.100542250034082681e+00 1.391774727451099147e-01 -8.041343917386695184e-01
2.104479551450275654e+00 1.382408626572518562e-01 -8.236436644502621585e-01
2.105260614644523631e+00 1.362122332613840692e-01 -8.413673814370102866e-01
2.102892791719741972e+00 1.331121589357194823e-01 -8.573146684196449874e-01
2.097309006707459123e+00 1.289570421051619564e-01 -8.714986228571741655e-01
2.088370852517078546e+00 1.237594617211305731e-01 -8.839335374062967654e-01
2.075874079476747180e+00 1.175288006798896751e-01 -8.946325330504796280e-01
2.059556331897399506e+00 1.102721222919957056e-01 -9.036056921525454921e-01
2.039106937992016366e+00 1.019952585899280562e-01 -9.108587638511088658e-01
2.014178511248370551e+00 9.270406900699147690e-02 -9.163924898995711166e-01
1.984400079425480135e+00 8.240582624406188328e-02 -9.202025671885393221e-01
1.949391418362980355e+00 7.111068428710122513e-02 -9.222802285049381821e-01
1.908778229069981958e+00 5.883317933959285317e-02 -9.226133933936653264e-01
1.862207758154178716e+00 4.559370845298067743e-02 -9.211883205017955545e-01
1.809364426543830673e+00 3.141992562238435371e-02 -9.179916797766251024e-01
1.749985004473602279e+00 1.634799390139970304e-02 -9.130129528637083158e-01
