2.146899461746215820e+00 3.220617771148681641e-03 -1.531648159027099609e+00
2.144780158996582031e+00 4.238206148147583008e-02 -1.470381975173950195e+00
2.142072439193725586e+00 4.923790693283081055e-02 -1.413000345230102539e+00
2.126428127288818359e+00 5.592131614685058594e-02 -1.341843843460083008e+00
2.097997188568115234e+00 6.239753961563110352e-02 -1.257820606231689453e+00
2.048865795135498047e+00 7.069772481918334961e-02 -1.166950225830078125e+00
2.062805175781250000e+00 1.147939562797546387e-01 -1.046276807785034180e+00
2.118601083755493164e+00 1.932969689369201660e-01 -8.727682232856750488e-01
1.959664821624755859e+00 1.684200167655944824e-01 -4.962868094444274902e-01
1.821731805801391602e+00 1.939733624458312988e-01 -3.011643886566162109e-01
1.675757169723510742e+00 2.421540617942810059e-01 -1.362493038177490234e-01
1.497333765029907227e+00 2.548630833625793457e-01 -2.994585037231445312e-02
1.400981664657592773e+00 2.456631064414978027e-01 3.996849060058593750e-03
1.297924041748046875e+00 2.429178357124328613e-01 4.028069972991943359e-02
1.194116115570068359e+00 2.419161200523376465e-01 8.255130052566528320e-02
1.121877908706665039e+00 2.616447806358337402e-01 1.542186439037322998e-01
1.037742614746093750e+00 2.812411189079284668e-01 2.343802750110626221e-01
9.509741663932800293e-01 2.852564454078674316e-01 3.043789863586425781e-01
8.714519143104553223e-01 2.661531567573547363e-01 3.487679362297058105e-01
7.901747822761535645e-01 2.459816336631774902e-01 3.903558254241943359e-01
7.020033001899719238e-01 2.225123047828674316e-01 4.282726645469665527e-01
5.914816260337829590e-01 1.889727711677551270e-01 4.606852233409881592e-01
4.700362086296081543e-01 1.329639554023742676e-01 4.656901955604553223e-01
3.323764204978942871e-01 5.818676948547363281e-02 4.675569534301757812e-01
2.097379565238952637e-01 -6.076335906982421875e-03 5.076916217803955078e-01
-1.075698733329772949e-01 -7.466101646423339844e-02 5.599103569984436035e-01
-4.337998032569885254e-01 -1.578992009162902832e-01 5.823326110839843750e-01
-6.353666186332702637e-01 -2.585598826408386230e-01 3.913713395595550537e-01
-7.798998951911926270e-01 -3.775942921638488770e-01 1.769292950630187988e-01
-8.294510841369628906e-01 -4.361985027790069580e-01 6.541907787322998047e-03
-7.304911613464355469e-01 -4.142612814903259277e-01 -1.379712224006652832e-01
-6.303873658180236816e-01 -3.553504943847656250e-01 -2.538707256317138672e-01
-5.546036958694458008e-01 -2.957378029823303223e-01 -3.700270652770996094e-01
-4.874382615089416504e-01 -2.390925288200378418e-01 -4.820062518119812012e-01
-3.805078864097595215e-01 -2.222326993942260742e-01 -6.070218682289123535e-01
-2.567460536956787109e-01 -2.199370861053466797e-01 -7.316891551017761230e-01
2.656954526901245117e-02 -2.080711722373962402e-01 -8.647066950798034668e-01
3.588580489158630371e-01 -1.195828914642333984e-01 -9.939717650413513184e-01
6.564967036247253418e-01 -5.249452590942382812e-02 -1.108604669570922852e+00
8.838303685188293457e-01 1.201134920120239258e-02 -1.189675331115722656e+00
1.082249402999877930e+00 1.155077815055847168e-01 -1.182035207748413086e+00
1.212863683700561523e+00 1.298554539680480957e-01 -1.207244396209716797e+00
1.329805850982666016e+00 7.903355360031127930e-02 -1.253182888031005859e+00
1.431111335754394531e+00 2.044051885604858398e-02 -1.281940937042236328e+00
1.520221710205078125e+00 -6.163537502288818359e-03 -1.300360918045043945e+00
1.610781431198120117e+00 -4.387676715850830078e-03 -1.314954280853271484e+00
1.688438653945922852e+00 -8.054971694946289062e-03 -1.326949357986450195e+00
1.753404617309570312e+00 -1.009899377822875977e-02 -1.336133241653442383e+00
1.823326349258422852e+00 -2.100235223770141602e-02 -1.344446659088134766e+00
1.888723611831665039e+00 -4.909396171569824219e-02 -1.345387935638427734e+00
1.937226057052612305e+00 -1.585775613784790039e-02 -1.339762210845947266e+00
1.981572628021240234e+00 1.053422689437866211e-02 -1.327795982360839844e+00
2.012924671173095703e+00 1.906573772430419922e-02 -1.307561397552490234e+00
2.030036687850952148e+00 2.729856967926025391e-02 -1.271826267242431641e+00
2.033466339111328125e+00 3.562802076339721680e-02 -1.221147775650024414e+00
2.023001909255981445e+00 4.390585422515869141e-02 -1.156077623367309570e+00
2.084863424301147461e+00 8.599627017974853516e-02 -1.049890756607055664e+00
2.159150600433349609e+00 1.574454903602600098e-01 -9.109795689582824707e-01
2.191926002502441406e+00 1.835283637046813965e-01 -7.439623475074768066e-01
2.027555465698242188e+00 1.360322833061218262e-01 -4.679668545722961426e-01
1.926972627639770508e+00 1.598686575889587402e-01 -3.397000432014465332e-01
1.778698444366455078e+00 2.012394070625305176e-01 -1.824340224266052246e-01
1.594368934631347656e+00 2.595563530921936035e-01 -7.148504257202148438e-02
1.506596326828002930e+00 2.643439173698425293e-01 -3.761678934097290039e-02
1.418483495712280273e+00 2.603747248649597168e-01 -8.177638053894042969e-03
1.348719596862792969e+00 2.708764672279357910e-01 4.451835155487060547e-02
1.286750316619873047e+00 2.972764372825622559e-01 1.295662522315979004e-01
1.210806131362915039e+00 3.243259787559509277e-01 2.260767817497253418e-01
1.138322353363037109e+00 3.294369578361511230e-01 3.012027442455291748e-01
1.070202589035034180e+00 3.123479485511779785e-01 3.538262248039245605e-01
9.976099133491516113e-01 2.937856316566467285e-01 4.054206013679504395e-01
9.213235974311828613e-01 2.739321589469909668e-01 4.553549885749816895e-01
8.421527743339538574e-01 2.529813647270202637e-01 5.030276179313659668e-01
7.519018054008483887e-01 2.380049824714660645e-01 5.850812196731567383e-01
6.598249077796936035e-01 2.228136658668518066e-01 6.663562059402465820e-01
5.715714097023010254e-01 1.900704503059387207e-01 7.382242083549499512e-01
4.169430136680603027e-01 1.020668745040893555e-01 8.116890788078308105e-01
2.408699989318847656e-01 -2.657347917556762695e-02 8.608425855636596680e-01
5.646079778671264648e-02 -1.658569574356079102e-01 8.924762606620788574e-01
-2.897686660289764404e-01 -3.340357542037963867e-01 8.950142860412597656e-01
-6.786791086196899414e-01 -4.376962482929229736e-01 9.173557162284851074e-01
-9.082360267639160156e-01 -3.265734314918518066e-01 9.006184339523315430e-01
-1.026383161544799805e+00 -2.526703476905822754e-01 7.315746545791625977e-01
-1.077037930488586426e+00 -2.619631886482238770e-01 6.194300055503845215e-01
-1.086348652839660645e+00 -2.782531976699829102e-01 5.078732967376708984e-01
-1.075203657150268555e+00 -2.922067046165466309e-01 3.805097043514251709e-01
-9.916828870773315430e-01 -3.112508654594421387e-01 1.931812763214111328e-01
-8.699332475662231445e-01 -3.208264112472534180e-01 -7.570207118988037109e-03
-6.782754063606262207e-01 -2.418873906135559082e-01 -1.874616742134094238e-01
-5.515406131744384766e-01 -1.503660678863525391e-01 -3.153272271156311035e-01
-4.301300644874572754e-01 -7.655864953994750977e-02 -4.339489936828613281e-01
-2.372575104236602783e-01 4.448413848876953125e-02 -5.060295462608337402e-01
-2.428066730499267578e-02 1.830839514732360840e-01 -5.940276980400085449e-01
1.323490142822265625e-01 2.785865664482116699e-01 -6.826807856559753418e-01
3.189814686775207520e-01 3.543851971626281738e-01 -7.936306595802307129e-01
5.464616417884826660e-01 4.301515221595764160e-01 -9.304504990577697754e-01
8.829197287559509277e-01 4.412798285484313965e-01 -1.040930747985839844e+00
1.165563344955444336e+00 4.350593686103820801e-01 -1.123728990554809570e+00
1.334415674209594727e+00 3.743321299552917480e-01 -1.156921386718750000e+00
1.473669052124023438e+00 2.693163752555847168e-01 -1.226717472076416016e+00
1.548961639404296875e+00 2.015838027000427246e-01 -1.273595333099365234e+00
1.623680353164672852e+00 1.399719119071960449e-01 -1.306391954421997070e+00
1.690705537796020508e+00 7.844150066375732422e-02 -1.328388452529907227e+00
1.757781744003295898e+00 5.174273252487182617e-02 -1.349014282226562500e+00
1.856359004974365234e+00 7.985085248947143555e-02 -1.406047105789184570e+00
1.923536300659179688e+00 8.560121059417724609e-03 -1.455898761749267578e+00
1.992854595184326172e+00 -8.441543579101562500e-02 -1.496439695358276367e+00
2.060223579406738281e+00 -1.326265335083007812e-01 -1.532815217971801758e+00
2.127522706985473633e+00 -1.750295758247375488e-01 -1.564462423324584961e+00
2.185786962509155273e+00 -2.211276888847351074e-01 -1.585710287094116211e+00
2.231806039810180664e+00 -2.699292898178100586e-01 -1.594826221466064453e+00
2.264996290206909180e+00 -3.209487795829772949e-01 -1.591633796691894531e+00
2.284926891326904297e+00 -3.736934661865234375e-01 -1.576085567474365234e+00
2.291331529617309570e+00 -4.276707470417022705e-01 -1.548264026641845703e+00
2.287931680679321289e+00 -4.837652742862701416e-01 -1.507624149322509766e+00
2.278109788894653320e+00 -5.426886081695556641e-01 -1.453859806060791016e+00
2.253851890563964844e+00 -6.206601262092590332e-01 -1.381510019302368164e+00
2.215841293334960938e+00 -7.146946191787719727e-01 -1.292158603668212891e+00
2.175956487655639648e+00 -7.883392572402954102e-01 -1.261221408843994141e+00
2.104011297225952148e+00 -8.871514201164245605e-01 -1.256854772567749023e+00
1.971723079681396484e+00 -1.113813161849975586e+00 -9.645714163780212402e-01
1.862384557723999023e+00 -1.179290533065795898e+00 -8.464277386665344238e-01
1.779064178466796875e+00 -1.180773496627807617e+00 -7.747432589530944824e-01
1.711878776550292969e+00 -1.161359190940856934e+00 -7.168964743614196777e-01
1.641576766967773438e+00 -1.136250615119934082e+00 -6.567270159721374512e-01
1.564839601516723633e+00 -1.109060764312744141e+00 -5.915154814720153809e-01
1.462077140808105469e+00 -1.070384263992309570e+00 -5.005466341972351074e-01
1.355612516403198242e+00 -1.038976073265075684e+00 -3.891443610191345215e-01
1.248075723648071289e+00 -1.015587568283081055e+00 -2.747716903686523438e-01
1.136310815811157227e+00 -9.907702207565307617e-01 -1.580632328987121582e-01
1.022773265838623047e+00 -9.653666019439697266e-01 -4.038834571838378906e-02
9.086579680442810059e-01 -9.397378563880920410e-01 7.711330056190490723e-02
7.951101660728454590e-01 -9.142283797264099121e-01 1.933569908142089844e-01
6.832098364830017090e-01 -8.891635537147521973e-01 3.073267936706542969e-01
5.739515423774719238e-01 -8.648434281349182129e-01 4.180931746959686279e-01
4.682372212409973145e-01 -8.415381908416748047e-01 5.248206853866577148e-01
3.668631911277770996e-01 -8.194856643676757812e-01 6.267794370651245117e-01
2.697524428367614746e-01 -7.969969511032104492e-01 7.225381135940551758e-01
1.639022231101989746e-01 -7.718513011932373047e-01 8.030363321304321289e-01
-1.895006299018859863e-01 -8.026842474937438965e-01 8.938877582550048828e-01
-5.264968276023864746e-01 -8.568753600120544434e-01 9.594755768775939941e-01
-8.162285089492797852e-01 -8.906661868095397949e-01 1.027426362037658691e+00
-1.068245291709899902e+00 -8.984072208404541016e-01 1.105232834815979004e+00
-1.219015836715698242e+00 -8.793663382530212402e-01 1.200833559036254883e+00
-1.282839059829711914e+00 -7.933437824249267578e-01 1.312694787979125977e+00
-1.330751657485961914e+00 -6.708723306655883789e-01 1.371773838996887207e+00
-1.349436402320861816e+00 -6.262022256851196289e-01 1.389052391052246094e+00
-1.365708589553833008e+00 -5.971666574478149414e-01 1.404278993606567383e+00
-1.379712104797363281e+00 -5.822237133979797363e-01 1.417574763298034668e+00
-1.392626285552978516e+00 -5.695275664329528809e-01 1.436128377914428711e+00
-1.403819799423217773e+00 -5.649190545082092285e-01 1.454431295394897461e+00
-1.413172483444213867e+00 -5.665574073791503906e-01 1.469603300094604492e+00
-1.420762419700622559e+00 -5.780029296875000000e-01 1.482497215270996094e+00
-1.427213191986083984e+00 -5.975637435913085938e-01 1.492885351181030273e+00
-1.432453751564025879e+00 -6.244441270828247070e-01 1.500963449478149414e+00
-1.436036825180053711e+00 -6.583781838417053223e-01 1.507159709930419922e+00
-1.442037224769592285e+00 -6.676082611083984375e-01 1.515143156051635742e+00
-1.449208498001098633e+00 -6.625142097473144531e-01 1.523674488067626953e+00
-1.455559253692626953e+00 -6.593990325927734375e-01 1.530837535858154297e+00
-1.461176395416259766e+00 -6.581561565399169922e-01 1.536653280258178711e+00
-1.466151475906372070e+00 -6.586596369743347168e-01 1.541158914566040039e+00
-1.470576524734497070e+00 -6.607706546783447266e-01 1.544407844543457031e+00
-1.474544167518615723e+00 -6.643372774124145508e-01 1.546467781066894531e+00
-1.478144645690917969e+00 -6.692004203796386719e-01 1.547416687011718750e+00
-1.481465101242065430e+00 -6.751922965049743652e-01 1.547344446182250977e+00
-1.485027790069580078e+00 -6.816253662109375000e-01 1.546083927154541016e+00
-1.488578557968139648e+00 -6.887177824974060059e-01 1.543932914733886719e+00
-1.492037057876586914e+00 -6.964777708053588867e-01 1.541082620620727539e+00
-1.495442390441894531e+00 -7.047659158706665039e-01 1.537647724151611328e+00
-1.501803636550903320e+00 -6.982690691947937012e-01 1.541071414947509766e+00
-1.507257938385009766e+00 -6.918930411338806152e-01 1.546168804168701172e+00
-1.512837886810302734e+00 -6.851232647895812988e-01 1.551260471343994141e+00
-1.518916368484497070e+00 -6.775255203247070312e-01 1.556130170822143555e+00
-1.525723934173583984e+00 -6.688320040702819824e-01 1.560633659362792969e+00
-1.532730340957641602e+00 -6.596726775169372559e-01 1.565066576004028320e+00
-1.539901137351989746e+00 -6.500923633575439453e-01 1.569418668746948242e+00
-1.549372076988220215e+00 -6.360166072845458984e-01 1.576671600341796875e+00
-1.562742948532104492e+00 -6.143800020217895508e-01 1.589076042175292969e+00
-1.566412448883056641e+00 -5.961651206016540527e-01 1.594302654266357422e+00
-1.562506437301635742e+00 -5.839242935180664062e-01 1.592471837997436523e+00
-1.558322668075561523e+00 -5.718495845794677734e-01 1.590246200561523438e+00
-1.553901672363281250e+00 -5.599574446678161621e-01 1.587686061859130859e+00
-1.549280166625976562e+00 -5.482596158981323242e-01 1.584851026535034180e+00
-1.544489145278930664e+00 -5.367628335952758789e-01 1.581801414489746094e+00
-1.539556503295898438e+00 -5.254673957824707031e-01 1.578594446182250977e+00
-1.539581894874572754e+00 -5.035388469696044922e-01 1.582685708999633789e+00
-1.544798851013183594e+00 -4.695647954940795898e-01 1.594919204711914062e+00
-1.549744606018066406e+00 -4.361465871334075928e-01 1.606888055801391602e+00
-1.555794477462768555e+00 -3.964857757091522217e-01 1.621362924575805664e+00
-1.565780401229858398e+00 -3.366670608520507812e-01 1.643994331359863281e+00
-1.575176596641540527e+00 -2.786772251129150391e-01 1.665887832641601562e+00
-1.583971023559570312e+00 -2.224804162979125977e-01 1.687068939208984375e+00
-1.592165708541870117e+00 -1.679791212081909180e-01 1.707587957382202148e+00
-1.599775075912475586e+00 -1.150233745574951172e-01 1.727514266967773438e+00
-1.606827259063720703e+00 -6.341755390167236328e-02 1.746937513351440430e+00
-1.610337734222412109e+00 -2.360963821411132812e-02 1.764230728149414062e+00
-1.611570835113525391e+00 9.744942188262939453e-03 1.780305624008178711e+00
-1.612444996833801270e+00 4.262506961822509766e-02 1.796231508255004883e+00
-1.612997293472290039e+00 7.520794868469238281e-02 1.812110185623168945e+00
-1.612885832786560059e+00 1.087880134582519531e-01 1.827844142913818359e+00
-1.610041499137878418e+00 1.487397551536560059e-01 1.841807603836059570e+00
-1.606846570968627930e+00 1.829319596290588379e-01 1.851527214050292969e+00
-1.603449821472167969e+00 2.174783349037170410e-01 1.861420392990112305e+00
-1.599906444549560547e+00 2.524191737174987793e-01 1.871527671813964844e+00
-1.592612385749816895e+00 2.966657280921936035e-01 1.882461547851562500e+00
-1.580696582794189453e+00 3.524317145347595215e-01 1.894384145736694336e+00
-1.567646980285644531e+00 3.869259953498840332e-01 1.901238918304443359e+00
-1.554540634155273438e+00 4.190661311149597168e-01 1.907721042633056641e+00
-1.541619300842285156e+00 4.512152075767517090e-01 1.914450168609619141e+00
-1.537276029586791992e+00 4.755725264549255371e-01 1.919425964355468750e+00
-1.533266544342041016e+00 4.972541928291320801e-01 1.925478935241699219e+00
-1.529589653015136719e+00 5.185171961784362793e-01 1.931774377822875977e+00
-1.526294231414794922e+00 5.391940474510192871e-01 1.938292026519775391e+00
-1.523424386978149414e+00 5.591183304786682129e-01 1.945004940032958984e+00
-1.521019220352172852e+00 5.781248211860656738e-01 1.951877593994140625e+00
-1.519898414611816406e+00 5.954378247261047363e-01 1.959203720092773438e+00
-1.525893449783325195e+00 6.064882874488830566e-01 1.969301700592041016e+00
-1.531887531280517578e+00 6.166049838066101074e-01 1.979207038879394531e+00
-1.537832498550415039e+00 6.257315278053283691e-01 1.988841772079467773e+00
-1.543704032897949219e+00 6.337175965309143066e-01 1.998118877410888672e+00
-1.549435853958129883e+00 6.405783295631408691e-01 2.006955385208129883e+00
-1.554891586303710938e+00 6.466030478477478027e-01 2.015271902084350586e+00
-1.560010910034179688e+00 6.517930626869201660e-01 2.022979259490966797e+00
-1.564730882644653320e+00 6.561712622642517090e-01 2.029987096786499023e+00
-1.569014549255371094e+00 6.596699357032775879e-01 2.036201000213623047e+00
-1.572778224945068359e+00 6.624049544334411621e-01 2.041530847549438477e+00
-1.575911998748779297e+00 6.646060347557067871e-01 2.045891523361206055e+00
-1.578326463699340820e+00 6.664226651191711426e-01 2.049191713333129883e+00
-1.580023050308227539e+00 6.676651835441589355e-01 2.051332235336303711e+00
-1.580940961837768555e+00 6.683804392814636230e-01 2.052218675613403320e+00
-1.580984473228454590e+00 6.687424778938293457e-01 2.051759958267211914e+00
-1.580086469650268555e+00 6.688120961189270020e-01 2.049861669540405273e+00
-1.578181266784667969e+00 6.686342358589172363e-01 2.046428442001342773e+00
-1.575206756591796875e+00 6.682304739952087402e-01 2.041363954544067383e+00
-1.571102499961853027e+00 6.675930619239807129e-01 2.034570932388305664e+00
-1.565815210342407227e+00 6.666852831840515137e-01 2.025954484939575195e+00
-1.559295415878295898e+00 6.654296517372131348e-01 2.015419483184814453e+00
-1.555057048797607422e+00 6.614902615547180176e-01 2.004232168197631836e+00
-1.556359887123107910e+00 6.526504158973693848e-01 1.993561029434204102e+00
-1.557750821113586426e+00 6.444529891014099121e-01 1.982574701309204102e+00
-1.559938073158264160e+00 6.405016779899597168e-01 1.973886251449584961e+00
-1.561977148056030273e+00 6.352863907814025879e-01 1.963822364807128906e+00
-1.545715093612670898e+00 6.153303980827331543e-01 1.927308320999145508e+00
-1.512180328369140625e+00 6.090211272239685059e-01 1.829022407531738281e+00
-1.511719942092895508e+00 6.086129546165466309e-01 1.824909687042236328e+00
-1.520653963088989258e+00 5.751606822013854980e-01 1.784529447555541992e+00
-1.467628240585327148e+00 4.960210919380187988e-01 1.718390703201293945e+00
-1.443280935287475586e+00 4.043651223182678223e-01 1.635844707489013672e+00
-1.405797481536865234e+00 3.212984204292297363e-01 1.507049560546875000e+00
-1.373952865600585938e+00 2.681613564491271973e-01 1.364387512207031250e+00
-1.309430599212646484e+00 1.646593213081359863e-01 1.124090433120727539e+00
-1.158058643341064453e+00 3.189486265182495117e-02 6.670482754707336426e-01
-9.109272956848144531e-01 -2.556145191192626953e-02 1.430583894252777100e-01
-7.661294341087341309e-01 2.893424034118652344e-02 -2.757869362831115723e-01
-6.658886671066284180e-01 1.112037897109985352e-01 -5.424752831459045410e-01
-3.777432143688201904e-01 2.729852795600891113e-01 -8.229430317878723145e-01
-6.204372644424438477e-02 4.361318945884704590e-01 -1.052917718887329102e+00
2.352144122123718262e-01 5.831382870674133301e-01 -1.157489538192749023e+00
6.204487681388854980e-01 5.585169196128845215e-01 -1.287799835205078125e+00
9.902247786521911621e-01 5.289426445960998535e-01 -1.420890569686889648e+00
1.266030073165893555e+00 4.045078158378601074e-01 -1.541081905364990234e+00
1.540589809417724609e+00 3.728117346763610840e-01 -1.615025043487548828e+00
1.779015541076660156e+00 3.830763697624206543e-01 -1.684623241424560547e+00
1.971456050872802734e+00 3.912639021873474121e-01 -1.762339830398559570e+00
2.135389804840087891e+00 3.677148222923278809e-01 -1.856593847274780273e+00
2.278517246246337891e+00 3.279992938041687012e-01 -1.951060533523559570e+00
2.408169031143188477e+00 2.867645621299743652e-01 -2.030598640441894531e+00
2.523778200149536133e+00 2.443410754203796387e-01 -2.095081090927124023e+00
2.593044281005859375e+00 1.929025053977966309e-01 -2.117480993270874023e+00
2.632844924926757812e+00 1.255298256874084473e-01 -2.108301162719726562e+00
2.675896883010864258e+00 4.027545452117919922e-02 -2.101045608520507812e+00
2.742585659027099609e+00 -4.743558168411254883e-02 -2.147918224334716797e+00
2.792565584182739258e+00 -1.245989799499511719e-01 -2.185360670089721680e+00
2.839929819107055664e+00 -1.385915279388427734e-01 -2.218523740768432617e+00
2.870672464370727539e+00 -1.484033465385437012e-01 -2.234543800354003906e+00
2.887250900268554688e+00 -1.588886380195617676e-01 -2.238878488540649414e+00
2.896869182586669922e+00 -1.848288774490356445e-01 -2.230361461639404297e+00
2.917840242385864258e+00 -2.246756553649902344e-01 -2.221961975097656250e+00
2.928793668746948242e+00 -2.637491822242736816e-01 -2.205740928649902344e+00
2.930330753326416016e+00 -3.014302849769592285e-01 -2.182535171508789062e+00
2.923110961914062500e+00 -3.371477723121643066e-01 -2.153201103210449219e+00
2.931742668151855469e+00 -3.753774762153625488e-01 -2.132422447204589844e+00
2.945815086364746094e+00 -4.133358895778656006e-01 -2.114609956741333008e+00
2.952154159545898438e+00 -4.477264881134033203e-01 -2.092548847198486328e+00
2.951158046722412109e+00 -4.781530499458312988e-01 -2.066836595535278320e+00
2.943284034729003906e+00 -5.043023824691772461e-01 -2.038068294525146484e+00
2.929039478302001953e+00 -5.259484052658081055e-01 -2.006827354431152344e+00
2.908978462219238281e+00 -5.429502725601196289e-01 -1.973686695098876953e+00
2.883691549301147461e+00 -5.552506446838378906e-01 -1.939196348190307617e+00
2.853804826736450195e+00 -5.628753900527954102e-01 -1.903884887695312500e+00
2.818723201751708984e+00 -5.627644062042236328e-01 -1.869786262512207031e+00
2.778776168823242188e+00 -5.542367696762084961e-01 -1.837784290313720703e+00
2.736596107482910156e+00 -5.425404906272888184e-01 -1.805885314941406250e+00
2.696351051330566406e+00 -5.236635208129882812e-01 -1.780395030975341797e+00
2.654768228530883789e+00 -5.030725002288818359e-01 -1.754657268524169922e+00
2.615588903427124023e+00 -4.828241765499114990e-01 -1.727682828903198242e+00
2.575139760971069336e+00 -4.616595506668090820e-01 -1.700730323791503906e+00
2.534047603607177734e+00 -4.398828148841857910e-01 -1.674162864685058594e+00
2.492903232574462891e+00 -4.178017675876617432e-01 -1.648300886154174805e+00
2.452246665954589844e+00 -3.957264125347137451e-01 -1.623412370681762695e+00
2.412557125091552734e+00 -3.739572167396545410e-01 -1.599707365036010742e+00
2.374240636825561523e+00 -3.527814745903015137e-01 -1.577334880828857422e+00
2.337620735168457031e+00 -3.324691653251647949e-01 -1.556370735168457031e+00
2.305259704589843750e+00 -3.116413950920104980e-01 -1.538983345031738281e+00
2.276274204254150391e+00 -2.906945943832397461e-01 -1.524928092956542969e+00
2.249129533767700195e+00 -2.714204788208007812e-01 -1.511863231658935547e+00
2.223664760589599609e+00 -2.541075944900512695e-01 -1.499377489089965820e+00
2.199631929397583008e+00 -2.389965653419494629e-01 -1.487004756927490234e+00
2.176699399948120117e+00 -2.262778878211975098e-01 -1.474231004714965820e+00
2.154464244842529297e+00 -2.160910964012145996e-01 -1.460507869720458984e+00
2.132456302642822266e+00 -2.085202932357788086e-01 -1.445261955261230469e+00
2.110153913497924805e+00 -2.036007642745971680e-01 -1.427906751632690430e+00
2.087002754211425781e+00 -2.013183832168579102e-01 -1.407862424850463867e+00
2.062418460845947266e+00 -2.016156315803527832e-01 -1.384561538696289062e+00
2.035817146301269531e+00 -2.043930888175964355e-01 -1.357470512390136719e+00
2.006623029708862305e+00 -2.095198631286621094e-01 -1.326098442077636719e+00
1.974288463592529297e+00 -2.168359160423278809e-01 -1.290012598037719727e+00
1.940851926803588867e+00 -2.209646701812744141e-01 -1.252549648284912109e+00
1.907613039016723633e+00 -2.151019573211669922e-01 -1.215260505676269531e+00
1.896160125732421875e+00 -1.957730054855346680e-01 -1.171885728836059570e+00
1.889431238174438477e+00 -1.710683107376098633e-01 -1.123249053955078125e+00
1.927223443984985352e+00 -1.039131283760070801e-01 -1.021066904067993164e+00
1.935839891433715820e+00 -6.693905591964721680e-02 -8.840717673301696777e-01
1.788016557693481445e+00 -8.996677398681640625e-02 -5.831514000892639160e-01
1.706847190856933594e+00 1.054006814956665039e-02 -3.876152634620666504e-01
1.605091571807861328e+00 1.089202761650085449e-01 -2.109839916229248047e-01
1.516235828399658203e+00 1.883143782615661621e-01 -1.354054808616638184e-01
1.458172559738159180e+00 2.375603318214416504e-01 -9.055185317993164062e-02
1.397865533828735352e+00 2.794525027275085449e-01 -4.551243782043457031e-02
1.347782850265502930e+00 3.300859332084655762e-01 1.163721084594726562e-02
1.307140588760375977e+00 3.869891762733459473e-01 8.005550503730773926e-02
1.248658895492553711e+00 4.079360365867614746e-01 1.475577354431152344e-01
1.185051679611206055e+00 4.275591969490051270e-01 2.193250358104705811e-01
1.125072956085205078e+00 4.181143641471862793e-01 2.710484862327575684e-01
1.064108371734619141e+00 4.078211188316345215e-01 3.228092491626739502e-01
1.002778530120849609e+00 3.967638611793518066e-01 3.742698431015014648e-01
9.417082667350769043e-01 3.850296139717102051e-01 4.251022040843963623e-01
8.815141320228576660e-01 3.727055191993713379e-01 4.749934673309326172e-01
8.227891325950622559e-01 3.598774075508117676e-01 5.236531496047973633e-01
7.612534165382385254e-01 3.503068089485168457e-01 5.907442569732666016e-01
6.951203942298889160e-01 3.436579108238220215e-01 6.798857450485229492e-01
6.326850056648254395e-01 3.368769288063049316e-01 7.659612894058227539e-01
5.635926127433776855e-01 3.141606450080871582e-01 8.399689793586730957e-01
5.043452382087707520e-01 2.667016386985778809e-01 9.057136178016662598e-01
4.310517907142639160e-01 2.099017500877380371e-01 9.679251909255981445e-01
2.227794528007507324e-01 1.506808400154113770e-01 1.058906078338623047e+00
-6.818294525146484375e-02 1.913465857505798340e-01 1.224980235099792480e+00
-3.391562700271606445e-01 2.314316630363464355e-01 1.381617426872253418e+00
-5.586999654769897461e-01 2.881698012351989746e-01 1.491178750991821289e+00
-7.706222534179687500e-01 3.567554354667663574e-01 1.567109823226928711e+00
-9.807785749435424805e-01 4.177066683769226074e-01 1.638545751571655273e+00
-1.147248506546020508e+00 4.307697415351867676e-01 1.676400899887084961e+00
-1.273362159729003906e+00 4.136356711387634277e-01 1.697468757629394531e+00
-1.385489821434020996e+00 3.980808854103088379e-01 1.710790872573852539e+00
-1.521463871002197266e+00 3.149455189704895020e-01 1.701383113861083984e+00
-1.559997081756591797e+00 2.935045361518859863e-01 1.713839530944824219e+00
-1.557340025901794434e+00 2.597307562828063965e-01 1.720260381698608398e+00
-1.550076842308044434e+00 2.084990143775939941e-01 1.712887763977050781e+00
-1.548323154449462891e+00 1.557042002677917480e-01 1.700307369232177734e+00
-1.545748710632324219e+00 9.937816858291625977e-02 1.684535980224609375e+00
-1.542265176773071289e+00 4.205113649368286133e-02 1.667154788970947266e+00
-1.538060665130615234e+00 -1.262104511260986328e-02 1.650430440902709961e+00
-1.533297896385192871e+00 -6.333696842193603516e-02 1.634949207305908203e+00
-1.529107570648193359e+00 -1.036394238471984863e-01 1.624901056289672852e+00
-1.524714350700378418e+00 -1.341555714607238770e-01 1.621781826019287109e+00
-1.519593238830566406e+00 -1.589497327804565430e-01 1.620247125625610352e+00
-1.515309333801269531e+00 -1.741840839385986328e-01 1.621094703674316406e+00
-1.510937094688415527e+00 -1.837222576141357422e-01 1.623796463012695312e+00
-1.514579296112060547e+00 -1.705923676490783691e-01 1.639693021774291992e+00
-1.520426273345947266e+00 -1.463866829872131348e-01 1.660108327865600586e+00
-1.525455594062805176e+00 -1.174739599227905273e-01 1.680440902709960938e+00
-1.529558420181274414e+00 -8.456027507781982422e-02 1.700280904769897461e+00
-1.534630537033081055e+00 -4.481983184814453125e-02 1.717723846435546875e+00
-1.537662506103515625e+00 -4.674851894378662109e-03 1.733383178710937500e+00
-1.534142732620239258e+00 6.030899286270141602e-02 1.756434440612792969e+00
-1.528554201126098633e+00 1.181812882423400879e-01 1.771901369094848633e+00
-1.524463176727294922e+00 1.924098134040832520e-01 1.796614885330200195e+00
-1.522514104843139648e+00 2.550671696662902832e-01 1.812790870666503906e+00
-1.523207187652587891e+00 3.203477263450622559e-01 1.830078601837158203e+00
-1.509338140487670898e+00 4.016969799995422363e-01 1.841841220855712891e+00
-1.485093116760253906e+00 4.769247174263000488e-01 1.843714237213134766e+00
-1.464598059654235840e+00 5.139232277870178223e-01 1.824332714080810547e+00
-1.451168894767761230e+00 4.948570132255554199e-01 1.761248111724853516e+00
-1.408576965332031250e+00 4.221730828285217285e-01 1.658209800720214844e+00
-1.221167802810668945e+00 4.175068736076354980e-01 1.500190734863281250e+00
-9.972762465476989746e-01 4.900979399681091309e-01 1.314047813415527344e+00
-6.749531030654907227e-01 6.183058619499206543e-01 1.059890747070312500e+00
-2.602215111255645752e-01 7.224029898643493652e-01 6.497784256935119629e-01
2.997869253158569336e-02 7.929806113243103027e-01 3.056145906448364258e-01
2.898843288421630859e-01 8.914876580238342285e-01 3.830859065055847168e-02
6.006706357002258301e-01 9.901272654533386230e-01 -2.612876892089843750e-01
7.295874953269958496e-01 1.058753728866577148e+00 -4.268363118171691895e-01
9.121397137641906738e-01 1.048671007156372070e+00 -6.151528954505920410e-01
1.146620035171508789e+00 8.560275435447692871e-01 -8.664281964302062988e-01
1.342619895935058594e+00 6.125989556312561035e-01 -1.065899610519409180e+00
1.519374132156372070e+00 4.950551390647888184e-01 -1.200434207916259766e+00
1.655850648880004883e+00 3.839817643165588379e-01 -1.330531358718872070e+00
1.781499147415161133e+00 3.219081759452819824e-01 -1.425878047943115234e+00
1.893625259399414062e+00 2.579862475395202637e-01 -1.507212877273559570e+00
1.991903543472290039e+00 1.926129460334777832e-01 -1.574497938156127930e+00
2.076220273971557617e+00 1.261833310127258301e-01 -1.627896785736083984e+00
2.165171861648559570e+00 8.301907777786254883e-02 -1.688060045242309570e+00
2.264139413833618164e+00 7.477140426635742188e-02 -1.767863273620605469e+00
2.350580215454101562e+00 8.249115943908691406e-02 -1.834540128707885742e+00
2.417980909347534180e+00 5.572366714477539062e-02 -1.886289358139038086e+00
2.472859859466552734e+00 1.941692829132080078e-02 -1.930328130722045898e+00
2.515886306762695312e+00 -1.842010021209716797e-02 -1.963906288146972656e+00
2.550369501113891602e+00 -4.521429538726806641e-02 -1.989830493927001953e+00
2.579950332641601562e+00 -4.937446117401123047e-02 -2.010599613189697266e+00
2.615576267242431641e+00 -7.052630186080932617e-02 -2.026841163635253906e+00
2.642790317535400391e+00 -9.296089410781860352e-02 -2.035638093948364258e+00
2.662148475646972656e+00 -1.163828372955322266e-01 -2.037660598754882812e+00
2.674214839935302734e+00 -1.405254006385803223e-01 -2.033565044403076172e+00
2.692748785018920898e+00 -1.679143309593200684e-01 -2.031607627868652344e+00
2.712786197662353516e+00 -1.894197463989257812e-01 -2.035222530364990234e+00
2.726547002792358398e+00 -2.086227536201477051e-01 -2.035903215408325195e+00
2.735712289810180664e+00 -2.292636036872863770e-01 -2.032014846801757812e+00
2.740388154983520508e+00 -2.512002587318420410e-01 -2.023760080337524414e+00
2.740632295608520508e+00 -2.743169665336608887e-01 -2.011276245117187500e+00
2.736451625823974609e+00 -2.985208630561828613e-01 -1.994634866714477539e+00
2.727804660797119141e+00 -3.237466812133789062e-01 -1.973841905593872070e+00
2.714602231979370117e+00 -3.499494194984436035e-01 -1.948841333389282227e+00
2.696712493896484375e+00 -3.771040439605712891e-01 -1.919521331787109375e+00
2.673970699310302734e+00 -4.052046835422515869e-01 -1.885720968246459961e+00
2.646186828613281250e+00 -4.342561960220336914e-01 -1.847242593765258789e+00
2.613376617431640625e+00 -4.640090465545654297e-01 -1.804232120513916016e+00
2.586075544357299805e+00 -4.838758111000061035e-01 -1.771535873413085938e+00
2.557106494903564453e+00 -5.065855979919433594e-01 -1.732206344604492188e+00
2.522273778915405273e+00 -5.307174921035766602e-01 -1.686829090118408203e+00
2.481889486312866211e+00 -5.562700629234313965e-01 -1.635213851928710938e+00
2.436709165573120117e+00 -5.832116007804870605e-01 -1.577213764190673828e+00
