1.826690483093261719e+01 -9.426336288452148438e+00 2.596410751342773438e+00
1.829004859924316406e+01 -9.312618255615234375e+00 2.431410312652587891e+00
1.831980323791503906e+01 -9.205588340759277344e+00 2.271556854248046875e+00
1.835461425781250000e+01 -9.104390144348144531e+00 2.116698265075683594e+00
1.839282798767089844e+01 -9.008112907409667969e+00 1.966626524925231934e+00
1.843269157409667969e+01 -8.915805816650390625e+00 1.821100354194641113e+00
1.847240257263183594e+01 -8.826510429382324219e+00 1.679852604866027832e+00
1.851011848449707031e+01 -8.739275932312011719e+00 1.542617321014404297e+00
1.854398727416992188e+01 -8.653187751770019531e+00 1.409129619598388672e+00
1.857372093200683594e+01 -8.567465782165527344e+00 1.278730392456054688e+00
1.860313987731933594e+01 -8.481616973876953125e+00 1.149647831916809082e+00
1.862279129028320312e+01 -8.394539833068847656e+00 1.023911476135253906e+00
1.863099098205566406e+01 -8.305644989013671875e+00 9.014635682106018066e-01
1.862617111206054688e+01 -8.214458465576171875e+00 7.823205590248107910e-01
1.860687637329101562e+01 -8.120640754699707031e+00 6.665847897529602051e-01
1.857179450988769531e+01 -8.023982048034667969e+00 5.544429421424865723e-01
1.851978302001953125e+01 -7.924423694610595703e+00 4.461828768253326416e-01
1.844987869262695312e+01 -7.822043418884277344e+00 3.421721756458282471e-01
1.833366394042968750e+01 -7.700664520263671875e+00 2.652353346347808838e-01
1.819077110290527344e+01 -7.572625637054443359e+00 1.995933353900909424e-01
1.802843284606933594e+01 -7.442914485931396484e+00 1.397582590579986572e-01
1.784667587280273438e+01 -7.312228679656982422e+00 8.631853014230728149e-02
1.764578056335449219e+01 -7.181393623352050781e+00 3.991154581308364868e-02
1.742627906799316406e+01 -7.051342010498046875e+00 1.205600798130035400e-03
1.718898391723632812e+01 -6.923106193542480469e+00 -2.911575883626937866e-02
1.693495368957519531e+01 -6.797805309295654297e+00 -5.036302655935287476e-02
1.666551017761230469e+01 -6.676626682281494141e+00 -6.186183542013168335e-02
1.638221549987792969e+01 -6.560805797576904297e+00 -6.296285241842269897e-02
1.608686065673828125e+01 -6.451616287231445312e+00 -5.305596441030502319e-02
1.578145408630371094e+01 -6.350339889526367188e+00 -3.158696740865707397e-02
1.546818351745605469e+01 -6.258259296417236328e+00 1.939333975315093994e-03
1.514940071105957031e+01 -6.176628112792968750e+00 4.793862253427505493e-02
1.482757568359375000e+01 -6.106661796569824219e+00 1.067449226975440979e-01
1.451270771026611328e+01 -6.047388553619384766e+00 1.514778435230255127e-01
1.421153354644775391e+01 -5.998703956604003906e+00 1.672408878803253174e-01
1.391188240051269531e+01 -5.969993591308593750e+00 1.969070136547088623e-01
1.361464309692382812e+01 -5.964458465576171875e+00 2.417425513267517090e-01
1.323013305664062500e+01 -5.944784164428710938e+00 3.618571758270263672e-01
1.283027553558349609e+01 -5.933037281036376953e+00 5.120217204093933105e-01
1.244949054718017578e+01 -5.939574241638183594e+00 6.712307929992675781e-01
1.209032249450683594e+01 -5.964791297912597656e+00 8.390220999717712402e-01
1.176842308044433594e+01 -6.013282299041748047e+00 1.009816765785217285e+00
1.142059993743896484e+01 -6.117402076721191406e+00 1.236266613006591797e+00
1.100633716583251953e+01 -6.304924964904785156e+00 1.555956840515136719e+00
1.061983013153076172e+01 -6.512360095977783203e+00 1.883446812629699707e+00
1.026269626617431641e+01 -6.738669395446777344e+00 2.217514991760253906e+00
9.936223030090332031e+00 -6.982620239257812500e+00 2.556897401809692383e+00
9.652510643005371094e+00 -7.222714424133300781e+00 2.952996492385864258e+00
9.416502952575683594e+00 -7.466349124908447266e+00 3.371882915496826172e+00
9.240585327148437500e+00 -7.729621887207031250e+00 3.777989387512207031e+00
9.173187255859375000e+00 -8.012990951538085938e+00 4.123744487762451172e+00
9.171212196350097656e+00 -8.308931350708007812e+00 4.433032035827636719e+00
9.193220138549804688e+00 -8.612897872924804688e+00 4.740785598754882812e+00
9.238414764404296875e+00 -8.922971725463867188e+00 5.045631408691406250e+00
9.305952072143554688e+00 -9.237215995788574219e+00 5.346185684204101562e+00
9.394947052001953125e+00 -9.553698539733886719e+00 5.641040802001953125e+00
9.504523277282714844e+00 -9.870510101318359375e+00 5.928776741027832031e+00
9.644612312316894531e+00 -1.018574523925781250e+01 6.191323280334472656e+00
9.808674812316894531e+00 -1.049760723114013672e+01 6.436024188995361328e+00
9.988548278808593750e+00 -1.080438709259033203e+01 6.672837257385253906e+00
1.018345832824707031e+01 -1.110443782806396484e+01 6.900396347045898438e+00
1.039272975921630859e+01 -1.139620113372802734e+01 7.117284297943115234e+00
1.061579799652099609e+01 -1.167824363708496094e+01 7.322063922882080078e+00
1.085217380523681641e+01 -1.194923973083496094e+01 7.513268470764160156e+00
1.110146522521972656e+01 -1.220798778533935547e+01 7.689419746398925781e+00
1.136332798004150391e+01 -1.245342063903808594e+01 7.849051952362060547e+00
1.163748073577880859e+01 -1.268459606170654297e+01 7.990718841552734375e+00
1.192404079437255859e+01 -1.289982223510742188e+01 8.112652778625488281e+00
1.222469329833984375e+01 -1.309399890899658203e+01 8.211644172668457031e+00
1.253548812866210938e+01 -1.327489280700683594e+01 8.290018081665039062e+00
1.285594749450683594e+01 -1.344236278533935547e+01 8.346796989440917969e+00
1.318550586700439453e+01 -1.359639358520507812e+01 8.381169319152832031e+00
1.352348709106445312e+01 -1.373709297180175781e+01 8.392514228820800781e+00
1.387554550170898438e+01 -1.385399723052978516e+01 8.373111724853515625e+00
1.424750137329101562e+01 -1.395406818389892578e+01 8.310672760009765625e+00
1.462663841247558594e+01 -1.403777599334716797e+01 8.223122596740722656e+00
1.501132297515869141e+01 -1.410560226440429688e+01 8.111348152160644531e+00
1.539971351623535156e+01 -1.415817832946777344e+01 7.976565361022949219e+00
1.578978157043457031e+01 -1.419626235961914062e+01 7.820295810699462891e+00
1.620843505859375000e+01 -1.422715568542480469e+01 7.637876987457275391e+00
1.663035392761230469e+01 -1.424683570861816406e+01 7.436592578887939453e+00
1.704698753356933594e+01 -1.425510978698730469e+01 7.220237255096435547e+00
1.741955757141113281e+01 -1.422650241851806641e+01 7.004430294036865234e+00
1.778927612304687500e+01 -1.418391227722167969e+01 6.767590999603271484e+00
1.814629173278808594e+01 -1.413465309143066406e+01 6.524144172668457031e+00
1.848801994323730469e+01 -1.408049106597900391e+01 6.277458667755126953e+00
1.881203269958496094e+01 -1.402321720123291016e+01 6.030955314636230469e+00
1.911614608764648438e+01 -1.396465492248535156e+01 5.788049221038818359e+00
1.939844322204589844e+01 -1.390660572052001953e+01 5.552078247070312500e+00
1.965736961364746094e+01 -1.385084152221679688e+01 5.326254844665527344e+00
1.990340995788574219e+01 -1.379903125762939453e+01 5.095593929290771484e+00
2.013442230224609375e+01 -1.375278377532958984e+01 4.864986419677734375e+00
2.034145355224609375e+01 -1.371360874176025391e+01 4.650181293487548828e+00
2.052439880371093750e+01 -1.368283653259277344e+01 4.453652381896972656e+00
2.068360137939453125e+01 -1.366161346435546875e+01 4.277508735656738281e+00
2.081984519958496094e+01 -1.365088939666748047e+01 4.123427867889404297e+00
2.093434143066406250e+01 -1.365138721466064453e+01 3.992643594741821289e+00
2.102870750427246094e+01 -1.366358470916748047e+01 3.885907649993896484e+00
2.110492324829101562e+01 -1.368771171569824219e+01 3.803475618362426758e+00
2.116526794433593750e+01 -1.372373199462890625e+01 3.745111227035522461e+00
2.121228790283203125e+01 -1.377134037017822266e+01 3.710085868835449219e+00
2.124870300292968750e+01 -1.382996940612792969e+01 3.697203874588012695e+00
2.127736282348632812e+01 -1.389878749847412109e+01 3.704820156097412109e+00
2.130113792419433594e+01 -1.397672843933105469e+01 3.730902671813964844e+00
2.132287025451660156e+01 -1.406248855590820312e+01 3.773051500320434570e+00
2.134528160095214844e+01 -1.415456104278564453e+01 3.828570365905761719e+00
2.137090682983398438e+01 -1.425126171112060547e+01 3.894533634185791016e+00
2.140202903747558594e+01 -1.435076427459716797e+01 3.967840671539306641e+00
2.144060134887695312e+01 -1.445113468170166016e+01 4.045303344726562500e+00
2.148820304870605469e+01 -1.455035972595214844e+01 4.123703002929687500e+00
2.154600715637207031e+01 -1.464641284942626953e+01 4.199872016906738281e+00
2.161472511291503906e+01 -1.473726272583007812e+01 4.270773887634277344e+00
2.169460487365722656e+01 -1.482095336914062500e+01 4.333556175231933594e+00
2.178540420532226562e+01 -1.489561462402343750e+01 4.385619640350341797e+00
2.188641929626464844e+01 -1.495951938629150391e+01 4.424687862396240234e+00
2.199647903442382812e+01 -1.501113128662109375e+01 4.448846340179443359e+00
2.211400604248046875e+01 -1.504911899566650391e+01 4.456583499908447266e+00
2.223701667785644531e+01 -1.507240200042724609e+01 4.446828365325927734e+00
2.236321830749511719e+01 -1.508017539978027344e+01 4.418968677520751953e+00
2.249004554748535156e+01 -1.507193279266357422e+01 4.372859477996826172e+00
2.261472320556640625e+01 -1.504746627807617188e+01 4.308827877044677734e+00
2.273438072204589844e+01 -1.500689697265625000e+01 4.227655887603759766e+00
2.284608840942382812e+01 -1.495066452026367188e+01 4.130556583404541016e+00
2.294697380065917969e+01 -1.487952613830566406e+01 4.019152164459228516e+00
2.303426551818847656e+01 -1.479452514648437500e+01 3.895408630371093750e+00
2.310540199279785156e+01 -1.469699954986572266e+01 3.761610746383666992e+00
2.315808296203613281e+01 -1.458853816986083984e+01 3.620296478271484375e+00
2.319033241271972656e+01 -1.447095203399658203e+01 3.474188327789306641e+00
2.320056533813476562e+01 -1.434623908996582031e+01 3.326139450073242188e+00
2.318761444091796875e+01 -1.421654224395751953e+01 3.179063320159912109e+00
2.315076446533203125e+01 -1.408410644531250000e+01 3.035874366760253906e+00
2.308977317810058594e+01 -1.395123672485351562e+01 2.899415731430053711e+00
2.300486946105957031e+01 -1.382024002075195312e+01 2.772407054901123047e+00
2.289675521850585938e+01 -1.369338798522949219e+01 2.657385110855102539e+00
2.276656532287597656e+01 -1.357287883758544922e+01 2.556666374206542969e+00
2.261586952209472656e+01 -1.346078205108642578e+01 2.472288608551025391e+00
2.244661521911621094e+01 -1.335900688171386719e+01 2.405979633331298828e+00
2.226107025146484375e+01 -1.326926517486572266e+01 2.359148740768432617e+00
2.206179428100585938e+01 -1.319304656982421875e+01 2.332834720611572266e+00
2.185157394409179688e+01 -1.313158988952636719e+01 2.327723503112792969e+00
2.163335418701171875e+01 -1.308586597442626953e+01 2.344118356704711914e+00
2.141019439697265625e+01 -1.305656719207763672e+01 2.381960391998291016e+00
2.118520736694335938e+01 -1.304409313201904297e+01 2.440824747085571289e+00
2.096149826049804688e+01 -1.304857254028320312e+01 2.519949436187744141e+00
2.074211311340332031e+01 -1.306982421875000000e+01 2.618236064910888672e+00
2.052999687194824219e+01 -1.310742187500000000e+01 2.734292030334472656e+00
2.032793617248535156e+01 -1.316065120697021484e+01 2.866436481475830078e+00
2.013854598999023438e+01 -1.322856807708740234e+01 3.012763738632202148e+00
1.996420860290527344e+01 -1.331000232696533203e+01 3.171143293380737305e+00
1.980706024169921875e+01 -1.340357780456542969e+01 3.339269876480102539e+00
1.966898918151855469e+01 -1.350774955749511719e+01 3.514703750610351562e+00
1.955157470703125000e+01 -1.362081336975097656e+01 3.694894790649414062e+00
1.945611381530761719e+01 -1.374094963073730469e+01 3.877231359481811523e+00
1.938360977172851562e+01 -1.386624336242675781e+01 4.059067249298095703e+00
1.933476448059082031e+01 -1.399471092224121094e+01 4.237757205963134766e+00
1.930998039245605469e+01 -1.412433910369873047e+01 4.410705089569091797e+00
1.932569503784179688e+01 -1.425190734863281250e+01 4.558446407318115234e+00
1.936718750000000000e+01 -1.437647151947021484e+01 4.693652629852294922e+00
1.942720222473144531e+01 -1.449656105041503906e+01 4.821100711822509766e+00
1.950485610961914062e+01 -1.461029624938964844e+01 4.938853740692138672e+00
1.959909057617187500e+01 -1.471588516235351562e+01 5.045112609863281250e+00
1.970868110656738281e+01 -1.481164741516113281e+01 5.138219833374023438e+00
1.983225250244140625e+01 -1.489603519439697266e+01 5.216685295104980469e+00
1.996830940246582031e+01 -1.496764564514160156e+01 5.279218196868896484e+00
2.011526298522949219e+01 -1.502524089813232422e+01 5.324712753295898438e+00
2.028239059448242188e+01 -1.506696510314941406e+01 5.340911865234375000e+00
2.047517395019531250e+01 -1.509141349792480469e+01 5.319651126861572266e+00
2.067823600769042969e+01 -1.509889125823974609e+01 5.274584770202636719e+00
2.088942909240722656e+01 -1.508894538879394531e+01 5.205846786499023438e+00
2.109155845642089844e+01 -1.505479049682617188e+01 5.125524044036865234e+00
2.129030609130859375e+01 -1.499982929229736328e+01 5.028148174285888672e+00
2.149000930786132812e+01 -1.492706489562988281e+01 4.909532070159912109e+00
2.168863296508789062e+01 -1.483691406250000000e+01 4.770714759826660156e+00
2.188420677185058594e+01 -1.472998142242431641e+01 4.612944602966308594e+00
2.207484245300292969e+01 -1.460703945159912109e+01 4.437643051147460938e+00
2.225876235961914062e+01 -1.446901893615722656e+01 4.246394157409667969e+00
2.243428993225097656e+01 -1.431698608398437500e+01 4.040918350219726562e+00
2.259990310668945312e+01 -1.415212535858154297e+01 3.823032140731811523e+00
2.275423431396484375e+01 -1.397571659088134766e+01 3.594624280929565430e+00
2.289608383178710938e+01 -1.378910732269287109e+01 3.357624053955078125e+00
2.302441215515136719e+01 -1.359370422363281250e+01 3.113972425460815430e+00
2.313838768005371094e+01 -1.339094257354736328e+01 2.865599155426025391e+00
2.323735237121582031e+01 -1.318226337432861328e+01 2.614381313323974609e+00
2.332082939147949219e+01 -1.296908473968505859e+01 2.362130880355834961e+00
2.336388015747070312e+01 -1.277365493774414062e+01 2.133404731750488281e+00
2.332491302490234375e+01 -1.263236713409423828e+01 1.968219399452209473e+00
2.327405166625976562e+01 -1.248729419708251953e+01 1.803202271461486816e+00
2.321185684204101562e+01 -1.233932876586914062e+01 1.639379262924194336e+00
2.314057922363281250e+01 -1.218645381927490234e+01 1.485257744789123535e+00
2.306884765625000000e+01 -1.201512432098388672e+01 1.379330992698669434e+00
2.298771476745605469e+01 -1.184370708465576172e+01 1.276209354400634766e+00
2.289795303344726562e+01 -1.167294979095458984e+01 1.176448106765747070e+00
2.280035018920898438e+01 -1.150353336334228516e+01 1.080516815185546875e+00
2.269570159912109375e+01 -1.133605384826660156e+01 9.888055324554443359e-01
2.258111190795898438e+01 -1.117626285552978516e+01 9.039933085441589355e-01
2.246054458618164062e+01 -1.102008819580078125e+01 8.242558836936950684e-01
2.233535766601562500e+01 -1.086701679229736328e+01 7.493296265602111816e-01
2.220624542236328125e+01 -1.071737480163574219e+01 6.793090701103210449e-01
2.207382965087890625e+01 -1.057140922546386719e+01 6.142100691795349121e-01
2.193871116638183594e+01 -1.042930603027343750e+01 5.539904236793518066e-01
2.180141639709472656e+01 -1.029117012023925781e+01 4.985393583774566650e-01
2.166243171691894531e+01 -1.015704631805419922e+01 4.477002918720245361e-01
2.152217483520507812e+01 -1.002691555023193359e+01 4.012682735919952393e-01
2.138102149963378906e+01 -9.900710105895996094e+00 3.589895069599151611e-01
2.123928833007812500e+01 -9.778309822082519531e+00 3.205846846103668213e-01
2.109724426269531250e+01 -9.659553527832031250e+00 2.857431471347808838e-01
2.095511245727539062e+01 -9.544243812561035156e+00 2.541330158710479736e-01
2.081306457519531250e+01 -9.432157516479492188e+00 2.254038155078887939e-01
2.067124366760253906e+01 -9.323036193847656250e+00 1.991935074329376221e-01
2.053053474426269531e+01 -9.216535568237304688e+00 1.726285517215728760e-01
2.039117431640625000e+01 -9.111402511596679688e+00 1.414892971515655518e-01
2.024174880981445312e+01 -9.002127647399902344e+00 1.202501431107521057e-01
2.009320831298828125e+01 -8.894882202148437500e+00 9.968928247690200806e-02
1.994557189941406250e+01 -8.789360046386718750e+00 7.943300157785415649e-02
1.979882621765136719e+01 -8.685257911682128906e+00 5.914155393838882446e-02
1.965296363830566406e+01 -8.582282066345214844e+00 3.851119428873062134e-02
1.951747131347656250e+01 -8.478578567504882812e+00 2.296365797519683838e-03
1.938794326782226562e+01 -8.374589920043945312e+00 -4.288371652364730835e-02
1.925919914245605469e+01 -8.270905494689941406e+00 -8.916326612234115601e-02
1.913110923767089844e+01 -8.167305946350097656e+00 -1.365737617015838623e-01
1.900356864929199219e+01 -8.063603401184082031e+00 -1.851145923137664795e-01
1.887645339965820312e+01 -7.959632396697998047e+00 -2.347525060176849365e-01
1.874967193603515625e+01 -7.855265617370605469e+00 -2.854128777980804443e-01
1.862315559387207031e+01 -7.750410556793212891e+00 -3.370009362697601318e-01
1.849684333801269531e+01 -7.645011425018310547e+00 -3.893903195858001709e-01
1.837072563171386719e+01 -7.539051532745361328e+00 -4.424349963665008545e-01
1.824480438232421875e+01 -7.432556152343750000e+00 -4.959637820720672607e-01
1.811912536621093750e+01 -7.325589179992675781e+00 -5.497972369194030762e-01
1.799376869201660156e+01 -7.218255519866943359e+00 -6.037327647209167480e-01
1.786885452270507812e+01 -7.110695838928222656e+00 -6.575744748115539551e-01
1.774452781677246094e+01 -7.003091812133789062e+00 -7.110974192619323730e-01
1.762098503112792969e+01 -6.895656108856201172e+00 -7.640958428382873535e-01
1.749844360351562500e+01 -6.788624763488769531e+00 -8.163563609123229980e-01
1.737715339660644531e+01 -6.682269573211669922e+00 -8.676667809486389160e-01
1.725739479064941406e+01 -6.576877593994140625e+00 -9.178239703178405762e-01
1.713945960998535156e+01 -6.472748279571533203e+00 -9.666410088539123535e-01
1.702367019653320312e+01 -6.370197296142578125e+00 -1.013932228088378906e+00
1.691034126281738281e+01 -6.269540309906005859e+00 -1.059534907341003418e+00
1.679978370666503906e+01 -6.171089172363281250e+00 -1.103298544883728027e+00
1.669231796264648438e+01 -6.075150966644287109e+00 -1.145088553428649902e+00
1.658823394775390625e+01 -5.982012748718261719e+00 -1.184800267219543457e+00
1.648780632019042969e+01 -5.891947746276855469e+00 -1.222337841987609863e+00
1.639125251770019531e+01 -5.805196285247802734e+00 -1.257627010345458984e+00
1.629877662658691406e+01 -5.721971988677978516e+00 -1.290613889694213867e+00
1.621051597595214844e+01 -5.642447471618652344e+00 -1.321277618408203125e+00
1.612654304504394531e+01 -5.566755294799804688e+00 -1.349601864814758301e+00
1.604689979553222656e+01 -5.494991302490234375e+00 -1.375602483749389648e+00
1.597152709960937500e+01 -5.427193641662597656e+00 -1.399307250976562500e+00
1.590031433105468750e+01 -5.363355159759521484e+00 -1.420768260955810547e+00
1.583306789398193359e+01 -5.303421974182128906e+00 -1.440055489540100098e+00
1.576951789855957031e+01 -5.247277736663818359e+00 -1.457257509231567383e+00
1.570933151245117188e+01 -5.194770812988281250e+00 -1.472477078437805176e+00
1.565208053588867188e+01 -5.145685672760009766e+00 -1.485834360122680664e+00
1.559728050231933594e+01 -5.099764347076416016e+00 -1.497463226318359375e+00
1.554017066955566406e+01 -5.060382366180419922e+00 -1.496431469917297363e+00
1.548372745513916016e+01 -5.024026870727539062e+00 -1.492421627044677734e+00
1.542818450927734375e+01 -4.989483356475830078e+00 -1.488076329231262207e+00
1.537275028228759766e+01 -4.956375122070312500e+00 -1.483444452285766602e+00
1.531657695770263672e+01 -4.924292087554931641e+00 -1.478568315505981445e+00
1.525877666473388672e+01 -4.892807960510253906e+00 -1.473497986793518066e+00
1.519843101501464844e+01 -4.861476421356201172e+00 -1.468276143074035645e+00
1.513460540771484375e+01 -4.829848289489746094e+00 -1.462936282157897949e+00
1.506636714935302734e+01 -4.797469615936279297e+00 -1.457516670227050781e+00
1.499278831481933594e+01 -4.763898849487304688e+00 -1.452044844627380371e+00
1.491296958923339844e+01 -4.728702068328857422e+00 -1.446549892425537109e+00
1.482605075836181641e+01 -4.691472053527832031e+00 -1.441049218177795410e+00
1.473122978210449219e+01 -4.651833534240722656e+00 -1.435553312301635742e+00
1.462778091430664062e+01 -4.609443187713623047e+00 -1.430074810981750488e+00
1.451506042480468750e+01 -4.564006328582763672e+00 -1.424614906311035156e+00
1.439251804351806641e+01 -4.515273571014404297e+00 -1.419168949127197266e+00
1.425972938537597656e+01 -4.463052749633789062e+00 -1.413731098175048828e+00
1.411639308929443359e+01 -4.407209873199462891e+00 -1.408291220664978027e+00
1.396232223510742188e+01 -4.347669601440429688e+00 -1.402827978134155273e+00
1.379748058319091797e+01 -4.284423351287841797e+00 -1.397329688072204590e+00
1.362197780609130859e+01 -4.217519760131835938e+00 -1.391773343086242676e+00
1.343606090545654297e+01 -4.147077560424804688e+00 -1.386137604713439941e+00
1.324011230468750000e+01 -4.073268413543701172e+00 -1.380399584770202637e+00
1.303465843200683594e+01 -3.996323108673095703e+00 -1.374537944793701172e+00
1.282035541534423828e+01 -3.916527032852172852e+00 -1.368529558181762695e+00
1.259796905517578125e+01 -3.834206104278564453e+00 -1.362353205680847168e+00
1.236837482452392578e+01 -3.749728679656982422e+00 -1.355989575386047363e+00
1.213254356384277344e+01 -3.663495063781738281e+00 -1.349419713020324707e+00
1.189151000976562500e+01 -3.575930833816528320e+00 -1.342625260353088379e+00
1.164636802673339844e+01 -3.487473964691162109e+00 -1.335593819618225098e+00
1.139825344085693359e+01 -3.398573398590087891e+00 -1.328310012817382812e+00
1.114830780029296875e+01 -3.309672832489013672e+00 -1.320765376091003418e+00
1.089767646789550781e+01 -3.221208095550537109e+00 -1.312951445579528809e+00
1.064749050140380859e+01 -3.133601188659667969e+00 -1.304863810539245605e+00
1.039883518218994141e+01 -3.047242879867553711e+00 -1.296502470970153809e+00
1.015324401855468750e+01 -2.962604045867919922e+00 -1.289821624755859375e+00
9.912348747253417969e+00 -2.887633562088012695e+00 -1.289311170578002930e+00
9.675720214843750000e+00 -2.814718008041381836e+00 -1.287906527519226074e+00
9.444151878356933594e+00 -2.744067430496215820e+00 -1.285609722137451172e+00
9.218346595764160156e+00 -2.675851821899414062e+00 -1.282438158988952637e+00
8.998891830444335938e+00 -2.610198020935058594e+00 -1.278414368629455566e+00
8.786282539367675781e+00 -2.547192811965942383e+00 -1.273574471473693848e+00
8.580894470214843750e+00 -2.486880779266357422e+00 -1.267959833145141602e+00
8.382996559143066406e+00 -2.429267406463623047e+00 -1.261615991592407227e+00
8.192756652832031250e+00 -2.374322414398193359e+00 -1.254595637321472168e+00
8.012725830078125000e+00 -2.323327541351318359e+00 -1.239835619926452637e+00
7.840806484222412109e+00 -2.275337457656860352e+00 -1.222887992858886719e+00
7.676353454589843750e+00 -2.229789018630981445e+00 -1.205586314201354980e+00
7.519162178039550781e+00 -2.186563014984130859e+00 -1.187955379486083984e+00
7.368972778320312500e+00 -2.145527362823486328e+00 -1.170016407966613770e+00
7.225467681884765625e+00 -2.106532335281372070e+00 -1.151785731315612793e+00
7.088287830352783203e+00 -2.069421052932739258e+00 -1.133277654647827148e+00
6.957035541534423828e+00 -2.034028768539428711e+00 -1.114503502845764160e+00
6.831299304962158203e+00 -2.000191926956176758e+00 -1.095473885536193848e+00
6.710651397705078125e+00 -1.967747569084167480e+00 -1.076199412345886230e+00
6.594665050506591797e+00 -1.936540246009826660e+00 -1.056693434715270996e+00
6.482922077178955078e+00 -1.906423568725585938e+00 -1.036970853805541992e+00
6.375016212463378906e+00 -1.877262473106384277e+00 -1.017051696777343750e+00
6.252511024475097656e+00 -1.846147060394287109e+00 -9.799212813377380371e-01
6.110179901123046875e+00 -1.812218189239501953e+00 -9.210146665573120117e-01
5.970942974090576172e+00 -1.778979182243347168e+00 -8.622942566871643066e-01
5.834556102752685547e+00 -1.746364593505859375e+00 -8.038485646247863770e-01
5.700834751129150391e+00 -1.714329719543457031e+00 -7.457802295684814453e-01
5.569647312164306641e+00 -1.682849168777465820e+00 -6.882228851318359375e-01
5.442505359649658203e+00 -1.653431534767150879e+00 -6.400853395462036133e-01
5.319176673889160156e+00 -1.625896930694580078e+00 -6.004580855369567871e-01
5.198218345642089844e+00 -1.598882555961608887e+00 -5.615263581275939941e-01
5.079668521881103516e+00 -1.572409629821777344e+00 -5.234147310256958008e-01
4.963587284088134766e+00 -1.546507120132446289e+00 -4.862478077411651611e-01
4.850064277648925781e+00 -1.521211266517639160e+00 -4.501550495624542236e-01
4.739201545715332031e+00 -1.496561288833618164e+00 -4.152640402317047119e-01
4.631110191345214844e+00 -1.472597956657409668e+00 -3.816953599452972412e-01
4.525902271270751953e+00 -1.449360728263854980e+00 -3.495664298534393311e-01
4.423682212829589844e+00 -1.426885485649108887e+00 -3.189810216426849365e-01
4.324549674987792969e+00 -1.405205368995666504e+00 -2.900361120700836182e-01
4.228579044342041016e+00 -1.384343981742858887e+00 -2.628104388713836670e-01
4.135831356048583984e+00 -1.364319443702697754e+00 -2.373696267604827881e-01
4.052126407623291016e+00 -1.346621751785278320e+00 -2.157571017742156982e-01
3.973222494125366211e+00 -1.330163002014160156e+00 -1.965332329273223877e-01
3.897601604461669922e+00 -1.314550638198852539e+00 -1.791895329952239990e-01
3.825204610824584961e+00 -1.299763679504394531e+00 -1.637084782123565674e-01
3.755938529968261719e+00 -1.285769820213317871e+00 -1.500473916530609131e-01
3.689685106277465820e+00 -1.272530794143676758e+00 -1.381466090679168701e-01
3.626292228698730469e+00 -1.259996891021728516e+00 -1.279194056987762451e-01
3.565539121627807617e+00 -1.249148249626159668e+00 -1.193036660552024841e-01
3.507236003875732422e+00 -1.239814162254333496e+00 -1.121692284941673279e-01
3.451239109039306641e+00 -1.230848312377929688e+00 -1.063307151198387146e-01
3.397328138351440430e+00 -1.222214579582214355e+00 -1.016310080885887146e-01
3.345282316207885742e+00 -1.213879466056823730e+00 -9.789999574422836304e-02
3.294872283935546875e+00 -1.205808520317077637e+00 -9.495463222265243530e-02
3.245872020721435547e+00 -1.197972416877746582e+00 -9.260406345129013062e-02
3.198059797286987305e+00 -1.190343022346496582e+00 -9.065010398626327515e-02
3.151134729385375977e+00 -1.183228969573974609e+00 -8.864512294530868530e-02
3.103841543197631836e+00 -1.180868268013000488e+00 -8.323618024587631226e-02
3.057170152664184570e+00 -1.178419947624206543e+00 -7.779540866613388062e-02
3.010941505432128906e+00 -1.175850033760070801e+00 -7.214482873678207397e-02
2.964982032775878906e+00 -1.173134684562683105e+00 -6.611105054616928101e-02
2.919134855270385742e+00 -1.170259952545166016e+00 -5.952652543783187866e-02
2.873255014419555664e+00 -1.167220592498779297e+00 -5.223532766103744507e-02
2.828545808792114258e+00 -1.163847684860229492e+00 -4.435690492391586304e-02
2.790565490722656250e+00 -1.159430980682373047e+00 -3.687389940023422241e-02
2.752096891403198242e+00 -1.154883742332458496e+00 -2.829333394765853882e-02
2.713086843490600586e+00 -1.150215506553649902e+00 -1.854356378316879272e-02
2.672904968261718750e+00 -1.145668506622314453e+00 -6.855331361293792725e-03
2.631578922271728516e+00 -1.141238927841186523e+00 6.735123693943023682e-03
2.587524890899658203e+00 -1.136450409889221191e+00 2.128938585519790649e-02
2.542727231979370117e+00 -1.131573200225830078e+00 3.702083975076675415e-02
2.497325420379638672e+00 -1.126644492149353027e+00 5.390421301126480103e-02
2.451389312744140625e+00 -1.121684312820434570e+00 7.187274843454360962e-02
2.405019760131835938e+00 -1.116714119911193848e+00 9.082929044961929321e-02
2.358342409133911133e+00 -1.111751198768615723e+00 1.106489077210426331e-01
2.314175844192504883e+00 -1.106334090232849121e+00 1.292203962802886963e-01
2.270122289657592773e+00 -1.100943803787231445e+00 1.482748091220855713e-01
2.226269721984863281e+00 -1.095619440078735352e+00 1.677155196666717529e-01
2.182842016220092773e+00 -1.090379595756530762e+00 1.873452961444854736e-01
2.140087366104125977e+00 -1.085246324539184570e+00 2.069608867168426514e-01
2.098270177841186523e+00 -1.080244660377502441e+00 2.263559401035308838e-01
2.057653665542602539e+00 -1.075400948524475098e+00 2.453323900699615479e-01
2.018514394760131836e+00 -1.070749998092651367e+00 2.637008130550384521e-01
1.981173157691955566e+00 -1.066242456436157227e+00 2.815094888210296631e-01
1.946630358695983887e+00 -1.060579657554626465e+00 3.021263182163238525e-01
1.914288163185119629e+00 -1.055342793464660645e+00 3.213990032672882080e-01
1.884372472763061523e+00 -1.050588369369506836e+00 3.392195403575897217e-01
1.857079982757568359e+00 -1.046373367309570312e+00 3.555130660533905029e-01
1.832579135894775391e+00 -1.042760252952575684e+00 3.702402412891387939e-01
1.811000943183898926e+00 -1.039810776710510254e+00 3.833961784839630127e-01
1.792435050010681152e+00 -1.037586092948913574e+00 3.950151503086090088e-01
1.776933312416076660e+00 -1.036146163940429688e+00 4.051647484302520752e-01
1.764503717422485352e+00 -1.035547852516174316e+00 4.139486849308013916e-01
1.756976962089538574e+00 -1.037182688713073730e+00 4.203680455684661865e-01
1.753258347511291504e+00 -1.040365099906921387e+00 4.252036511898040771e-01
1.751115083694458008e+00 -1.043615937232971191e+00 4.299291074275970459e-01
1.750494718551635742e+00 -1.047036170959472656e+00 4.346872866153717041e-01
1.751329183578491211e+00 -1.050730824470520020e+00 4.396279156208038330e-01
1.753533005714416504e+00 -1.054801106452941895e+00 4.448993504047393799e-01
1.757007837295532227e+00 -1.059346199035644531e+00 4.506473243236541748e-01
1.763450264930725098e+00 -1.065754771232604980e+00 4.559135735034942627e-01
1.772770404815673828e+00 -1.074127316474914551e+00 4.608100950717926025e-01
1.783370137214660645e+00 -1.083475351333618164e+00 4.663436710834503174e-01
1.794987320899963379e+00 -1.093756675720214844e+00 4.726949632167816162e-01
1.807366013526916504e+00 -1.104917049407958984e+00 4.800167381763458252e-01
1.820269584655761719e+00 -1.116894602775573730e+00 4.884311854839324951e-01
1.833474278450012207e+00 -1.129616856575012207e+00 4.980303943157196045e-01
1.846785783767700195e+00 -1.143004655838012695e+00 5.088675022125244141e-01
1.860033035278320312e+00 -1.156970739364624023e+00 5.209609866142272949e-01
1.873077869415283203e+00 -1.171423196792602539e+00 5.342876315116882324e-01
1.885811090469360352e+00 -1.186265230178833008e+00 5.487914085388183594e-01
1.898157954216003418e+00 -1.201397657394409180e+00 5.643771886825561523e-01
1.910067319869995117e+00 -1.216717600822448730e+00 5.809212923049926758e-01
1.921524763107299805e+00 -1.232123255729675293e+00 5.982668399810791016e-01
1.932539224624633789e+00 -1.247515678405761719e+00 6.162363886833190918e-01
1.943141460418701172e+00 -1.262795805931091309e+00 6.346322894096374512e-01
1.953386187553405762e+00 -1.277871251106262207e+00 6.532405018806457520e-01
1.963340997695922852e+00 -1.292655706405639648e+00 6.718454957008361816e-01
1.973083853721618652e+00 -1.307069182395935059e+00 6.902257204055786133e-01
1.982704520225524902e+00 -1.321040511131286621e+00 7.081648111343383789e-01
1.992292642593383789e+00 -1.334510087966918945e+00 7.254592776298522949e-01
2.001932859420776367e+00 -1.347425222396850586e+00 7.419207096099853516e-01
2.009280920028686523e+00 -1.360695123672485352e+00 7.602847218513488770e-01
2.015537738800048828e+00 -1.373850345611572266e+00 7.790573835372924805e-01
2.022097826004028320e+00 -1.386354923248291016e+00 7.965310215950012207e-01
2.029033422470092773e+00 -1.398192405700683594e+00 8.125879168510437012e-01
2.036400794982910156e+00 -1.409355998039245605e+00 8.271409869194030762e-01
2.044234752655029297e+00 -1.419847965240478516e+00 8.401369452476501465e-01
2.052553892135620117e+00 -1.429679751396179199e+00 8.515538573265075684e-01
2.061347723007202148e+00 -1.438868522644042969e+00 8.614046573638916016e-01
2.070585489273071289e+00 -1.447437882423400879e+00 8.697310090065002441e-01
2.080141305923461914e+00 -1.456112861633300781e+00 8.763644099235534668e-01
2.092486143112182617e+00 -1.463822245597839355e+00 8.787049651145935059e-01
2.105341911315917969e+00 -1.470848679542541504e+00 8.795126676559448242e-01
2.119080066680908203e+00 -1.475605607032775879e+00 8.841046094894409180e-01
2.132723331451416016e+00 -1.479700922966003418e+00 8.884292244911193848e-01
2.146065235137939453e+00 -1.483320355415344238e+00 8.921700119972229004e-01
2.158964395523071289e+00 -1.486499667167663574e+00 8.954112529754638672e-01
2.171271800994873047e+00 -1.489271759986877441e+00 8.982406258583068848e-01
2.182826995849609375e+00 -1.491664648056030273e+00 9.007524847984313965e-01
2.193474054336547852e+00 -1.493706107139587402e+00 9.030416607856750488e-01
2.203047513961791992e+00 -1.495416879653930664e+00 9.052073955535888672e-01
2.211399555206298828e+00 -1.496818900108337402e+00 9.073421359062194824e-01
2.218388795852661133e+00 -1.497929811477661133e+00 9.095354080200195312e-01
2.223890066146850586e+00 -1.498768210411071777e+00 9.118726849555969238e-01
2.227800130844116211e+00 -1.499350428581237793e+00 9.144286513328552246e-01
2.230041265487670898e+00 -1.499696254730224609e+00 9.172701835632324219e-01
2.230557680130004883e+00 -1.499825358390808105e+00 9.204544425010681152e-01
2.229325056076049805e+00 -1.499758601188659668e+00 9.240255355834960938e-01
2.226350307464599609e+00 -1.499523043632507324e+00 9.280194640159606934e-01
2.221668958663940430e+00 -1.499147295951843262e+00 9.324587583541870117e-01
2.215344190597534180e+00 -1.498661398887634277e+00 9.373565316200256348e-01
2.207470893859863281e+00 -1.498100519180297852e+00 9.427136778831481934e-01
2.198165178298950195e+00 -1.497501611709594727e+00 9.485255479812622070e-01
2.184438467025756836e+00 -1.497697472572326660e+00 9.587684273719787598e-01
2.168673515319824219e+00 -1.498165607452392578e+00 9.705846309661865234e-01
2.152045011520385742e+00 -1.498695492744445801e+00 9.826722145080566406e-01
2.134692668914794922e+00 -1.500165224075317383e+00 9.946541190147399902e-01
2.116928339004516602e+00 -1.501918435096740723e+00 1.006678819656372070e+00
2.099012613296508789e+00 -1.503802776336669922e+00 1.018725275993347168e+00
2.081187486648559570e+00 -1.505838036537170410e+00 1.030711770057678223e+00
2.063686132431030273e+00 -1.508044242858886719e+00 1.042559385299682617e+00
2.046743631362915039e+00 -1.510445475578308105e+00 1.054190754890441895e+00
2.030581951141357422e+00 -1.513061404228210449e+00 1.065534949302673340e+00
2.015409946441650391e+00 -1.515913963317871094e+00 1.076525807380676270e+00
2.001429080963134766e+00 -1.519025921821594238e+00 1.087102770805358887e+00
1.988822579383850098e+00 -1.522419333457946777e+00 1.097210884094238281e+00
1.977766156196594238e+00 -1.526118159294128418e+00 1.106801271438598633e+00
1.968417763710021973e+00 -1.530147552490234375e+00 1.115830183029174805e+00
1.960643768310546875e+00 -1.534499287605285645e+00 1.124230146408081055e+00
1.954058408737182617e+00 -1.539136290550231934e+00 1.131914496421813965e+00
1.949883222579956055e+00 -1.544329762458801270e+00 1.138859152793884277e+00
1.948218822479248047e+00 -1.550094127655029297e+00 1.145061254501342773e+00
1.948200225830078125e+00 -1.555763840675354004e+00 1.151108860969543457e+00
1.951246380805969238e+00 -1.562322854995727539e+00 1.156199812889099121e+00
1.956938147544860840e+00 -1.569447994232177734e+00 1.160648941993713379e+00
1.965340256690979004e+00 -1.577171564102172852e+00 1.164475917816162109e+00
1.976498007774353027e+00 -1.585526108741760254e+00 1.167709827423095703e+00
1.990441679954528809e+00 -1.594543695449829102e+00 1.170390009880065918e+00
2.007172584533691406e+00 -1.604249835014343262e+00 1.172566771507263184e+00
2.026676416397094727e+00 -1.614669322967529297e+00 1.174298882484436035e+00
