2.381469011306762695e+00 -1.130689978599548340e+00 1.119188785552978516e+00
2.329673051834106445e+00 -1.150177001953125000e+00 1.119330286979675293e+00
2.324233531951904297e+00 -1.146302342414855957e+00 1.114766836166381836e+00
2.209517955780029297e+00 -1.152105927467346191e+00 1.090978026390075684e+00
2.052947759628295898e+00 -1.202230691909790039e+00 1.095715165138244629e+00
1.992983222007751465e+00 -1.190359354019165039e+00 1.087628602981567383e+00
1.909622192382812500e+00 -1.208322882652282715e+00 1.074973583221435547e+00
1.813416123390197754e+00 -1.218839049339294434e+00 1.054070949554443359e+00
1.839874863624572754e+00 -1.205429196357727051e+00 1.052861452102661133e+00
1.833424091339111328e+00 -1.216022849082946777e+00 1.078917264938354492e+00
1.828132629394531250e+00 -1.208841681480407715e+00 1.077375173568725586e+00
1.774552226066589355e+00 -1.215098023414611816e+00 1.066383957862854004e+00
1.760249495506286621e+00 -1.207511186599731445e+00 1.065210103988647461e+00
1.765497565269470215e+00 -1.191273808479309082e+00 1.056933879852294922e+00
1.770309805870056152e+00 -1.209106683731079102e+00 1.087687253952026367e+00
1.811154603958129883e+00 -1.184503436088562012e+00 1.077845096588134766e+00
1.821381807327270508e+00 -1.197352290153503418e+00 1.080700397491455078e+00
1.820341467857360840e+00 -1.197293400764465332e+00 1.061480283737182617e+00
1.772197842597961426e+00 -1.186746716499328613e+00 1.016895532608032227e+00
1.747735857963562012e+00 -1.181626677513122559e+00 9.933242201805114746e-01
1.729734659194946289e+00 -1.163038372993469238e+00 9.471156597137451172e-01
1.738994002342224121e+00 -1.143382310867309570e+00 9.391099810600280762e-01
1.751418948173522949e+00 -1.144255518913269043e+00 9.574770331382751465e-01
1.719004511833190918e+00 -1.145665764808654785e+00 9.291292428970336914e-01
1.686647057533264160e+00 -1.149793267250061035e+00 8.895952105522155762e-01
1.660644292831420898e+00 -1.153015136718750000e+00 8.495743870735168457e-01
1.660581588745117188e+00 -1.145277500152587891e+00 8.320733308792114258e-01
1.647155165672302246e+00 -1.148547291755676270e+00 7.758530378341674805e-01
1.657809138298034668e+00 -1.127302646636962891e+00 7.300708889961242676e-01
1.599590182304382324e+00 -1.126539587974548340e+00 6.422782540321350098e-01
1.542261004447937012e+00 -1.135592579841613770e+00 5.647649765014648438e-01
1.454938650131225586e+00 -1.131040096282958984e+00 4.234815835952758789e-01
1.349174618721008301e+00 -1.109300613403320312e+00 2.417888939380645752e-01
1.194147229194641113e+00 -1.086395978927612305e+00 2.212301269173622131e-02
1.122496962547302246e+00 -1.059825539588928223e+00 -2.188869118690490723e-01
9.871706366539001465e-01 -1.012388944625854492e+00 -4.608138501644134521e-01
9.312533736228942871e-01 -9.479420185089111328e-01 -6.872699856758117676e-01
8.742268085479736328e-01 -9.044309258460998535e-01 -7.184584140777587891e-01
8.648606538772583008e-01 -8.996834158897399902e-01 -7.384485602378845215e-01
8.283351659774780273e-01 -8.754649162292480469e-01 -7.605113387107849121e-01
8.081928491592407227e-01 -8.661739826202392578e-01 -7.944710850715637207e-01
7.343320846557617188e-01 -8.175917863845825195e-01 -8.411864638328552246e-01
6.824080944061279297e-01 -7.796362638473510742e-01 -8.536402583122253418e-01
6.049162149429321289e-01 -7.273542881011962891e-01 -8.956207633018493652e-01
5.140739679336547852e-01 -6.652425527572631836e-01 -9.404232501983642578e-01
3.986523449420928955e-01 -6.397224664688110352e-01 -9.750844836235046387e-01
2.629570662975311279e-01 -6.329451799392700195e-01 -1.016387462615966797e+00
6.510664522647857666e-02 -6.122562289237976074e-01 -1.047349333763122559e+00
-7.216770946979522705e-02 -5.514900088310241699e-01 -1.104119539260864258e+00
-1.529087722301483154e-01 -5.308156609535217285e-01 -1.139430642127990723e+00
-2.786832153797149658e-01 -5.176637768745422363e-01 -1.159409165382385254e+00
-5.805124640464782715e-01 -5.119398236274719238e-01 -1.159094572067260742e+00
-8.124678134918212891e-01 -5.103250145912170410e-01 -1.179674148559570312e+00
-1.273216605186462402e+00 -5.289089679718017578e-01 -1.152535080909729004e+00
-1.506977796554565430e+00 -4.999659657478332520e-01 -1.090150833129882812e+00
-1.815064907073974609e+00 -4.354027509689331055e-01 -1.068235516548156738e+00
-2.115196228027343750e+00 -2.406673729419708252e-01 -1.057536840438842773e+00
-2.350491285324096680e+00 -9.469129145145416260e-02 -1.045822978019714355e+00
-2.572391748428344727e+00 3.293456882238388062e-02 -1.037007093429565430e+00
-2.810638666152954102e+00 2.112234234809875488e-01 -1.012146353721618652e+00
-2.982738733291625977e+00 4.378311336040496826e-01 -9.664210081100463867e-01
-3.084651708602905273e+00 5.763542056083679199e-01 -9.246896505355834961e-01
-3.130979061126708984e+00 6.087976694107055664e-01 -9.551743865013122559e-01
-3.046003341674804688e+00 6.096276640892028809e-01 -9.828568696975708008e-01
-2.960867881774902344e+00 6.125435829162597656e-01 -1.023759007453918457e+00
-2.841846704483032227e+00 6.321330666542053223e-01 -1.055563926696777344e+00
-2.741360902786254883e+00 6.972244977951049805e-01 -1.102430105209350586e+00
-2.647477865219116211e+00 7.464550137519836426e-01 -1.126048922538757324e+00
-2.533123970031738281e+00 8.166948556900024414e-01 -1.166666269302368164e+00
-2.529123067855834961e+00 8.908068537712097168e-01 -1.206035017967224121e+00
-2.542658090591430664e+00 8.887033462524414062e-01 -1.211004137992858887e+00
-2.495643377304077148e+00 9.617072343826293945e-01 -1.248984098434448242e+00
-2.391397953033447266e+00 1.058212876319885254e+00 -1.343225121498107910e+00
-2.264665842056274414e+00 1.132526040077209473e+00 -1.455841660499572754e+00
-1.954022049903869629e+00 1.281125307083129883e+00 -1.621062278747558594e+00
-1.646326780319213867e+00 1.426747441291809082e+00 -1.827934741973876953e+00
-1.539984464645385742e+00 1.475494980812072754e+00 -1.859119057655334473e+00
-1.462832331657409668e+00 1.504625082015991211e+00 -1.906764864921569824e+00
-1.463802456855773926e+00 1.500999927520751953e+00 -1.944808125495910645e+00
-1.392477393150329590e+00 1.526821136474609375e+00 -2.030345916748046875e+00
-1.354634642601013184e+00 1.543271780014038086e+00 -2.060515880584716797e+00
-1.257575511932373047e+00 1.613979339599609375e+00 -2.090505838394165039e+00
-1.180453896522521973e+00 1.644769430160522461e+00 -2.176744222640991211e+00
-1.149659872055053711e+00 1.606313228607177734e+00 -2.206002473831176758e+00
-1.162788152694702148e+00 1.626999616622924805e+00 -2.260497331619262695e+00
-1.161247253417968750e+00 1.603102684020996094e+00 -2.268272638320922852e+00
-1.152168035507202148e+00 1.608428955078125000e+00 -2.273413896560668945e+00
-1.163366079330444336e+00 1.601517438888549805e+00 -2.302212953567504883e+00
-1.153933763504028320e+00 1.648880958557128906e+00 -2.299616098403930664e+00
-1.162700533866882324e+00 1.665094614028930664e+00 -2.335330724716186523e+00
-1.160666584968566895e+00 1.673233628273010254e+00 -2.353989839553833008e+00
-1.167536020278930664e+00 1.674970149993896484e+00 -2.379106521606445312e+00
-1.186604261398315430e+00 1.679942607879638672e+00 -2.433032512664794922e+00
-1.159171700477600098e+00 1.720308780670166016e+00 -2.427739381790161133e+00
-1.042249083518981934e+00 1.790296792984008789e+00 -2.359512567520141602e+00
-9.282475113868713379e-01 1.839450359344482422e+00 -2.330208539962768555e+00
-6.933476924896240234e-01 1.935749888420104980e+00 -2.224000692367553711e+00
-5.372107028961181641e-01 1.989797472953796387e+00 -2.171005725860595703e+00
-3.795805275440216064e-01 2.051973819732666016e+00 -2.088903903961181641e+00
-2.650803923606872559e-01 2.114566087722778320e+00 -2.041375637054443359e+00
-1.306653618812561035e-01 2.157935857772827148e+00 -1.982583761215209961e+00
1.325502526015043259e-02 2.187422275543212891e+00 -1.905038237571716309e+00
1.876047849655151367e-01 2.263940095901489258e+00 -1.808292865753173828e+00
3.385145962238311768e-01 2.375322103500366211e+00 -1.735701560974121094e+00
4.809162020683288574e-01 2.362848520278930664e+00 -1.701459765434265137e+00
6.587040424346923828e-01 2.318078517913818359e+00 -1.637425065040588379e+00
8.242729306221008301e-01 2.266528606414794922e+00 -1.570605993270874023e+00
1.023352146148681641e+00 2.171610593795776367e+00 -1.466254353523254395e+00
1.175866246223449707e+00 2.085491418838500977e+00 -1.376540660858154297e+00
1.310761094093322754e+00 2.004913091659545898e+00 -1.293977975845336914e+00
1.446983456611633301e+00 1.914214730262756348e+00 -1.203803420066833496e+00
1.608732700347900391e+00 1.805443525314331055e+00 -1.095945954322814941e+00
1.798115372657775879e+00 1.688611745834350586e+00 -9.773323535919189453e-01
2.016068935394287109e+00 1.533147215843200684e+00 -8.255106806755065918e-01
2.185963392257690430e+00 1.367057085037231445e+00 -6.744307279586791992e-01
2.406871557235717773e+00 1.207464218139648438e+00 -5.190777778625488281e-01
2.704419374465942383e+00 9.926271438598632812e-01 -3.099182248115539551e-01
2.945075750350952148e+00 7.187649607658386230e-01 -1.447720974683761597e-01
3.130399227142333984e+00 4.055068790912628174e-01 5.872361734509468079e-02
3.226510524749755859e+00 2.001527249813079834e-01 1.303251981735229492e-01
3.347539424896240234e+00 1.694498211145401001e-02 2.208364605903625488e-01
3.396478891372680664e+00 -1.406668126583099365e-01 3.053025305271148682e-01
3.434113502502441406e+00 -2.375721335411071777e-01 3.562303781509399414e-01
3.443725347518920898e+00 -3.533792197704315186e-01 4.216090142726898193e-01
3.470703601837158203e+00 -4.652673602104187012e-01 4.843693077564239502e-01
3.456374406814575195e+00 -5.341810584068298340e-01 5.311842560768127441e-01
3.412240028381347656e+00 -6.004657149314880371e-01 5.966747403144836426e-01
3.353887319564819336e+00 -6.521001458168029785e-01 6.567176580429077148e-01
3.317945957183837891e+00 -7.026256322860717773e-01 7.002889513969421387e-01
3.273549318313598633e+00 -7.501908540725708008e-01 7.446434497833251953e-01
3.255566120147705078e+00 -7.899897694587707520e-01 7.778723239898681641e-01
3.251688241958618164e+00 -8.180325627326965332e-01 7.915439605712890625e-01
3.243033409118652344e+00 -8.596757054328918457e-01 8.156467676162719727e-01
3.202785968780517578e+00 -8.961749672889709473e-01 8.387781381607055664e-01
3.145538330078125000e+00 -9.193143248558044434e-01 8.457607626914978027e-01
3.091620683670043945e+00 -9.439698457717895508e-01 8.464517593383789062e-01
3.061232805252075195e+00 -9.724596738815307617e-01 8.678870201110839844e-01
2.985093593597412109e+00 -9.841204881668090820e-01 8.866833448410034180e-01
2.961967706680297852e+00 -1.004795789718627930e+00 9.242595434188842773e-01
2.924175024032592773e+00 -1.025664329528808594e+00 9.606697559356689453e-01
2.851104021072387695e+00 -1.034785628318786621e+00 9.761664271354675293e-01
2.812851190567016602e+00 -1.049895763397216797e+00 1.001145720481872559e+00
2.802565097808837891e+00 -1.070504665374755859e+00 1.032359600067138672e+00
2.769699335098266602e+00 -1.073507905006408691e+00 1.039682388305664062e+00
2.699058532714843750e+00 -1.065914273262023926e+00 1.034207820892333984e+00
2.636103868484497070e+00 -1.064971208572387695e+00 1.049489498138427734e+00
2.615920782089233398e+00 -1.073422074317932129e+00 1.069474935531616211e+00
2.539997339248657227e+00 -1.097142219543457031e+00 1.086721181869506836e+00
2.460041999816894531e+00 -1.111047148704528809e+00 1.081356287002563477e+00
2.375393867492675781e+00 -1.151375412940979004e+00 1.091894388198852539e+00
2.304399967193603516e+00 -1.199396491050720215e+00 1.105714082717895508e+00
2.085685014724731445e+00 -1.282047510147094727e+00 1.085307121276855469e+00
1.816992878913879395e+00 -1.335985660552978516e+00 1.055873990058898926e+00
1.572499036788940430e+00 -1.371712803840637207e+00 1.055551052093505859e+00
1.143619894981384277e+00 -1.493307232856750488e+00 1.145435690879821777e+00
8.160838484764099121e-01 -1.529343843460083008e+00 1.203588247299194336e+00
3.478353023529052734e-01 -1.481009244918823242e+00 1.168639183044433594e+00
1.149114668369293213e-01 -1.403800845146179199e+00 1.122750282287597656e+00
-1.209496110677719116e-01 -1.289701461791992188e+00 1.017799854278564453e+00
-2.380356043577194214e-01 -1.197603344917297363e+00 8.746268153190612793e-01
-3.169172108173370361e-01 -1.112775325775146484e+00 7.736057043075561523e-01
-3.504725396633148193e-01 -1.065262794494628906e+00 7.319163084030151367e-01
-4.060960114002227783e-01 -1.002658128738403320e+00 6.763187646865844727e-01
-4.318523406982421875e-01 -9.608675837516784668e-01 6.382455825805664062e-01
-4.333089888095855713e-01 -9.400091171264648438e-01 6.189758777618408203e-01
-5.420212149620056152e-01 -8.370425105094909668e-01 5.347100496292114258e-01
-6.285498142242431641e-01 -7.684410810470581055e-01 4.547469019889831543e-01
-8.353147506713867188e-01 -6.184669733047485352e-01 2.589638531208038330e-01
-9.185353517532348633e-01 -5.111801028251647949e-01 1.377575099468231201e-01
-9.157812595367431641e-01 -2.078147828578948975e-01 1.046136394143104553e-02
-6.893718242645263672e-01 3.993644565343856812e-02 -2.857340499758720398e-02
-3.709183335304260254e-01 2.796663939952850342e-01 2.445324957370758057e-01
-1.774058490991592407e-01 3.882046043872833252e-01 4.522209167480468750e-01
7.233557850122451782e-02 4.405348598957061768e-01 7.844319343566894531e-01
4.688146412372589111e-01 4.067957699298858643e-01 9.239847660064697266e-01
9.885881543159484863e-01 3.058175146579742432e-01 1.031818389892578125e+00
1.376145482063293457e+00 1.485971510410308838e-01 1.032849550247192383e+00
1.686695337295532227e+00 2.921933680772781372e-02 1.043007850646972656e+00
1.907311797142028809e+00 -1.451060622930526733e-01 9.281800985336303711e-01
2.060465812683105469e+00 -2.618533968925476074e-01 9.479981660842895508e-01
2.184877395629882812e+00 -3.151536881923675537e-01 9.856064915657043457e-01
2.387920379638671875e+00 -3.877918422222137451e-01 1.025026559829711914e+00
2.560021638870239258e+00 -4.693329930305480957e-01 1.052347421646118164e+00
2.684059619903564453e+00 -5.657762885093688965e-01 1.050325036048889160e+00
2.719599485397338867e+00 -6.368799805641174316e-01 1.044384360313415527e+00
2.770933628082275391e+00 -6.978637576103210449e-01 1.032549023628234863e+00
2.726802825927734375e+00 -7.391983270645141602e-01 1.025299072265625000e+00
2.708638429641723633e+00 -8.026918768882751465e-01 1.046582102775573730e+00
2.647858858108520508e+00 -8.504780530929565430e-01 1.058560132980346680e+00
2.647789955139160156e+00 -9.013191461563110352e-01 1.050873398780822754e+00
2.606606960296630859e+00 -9.455742239952087402e-01 1.048253774642944336e+00
2.598276615142822266e+00 -9.857018589973449707e-01 1.032607793807983398e+00
2.546707153320312500e+00 -1.008650064468383789e+00 1.031711816787719727e+00
2.491001367568969727e+00 -1.025545239448547363e+00 1.064229249954223633e+00
2.424767494201660156e+00 -1.030904173851013184e+00 1.079092621803283691e+00
2.390742063522338867e+00 -1.043304562568664551e+00 1.073973417282104492e+00
2.390266180038452148e+00 -1.061327219009399414e+00 1.075023531913757324e+00
2.410222291946411133e+00 -1.073989868164062500e+00 1.077277421951293945e+00
2.423893928527832031e+00 -1.082216262817382812e+00 1.078283905982971191e+00
2.420852184295654297e+00 -1.091220974922180176e+00 1.080089092254638672e+00
2.369679927825927734e+00 -1.104214072227478027e+00 1.077369689941406250e+00
2.323639392852783203e+00 -1.123703956604003906e+00 1.080421686172485352e+00
2.311007499694824219e+00 -1.158588409423828125e+00 1.104007124900817871e+00
2.230514049530029297e+00 -1.212965607643127441e+00 1.101905822753906250e+00
2.161548614501953125e+00 -1.247662067413330078e+00 1.091718554496765137e+00
2.151918411254882812e+00 -1.267430305480957031e+00 1.096242427825927734e+00
2.157677412033081055e+00 -1.268356919288635254e+00 1.102077960968017578e+00
2.125432252883911133e+00 -1.278425097465515137e+00 1.096715688705444336e+00
2.054565668106079102e+00 -1.293716549873352051e+00 1.084205389022827148e+00
1.996382832527160645e+00 -1.320074319839477539e+00 1.095879316329956055e+00
1.999234318733215332e+00 -1.322570800781250000e+00 1.070302486419677734e+00
1.978281378746032715e+00 -1.309006810188293457e+00 1.025643587112426758e+00
1.926437258720397949e+00 -1.322035908699035645e+00 1.023100614547729492e+00
1.848151803016662598e+00 -1.313336491584777832e+00 9.854769110679626465e-01
1.796252965927124023e+00 -1.297540664672851562e+00 9.482298493385314941e-01
1.760865211486816406e+00 -1.273292303085327148e+00 8.832923173904418945e-01
1.691859722137451172e+00 -1.244481563568115234e+00 8.130729794502258301e-01
1.508624076843261719e+00 -1.230982899665832520e+00 6.314222812652587891e-01
1.380299806594848633e+00 -1.200476408004760742e+00 3.118049800395965576e-01
1.207053780555725098e+00 -1.164594292640686035e+00 -8.295919746160507202e-03
1.070538520812988281e+00 -1.137047648429870605e+00 -2.309370934963226318e-01
9.474442005157470703e-01 -1.010116696357727051e+00 -5.558359622955322266e-01
8.449336886405944824e-01 -9.025583267211914062e-01 -7.767869830131530762e-01
7.957026362419128418e-01 -8.738559484481811523e-01 -8.104703426361083984e-01
7.172057032585144043e-01 -8.243378996849060059e-01 -8.312196731567382812e-01
6.763274073600769043e-01 -7.952502369880676270e-01 -8.510832786560058594e-01
5.691826939582824707e-01 -7.779155373573303223e-01 -8.527476191520690918e-01
3.672755062580108643e-01 -7.429500222206115723e-01 -8.867954015731811523e-01
1.012898385524749756e-01 -7.732880711555480957e-01 -8.978312015533447266e-01
-8.582444489002227783e-02 -7.932429909706115723e-01 -9.202189445495605469e-01
-3.710626661777496338e-01 -8.630399703979492188e-01 -8.080385327339172363e-01
-6.240074634552001953e-01 -9.602394104003906250e-01 -6.929562091827392578e-01
-7.939231991767883301e-01 -9.855472445487976074e-01 -7.309889793395996094e-01
-1.077312588691711426e+00 -9.397313594818115234e-01 -8.788986802101135254e-01
-1.322774648666381836e+00 -6.976426839828491211e-01 -9.371542334556579590e-01
-1.535298943519592285e+00 -5.793132781982421875e-01 -9.314624667167663574e-01
-1.790460228919982910e+00 -4.362398087978363037e-01 -9.334159493446350098e-01
-2.133362054824829102e+00 -1.971140950918197632e-01 -9.248716831207275391e-01
-2.385632753372192383e+00 4.040658473968505859e-03 -9.164270758628845215e-01
-2.612594842910766602e+00 1.671413481235504150e-01 -8.860837221145629883e-01
-2.760281801223754883e+00 2.760091423988342285e-01 -8.654603362083435059e-01
-2.850615501403808594e+00 3.557333946228027344e-01 -8.477299213409423828e-01
-2.959998369216918945e+00 4.179979264736175537e-01 -8.318117856979370117e-01
-3.035034418106079102e+00 4.543000757694244385e-01 -8.401405811309814453e-01
-3.106123924255371094e+00 4.751860797405242920e-01 -8.421155214309692383e-01
-3.245127201080322266e+00 5.212159156799316406e-01 -8.737738728523254395e-01
-3.398168802261352539e+00 6.002486348152160645e-01 -9.025851488113403320e-01
-3.458743810653686523e+00 6.314116120338439941e-01 -9.340245723724365234e-01
-3.376773118972778320e+00 6.868020296096801758e-01 -1.020604133605957031e+00
-3.276543855667114258e+00 7.592476606369018555e-01 -1.120863080024719238e+00
-3.222095251083374023e+00 8.150599598884582520e-01 -1.213858723640441895e+00
-3.195609092712402344e+00 8.222150802612304688e-01 -1.230635404586791992e+00
-3.127935409545898438e+00 8.781569004058837891e-01 -1.315688133239746094e+00
-3.053061485290527344e+00 9.233140945434570312e-01 -1.393268346786499023e+00
-3.015687942504882812e+00 1.007733941078186035e+00 -1.505553960800170898e+00
-3.000692129135131836e+00 1.019758462905883789e+00 -1.517255187034606934e+00
-2.888006210327148438e+00 1.058432459831237793e+00 -1.561065793037414551e+00
-2.873502731323242188e+00 1.062668323516845703e+00 -1.573266744613647461e+00
-2.897974252700805664e+00 1.057559370994567871e+00 -1.575982809066772461e+00
-2.849728822708129883e+00 1.104177951812744141e+00 -1.632564187049865723e+00
-2.916587591171264648e+00 1.087296605110168457e+00 -1.624242782592773438e+00
-2.910911321640014648e+00 1.134582757949829102e+00 -1.695866823196411133e+00
-2.892409801483154297e+00 1.152290344238281250e+00 -1.728872299194335938e+00
-2.857321739196777344e+00 1.136203646659851074e+00 -1.738583445549011230e+00
-2.916840314865112305e+00 1.128491520881652832e+00 -1.757544517517089844e+00
-2.828152894973754883e+00 1.164305448532104492e+00 -1.866409182548522949e+00
-2.781690120697021484e+00 1.170857429504394531e+00 -1.946187973022460938e+00
-2.756676912307739258e+00 1.209764480590820312e+00 -2.044282197952270508e+00
-2.797928810119628906e+00 1.206643223762512207e+00 -2.074750423431396484e+00
-2.846739768981933594e+00 1.200207710266113281e+00 -2.136597633361816406e+00
-2.856943845748901367e+00 1.199111938476562500e+00 -2.152361631393432617e+00
-2.861420631408691406e+00 1.203429102897644043e+00 -2.216318607330322266e+00
-2.823423385620117188e+00 1.195637464523315430e+00 -2.245482206344604492e+00
-2.768877506256103516e+00 1.181030750274658203e+00 -2.272696256637573242e+00
-2.717980623245239258e+00 1.173279643058776855e+00 -2.345060110092163086e+00
-2.708698272705078125e+00 1.172595620155334473e+00 -2.425909280776977539e+00
-2.678078651428222656e+00 1.164414525032043457e+00 -2.510029554367065430e+00
-2.667507171630859375e+00 1.163131356239318848e+00 -2.581441879272460938e+00
-2.631801605224609375e+00 1.152860522270202637e+00 -2.601063966751098633e+00
-2.597775459289550781e+00 1.146423935890197754e+00 -2.644483804702758789e+00
-2.586488962173461914e+00 1.138534545898437500e+00 -2.680686950683593750e+00
-2.532658815383911133e+00 1.118149518966674805e+00 -2.665349006652832031e+00
-2.493974924087524414e+00 1.104392170906066895e+00 -2.655528545379638672e+00
-2.474842309951782227e+00 1.103422999382019043e+00 -2.627148628234863281e+00
-2.449255943298339844e+00 1.096145868301391602e+00 -2.612796545028686523e+00
-2.434721231460571289e+00 1.097092747688293457e+00 -2.639910936355590820e+00
-2.370383739471435547e+00 1.091247797012329102e+00 -2.642154932022094727e+00
-2.370373010635375977e+00 1.097013592720031738e+00 -2.663360118865966797e+00
-2.377463817596435547e+00 1.115029454231262207e+00 -2.712705850601196289e+00
-2.339888811111450195e+00 1.160305738449096680e+00 -2.825330734252929688e+00
-2.344447135925292969e+00 1.192421793937683105e+00 -2.902727842330932617e+00
-2.290798425674438477e+00 1.229615449905395508e+00 -2.993293046951293945e+00
-2.227208614349365234e+00 1.260482907295227051e+00 -3.068236827850341797e+00
-2.131515502929687500e+00 1.294364690780639648e+00 -3.144273757934570312e+00
-1.941780805587768555e+00 1.347967147827148438e+00 -3.260087013244628906e+00
-1.828099250793457031e+00 1.371802687644958496e+00 -3.306330204010009766e+00
-1.832979321479797363e+00 1.384170770645141602e+00 -3.337388038635253906e+00
-1.828284144401550293e+00 1.412285327911376953e+00 -3.378080368041992188e+00
-1.808807969093322754e+00 1.393225908279418945e+00 -3.328099489212036133e+00
-1.813620686531066895e+00 1.393983960151672363e+00 -3.331335544586181641e+00
-1.804924011230468750e+00 1.381499528884887695e+00 -3.299473524093627930e+00
-1.792353272438049316e+00 1.370591044425964355e+00 -3.272796630859375000e+00
-1.780719399452209473e+00 1.359393358230590820e+00 -3.239004373550415039e+00
-1.767274379730224609e+00 1.353127717971801758e+00 -3.227231264114379883e+00
-1.784024238586425781e+00 1.366711974143981934e+00 -3.270236253738403320e+00
-1.785607814788818359e+00 1.366476058959960938e+00 -3.272255182266235352e+00
-1.781988859176635742e+00 1.362172245979309082e+00 -3.261255025863647461e+00
-1.753659129142761230e+00 1.340388774871826172e+00 -3.201759099960327148e+00
-1.748573660850524902e+00 1.336415886878967285e+00 -3.190519332885742188e+00
-1.746344447135925293e+00 1.334318995475769043e+00 -3.184096574783325195e+00
-1.717787742614746094e+00 1.325118780136108398e+00 -3.144603490829467773e+00
-1.661487936973571777e+00 1.329375743865966797e+00 -3.085448980331420898e+00
-1.658974885940551758e+00 1.334451556205749512e+00 -3.089934587478637695e+00
-1.641760826110839844e+00 1.330621600151062012e+00 -3.082653760910034180e+00
-1.635306715965270996e+00 1.326465845108032227e+00 -3.074208498001098633e+00
-1.663990378379821777e+00 1.314805030822753906e+00 -3.114640474319458008e+00
-1.663505196571350098e+00 1.304970502853393555e+00 -3.116714000701904297e+00
-1.643088340759277344e+00 1.285979747772216797e+00 -3.083252429962158203e+00
-1.639608740806579590e+00 1.280902862548828125e+00 -3.078470945358276367e+00
-1.640088081359863281e+00 1.273368000984191895e+00 -3.087522029876708984e+00
-1.642876148223876953e+00 1.236723184585571289e+00 -3.061923980712890625e+00
-1.655118584632873535e+00 1.194841265678405762e+00 -3.027076005935668945e+00
-1.652166843414306641e+00 1.173752188682556152e+00 -2.997150421142578125e+00
-1.640621662139892578e+00 1.144551753997802734e+00 -2.945314407348632812e+00
-1.650951623916625977e+00 1.130988001823425293e+00 -2.923475027084350586e+00
-1.647367954254150391e+00 1.118757009506225586e+00 -2.883058309555053711e+00
-1.660346031188964844e+00 1.119024753570556641e+00 -2.832706212997436523e+00
-1.672358632087707520e+00 1.139458656311035156e+00 -2.834841728210449219e+00
-1.690535664558410645e+00 1.175471186637878418e+00 -2.855679035186767578e+00
-1.687749862670898438e+00 1.197921991348266602e+00 -2.860266923904418945e+00
-1.700747489929199219e+00 1.237314343452453613e+00 -2.919293642044067383e+00
-1.646023035049438477e+00 1.261385798454284668e+00 -2.907458543777465820e+00
-1.651420831680297852e+00 1.258631110191345215e+00 -2.873081445693969727e+00
-1.619348168373107910e+00 1.272143483161926270e+00 -2.827961683273315430e+00
-1.611520528793334961e+00 1.278537273406982422e+00 -2.811917304992675781e+00
-1.580493927001953125e+00 1.286974549293518066e+00 -2.779170989990234375e+00
-1.593454122543334961e+00 1.278508901596069336e+00 -2.790812492370605469e+00
-1.599656462669372559e+00 1.266610622406005859e+00 -2.811847209930419922e+00
-1.617918848991394043e+00 1.268442273139953613e+00 -2.844299554824829102e+00
-1.648155450820922852e+00 1.268015623092651367e+00 -2.899403333663940430e+00
-1.615447640419006348e+00 1.285041451454162598e+00 -2.856260776519775391e+00
-1.585456371307373047e+00 1.304766535758972168e+00 -2.852959632873535156e+00
-1.588399291038513184e+00 1.301870584487915039e+00 -2.840009689331054688e+00
-1.579057574272155762e+00 1.293352961540222168e+00 -2.819295644760131836e+00
-1.619338631629943848e+00 1.289781093597412109e+00 -2.905617713928222656e+00
-1.598578810691833496e+00 1.285644412040710449e+00 -2.876152515411376953e+00
-1.608204841613769531e+00 1.284974217414855957e+00 -2.879502058029174805e+00
-1.614933490753173828e+00 1.270488262176513672e+00 -2.932304143905639648e+00
-1.628921508789062500e+00 1.272460460662841797e+00 -2.981550693511962891e+00
-1.627219200134277344e+00 1.275147914886474609e+00 -2.991860628128051758e+00
-1.648630380630493164e+00 1.286884188652038574e+00 -3.057652473449707031e+00
-1.647139668464660645e+00 1.288790583610534668e+00 -3.055475950241088867e+00
-1.641094923019409180e+00 1.292457580566406250e+00 -3.038171768188476562e+00
-1.631023645401000977e+00 1.292223691940307617e+00 -3.035633802413940430e+00
-1.639224052429199219e+00 1.295105934143066406e+00 -3.054205656051635742e+00
-1.618743658065795898e+00 1.291351079940795898e+00 -3.022105693817138672e+00
-1.608250379562377930e+00 1.291303634643554688e+00 -3.025765419006347656e+00
-1.596180796623229980e+00 1.294380545616149902e+00 -2.998160839080810547e+00
-1.580095767974853516e+00 1.285210132598876953e+00 -2.964307069778442383e+00
-1.573915123939514160e+00 1.277908682823181152e+00 -2.965236663818359375e+00
-1.565187454223632812e+00 1.283455610275268555e+00 -2.943570852279663086e+00
-1.555758595466613770e+00 1.286879777908325195e+00 -2.927349328994750977e+00
-1.568602204322814941e+00 1.295022487640380859e+00 -2.955396413803100586e+00
-1.547039389610290527e+00 1.280289053916931152e+00 -2.932415962219238281e+00
-1.527413487434387207e+00 1.281005978584289551e+00 -2.884877681732177734e+00
-1.506265163421630859e+00 1.275617599487304688e+00 -2.840747356414794922e+00
-1.495706200599670410e+00 1.270864129066467285e+00 -2.825641393661499023e+00
-1.478135228157043457e+00 1.287702679634094238e+00 -2.811984539031982422e+00
-1.477798581123352051e+00 1.288247942924499512e+00 -2.815482854843139648e+00
-1.458831906318664551e+00 1.282709121704101562e+00 -2.823302268981933594e+00
-1.448644042015075684e+00 1.295037865638732910e+00 -2.846341848373413086e+00
-1.457017302513122559e+00 1.298940420150756836e+00 -2.852189779281616211e+00
-1.446523070335388184e+00 1.317118167877197266e+00 -2.830847263336181641e+00
-1.453492403030395508e+00 1.327641844749450684e+00 -2.816967010498046875e+00
-1.445423603057861328e+00 1.335134387016296387e+00 -2.776368856430053711e+00
-1.488144159317016602e+00 1.302055358886718750e+00 -2.852101087570190430e+00
-1.483264327049255371e+00 1.292078614234924316e+00 -2.863196134567260742e+00
-1.484217047691345215e+00 1.312107324600219727e+00 -2.849030017852783203e+00
-1.471252799034118652e+00 1.318304657936096191e+00 -2.804154396057128906e+00
-1.461068630218505859e+00 1.305416703224182129e+00 -2.810407400131225586e+00
-1.470653653144836426e+00 1.281932353973388672e+00 -2.866204023361206055e+00
-1.447493910789489746e+00 1.260174989700317383e+00 -2.852852344512939453e+00
-1.434005975723266602e+00 1.271985173225402832e+00 -2.836228609085083008e+00
-1.430075883865356445e+00 1.274725437164306641e+00 -2.832499027252197266e+00
-1.444062113761901855e+00 1.261543035507202148e+00 -2.859299182891845703e+00
-1.455038189888000488e+00 1.263923287391662598e+00 -2.891649007797241211e+00
-1.459066271781921387e+00 1.262080430984497070e+00 -2.907699346542358398e+00
-1.450048923492431641e+00 1.232244253158569336e+00 -2.902530670166015625e+00
-1.466403841972351074e+00 1.220102667808532715e+00 -2.935812711715698242e+00
-1.472315192222595215e+00 1.213991522789001465e+00 -2.946517467498779297e+00
-1.489832758903503418e+00 1.215899348258972168e+00 -2.971457242965698242e+00
-1.524236559867858887e+00 1.223222494125366211e+00 -3.023662567138671875e+00
-1.534964442253112793e+00 1.233718514442443848e+00 -3.036417245864868164e+00
-1.542650580406188965e+00 1.240531563758850098e+00 -3.045286417007446289e+00
-1.548933625221252441e+00 1.243694782257080078e+00 -3.053670406341552734e+00
-1.552870035171508789e+00 1.247794032096862793e+00 -3.062726259231567383e+00
-1.557091951370239258e+00 1.249714136123657227e+00 -3.064596891403198242e+00
-1.543460965156555176e+00 1.240648865699768066e+00 -3.044584989547729492e+00
-1.535915851593017578e+00 1.240609169006347656e+00 -3.041510581970214844e+00
-1.528511881828308105e+00 1.237917304039001465e+00 -3.026628255844116211e+00
-1.512684106826782227e+00 1.226589083671569824e+00 -2.995146512985229492e+00
-1.518453121185302734e+00 1.227528691291809082e+00 -2.992902517318725586e+00
-1.506305813789367676e+00 1.223925590515136719e+00 -2.986464977264404297e+00
-1.488273024559020996e+00 1.222489356994628906e+00 -2.986925601959228516e+00
-1.502410650253295898e+00 1.241803050041198730e+00 -3.032845020294189453e+00
-1.535654425621032715e+00 1.271937966346740723e+00 -3.080217599868774414e+00
-1.567196130752563477e+00 1.292166352272033691e+00 -3.130616188049316406e+00
-1.599804282188415527e+00 1.308355569839477539e+00 -3.177745819091796875e+00
-1.643767118453979492e+00 1.329994559288024902e+00 -3.226607799530029297e+00
-1.671132445335388184e+00 1.343727946281433105e+00 -3.247260093688964844e+00
-1.672454953193664551e+00 1.341397523880004883e+00 -3.231403112411499023e+00
-1.719269514083862305e+00 1.358537316322326660e+00 -3.253806591033935547e+00
-1.760883331298828125e+00 1.370160460472106934e+00 -3.257718086242675781e+00
-1.809997439384460449e+00 1.374449014663696289e+00 -3.240646362304687500e+00
-1.842238068580627441e+00 1.381988167762756348e+00 -3.253849267959594727e+00
-1.919072628021240234e+00 1.388570308685302734e+00 -3.230383634567260742e+00
-1.995422244071960449e+00 1.405129194259643555e+00 -3.200897932052612305e+00
-2.017255783081054688e+00 1.392792820930480957e+00 -3.154475927352905273e+00
-2.105623960494995117e+00 1.365225553512573242e+00 -3.107291936874389648e+00
-2.146225690841674805e+00 1.359343767166137695e+00 -3.083052635192871094e+00
-2.208906412124633789e+00 1.344531297683715820e+00 -3.106090307235717773e+00
-2.158450841903686523e+00 1.362278223037719727e+00 -3.181992769241333008e+00
-2.081411600112915039e+00 1.395912766456604004e+00 -3.252168416976928711e+00
-2.018713474273681641e+00 1.400520920753479004e+00 -3.258847713470458984e+00
-1.959521770477294922e+00 1.399446487426757812e+00 -3.289079666137695312e+00
-1.899457097053527832e+00 1.387533903121948242e+00 -3.296081066131591797e+00
-1.848630309104919434e+00 1.386281013488769531e+00 -3.321362495422363281e+00
-1.825325012207031250e+00 1.388731241226196289e+00 -3.342469692230224609e+00
-1.853906154632568359e+00 1.390775918960571289e+00 -3.342149972915649414e+00
-1.846862435340881348e+00 1.392328858375549316e+00 -3.337572336196899414e+00
-1.809939265251159668e+00 1.396255135536193848e+00 -3.344607114791870117e+00
-1.822574496269226074e+00 1.398905992507934570e+00 -3.360258102416992188e+00
-1.818784475326538086e+00 1.397398710250854492e+00 -3.344797849655151367e+00
-1.816838026046752930e+00 1.391600370407104492e+00 -3.312656164169311523e+00
-1.804407238960266113e+00 1.388602495193481445e+00 -3.298625230789184570e+00
-1.875539541244506836e+00 1.409093141555786133e+00 -3.336821079254150391e+00
-1.869927287101745605e+00 1.403952717781066895e+00 -3.316169023513793945e+00
-1.872218966484069824e+00 1.403978943824768066e+00 -3.307625532150268555e+00
-1.883913397789001465e+00 1.414093613624572754e+00 -3.322837591171264648e+00
-1.859183073043823242e+00 1.414462089538574219e+00 -3.301278591156005859e+00
-1.843686938285827637e+00 1.416336178779602051e+00 -3.289599180221557617e+00
-1.826604008674621582e+00 1.402482271194458008e+00 -3.239195346832275391e+00
-1.829742074012756348e+00 1.401850223541259766e+00 -3.203511714935302734e+00
-1.798131346702575684e+00 1.392535567283630371e+00 -3.169431447982788086e+00
-1.771507263183593750e+00 1.386207222938537598e+00 -3.169252157211303711e+00
-1.771052598953247070e+00 1.384168148040771484e+00 -3.181119441986083984e+00
