-5.817275643348693848e-01 -4.973969236016273499e-02 -8.118614554405212402e-01
-5.915830135345458984e-01 -2.884929068386554718e-02 -8.057277202606201172e-01
-6.105318069458007812e-01 1.725892536342144012e-03 -7.919898033142089844e-01
-6.225850582122802734e-01 4.642131552100181580e-02 -7.811740040779113770e-01
-6.309211850166320801e-01 9.562519937753677368e-02 -7.699313163757324219e-01
-6.354230046272277832e-01 1.488836705684661865e-01 -7.576749324798583984e-01
-6.358913779258728027e-01 2.060376852750778198e-01 -7.437679171562194824e-01
-6.318540573120117188e-01 2.661706805229187012e-01 -7.279515862464904785e-01
-6.229720711708068848e-01 3.279717564582824707e-01 -7.101691961288452148e-01
-6.091631650924682617e-01 3.897805511951446533e-01 -6.906456351280212402e-01
-5.906898975372314453e-01 4.497348666191101074e-01 -6.699432730674743652e-01
-5.681848526000976562e-01 5.059832930564880371e-01 -6.489583253860473633e-01
-5.425897836685180664e-01 5.569157600402832031e-01 -6.288410425186157227e-01
-5.150246024131774902e-01 6.013363003730773926e-01 -6.108553409576416016e-01
-4.866238534450531006e-01 6.385394930839538574e-01 -5.962084531784057617e-01
-4.583814144134521484e-01 6.682785749435424805e-01 -5.859097242355346680e-01
-4.310446679592132568e-01 6.906631588935852051e-01 -5.806763172149658203e-01
-4.050783216953277588e-01 7.060248255729675293e-01 -5.808963775634765625e-01
-3.806694149971008301e-01 7.148031592369079590e-01 -5.866405367851257324e-01
-3.577758669853210449e-01 7.174550890922546387e-01 -5.977078080177307129e-01
-3.361854851245880127e-01 7.144058942794799805e-01 -6.136803627014160156e-01
-3.155832290649414062e-01 7.060203552246093750e-01 -6.339893937110900879e-01
-2.956019639968872070e-01 6.925936937332153320e-01 -6.579768657684326172e-01
-2.758812010288238525e-01 6.743397712707519531e-01 -6.849492192268371582e-01
-2.561035454273223877e-01 6.513868570327758789e-01 -7.142171263694763184e-01
-2.360321283340454102e-01 6.237630844116210938e-01 -7.451230883598327637e-01
-2.155355811119079590e-01 5.913926362991333008e-01 -7.770451307296752930e-01
-1.946236044168472290e-01 5.540965795516967773e-01 -8.093816637992858887e-01
-1.734642386436462402e-01 5.116189122200012207e-01 -8.415200710296630859e-01
-1.524117738008499146e-01 4.636833667755126953e-01 -8.727935552597045898e-01
-1.320151984691619873e-01 4.100871384143829346e-01 -9.024414420127868652e-01
-1.130186095833778381e-01 3.508412241935729980e-01 -9.295898079872131348e-01
-9.631473571062088013e-02 2.863312065601348877e-01 -9.532775282859802246e-01
-8.287147432565689087e-02 2.174614965915679932e-01 -9.725445508956909180e-01
-7.360357791185379028e-02 1.457308232784271240e-01 -9.865824580192565918e-01
-6.922702491283416748e-02 7.317291945219039917e-02 -9.949136972427368164e-01
-7.012996822595596313e-02 2.143926685675978661e-03 -9.975355267524719238e-01
-7.630213350057601929e-02 -6.499473005533218384e-02 -9.949641823768615723e-01
-8.735463768243789673e-02 -1.262085288763046265e-01 -9.881500601768493652e-01
-1.026165559887886047e-01 -1.800170987844467163e-01 -9.782963991165161133e-01
-1.212754771113395691e-01 -2.255714237689971924e-01 -9.666487574577331543e-01
-1.425002068281173706e-01 -2.625906169414520264e-01 -9.543269872665405273e-01
-1.655473560094833374e-01 -2.912157475948333740e-01 -9.422248005867004395e-01
-1.898055225610733032e-01 -3.118348121643066406e-01 -9.309848546981811523e-01
-2.148143053054809570e-01 -3.249368369579315186e-01 -9.210162162780761719e-01
-2.402458041906356812e-01 -3.309925496578216553e-01 -9.125381112098693848e-01
-2.658839225769042969e-01 -3.303880989551544189e-01 -9.056209921836853027e-01
-2.915808558464050293e-01 -3.233779668807983398e-01 -9.002262353897094727e-01
-3.172304034233093262e-01 -3.100723624229431152e-01 -8.962254524230957031e-01
-3.427269756793975830e-01 -2.904348671436309814e-01 -8.934124708175659180e-01
-3.679348528385162354e-01 -2.642976939678192139e-01 -8.914990425109863281e-01
-3.926486074924468994e-01 -2.313885241746902466e-01 -8.901047706604003906e-01
-4.165633022785186768e-01 -1.913740634918212891e-01 -8.887356519699096680e-01
-4.392347335815429688e-01 -1.439255028963088989e-01 -8.867684602737426758e-01
-4.600554704666137695e-01 -8.881313353776931763e-02 -8.834371566772460938e-01
-4.782391786575317383e-01 -2.603224106132984161e-02 -8.778436779975891113e-01
-4.928396642208099365e-01 4.404712095856666565e-02 -8.690046072006225586e-01
-5.028099417686462402e-01 1.205251812934875488e-01 -8.559532165527343750e-01
-5.071291327476501465e-01 2.018676400184631348e-01 -8.378958702087402344e-01
-5.049734115600585938e-01 2.859028577804565430e-01 -8.144086599349975586e-01
-4.959036707878112793e-01 3.699851930141448975e-01 -7.856147289276123047e-01
-4.800038933753967285e-01 4.513083398342132568e-01 -7.522745728492736816e-01
-4.579111933708190918e-01 5.273056030273437500e-01 -7.157276868820190430e-01
-4.307115077972412109e-01 5.960020422935485840e-01 -6.776940226554870605e-01
-3.997421860694885254e-01 6.562108397483825684e-01 -6.399949193000793457e-01
-3.663718998432159424e-01 7.075335383415222168e-01 -6.042913198471069336e-01
-3.318204283714294434e-01 7.502136230468750000e-01 -5.719044208526611328e-01
-2.970606684684753418e-01 7.849184870719909668e-01 -5.437444448471069336e-01
-2.627870142459869385e-01 8.125337362289428711e-01 -5.203189849853515625e-01
-2.294416725635528564e-01 8.339988589286804199e-01 -5.017992258071899414e-01
-1.972567588090896606e-01 8.502077460289001465e-01 -4.880947768688201904e-01
-1.663138717412948608e-01 8.619505167007446289e-01 -4.789372086524963379e-01
-1.365850865840911865e-01 8.698992729187011719e-01 -4.739406704902648926e-01
-1.079772487282752991e-01 8.746032118797302246e-01 -4.726628363132476807e-01
-8.035399019718170166e-02 8.765049576759338379e-01 -4.746391475200653076e-01
-5.356464907526969910e-02 8.759491443634033203e-01 -4.794204235076904297e-01
-2.744731493294239044e-02 8.731986284255981445e-01 -4.865909218788146973e-01
-1.847884268499910831e-03 8.684399724006652832e-01 -4.957909286022186279e-01
2.338100224733352661e-02 8.617933392524719238e-01 -5.067203044891357422e-01
4.836625605821609497e-02 8.533122539520263672e-01 -5.191521048545837402e-01
7.321673631668090820e-02 8.429877758026123047e-01 -5.329267978668212891e-01
9.800651669502258301e-02 8.307459354400634766e-01 -5.479561090469360352e-01
1.227767392992973328e-01 8.164491653442382812e-01 -5.642132759094238281e-01
1.475163698196411133e-01 7.998924851417541504e-01 -5.817310810089111328e-01
1.721579581499099731e-01 7.808068990707397461e-01 -6.005848646163940430e-01
1.965585350990295410e-01 7.588571310043334961e-01 -6.208869814872741699e-01
2.204923778772354126e-01 7.336478829383850098e-01 -6.427626609802246094e-01
2.436291724443435669e-01 7.047306299209594727e-01 -6.663329601287841797e-01
2.655301094055175781e-01 6.716171503067016602e-01 -6.916821002960205078e-01
2.856352627277374268e-01 6.337994933128356934e-01 -7.188259363174438477e-01
3.032701015472412109e-01 5.907870531082153320e-01 -7.476615905761718750e-01
3.176568150520324707e-01 5.421512126922607422e-01 -7.779243588447570801e-01
3.279560506343841553e-01 4.875946938991546631e-01 -8.091330528259277344e-01
3.333222866058349609e-01 4.270317554473876953e-01 -8.405594229698181152e-01
3.330039680004119873e-01 3.606774210929870605e-01 -8.712176084518432617e-01
3.264529109001159668e-01 2.891291975975036621e-01 -8.999071121215820312e-01
3.134525120258331299e-01 2.134065330028533936e-01 -9.253135919570922852e-01
2.942195236682891846e-01 1.349275410175323486e-01 -9.461656808853149414e-01
2.694528400897979736e-01 5.539967864751815796e-02 -9.614187479019165039e-01
2.403010129928588867e-01 -2.336181141436100006e-02 -9.704172611236572266e-01
2.082456946372985840e-01 -9.964805841445922852e-02 -9.729871749877929688e-01
1.749410778284072876e-01 -1.720449477434158325e-01 -9.694308042526245117e-01
1.420337259769439697e-01 -2.395554035902023315e-01 -9.604372382164001465e-01
1.110174655914306641e-01 -3.016238212585449219e-01 -9.469414353370666504e-01
8.314217627048492432e-02 -3.580875992774963379e-01 -9.299788475036621094e-01
5.938599258661270142e-02 -4.090851247310638428e-01 -9.105618000030517578e-01
4.044316709041595459e-02 -4.549434185028076172e-01 -8.896014690399169922e-01
2.676267176866531372e-02 -4.960785210132598877e-01 -8.678650856018066406e-01
1.857092604041099548e-02 -5.329203605651855469e-01 -8.459615707397460938e-01
1.590014807879924774e-02 -5.658590197563171387e-01 -8.243485689163208008e-01
1.860916987061500549e-02 -5.952164530754089355e-01 -8.033499717712402344e-01
2.640518173575401306e-02 -6.212392449378967285e-01 -7.831759452819824219e-01
3.885124623775482178e-02 -6.441063880920410156e-01 -7.639486789703369141e-01
5.539217963814735413e-02 -6.639491915702819824e-01 -7.457233071327209473e-01
7.537627965211868286e-02 -6.808734536170959473e-01 -7.285120487213134766e-01
9.809406101703643799e-02 -6.949878334999084473e-01 -7.122987508773803711e-01
1.228136792778968811e-01 -7.064202427864074707e-01 -6.970561742782592773e-01
1.488341540098190308e-01 -7.153326272964477539e-01 -6.827500462532043457e-01
1.755186766386032104e-01 -7.219195365905761719e-01 -6.693469882011413574e-01
2.023323625326156616e-01 -7.264028191566467285e-01 -6.568109393119812012e-01
2.288637906312942505e-01 -7.290152907371520996e-01 -6.451030969619750977e-01
2.548386752605438232e-01 -7.299850583076477051e-01 -6.341758966445922852e-01
2.801117300987243652e-01 -7.295191884040832520e-01 -6.239703893661499023e-01
3.046650886535644531e-01 -7.277877330780029297e-01 -6.144137382507324219e-01
3.285875022411346436e-01 -7.249151468276977539e-01 -6.054158210754394531e-01
3.520585894584655762e-01 -7.209728956222534180e-01 -5.968692302703857422e-01
3.753294050693511963e-01 -7.159765362739562988e-01 -5.886471271514892578e-01
3.987042307853698730e-01 -7.098842263221740723e-01 -5.806025266647338867e-01
4.225183725357055664e-01 -7.025988101959228516e-01 -5.725671648979187012e-01
4.471195936203002930e-01 -6.939677596092224121e-01 -5.643515586853027344e-01
4.728446602821350098e-01 -6.837888956069946289e-01 -5.557433962821960449e-01
4.999906122684478760e-01 -6.718154549598693848e-01 -5.465102195739746094e-01
5.287856459617614746e-01 -6.577675342559814453e-01 -5.364025235176086426e-01
5.593504905700683594e-01 -6.413501501083374023e-01 -5.251637697219848633e-01
5.916609168052673340e-01 -6.222817301750183105e-01 -5.125454664230346680e-01
6.255104541778564453e-01 -6.003331542015075684e-01 -4.983339905738830566e-01
6.604913473129272461e-01 -5.753785371780395508e-01 -4.823802709579467773e-01
6.959909200668334961e-01 -5.474514961242675781e-01 -4.646435379981994629e-01
7.312305569648742676e-01 -5.167958736419677734e-01 -4.452234506607055664e-01
7.653378248214721680e-01 -4.838929474353790283e-01 -4.243885874748229980e-01
7.974511384963989258e-01 -4.494527578353881836e-01 -4.025715887546539307e-01
8.268268108367919922e-01 -4.143626391887664795e-01 -3.803433179855346680e-01
8.529330492019653320e-01 -3.795954287052154541e-01 -3.583468496799468994e-01
8.754927515983581543e-01 -3.461039662361145020e-01 -3.372305631637573242e-01
8.944815993309020996e-01 -3.147235512733459473e-01 -3.175717890262603760e-01
9.100795388221740723e-01 -2.861057519912719727e-01 -2.998311519622802734e-01
9.226063489913940430e-01 -2.606877982616424561e-01 -2.843225598335266113e-01
9.324504137039184570e-01 -2.386999130249023438e-01 -2.712168097496032715e-01
9.400141835212707520e-01 -2.201917320489883423e-01 -2.605551481246948242e-01
9.456743597984313965e-01 -2.050735503435134888e-01 -2.522794604301452637e-01
9.497624039649963379e-01 -1.931545436382293701e-01 -2.462574392557144165e-01
9.525561928749084473e-01 -1.841801255941390991e-01 -2.423105686902999878e-01
9.542823433876037598e-01 -1.778574585914611816e-01 -2.402333021163940430e-01
9.551215171813964844e-01 -1.738775968551635742e-01 -2.398112565279006958e-01
9.552177786827087402e-01 -1.719298958778381348e-01 -2.408297955989837646e-01
9.546861648559570312e-01 -1.717104613780975342e-01 -2.430842816829681396e-01
9.536200165748596191e-01 -1.729291379451751709e-01 -2.463825643062591553e-01
9.520977139472961426e-01 -1.753125786781311035e-01 -2.505505084991455078e-01
9.501866102218627930e-01 -1.786078214645385742e-01 -2.554301917552947998e-01
9.479470252990722656e-01 -1.825825721025466919e-01 -2.608833611011505127e-01
9.454336166381835938e-01 -1.870269328355789185e-01 -2.667888402938842773e-01
9.426972270011901855e-01 -1.917535513639450073e-01 -2.730431556701660156e-01
9.397851824760437012e-01 -1.965977996587753296e-01 -2.795585393905639648e-01
9.367414712905883789e-01 -2.014176547527313232e-01 -2.862625718116760254e-01
9.336068034172058105e-01 -2.060913592576980591e-01 -2.930950820446014404e-01
9.304178953170776367e-01 -2.105177640914916992e-01 -3.000081181526184082e-01
9.272080659866333008e-01 -2.146133929491043091e-01 -3.069631159305572510e-01
9.240067601203918457e-01 -2.183112502098083496e-01 -3.139297068119049072e-01
9.208396077156066895e-01 -2.215570658445358276e-01 -3.208847641944885254e-01
9.177288413047790527e-01 -2.243090122938156128e-01 -3.278095722198486328e-01
9.146940708160400391e-01 -2.265338152647018433e-01 -3.346897363662719727e-01
9.117518663406372070e-01 -2.282043695449829102e-01 -3.415133357048034668e-01
9.089171886444091797e-01 -2.292981594800949097e-01 -3.482696712017059326e-01
9.062036871910095215e-01 -2.297953814268112183e-01 -3.549490869045257568e-01
9.036244750022888184e-01 -2.296758145093917847e-01 -3.615409135818481445e-01
9.011917114257812500e-01 -2.289189547300338745e-01 -3.680347204208374023e-01
8.989182114601135254e-01 -2.275019437074661255e-01 -3.744181394577026367e-01
8.968166112899780273e-01 -2.253992706537246704e-01 -3.806770741939544678e-01
8.948998451232910156e-01 -2.225821018218994141e-01 -3.867964744567871094e-01
8.931806683540344238e-01 -2.190195024013519287e-01 -3.927578926086425781e-01
8.916721940040588379e-01 -2.146771103143692017e-01 -3.985403180122375488e-01
8.903863430023193359e-01 -2.095200419425964355e-01 -4.041206240653991699e-01
8.893346786499023438e-01 -2.035124748945236206e-01 -4.094710350036621094e-01
8.885269761085510254e-01 -1.966205835342407227e-01 -4.145601093769073486e-01
8.879718184471130371e-01 -1.888132691383361816e-01 -4.193513989448547363e-01
8.876751661300659180e-01 -1.800662428140640259e-01 -4.238030612468719482e-01
8.876411914825439453e-01 -1.703613996505737305e-01 -4.278669953346252441e-01
8.878716230392456055e-01 -1.596936881542205811e-01 -4.314880967140197754e-01
8.883661031723022461e-01 -1.480689346790313721e-01 -4.346045255661010742e-01
8.891227841377258301e-01 -1.355101019144058228e-01 -4.371472597122192383e-01
8.901382684707641602e-01 -1.220563203096389771e-01 -4.390398561954498291e-01
8.914087414741516113e-01 -1.077654585242271423e-01 -4.402010738849639893e-01
8.929308652877807617e-01 -9.271340817213058472e-02 -4.405436217784881592e-01
8.947007060050964355e-01 -7.699326425790786743e-02 -4.399803578853607178e-01
8.967152237892150879e-01 -6.071263924241065979e-02 -4.384241700172424316e-01
8.989709615707397461e-01 -4.399144276976585388e-02 -4.357934296131134033e-01
9.014631509780883789e-01 -2.695455402135848999e-02 -4.320157766342163086e-01
9.041832685470581055e-01 -9.730798192322254181e-03 -4.270338118076324463e-01
9.071192145347595215e-01 7.557893637567758560e-03 -4.208059608936309814e-01
9.102500677108764648e-01 2.479671314358711243e-02 -4.133156538009643555e-01
9.135484099388122559e-01 4.188779368996620178e-02 -4.045672416687011719e-01
9.169759154319763184e-01 5.874954909086227417e-02 -3.945929706096649170e-01
9.204844236373901367e-01 7.532422989606857300e-02 -3.834512233734130859e-01
9.240157604217529297e-01 9.157232195138931274e-02 -3.712269365787506104e-01
9.275050163269042969e-01 1.074792966246604919e-01 -3.580260276794433594e-01
9.308813214302062988e-01 1.230485215783119202e-01 -3.439754843711853027e-01
9.340717792510986328e-01 1.383031010627746582e-01 -3.292145729064941406e-01
9.370039105415344238e-01 1.532805562019348145e-01 -3.138927817344665527e-01
9.396097660064697266e-01 1.680324673652648926e-01 -2.981587946414947510e-01
9.418258070945739746e-01 1.826194077730178833e-01 -2.821599245071411133e-01
9.435970187187194824e-01 1.971097439527511597e-01 -2.660309672355651855e-01
9.448755979537963867e-01 2.115736752748489380e-01 -2.498934119939804077e-01
9.456213712692260742e-01 2.260840237140655518e-01 -2.338508665561676025e-01
9.458014369010925293e-01 2.407101690769195557e-01 -2.179870605468750000e-01
9.453885555267333984e-01 2.555173039436340332e-01 -2.023642659187316895e-01
9.443612694740295410e-01 2.705596089363098145e-01 -1.870273947715759277e-01
9.427018761634826660e-01 2.858828604221343994e-01 -1.720006167888641357e-01
9.403969645500183105e-01 3.015166819095611572e-01 -1.572938412427902222e-01
9.374366402626037598e-01 3.174755573272705078e-01 -1.429052650928497314e-01
9.338166713714599609e-01 3.337527513504028320e-01 -1.288237720727920532e-01
9.295386075973510742e-01 3.503219783306121826e-01 -1.150323376059532166e-01
9.246115684509277344e-01 3.671353459358215332e-01 -1.015141308307647705e-01
9.190545082092285156e-01 3.841226398944854736e-01 -8.825296908617019653e-02
9.128988385200500488e-01 4.011919498443603516e-01 -7.523765414953231812e-02
9.061897397041320801e-01 4.182322025299072266e-01 -6.246589124202728271e-02
8.989893794059753418e-01 4.351129531860351562e-01 -4.994760826230049133e-02
8.913780450820922852e-01 4.516898393630981445e-01 -3.770279511809349060e-02
8.834563493728637695e-01 4.678043723106384277e-01 -2.576860599219799042e-02
8.753446936607360840e-01 4.832908809185028076e-01 -1.419843360781669617e-02
8.671843409538269043e-01 4.979777634143829346e-01 -3.060847520828247070e-03
8.591360449790954590e-01 5.116914510726928711e-01 7.556821219623088837e-03
8.513798117637634277e-01 5.242561697959899902e-01 1.754811964929103851e-02
8.441099524497985840e-01 5.355004072189331055e-01 2.679155208170413971e-02
8.375364542007446289e-01 5.452501177787780762e-01 3.514420613646507263e-02
8.318800330162048340e-01 5.533302426338195801e-01 4.244178161025047302e-02
8.273733258247375488e-01 5.595548152923583984e-01 4.849499091506004333e-02
8.242583274841308594e-01 5.637203454971313477e-01 5.308211967349052429e-02
8.227871656417846680e-01 5.655902624130249023e-01 5.593695864081382751e-02
8.232242465019226074e-01 5.648739933967590332e-01 5.673744902014732361e-02
8.258461356163024902e-01 5.611992478370666504e-01 5.507802218198776245e-02
8.309414982795715332e-01 5.540688037872314453e-01 5.043778568506240845e-02
8.388082385063171387e-01 5.427944064140319824e-01 4.212770611047744751e-02
8.497332334518432617e-01 5.264028310775756836e-01 2.921645157039165497e-02
8.639476895332336426e-01 5.034740567207336426e-01 1.041071023792028427e-02
8.815085887908935547e-01 4.718930125236511230e-01 -1.611321605741977692e-02
9.020167589187622070e-01 4.284398853778839111e-01 -5.296238884329795837e-02
9.239487648010253906e-01 3.681556582450866699e-01 -1.038273945450782776e-01
9.431185126304626465e-01 2.834987640380859375e-01 -1.736545562744140625e-01
9.494093060493469238e-01 1.639606803655624390e-01 -2.678411900997161865e-01
9.216352701187133789e-01 -1.049625105224549770e-03 -3.880559504032135010e-01
8.271478414535522461e-01 -2.093400955200195312e-01 -5.215392112731933594e-01
6.463315486907958984e-01 -4.257902204990386963e-01 -6.332126259803771973e-01
4.118233919143676758e-01 -5.951758623123168945e-01 -6.900486350059509277e-01
1.859273165464401245e-01 -6.942425966262817383e-01 -6.953116059303283691e-01
3.016053931787610054e-03 -7.389390468597412109e-01 -6.737654805183410645e-01
-1.348269432783126831e-01 -7.526721954345703125e-01 -6.444427371025085449e-01
-2.368035167455673218e-01 -7.512153387069702148e-01 -6.161166429519653320e-01
-3.121386766433715820e-01 -7.431855201721191406e-01 -5.918146967887878418e-01
-3.675423562526702881e-01 -7.331123948097229004e-01 -5.722401142120361328e-01
-4.074813127517700195e-01 -7.234443426132202148e-01 -5.573037266731262207e-01
-4.348871111869812012e-01 -7.155507206916809082e-01 -5.466812849044799805e-01
-4.517365694046020508e-01 -7.101763486862182617e-01 -5.399847626686096191e-01
-4.594496786594390869e-01 -7.076454758644104004e-01 -5.367903709411621094e-01
-4.591501355171203613e-01 -7.079569101333618164e-01 -5.366359353065490723e-01
-4.518299400806427002e-01 -7.108522057533264160e-01 -5.390165448188781738e-01
-4.384502768516540527e-01 -7.158768177032470703e-01 -5.433983206748962402e-01
-4.199950397014617920e-01 -7.224503755569458008e-01 -5.492446422576904297e-01
-3.974784612655639648e-01 -7.299402356147766113e-01 -5.560559034347534180e-01
-3.719333708286285400e-01 -7.377299666404724121e-01 -5.634004473686218262e-01
-3.443683087825775146e-01 -7.452718019485473633e-01 -5.709469318389892578e-01
-3.157301247119903564e-01 -7.521201968193054199e-01 -5.784717798233032227e-01
-2.868623435497283936e-01 -7.579414248466491699e-01 -5.858623981475830078e-01
-2.584860920906066895e-01 -7.625061869621276855e-01 -5.931014418601989746e-01
-2.311862260103225708e-01 -7.656722068786621094e-01 -6.002491712570190430e-01
-2.054194808006286621e-01 -7.673608660697937012e-01 -6.074209213256835938e-01
-1.815267950296401978e-01 -7.675316333770751953e-01 -6.147708296775817871e-01
-1.597546637058258057e-01 -7.661643028259277344e-01 -6.224714517593383789e-01
-1.402751654386520386e-01 -7.632388472557067871e-01 -6.307054758071899414e-01
-1.232077926397323608e-01 -7.587243318557739258e-01 -6.396539211273193359e-01
-1.086350157856941223e-01 -7.525689601898193359e-01 -6.494909524917602539e-01
-9.662028402090072632e-02 -7.446905374526977539e-01 -6.603791117668151855e-01
-8.721655607223510742e-02 -7.349718809127807617e-01 -6.724652647972106934e-01
-8.047645539045333862e-02 -7.232562899589538574e-01 -6.858745813369750977e-01
-7.645644992589950562e-02 -7.093406915664672852e-01 -7.007069587707519531e-01
-7.522192597389221191e-02 -6.929746866226196289e-01 -7.170271277427673340e-01
-7.684247940778732300e-02 -6.738573312759399414e-01 -7.348547577857971191e-01
-8.139222860336303711e-02 -6.516384482383728027e-01 -7.541502714157104492e-01
-8.893756568431854248e-02 -6.259242296218872070e-01 -7.747960686683654785e-01
-9.952741116285324097e-02 -5.962904691696166992e-01 -7.965751886367797852e-01
-1.131704747676849365e-01 -5.623067617416381836e-01 -8.191481232643127441e-01
-1.298128068447113037e-01 -5.235761404037475586e-01 -8.420312404632568359e-01
-1.493063271045684814e-01 -4.797889888286590576e-01 -8.645867109298706055e-01
-1.713806539773941040e-01 -4.307944476604461670e-01 -8.860275745391845703e-01
-1.956162750720977783e-01 -3.766809403896331787e-01 -9.054532647132873535e-01
-2.214384824037551880e-01 -3.178465366363525391e-01 -9.219211339950561523e-01
-2.481302767992019653e-01 -2.550447285175323486e-01 -9.345499277114868164e-01
-2.748827338218688965e-01 -1.893710345029830933e-01 -9.426442384719848633e-01
-3.008636236190795898e-01 -1.221911087632179260e-01 -9.458068013191223145e-01
-3.253065049648284912e-01 -5.500029027462005615e-02 -9.440078139305114746e-01
-3.475838303565979004e-01 1.073888689279556274e-02 -9.375874400138854980e-01
-3.672599792480468750e-01 7.375735044479370117e-02 -9.271892905235290527e-01
-3.841010332107543945e-01 1.330880224704742432e-01 -9.136487245559692383e-01
-3.980571925640106201e-01 1.881139129400253296e-01 -8.978661298751831055e-01
-4.092205762863159180e-01 2.385525554418563843e-01 -8.806992769241333008e-01
-4.177790284156799316e-01 2.844091653823852539e-01 -8.628859519958496094e-01
-4.239716827869415283e-01 3.258987665176391602e-01 -8.450077176094055176e-01
-4.280531108379364014e-01 3.633808195590972900e-01 -8.274810314178466797e-01
-4.302719831466674805e-01 3.972957432270050049e-01 -8.105689883232116699e-01
-4.308547973632812500e-01 4.281213581562042236e-01 -7.944031357765197754e-01
-4.299981296062469482e-01 4.563354253768920898e-01 -7.790119647979736328e-01
-4.278670549392700195e-01 4.824020266532897949e-01 -7.643415927886962891e-01
-4.245932102203369141e-01 5.067517161369323730e-01 -7.502821683883666992e-01
-4.202756583690643311e-01 5.297778248786926270e-01 -7.366843819618225098e-01
-4.149837791919708252e-01 5.518291592597961426e-01 -7.233761548995971680e-01
-4.087571799755096436e-01 5.732081532478332520e-01 -7.101760506629943848e-01
-4.016082882881164551e-01 5.941646099090576172e-01 -6.969068646430969238e-01
-3.935263454914093018e-01 6.148955225944519043e-01 -6.834037303924560547e-01
-3.844802379608154297e-01 6.355386376380920410e-01 -6.695263385772705078e-01
-3.744224607944488525e-01 6.561727523803710938e-01 -6.551680564880371094e-01
-3.632964491844177246e-01 6.768152117729187012e-01 -6.402630805969238281e-01
-3.510427772998809814e-01 6.974251270294189453e-01 -6.247936487197875977e-01
-3.376058340072631836e-01 7.179068922996520996e-01 -6.087955832481384277e-01
-3.229404091835021973e-01 7.381188869476318359e-01 -5.923596620559692383e-01
-3.070169091224670410e-01 7.578845024108886719e-01 -5.756316184997558594e-01
-2.898243367671966553e-01 7.770057320594787598e-01 -5.588058233261108398e-01
-2.713721990585327148e-01 7.952749729156494141e-01 -5.421206355094909668e-01
-2.516856789588928223e-01 8.124929666519165039e-01 -5.258417725563049316e-01
-2.308029085397720337e-01 8.284753561019897461e-01 -5.102534890174865723e-01
-2.087669968605041504e-01 8.430647850036621094e-01 -4.956390261650085449e-01
-1.856192648410797119e-01 8.561350703239440918e-01 -4.822637736797332764e-01
-1.613913029432296753e-01 8.675908446311950684e-01 -4.703604876995086670e-01
-1.360997259616851807e-01 8.773661255836486816e-01 -4.601146578788757324e-01
-1.097438484430313110e-01 8.854201436042785645e-01 -4.516496956348419189e-01
-8.230551332235336304e-02 8.917297720909118652e-01 -4.450211524963378906e-01
-5.375263839960098267e-02 8.962849378585815430e-01 -4.402089118957519531e-01
-2.404730767011642456e-02 8.990831375122070312e-01 -4.371170103549957275e-01
6.848667748272418976e-03 9.001255035400390625e-01 -4.355768859386444092e-01
3.895986825227737427e-02 8.994154334068298340e-01 -4.353548884391784668e-01
7.229033112525939941e-02 8.969584107398986816e-01 -4.361648261547088623e-01
1.068128421902656555e-01 8.927626013755798340e-01 -4.376823306083679199e-01
1.424624472856521606e-01 8.868412971496582031e-01 -4.395645558834075928e-01
1.791316121816635132e-01 8.792136907577514648e-01 -4.414693713188171387e-01
2.166724056005477905e-01 8.699085116386413574e-01 -4.430712759494781494e-01
2.548951506614685059e-01 8.589632511138916016e-01 -4.440840184688568115e-01
2.935760915279388428e-01 8.464269042015075684e-01 -4.442685842514038086e-01
3.324669301509857178e-01 8.323594331741333008e-01 -4.434449970722198486e-01
3.713026344776153564e-01 8.168332576751708984e-01 -4.414949715137481689e-01
4.098127782344818115e-01 7.999314665794372559e-01 -4.383642077445983887e-01
4.477343559265136719e-01 7.817506790161132812e-01 -4.340503513813018799e-01
4.848179817199707031e-01 7.623999118804931641e-01 -4.285998642444610596e-01
5.208399891853332520e-01 7.420001626014709473e-01 -4.220917224884033203e-01
5.556047558784484863e-01 7.206859588623046875e-01 -4.146264493465423584e-01
5.889523625373840332e-01 6.986029148101806641e-01 -4.063115119934082031e-01
6.207571625709533691e-01 6.759089231491088867e-01 -3.972501158714294434e-01
6.509295701980590820e-01 6.527715921401977539e-01 -3.875305652618408203e-01
6.794135570526123047e-01 6.293668746948242188e-01 -3.772194981575012207e-01
7.061848640441894531e-01 6.058745384216308594e-01 -3.663590252399444580e-01
7.312468886375427246e-01 5.824767351150512695e-01 -3.549633324146270752e-01
7.546294331550598145e-01 5.593481063842773438e-01 -3.430219590663909912e-01
7.763823866844177246e-01 5.366529822349548340e-01 -3.305057585239410400e-01
7.965748310089111328e-01 5.145329236984252930e-01 -3.173712193965911865e-01
8.152900934219360352e-01 4.930993020534515381e-01 -3.035707473754882812e-01
8.326231241226196289e-01 4.724215269088745117e-01 -2.890615463256835938e-01
8.486768603324890137e-01 4.525168240070343018e-01 -2.738174498081207275e-01
8.635616898536682129e-01 4.333377182483673096e-01 -2.578365206718444824e-01
8.773905634880065918e-01 4.147658348083496094e-01 -2.411537170410156250e-01
8.902816772460937500e-01 3.965984582901000977e-01 -2.238486260175704956e-01
9.023554325103759766e-01 3.785451948642730713e-01 -2.060541361570358276e-01
9.137364625930786133e-01 3.602157533168792725e-01 -1.879636198282241821e-01
9.245504736900329590e-01 3.411188125610351562e-01 -1.698362976312637329e-01
9.349223375320434570e-01 3.206492066383361816e-01 -1.520008593797683716e-01
9.449642896652221680e-01 2.980855107307434082e-01 -1.348612457513809204e-01
9.547601938247680664e-01 2.725723385810852051e-01 -1.188999563455581665e-01
9.643322229385375977e-01 2.431154996156692505e-01 -1.046820804476737976e-01
9.735904932022094727e-01 2.085607498884201050e-01 -9.286465495824813843e-02
9.822524189949035645e-01 1.675992906093597412e-01 -8.420637249946594238e-02
9.897282719612121582e-01 1.187709122896194458e-01 -7.957062870264053345e-02
9.949605464935302734e-01 6.053676828742027283e-02 -7.993135601282119751e-02
9.962289333343505859e-01 -8.574537932872772217e-03 -8.633854240179061890e-02
9.909579753875732422e-01 -8.964007347822189331e-02 -9.983434528112411499e-02
9.756388664245605469e-01 -1.828209161758422852e-01 -1.212656423449516296e-01
9.460735321044921875e-01 -2.866171896457672119e-01 -1.509823650121688843e-01
8.981846570968627930e-01 -3.971784710884094238e-01 -1.884504109621047974e-01
8.294277191162109375e-01 -5.081678032875061035e-01 -2.319806963205337524e-01
7.402543425559997559e-01 -6.117736697196960449e-01 -2.788486182689666748e-01
6.346207857131958008e-01 -7.007365822792053223e-01 -3.259212970733642578e-01
5.188949108123779297e-01 -7.703644633293151855e-01 -3.705221414566040039e-01
3.997954130172729492e-01 -8.192890286445617676e-01 -4.110098183155059814e-01
2.826642394065856934e-01 -8.487997651100158691e-01 -4.468108713626861572e-01
1.708400398492813110e-01 -8.615384101867675781e-01 -4.780849218368530273e-01
6.590942293405532837e-02 -8.604115843772888184e-01 -5.053194761276245117e-01
-3.165859356522560120e-02 -8.480025529861450195e-01 -5.290457010269165039e-01
-1.219290420413017273e-01 -8.264179825782775879e-01 -5.496968626976013184e-01
-2.051135599613189697e-01 -7.973585128784179688e-01 -5.675806999206542969e-01
-2.813819050788879395e-01 -7.622646093368530273e-01 -5.829038619995117188e-01
-3.508138954639434814e-01 -7.224437594413757324e-01 -5.958225727081298828e-01
-4.134445488452911377e-01 -6.791436672210693359e-01 -6.064878106117248535e-01
-4.693347811698913574e-01 -6.335640549659729004e-01 -6.150783896446228027e-01
-5.186395049095153809e-01 -5.868256688117980957e-01 -6.218107938766479492e-01
-5.616386532783508301e-01 -5.399224162101745605e-01 -6.269337534904479980e-01
-5.987412333488464355e-01 -4.936774671077728271e-01 -6.307071447372436523e-01
-6.304521560668945312e-01 -4.487237334251403809e-01 -6.333854198455810547e-01
-6.573340892791748047e-01 -4.055043756961822510e-01 -6.351991891860961914e-01
-6.799597740173339844e-01 -3.642994761466979980e-01 -6.363493800163269043e-01
-6.988800168037414551e-01 -3.252620697021484375e-01 -6.370018720626831055e-01
-7.145932912826538086e-01 -2.884581983089447021e-01 -6.372975707054138184e-01
-7.275387644767761230e-01 -2.539021670818328857e-01 -6.373547911643981934e-01
-7.380841374397277832e-01 -2.215893864631652832e-01 -6.372832655906677246e-01
-7.465340495109558105e-01 -1.915166676044464111e-01 -6.371877789497375488e-01
-7.531302571296691895e-01 -1.636989861726760864e-01 -6.371792554855346680e-01
-7.580628395080566406e-01 -1.381752640008926392e-01 -6.373760104179382324e-01
-7.614704370498657227e-01 -1.150173395872116089e-01 -6.379136443138122559e-01
-7.634530663490295410e-01 -9.432470053434371948e-02 -6.389384269714355469e-01
-7.640693783760070801e-01 -7.622922211885452271e-02 -6.406146287918090820e-01
-7.633420228958129883e-01 -6.088884919881820679e-02 -6.431185603141784668e-01
-7.612543106079101562e-01 -4.848854243755340576e-02 -6.466379761695861816e-01
-7.577499151229858398e-01 -3.923551365733146667e-02 -6.513644456863403320e-01
-7.527256608009338379e-01 -3.335937112569808960e-02 -6.574886441230773926e-01
-7.460262775421142578e-01 -3.110737726092338562e-02 -6.651895642280578613e-01
-7.374356985092163086e-01 -3.274377807974815369e-02 -6.746231317520141602e-01
-7.266712188720703125e-01 -3.854086995124816895e-02 -6.859033703804016113e-01
-7.133737206459045410e-01 -4.877088591456413269e-02 -6.990845799446105957e-01
-6.971088051795959473e-01 -6.368634849786758423e-02 -7.141311168670654297e-01
-6.773691177368164062e-01 -8.349817246198654175e-02 -7.308893203735351562e-01
-6.535958647727966309e-01 -1.083303764462471008e-01 -7.490506768226623535e-01
-6.252174377441406250e-01 -1.381742656230926514e-01 -7.681217789649963379e-01
-5.917123556137084961e-01 -1.728231161832809448e-01 -7.874063253402709961e-01
-5.527559518814086914e-01 -2.117780596017837524e-01 -8.059844970703125000e-01
-5.092038512229919434e-01 -2.533689737319946289e-01 -8.225057125091552734e-01
-4.680915772914886475e-01 -2.904232740402221680e-01 -8.345925211906433105e-01
-4.555286765098571777e-01 -3.184545934200286865e-01 -8.313123583793640137e-01
