-1.121801146960737849e+00 1.270479523863967009e+00 6.993254584711439126e-02
-1.271937736248208051e+00 1.020860531547642447e+00 -5.897617115501491841e-02
-1.156093757849661507e+00 9.478882121348284340e-01 -7.637850617689528887e-02
-1.401365261027312847e+00 1.764439511960802731e+00 -7.302191211805121596e-02
-1.285996221169477316e+00 1.581274445902972170e+00 -3.300404637803269065e-02
-2.156997112919712301e+00 1.285842529674605217e+00 1.509805265433644406e-01
-1.930934115740797763e+00 1.367441499172533437e+00 -8.728001035745464042e-02
-1.797163343017368353e+00 1.477224291029199055e+00 8.358143727886456140e-03
-1.786919388979101297e+00 1.349891638948472750e+00 -7.434586269554517568e-05
-1.521408585562380900e+00 1.529331311055256659e+00 -1.312713891507185371e-01
-1.514535487774650857e+00 1.491329251441881665e+00 1.160372992357695393e-01
-1.718647385573544462e+00 1.201637572066701853e+00 7.555682611519745628e-02
-1.466840691521113627e+00 1.073162007276577290e+00 1.633132825002777538e-02
-1.544517206376030405e+00 1.085828102964647934e+00 5.432053027691677305e-02
-1.491462265866031256e+00 1.048341183834100132e+00 -1.133911744633014779e-01
-1.924993520821209447e+00 1.134660779173449541e+00 -5.672518485583866177e-02
-2.263511022133838146e+00 9.213834301029060203e-01 1.933043070259308771e-01
-2.307849333715915829e+00 7.828220002659276311e-01 -4.033546286301098460e-02
-2.324289197328739842e+00 7.729164248257480718e-01 -3.491804911397142913e-02
-2.443053370811615999e+00 1.110892397402104326e+00 2.177392031136556397e-02
-1.913509345627455893e+00 1.296721112693021816e+00 -8.853945524773086662e-02
-1.870186524215105672e+00 1.385264677758368812e+00 -9.194285661722537140e-02
-1.548519878829561547e+00 1.177414745243801297e+00 1.330718552746649325e-02
-1.028619979060427125e+00 9.521360276756362095e-01 1.951909869097906425e-02
-9.168854541635659272e-01 1.804902221956977026e+00 -7.871300027942795818e-02
-5.052389739383970069e-01 1.210469361953172118e+00 -8.978747082838919868e-02
-4.024899796800796015e-01 9.762478772609287647e-01 5.100202408067609078e-03
-7.961897252010475823e-01 1.389174096193204422e+00 -2.501735587687854917e-04
-8.295903928725274490e-01 1.695030102321212429e+00 -7.239155954838966123e-02
-9.155095917495170710e-01 1.838216354692032262e+00 1.603055919922665579e-02
-9.999724127096096815e-01 1.624011580154181233e+00 8.626486312403748580e-02
-1.288792795576954475e+00 2.353370092885522347e+00 -1.281184798037169614e-01
-1.081517453968632747e+00 2.378146221528605331e+00 5.369012747254375828e-02
-7.208039025749088946e-01 2.523660882058766486e+00 -1.930774584449209200e-02
-5.403882615943782497e-01 2.324497121392895771e+00 -1.498960555060896982e-01
-4.390064175181342954e-01 2.320059191501265161e+00 7.227426968570696206e-03
-5.226597816647245986e-01 2.749437045397193025e+00 4.148463884807646052e-02
-9.576006431967311328e-02 2.676444249653521013e+00 -1.393720955655717852e-01
-1.089219162667282442e-01 2.487110750844448770e+00 1.204074744432270458e-02
-1.083626202995391363e-02 2.916904803557659243e+00 -3.360401618524105904e-02
-3.531453663754142713e-01 2.809421774487935508e+00 6.966642720260994570e-02
-2.437909852024451873e-01 2.776194714571495581e+00 2.627483856893007841e-02
-3.635470250899791034e-01 2.534096445490497729e+00 -4.893828841394650547e-02
-5.388983624379698467e-01 1.824338309072272013e+00 -2.964471111592329941e-02
-6.646705468321015831e-01 1.573109960597378842e+00 1.168842760438948830e-01
-6.905795942595500669e-01 1.539806722186279231e+00 -6.314664593911331614e-02
-5.562115161666173480e-01 2.228234016659961014e+00 -1.622814057143784072e-01
-3.530736643624055038e-01 2.244351861763318468e+00 -3.455392862524667152e-02
-7.600539159843455739e-02 1.897494578373942309e+00 1.118841424270491658e-01
2.301731419728378358e-01 2.167440833230958042e+00 -2.434765137952691338e-01
7.823374866369376956e-01 3.429202883291603499e+00 -3.642250800720048254e-02
1.254770205785481041e+00 2.585245244800306708e+00 2.035835684468327300e-01
1.493966322102243671e+00 2.469694410226740633e+00 3.731112279573241264e-02
1.673124129200790566e+00 2.522849590090677108e+00 -1.082049478559038089e-02
1.584404931680394091e+00 2.470626810350885272e+00 -5.270087401026210538e-02
1.892009755398192494e+00 2.460207067669686332e+00 -4.962907748168522010e-02
2.054383410068282512e+00 1.917419680614129707e+00 -5.662900689858122588e-02
1.787116296250545133e+00 2.188167114387374212e+00 -1.908363337252156622e-01
1.663460855158274798e+00 2.088158230407894944e+00 2.138308368752778188e-01
1.867807829130877950e+00 1.866499109079311269e+00 1.774556807252110069e-01
2.115680921397864456e+00 1.765136213784391117e+00 -2.165590738064886167e-01
1.747093610400269892e+00 1.361813210116958217e+00 1.027409410364693576e-01
2.093798957318195431e+00 1.513904850801392810e+00 6.070542220854562021e-03
2.331513232216797071e+00 1.660167745318772869e+00 -5.529085517136126532e-02
2.368619918548320324e+00 1.003608992274404033e+00 3.799213892788604052e-02
2.313666706516421367e+00 1.491567831016638923e+00 3.605552281457912595e-02
1.981927831731089329e+00 1.361574868711277642e+00 3.859383956330175725e-02
1.938155136239009035e+00 1.626425717805039417e+00 1.383314543537611518e-01
1.909634576123589333e+00 1.157153795841587840e+00 1.017506407328049728e-02
2.311187252475857878e+00 1.515461669532690792e+00 1.189505748493429882e-01
2.326428612247475325e+00 1.293549051001196659e+00 1.485445189719351300e-01
2.433350381844030963e+00 9.501100650330989161e-01 -7.613205887938355454e-02
2.580689768459296651e+00 2.392977056992686147e-01 -7.603451305893510481e-02
2.156062925564800725e+00 3.410778210293108903e-01 -3.500290915656276147e-02
2.276015995647920231e+00 -4.415121148383810423e-01 1.761052296871729039e-02
1.989344444695397840e+00 -3.042662376694163506e-01 -8.989016016064757530e-02
2.126119302953171974e+00 -5.003460978420563032e-01 3.713979043225883875e-02
2.394141918809721048e+00 -5.400999265856206710e-01 6.160263873681869062e-02
2.810447500966825274e+00 -5.398697525707270017e-01 2.075789196992227081e-01
2.728966410174496371e+00 -4.397057228636641057e-01 -2.668800071411748798e-01
2.280371226829505549e+00 1.923275196079824445e-01 -1.859216136263817931e-01
2.829592683486552129e+00 -1.328360682719652019e-01 -9.794720599698089614e-04
2.728583381434814825e+00 1.650650527200347994e-02 6.920539677503989573e-02
2.834880849943842041e+00 2.942675451284737509e-03 -4.996600717158175553e-02
3.325000445253776693e+00 -2.547550807358702762e-01 4.358752309416540072e-02
3.302634622214027260e+00 -1.228227127018486076e-01 -7.100936232157027683e-02
2.945984523179832504e+00 -7.102108735424136898e-02 -4.968449401150103195e-02
2.416283414939071506e+00 -2.816879436886889909e-01 -9.301653956164149251e-02
2.713115810956381324e+00 -2.521941416179704909e-01 -1.486879156085747257e-02
3.323226139678479907e+00 -7.366374802920248044e-01 -5.876041557186333086e-02
3.592900963235498679e+00 -5.925020570676667875e-01 -3.985985150332852639e-02
3.175144390440063358e+00 -7.682927750628443242e-01 -2.016753069671185228e-01
3.184693401558066572e+00 -8.863155711119379276e-01 -7.846440353918603117e-02
2.807092826963743626e+00 -1.212829263524887402e+00 -1.385086086611825307e-01
2.498803567610558218e+00 -1.084303006850712459e+00 -4.433009454436202812e-02
2.013525690348433095e+00 -7.483087131449766005e-01 -5.049697999304697538e-02
2.788299960839395908e+00 -1.053647099140627041e+00 -2.532389021221149311e-02
2.958078936056336428e+00 -1.148660103825185796e+00 9.700324322819858791e-02
4.300829798412753036e+00 -2.073119282565376587e+00 1.126819448181485550e-01
3.691633445516770973e+00 -2.138669517801897957e+00 -3.339946714854831467e-03
3.568867543988314850e+00 -2.077977005893805185e+00 -7.637923091887761917e-02
3.437861879730571335e+00 -2.067313986214530885e+00 -3.449619890076147111e-02
2.539914440942593110e+00 -1.830583595902391281e+00 1.081580062436880291e-01
2.565975796728951153e+00 -1.394407540782801380e+00 -1.005223859431252087e-01
2.737370239324191878e+00 -1.683604379555459385e+00 5.565011077008318041e-02
2.323036695502862070e+00 -1.457642869010304709e+00 4.096557953917236150e-02
2.859050021897325600e+00 -1.822183452526155545e+00 -6.206463614779302723e-02
2.735928994761030797e+00 -1.949347484359662763e+00 -2.961893822799222670e-02
2.623096223508917024e+00 -1.781690894339650777e+00 -6.304774976964133693e-02
2.211474172795551141e+00 -1.743729661676765463e+00 -4.264962488110649735e-03
1.542856764672096093e+00 -1.017253886196436419e+00 -1.171006058055489886e-02
1.667791489293963814e+00 -1.491334718666584624e+00 -6.728413158241484948e-02
1.544915519379955748e+00 -1.827011192618089197e+00 8.403137335473442882e-02
1.719470030705684049e+00 -2.028554929107500460e+00 6.974197938092476651e-03
1.054691015085280625e+00 -2.018110555379320825e+00 -3.790014890171899270e-02
1.193898344460641470e+00 -2.613464141785267092e+00 -7.175573897829183589e-03
8.124688238927684214e-01 -2.740149080096920819e+00 5.395445485652011069e-02
5.830599875454626213e-01 -2.505402693206469245e+00 1.017206995106310560e-02
2.185465700299311642e-01 -2.390458989400406242e+00 2.172188567046847915e-02
2.528156925715099312e-01 -2.695321904067277341e+00 8.318208931600852563e-02
2.498714702296424561e-01 -2.846212877148091458e+00 -2.186304110478956564e-02
4.306110166136610795e-01 -2.786021689207696550e+00 1.573362892267206603e-01
4.355998013990657891e-01 -3.284740362778072686e+00 -2.191375500967298814e-02
1.070076889610111492e-01 -3.535364006639147849e+00 1.003554535418606508e-01
-1.122576486088533998e-01 -3.253151247591505424e+00 7.897787441524325991e-02
-3.145454666434764346e-01 -3.304574453263173339e+00 3.077653871252037515e-02
-8.302915326427018350e-01 -3.148472450742988649e+00 5.965451706305966925e-03
-1.032637675045302794e+00 -3.152068425417406061e+00 -6.929436711348210820e-02
-8.367035787395982194e-01 -3.586117937306777748e+00 9.836505510714382838e-02
-9.523824335651479567e-01 -3.446375832283594676e+00 -4.611276065666884694e-02
-7.540484678065872970e-01 -3.545055653407975349e+00 5.488144587681885456e-02
-9.097930403463427851e-01 -2.628917664138351373e+00 -6.251398744439931598e-02
-1.045957806047971950e+00 -2.584349056681289003e+00 9.054374903546442976e-02
-1.331506491707919571e+00 -2.490307983616305343e+00 -1.009215982891865926e-01
-8.607640266603687751e-01 -2.237193345601991012e+00 9.206351518633329456e-02
-9.267698836503861504e-01 -2.169442356590535859e+00 -2.858951772993749765e-02
-8.371388676653869210e-01 -2.064640057371423421e+00 1.525024317496091186e-01
-9.697978460077917306e-01 -2.192690699723013115e+00 1.298135290420101007e-01
-1.017119215601462123e+00 -2.090660355177997864e+00 8.639829941447108030e-02
-9.392652572943022138e-01 -2.129083383806872121e+00 -2.048450355484395524e-01
-9.881822555719738110e-01 -2.407041198034701068e+00 -3.214140426966313746e-02
-1.149011213486784477e+00 -2.454146941768406087e+00 6.165957370861811782e-02
-1.307196636594349037e+00 -1.551308810909238556e+00 8.017260078187590094e-03
-1.472547204887745487e+00 -1.736610505715876052e+00 -5.616696697759039625e-02
-1.401708695409561667e+00 -2.099516985011848025e+00 4.193631076593699186e-02
-1.570667854153293685e+00 -1.970642653943157407e+00 4.438996133237928243e-03
-1.354875145132311332e+00 -1.093510296574874863e+00 -4.306456429099927985e-02
-1.855057468036286128e+00 -9.617169369814587698e-01 -1.909278437774510062e-02
-1.849490002374385877e+00 -8.709347874776034448e-01 5.911964694030494294e-02
-1.806346118108813625e+00 -3.866404538882583508e-01 1.212830185508201319e-02
-1.827743382766091162e+00 -4.994581021463341819e-01 5.065291436256066926e-02
-1.696992865769348935e+00 -8.709610775561371643e-01 -4.053211874665665557e-03
-1.345128339859264610e+00 -5.156184502302244566e-01 -7.314967769954729138e-02
-9.516499412702763561e-01 4.568297138200085872e-01 3.235809379151430992e-02
-1.829328149303170559e+00 1.837147040750644611e-01 1.366513798159836313e-01
-1.760063491209938658e+00 4.074370201237785816e-01 4.740833863407682008e-02
-1.880932121127611545e+00 2.808442550804323701e-01 -3.678257251510420878e-02
-1.840659230392791113e+00 3.937563949166391075e-01 6.788750974673612992e-02
-1.777869192960419564e+00 9.703449838126492200e-01 7.590863759965048307e-02
-1.868682570485132866e+00 1.080011818687788949e+00 -4.767867306456542720e-02
-1.808313301828763153e+00 7.273506153671103203e-01 3.921148561306355557e-02
-1.870889256639348019e+00 1.080100236032008443e+00 -9.875581027599153461e-02
-1.837379498907721231e+00 7.790714150310139585e-01 7.510454236356216284e-02
-1.616161800390849113e+00 5.521522791356329174e-01 -6.400960816180097102e-02
-1.815808693330475343e+00 6.535674907431605618e-01 1.375724447802399199e-02
-1.591132230121908187e+00 5.889383564985459785e-01 4.766091312273392638e-02
-1.129470661547857135e+00 5.903243191833160708e-01 -2.680112087317991498e-03
-9.382687454808948946e-01 4.297354389424975496e-01 -1.615370266831249457e-02
-8.384545968036954955e-01 -4.276680987359172126e-01 2.365075279777326678e-01
-9.791581855788641375e-01 -5.286271789233175644e-01 -2.184281019503357679e-01
-1.052251380012258819e+00 -1.750205539462151294e-01 1.887789767503356142e-02
-1.009053408785325567e+00 -2.367432555648135983e-01 -9.326375384431057070e-02
-1.099261173544055836e+00 1.768342669765292641e-01 -6.167345851963866588e-02
-2.186935138756282537e+00 5.255632405577657096e-01 -6.186858506368624749e-02
-1.458505917046121869e+00 2.401034923878829497e-02 3.178356082934076510e-02
-1.577711991063360353e+00 1.684478960729423602e-01 -2.367646970630706352e-02
-1.592564491997238374e+00 2.339690314028468610e-01 6.067313671780084211e-03
-1.565346579031751784e+00 2.724155631383367027e-01 -5.750589042551219887e-05
-1.564751944537398964e+00 7.132077478687816330e-02 -4.043632660231940429e-02
-1.476244747468096641e+00 1.582402179966926892e-03 -5.610659914683356619e-02
-1.383369402756731592e+00 -1.285208545819962467e-01 1.105529499537386343e-03
-1.418670159108021078e+00 -7.483853938701423569e-02 -7.948044867327362650e-02
-1.365375825886351091e+00 -1.058635107628717181e-01 -4.854385927475621948e-02
-1.435687306197135360e+00 -1.389860406697586703e-01 4.292788874668506532e-02
-1.353382838715586622e+00 -2.670578155311410518e-01 -8.100487892969375492e-02
-1.444643463031195285e+00 1.214406520806679129e-01 -6.026030276817950435e-03
-1.507148372774905321e+00 1.619388449052431844e-01 3.494489877017038781e-02
-1.463204715079762464e+00 2.889744011665364987e-01 3.891505340191656059e-02
-1.722758909334561661e+00 7.674848195099261972e-01 8.196548310964676953e-02
-1.578242178427857745e+00 6.786202690796516723e-01 -6.978571627930502119e-02
-1.896211397553277278e+00 6.131319014683405122e-01 2.394737067557504984e-02
-1.843405250978674248e+00 5.862912701059906917e-01 -4.507450987010745702e-02
-1.599168073017120051e+00 6.777439244672354146e-01 -2.066922669013498623e-02
-1.479478976309696492e+00 5.832819240975704034e-01 -6.178473531964857879e-02
-1.584089698668183388e+00 5.203278745491577428e-01 -2.070760155745922371e-02
-1.339772903856296438e+00 5.498245590560930651e-01 -5.791210788083708122e-02
-8.700203956281576945e-01 7.341725194899889617e-01 2.287995795053923004e-02
-6.979638083255405023e-01 5.421435014728027690e-01 -8.536979803542562445e-03
-9.665636661899003057e-01 8.469221480975094307e-01 3.464546845454163915e-02
-9.703163699476256010e-01 8.018137636209128338e-01 1.004118536090177656e-02
-1.070304436103569401e+00 1.068181768187645320e+00 1.086296205665887304e-01
-5.400944302600017011e-01 9.717422136620116335e-01 7.163128860175728418e-02
-5.432115880007406528e-01 1.020926072540894403e+00 1.216757887494603341e-01
-5.363755873694511234e-01 1.169004256216289228e+00 -2.407237752223333541e-02
-8.073947399859451313e-01 1.005721142781414557e+00 -4.786481300941852757e-02
-7.991010649707210867e-01 9.872828826983617301e-01 -9.524238269606449814e-02
-8.478351097349328125e-01 1.005752576824958222e+00 1.616348377800485847e-01
-5.811593709495592730e-01 1.396377819936494014e+00 7.349342058337514361e-02
-6.974008672924483232e-01 1.466033915509092012e+00 -1.123099046411513147e-01
-3.536381440356295425e-01 1.315105643010429315e+00 -1.762676313628739888e-01
-7.571866872112366365e-02 7.789835338068755721e-01 1.459044968950153065e-01
-6.132076027085425762e-02 8.117899022614942783e-01 1.576874118433116700e-01
-4.548640218062920404e-01 3.634594515602535547e-01 -7.788658296416602067e-02
-7.558385910032233701e-02 4.868222914735236273e-01 -1.404487186903799756e-01
-2.023481354667438503e-01 7.849607997934813231e-01 4.599916542947910664e-02
-2.481068482138917841e-01 9.952139090900742335e-01 8.186239258221555959e-02
-5.974282560264253528e-01 5.204118071179072436e-01 1.101276437775054462e-01
-9.239034307389748513e-01 3.602520288158940209e-01 -1.334206908098563849e-01
-9.814180094522767517e-01 1.043113054227511327e+00 8.102636041043397713e-03
-7.899370093432224182e-01 9.948723031357360469e-01 -8.328230918201701138e-03
-3.697153220056440537e-01 6.181128217609135334e-01 -6.271365961673561196e-02
-7.270211757212188264e-01 1.864578365821604855e+00 -2.991869076137820133e-02
-8.639606639850785363e-01 1.864970668957192546e+00 -1.463895060482460764e-01
-5.575214265318713114e-01 1.737050236189070063e+00 6.302454333960030852e-02
-8.137967956648983758e-02 1.672045718707881434e+00 -7.550860290647382067e-02
6.337326664485146144e-02 1.898199010144464349e+00 3.049561315148800744e-02
4.993552646049070343e-01 2.005052822868727436e+00 -6.651769256507567007e-02
8.799009528665941993e-01 1.847191930317305442e+00 -1.102977698820065827e-01
1.138869386569189235e+00 1.785110834850552886e+00 -8.681484025987004638e-02
1.266172873560341472e+00 1.870093429979689637e+00 1.537604448121766831e-01
1.614676383536472581e+00 2.378807534243905675e+00 1.083211711024333751e-03
1.654460406910335690e+00 2.262397131459491284e+00 4.143754944727176537e-02
2.176436325165050700e+00 1.981280469913828224e+00 -7.890715657775404512e-02
2.300645076065004346e+00 2.621084660934249744e+00 5.212864870369302017e-03
2.332028855290555036e+00 1.912232434902901179e+00 1.340112860663990046e-01
2.001612816520617066e+00 1.277761076313803645e+00 1.000086443833387434e-03
1.768736931605452867e+00 1.014862655371725264e+00 7.524856403110032066e-02
2.184439695880231902e+00 1.491501659866102836e+00 -6.683053912109154782e-02
2.169808892957959756e+00 1.472562649007683078e+00 -1.281592375748139556e-01
2.208444777804648762e+00 1.504077269834202646e+00 -1.833864558485675395e-02
2.007841058824446634e+00 1.687028100568418676e+00 -1.159910620381705559e-01
2.039068318757793818e+00 1.935253751812541889e+00 -8.883059855410363470e-02
2.511839362845018186e+00 1.843096503319388013e+00 1.147445841752373907e-01
2.295244823215115026e+00 1.699149948249149222e+00 2.819469861278216249e-02
2.142508839666484199e+00 1.394507916387837998e+00 4.151079925605311721e-02
1.998243405297787101e+00 1.199811430272002877e+00 -8.244581896755585892e-02
2.194542959272455018e+00 1.131714983720661039e+00 -9.829759142956642770e-02
2.020921200538531082e+00 1.481502934570034569e+00 -7.012831590701845697e-02
2.045775423342502730e+00 1.524995971984695498e+00 -3.506450654971131342e-02
1.919673784067777333e+00 7.308086966041168475e-01 9.256707381453167793e-02
1.387500641882339014e+00 5.833668969735457122e-01 -1.767638502304480497e-02
1.353001750148139948e+00 4.033126195041584761e-01 3.895747515701443453e-02
1.468782970050645620e+00 -9.115727969116514673e-02 -7.635419793808678746e-02
1.107237551205397130e+00 5.717388422831984340e-02 -7.930385801526322609e-02
1.020441671696641794e+00 1.275862146063776736e-01 -8.875303536108912483e-02
1.054713020497818565e+00 -3.178728461319753340e-02 1.612635504769553696e-02
1.313372681721890700e+00 -2.416333863065315002e-01 -5.917082211614747844e-02
1.083698020418334629e+00 -3.248258461096918959e-01 1.533003985561062488e-01
1.060638376630996582e+00 -5.456938767220411712e-01 1.280471956577677595e-01
3.447896968392156758e-01 -6.328358327975972530e-01 7.605232978380688236e-02
3.196561696837598721e-01 -8.647845950239032575e-01 -1.074013273532463918e-02
1.594558696077359450e-01 -1.030159038023413576e+00 -1.387111662535643053e-01
-6.834110945790874414e-01 -7.597182524793849590e-01 1.490736555948173891e-01
-5.396026811014258406e-01 -8.992073953762237393e-01 9.084473838533924095e-02
-7.793761771960397988e-01 -1.016652978793499473e+00 3.667079057011446430e-02
-8.708023228128309867e-01 -8.172822361813509850e-01 6.378331783780587239e-02
-6.432366719938494848e-01 -8.469218100203859123e-01 1.001072447645879118e-03
-1.106509087089987187e+00 -9.216686283182545791e-02 2.429745998545789626e-02
-1.383553929921026215e+00 -1.933693384805343918e-01 -1.753280148581316117e-02
-1.045543210378108601e+00 -4.249152469662267895e-01 4.496795759630527883e-02
-1.120918857288777382e+00 -3.256356590562941022e-01 -8.166064718429062730e-02
-1.292556194965937433e+00 5.412819427446369236e-04 -8.057388534706262651e-02
-6.081157492680866472e-01 4.006381357897653706e-02 7.983476551642929020e-02
-4.810128611392575082e-01 -2.521428088767021514e-01 -3.003706877233514386e-02
-4.596399039592899971e-01 -2.380426439881514200e-01 -2.570784740527501042e-02
-5.457706593116237737e-02 -2.123487810462613701e-01 -2.615921565899728685e-02
-1.111738290234246529e-01 -2.962123680236315448e-01 -4.607720096506756624e-03
1.126221046661170511e-01 -2.768904122440105087e-01 -1.851567904281090915e-01
1.366382657878226770e-01 -3.041768509589578562e-01 1.170840349449856488e-01
3.422396130204821141e-01 -5.628786258417370902e-01 -2.917016164430966813e-02
2.176853986076763836e-01 -5.410121079305378888e-01 1.113570567532862765e-01
2.669050305537411516e-01 -6.315800768265766862e-01 -8.521010016318940339e-02
9.104522334123554828e-01 -8.138178197391696678e-01 -1.797997169832303913e-02
1.818447191339425784e+00 -1.212724402054031536e+00 -4.011219165450756463e-02
1.534138265971263237e+00 -1.229093554559540280e+00 -4.067227362278455494e-02
1.224893700298785415e+00 -1.028494269881051970e+00 -3.165624750434650053e-02
9.089555347473478042e-01 -7.413313080550487655e-01 -2.269001893517248736e-02
2.226635847658589018e+00 -1.159737485873128193e+00 9.320603008956100666e-02
2.286023354951510989e+00 -1.332473532076856149e+00 4.838392498054998325e-02
2.539100741865942368e+00 -1.596322536447799534e+00 -9.129152710983493013e-02
2.652947328714177377e+00 -1.823363452972320609e+00 -5.727515561651755349e-02
2.880909044752657078e+00 -2.072560873441052554e+00 -7.048224430560393050e-02
2.645123189152606358e+00 -2.494040380962805337e+00 1.477719122439053248e-02
2.839140376545999267e+00 -2.574172934272021873e+00 2.287779402374552282e-02
2.787771186386672539e+00 -2.609843209704105327e+00 -5.396711958412384741e-02
2.324697166551969119e+00 -2.150611865665853717e+00 4.839931190479453832e-04
2.381537509248040863e+00 -2.298188571234553557e+00 -4.562655853072774409e-03
2.710870914937711706e+00 -2.110458264750079138e+00 1.347363450301451715e-02
2.608203559863437881e+00 -2.171412478893453013e+00 5.517777431327253873e-02
2.837589952433487106e+00 -2.091708907110031213e+00 -9.146430452189037441e-02
2.548298451102565476e+00 -2.070162552206320949e+00 3.227060630308908884e-02
2.760766497488209126e+00 -1.931095387293261689e+00 -3.995492356798493322e-02
2.546772178415468435e+00 -1.988261307148851076e+00 5.802548471779857275e-02
2.572069034057524739e+00 -1.754051332381189487e+00 -3.359162970091656569e-02
2.612033924325189993e+00 -1.804063115119010963e+00 -4.959689857928224754e-03
2.366619798277812770e+00 -1.821639479629699965e+00 -3.262417834297820507e-02
2.478642900663845072e+00 -1.941247290388586011e+00 -1.462047107470047964e-02
1.546630493507705539e+00 -1.567172715417468831e+00 5.112770280259469613e-02
1.912306493819846409e+00 -1.809317318172634304e+00 -4.072101913741098256e-02
1.665658676129434967e+00 -1.842351113704678411e+00 3.857876337868031830e-02
1.730354292952466899e+00 -1.391670907496905807e+00 -1.121807227665694573e-01
1.833259338518937742e+00 -1.290539012597961888e+00 -7.115948707821437291e-03
1.721479775910414123e+00 -1.556383741599800974e+00 1.364110180555509755e-02
1.260671761235210742e+00 -1.471770012090919399e+00 1.582994840343912926e-02
1.091867430569430031e+00 -1.466841127328682548e+00 -3.433871703800929487e-02
1.090043883360931831e+00 -1.909617254720083812e+00 1.917766842024561796e-02
8.173480892073944348e-01 -1.804100003506454941e+00 6.806968367841592649e-02
4.345521445263741400e-01 -1.547579686950555145e+00 -1.063263027739581347e-02
5.235583310623707076e-01 -1.772588086344951908e+00 6.473339705903476127e-02
3.830453322844090680e-01 -1.605004350313756545e+00 1.281735166849095053e-01
1.821328691712439385e-01 -1.481414693906404789e+00 1.024036900802105382e-01
-3.810108933571032530e-03 -1.272976783764745878e+00 2.444275947099135843e-02
-2.175523154994795094e-01 -7.926664614753951010e-01 -3.412407120876247146e-02
-3.612410822050543535e-01 -1.195747035846403517e+00 -1.455601694388748979e-01
-1.855213415864419568e-01 -1.260411979822177120e+00 -7.449190119205797642e-03
-3.338389731569172403e-01 -1.521768834789999358e+00 4.390753758609722279e-02
-5.720012869713397841e-01 -1.970653943678568387e+00 1.079573585119265738e-01
-4.662658420692022965e-01 -2.330295258993710039e+00 4.807065884775423709e-02
-9.000709717321743186e-01 -2.080639041141404633e+00 -9.174252134143064119e-02
-8.150560134373957544e-01 -2.471155031036468497e+00 -4.597212481759350294e-02
-1.107157277494431824e+00 -2.558781123464647145e+00 6.620323992180889017e-02
-1.457004586332643958e+00 -2.227753678224103862e+00 -4.355448665186739676e-02
-1.842447553392351001e+00 -1.164408779246606018e+00 1.408053704419163499e-01
-1.774346800353685749e+00 -1.087107434063157907e+00 -1.207011640259604730e-02
-1.659865606985643449e+00 -8.798433826550904335e-01 -7.004820271622769212e-02
-1.498773345834503168e+00 -7.909236197704022642e-01 1.310636338489096567e-02
-1.334983680033078546e+00 -1.108881657765566464e+00 8.840454980774276050e-02
-1.440042866452969417e+00 -9.931382304557573315e-01 8.682566401037226933e-02
-1.295062956949965649e+00 -8.748622520069749831e-01 -4.648826991446102647e-02
-1.361500078048572426e+00 -1.088096913104214192e+00 -7.603923538701790052e-02
-1.281334599852905765e+00 -1.463621891762055149e+00 -2.518362573037113278e-02
-1.405121313976566810e+00 -1.610463482858151663e+00 -1.529013205078868891e-03
-1.167104495589201818e+00 -1.995935162719055800e+00 4.451692726126672134e-02
-1.363595527637009308e+00 -2.006588625769979650e+00 -5.271378286891439946e-02
-1.429087033290744824e+00 -2.385470578673478670e+00 5.421794075429576393e-02
-1.480675144885694294e+00 -2.135335885648092624e+00 4.657964323007265234e-02
-1.552607686176243007e+00 -1.878967543625322145e+00 5.564658244514140290e-02
-1.750414924857175425e+00 -1.857132839825813120e+00 2.029697549005525514e-02
-1.837910403382840840e+00 -2.036380207660683173e+00 2.487390907036456100e-02
-1.933794564623762202e+00 -1.370731917072594896e+00 9.903403583040461255e-03
-1.667063215120607733e+00 -5.651101201608718094e-01 1.712403899121670708e-02
-1.583719123208169766e+00 -2.794000946433750632e-01 1.670072146241151356e-02
-1.507717887180007654e+00 -4.141140879843854816e-01 7.432870563759360651e-03
-1.430169751842112813e+00 -3.860590012245468383e-01 1.145234301419591205e-02
-1.471228031874030728e+00 -3.875623178464518981e-01 6.269528824075976635e-03
-1.485520698609297252e+00 -4.351088311303946132e-01 6.730270890098081181e-03
-1.636496056748008465e+00 -2.836972992092610113e-01 -4.514952728820879890e-02
-1.510396394264170716e+00 -4.623380093117662737e-01 -2.357827449698709360e-02
-1.434743599915636381e+00 -4.399693241976839753e-01 1.091084618575112464e-02
-1.577409509467306403e+00 -5.840450211025592919e-01 -4.149681052015404686e-02
-1.554223602523936432e+00 -7.387697682281695322e-01 3.343989066945388111e-02
-1.696112115308526569e+00 -7.262265014931402751e-01 5.885989259729521028e-02
-1.739944418964169515e+00 -6.769712161818368656e-01 -4.322898025950831086e-02
-1.743523717757710756e+00 -6.166964894460457147e-01 6.812579589555783910e-02
-1.678449370436768895e+00 -5.690011247405577510e-01 -2.614467128910450550e-04
-1.729155234553219067e+00 -5.451256179834300664e-01 -3.214533369599018031e-02
-1.975326050459166982e+00 1.648972345120569560e-03 3.363774114853240738e-02
-2.073896982470581296e+00 1.509642684905355692e-01 -5.766361296767794770e-02
-2.296411616716153681e+00 4.483190700135921691e-01 -5.151619880777570312e-03
-2.136724479282785971e+00 3.275700919221188334e-01 -9.073903464467283561e-03
-2.185182057858335636e+00 6.459333352304661435e-01 -1.966233064374530229e-02
-2.118526250236333119e+00 5.574565438636236436e-01 -2.256401025455085849e-03
-2.019566667564620221e+00 5.007267340927317179e-01 -3.886805117720960878e-02
-1.930499523010491103e+00 4.533836683117276056e-01 -9.256462729941490608e-02
-2.096030958319077264e+00 5.764885610480753320e-01 -3.474440026636269746e-02
-2.303449715768728812e+00 7.080948264816953053e-01 -1.537148916516408725e-01
-1.863039596046818680e+00 6.015040215805675938e-01 -1.268929734970379031e-01
-1.824681224953359049e+00 5.478800904588814191e-01 -3.118583119837988610e-02
-1.934200049193352200e+00 9.662199955200805324e-01 -7.407311293135571129e-02
-1.996923792104661199e+00 1.090723150926659946e+00 -4.355277165826128977e-02
-1.982047399969693702e+00 1.008238802422069647e+00 1.169734768663731848e-02
-2.169096430077835258e+00 1.261327199723134118e+00 -2.907149721201640960e-02
-1.969096878681358520e+00 1.320624588381376086e+00 -2.034032801200426344e-02
-2.000103115627679617e+00 1.244041482321979419e+00 2.667558321269646038e-02
-2.060049464802051311e+00 1.264722335423871691e+00 -1.043674296961705356e-01
-2.074950385255127205e+00 1.231243943777397210e+00 -9.562293687309366894e-03
-1.921478414873443619e+00 9.736694979069210332e-01 -1.049652448732797498e-02
-1.846868434139122161e+00 7.127999198026233607e-01 5.245506015479348139e-02
-1.944106323889232435e+00 9.754961879995809326e-01 -3.504165559011931247e-02
-1.978820735855465029e+00 1.032696209403958232e+00 3.430850370188152226e-02
-1.340946068869020014e+00 1.793922907088435714e+00 7.724679662641872890e-02
-1.072178045124642320e+00 1.821617908179705037e+00 9.333094477857242777e-02
-1.190421318717624022e+00 2.166077783357701847e+00 3.281800076794702190e-03
-1.111435502630878425e+00 1.837913334682046207e+00 3.169876754522638063e-02
-1.210984655315348490e+00 2.008513868238865463e+00 -8.806870465848189514e-03
-1.241252199843088544e+00 1.989382275683903023e+00 5.445444693096175570e-02
-9.355203357790439211e-01 1.739203799779390991e+00 -1.477677476440859006e-01
-8.196934531981510119e-01 1.607951017317529763e+00 8.945004456884772526e-02
-6.955635547301692867e-01 1.663428111335608639e+00 -1.577387081336643904e-01
-4.147235437185221585e-01 1.984544004826071184e+00 -5.964825024248415763e-03
-2.659059380446897047e-01 1.340341553934348617e+00 -5.292922238861283435e-02
-6.944812728837634896e-02 1.340848248258016850e+00 8.396964959232269821e-02
-1.148453004844533776e-02 1.248953956348704875e+00 3.671982902674782168e-02
4.763390235645232895e-01 1.295040917160870331e+00 4.302025400310496850e-02
8.185279203224340439e-01 1.816784974245236217e+00 -3.744296177391064767e-02
1.048049914155332329e+00 1.556332607951571356e+00 1.317486096554655040e-01
7.348436206116233382e-01 1.465820539797958011e+00 -1.330767549253346893e-01
8.152886140666194548e-01 1.230224433652641780e+00 1.123655686453501334e-01
8.565375228019189713e-01 7.790507435150584303e-01 5.605317074394645244e-02
8.390602586054883849e-01 6.993709691011753549e-01 -5.253912551003993292e-02
-3.083348249536600472e-01 4.586494546556564300e-01 -2.352337076105615390e-02
-2.978273097376106238e-01 3.991074872055349054e-01 1.480836280953069795e-02
-2.330332690304540155e-02 5.064429954856894955e-01 -6.737509718340342624e-02
-7.738728369228040083e-02 3.358369740171982532e-01 5.883409354351988585e-02
3.382846743610671419e-03 4.937472163993129604e-01 5.620848359667303396e-02
1.115180410650200432e-01 8.437740334517520591e-01 8.836646540203535460e-02
8.794420607498341924e-02 1.283997494973729836e+00 -8.588194111863324542e-02
3.838125296344981341e-01 1.817173816500637251e+00 -1.115346319218563781e-01
4.898904599188570463e-01 1.814366911058672205e+00 1.021930694737514522e-01
4.307656931175034010e-01 1.643814941628973791e+00 1.091490400919343552e-02
8.805731713072342259e-01 1.509646091743197527e+00 -1.034710328485546893e-01
1.066667753990792722e+00 1.910278768487414069e+00 4.456108110402701161e-02
1.588826019588670313e+00 2.044062589662613227e+00 2.529974390890059321e-02
1.900430553271269307e+00 1.465527904332303066e+00 -5.719458563883924457e-02
1.761976680169582643e+00 1.294516738831609892e+00 -2.292671040689865380e-01
1.592428930426114553e+00 1.357824652937998700e+00 -1.809200921305971488e-01
1.629425193200958466e+00 2.106868089093067553e+00 1.739190323041865938e-01
2.020516311378345975e+00 1.682399806760375149e+00 -1.188687679912212858e-01
1.994227782405370908e+00 1.580587353314214516e+00 4.621080978859300886e-02
2.243216520903682287e+00 2.074512412598291888e+00 -2.932534089479346684e-02
2.526010966856778950e+00 1.817581054280553721e+00 -1.127039196364069545e-01
2.687599493104368964e+00 1.191311449406712519e+00 9.117403848227433050e-02
2.815871794562462505e+00 9.745343936254303729e-01 5.240125933823061577e-02
2.741337031325572493e+00 1.343663140406008205e+00 -7.724048209494280282e-02
3.060724419657715245e+00 1.253209763838426305e+00 -2.005570480339314843e-01
2.988991202864288876e+00 1.332717980174400685e+00 1.102021957917789785e-02
2.955169547707180655e+00 1.262731030377189256e+00 1.577416009684506210e-02
2.444707168826169230e+00 1.732202219856981973e+00 6.682456317193571915e-02
2.813521972711821917e+00 8.716911061605603361e-01 1.024028689498984179e-01
1.641662308446210528e+00 1.192205050004804257e-01 -1.163676137591978244e-01
2.160599624487109516e+00 1.025907759547028397e-01 -7.067014294969997668e-02
3.068624031617190440e+00 5.964119289055308526e-02 -5.623171158122810404e-02
2.902235681506187159e+00 -2.634108870207998443e-01 1.058706035091539210e-01
3.002472068110009662e+00 2.083166043910599508e-01 -2.784674763585667789e-01
2.891576094065713143e+00 -2.782484760604698182e-01 2.610311027342505086e-01
2.923233250795788774e+00 4.405690046181388042e-01 1.738061882613921860e-01
3.334139385894354213e+00 2.788704215783649465e-02 -2.331110986198588891e-02
2.990317272523448366e+00 -4.061084009472437084e-01 9.053686191129511895e-02
3.107758583636629268e+00 -3.141799260503703173e-01 -1.437952739605885821e-01
3.458051132664759386e+00 -6.800461834140629769e-01 -2.320815875140713053e-02
3.650999862992023282e+00 -1.013632937887224639e+00 1.766189833084327865e-01
3.495522927405080971e+00 -1.210426138841228516e+00 -5.654848341452980987e-02
3.171355715780942219e+00 -7.986598620612949118e-01 6.433992959513554211e-02
2.558884969546395993e+00 -5.669043812056142606e-01 5.253787948369540578e-02
3.706454285327224873e+00 -7.013461004300595159e-01 -3.546152546702247693e-02
3.588262371250527494e+00 -8.118972076859305442e-01 6.834798784782387948e-02
4.204336024019191598e+00 -1.211246859017308886e+00 -2.345414374382390754e-01
3.731982798498725273e+00 -1.115760747615966997e+00 5.233934102742529570e-02
4.028337873363697419e+00 -1.408185144392940735e+00 9.867131889386793198e-02
3.888893788196155388e+00 -1.973090222449834119e+00 2.958174438796328659e-02
3.922066824578029021e+00 -2.307222824133521311e+00 -8.917371530329329388e-02
3.351966208957624982e+00 -1.858635038174354159e+00 1.803681026912069135e-02
2.656760035390414831e+00 -1.588142975514429178e+00 -3.847720670498006035e-02
3.209636495882524532e+00 -1.856892252793298281e+00 -6.551320564996571116e-02
2.934001433712194018e+00 -1.926809596382106804e+00 7.771067258469167849e-02
3.854529254925672443e+00 -2.033118431674206583e+00 6.807130737244139473e-02
3.550694251813499402e+00 -1.537782400124927173e+00 -1.227967412565803551e-01
3.424736083143815613e+00 -1.417254891419749585e+00 -2.033572776651773606e-02
3.422146974400938291e+00 -1.480764651008504185e+00 8.730457565430345401e-02
3.175138075319182906e+00 -1.291803641340844244e+00 5.349925541063841467e-02
2.875303369001377618e+00 -1.370821494461596846e+00 5.639953413313521235e-02
2.634534572155134313e+00 -2.081318708849380084e+00 1.291696993723982952e-02
2.386308458022421419e+00 -2.016088163281596124e+00 2.500442226981992172e-02
2.389579027317228821e+00 -1.872614320494033979e+00 3.828717173114181554e-02
1.250380091640137081e+00 -1.873808998613964105e+00 -1.765974163194919400e-02
1.152551038630557301e+00 -1.716005634288738424e+00 5.382468654984033651e-02
8.406806357178909783e-01 -1.595536794914233836e+00 1.998947210680084019e-02
9.177305433398972312e-01 -2.154443881209217704e+00 -3.920469394461535001e-02
3.359398715232356780e-01 -1.839546662198100035e+00 1.361671527766951384e-02
2.752812828666429956e-01 -1.922267923401571155e+00 -6.393207547662344004e-02
1.567841921362047586e-01 -1.565486494469847889e+00 5.463740328449163269e-02
-2.095255097738896177e-02 -1.701698717675110384e+00 1.113014517600994027e-02
2.038610797647109341e-01 -1.945099362172188817e+00 1.577672145843873192e-02
-9.231742857015981518e-02 -1.717484277816911487e+00 -2.082829419637551721e-03
2.300170328173684053e-02 -1.841539548601299092e+00 -8.886769566899167805e-02
-6.010722073728798076e-01 -1.539351014905878001e+00 2.249340009937600415e-02
-8.487901360809115836e-01 -1.488170699016194032e+00 -7.864187867872961257e-02
-9.326767074182478190e-01 -1.935849398360569573e+00 1.335882992551075052e-02
-1.042048978000137627e+00 -1.987592263277852656e+00 -7.015305921235383269e-02
-1.200717096090147651e+00 -1.759917432152344752e+00 1.475691316545940310e-02
-1.209157108867659591e+00 -1.444410346612558405e+00 4.499360582309353679e-02
-2.150156209441161259e+00 -1.622174993493868511e+00 5.585212166625436875e-02
-2.079978807274981634e+00 -1.692874134242814410e+00 1.020525907537193355e-01
-2.236229447134270742e+00 -2.233209587029102217e+00 -1.134463579834670555e-01
-2.172875610645870204e+00 -2.106563659993025528e+00 9.350842902603102857e-02
-1.808665779459242451e+00 -1.593210749642037127e+00 -4.143989430137003799e-02
-1.654662402477542926e+00 -1.433626099652419050e+00 2.951081174069989169e-02
-1.730156778271188411e+00 -9.222655382762564580e-01 -5.723033203467164931e-02
-1.664523269278073592e+00 -1.169669531431596798e+00 1.008365627691882281e-02
-1.761714429776432667e+00 -1.488554885616059975e+00 1.009596628325565432e-01
-1.619475950584394308e+00 -1.303840030930419669e+00 2.621914888229392310e-02
-1.734741508393331522e+00 -1.335726241980404572e+00 1.513302447725011629e-02
-1.949856883866383228e+00 -8.055881306470704661e-01 1.475588778383283770e-02
-2.030948863151102124e+00 -7.441651952957968330e-01 9.752079456473820851e-03
-2.108332047364001038e+00 -5.933385935421522372e-01 -2.900935715199670639e-03
-2.001543021670859623e+00 -7.252273008071997706e-01 2.125936647270056448e-02
-1.823385489566191620e+00 -4.956350977487581355e-01 4.456105314003897672e-02
-1.972934385873032603e+00 -4.789350673263061409e-01 5.697231225353446837e-02
-1.853897362863917264e+00 -3.177063628752467839e-01 -1.841082637396902755e-02
-1.809820705063474033e+00 -4.077919111230747795e-01 -1.842952271241102627e-03
-1.841965590629351723e+00 -2.972116358877716080e-01 1.591508375538438699e-02
-1.433004600482318480e+00 -5.178090592871584796e-01 -3.984770904344510367e-02
-1.405493190367902878e+00 -5.189422325705564942e-01 -2.281984025692477755e-02
-1.372732738764838700e+00 -1.393071924184262345e-01 -3.387240553818256922e-02
-1.245002540019376269e+00 -5.732168346743282683e-02 3.450963210589501340e-02
-1.320681773024847017e+00 -2.368005928480038658e-01 2.735927455685856560e-02
-1.151926885787256660e+00 -2.459290318152872468e-01 -2.091810888514089584e-02
-1.108752175968256592e+00 -3.318351483475979746e-01 2.004818928487617224e-02
-1.163061958305472210e+00 -5.462612112718709945e-01 -7.972029736110100573e-02
-1.031310339983033453e+00 -6.291370033454284361e-01 -3.775062595808140881e-02
-1.120819160722487107e+00 -6.183766403151267355e-01 8.131401761079830315e-02
-1.183217559486025694e+00 -7.230588225098146804e-01 6.325620649911692372e-02
-1.442663513358683147e+00 -1.957058761167848326e-01 -3.975526014832227173e-02
-3.041052074233589586e+00 -6.621428170533770752e-01 1.527370774167758627e-01
-3.984935472284753644e+00 -3.999761273250849181e-01 1.200668851243706092e-01
-4.133508436253973350e+00 -5.475504014920307139e-01 -3.421227574206141264e-02
-4.077623510716823496e+00 -7.111963376412397952e-01 6.595397373686474884e-02
-3.598992254194948615e+00 6.639640656282450593e-01 3.967944831241546760e-02
-3.040219538824966872e+00 9.589855685693763343e-01 -1.139070493498886422e-01
-2.809956131806283341e+00 9.940677408058545828e-01 3.246475830079615515e-02
-2.822335950838735119e+00 6.564672664525955659e-01 -1.122738535496643764e-02
-2.900571396089713705e+00 2.262312196468150294e-01 -2.119206343862558434e-02
-2.653260605124029059e+00 8.619004537170973923e-03 5.086644237608417551e-02
-2.526844227375647733e+00 -1.357802591299741013e-01 -1.700905955240873679e-01
-2.737300967644156202e+00 -1.162477386547024205e-02 8.892785244597559147e-02
-2.563883008543064612e+00 2.858646985621178249e-01 9.100943361271809570e-04
-3.040506549651525781e+00 4.767304163687605123e-01 -5.679809376756092543e-02
-3.001933695033160099e+00 4.659383194250663052e-01 2.411692993687907655e-02
-2.730575957937283249e+00 3.579885941780753256e-01 -1.320089396890764821e-01
-2.871112447399231549e+00 4.969566309697380224e-01 -6.860678810419532092e-02
-2.789121140335073967e+00 5.312950349490741520e-01 6.113346095018504928e-02
-2.853951863584817339e+00 6.563404842449097609e-01 -4.457972530136415645e-02
-2.528067957839637003e+00 4.679468952856592479e-01 3.395569521850022587e-02
-1.755174316140780455e+00 -2.750791657820162994e-01 9.069266679185529478e-02
-1.399043321549338970e+00 -5.898537353434079034e-01 3.168041577200174375e-02
-1.416203907376947235e+00 -4.468141368614712561e-01 8.067130002498973385e-02
-1.584744097380051286e+00 -3.799849594810153497e-01 -9.010514260273452813e-02
-1.299596296349741387e+00 -4.917112863642537079e-01 1.369238530237143134e-02
-1.332459276630744149e+00 -6.270836072161191099e-01 4.069807017721677189e-02
-1.217712594890873579e+00 -6.910454374523908871e-01 -2.897773390694523971e-02
-1.538917632793288748e+00 1.389291445952491877e-01 2.204441678626526194e-02
-1.456294127295421514e+00 -1.241329404594215813e-02 4.706552093281306248e-02
-1.387988791350349249e+00 3.545714103224929803e-02 6.381944084833017505e-02
-1.297125317957452673e+00 1.099243384521327027e-02 1.651215369806784822e-02
-1.137909820613336231e+00 -1.634437473888750436e-01 -7.447924968549472780e-02
-1.552442676215675998e+00 -7.729697563329837595e-02 -1.463117495747380883e-02
-1.690482442590065748e+00 3.303764928770375198e-01 -7.136762014846929902e-02
-1.802500855059301132e+00 5.485872059704437476e-01 -3.866738885458360919e-02
-1.949559763804781021e+00 9.666162614945352782e-01 -1.890200593370519599e-02
-1.823857196599172559e+00 1.324362133554613408e+00 -6.068576164919321780e-02
-1.735061698464165136e+00 1.143611144878038832e+00 -1.419076663957726248e-01
-1.716977888090928550e+00 1.462980484501848810e+00 4.721431724280003572e-02
-1.669549690595690805e+00 1.652462828066691536e+00 -7.372426968332655706e-02
-1.567561856828553424e+00 1.366539414295398380e+00 6.944940060581213104e-02
-1.438992470712039839e+00 1.166860907963455096e+00 -1.379821762601928480e-02
-1.541081204047196174e+00 1.411635545961630323e+00 -1.078419296367412288e-02
-1.404516905929472426e+00 1.428936821018605530e+00 -5.841142948828766807e-02
-1.328644643546331938e+00 1.352020832844910148e+00 -8.719980238869549927e-02
-1.124170276889769227e+00 1.440165767431589083e+00 -9.722751275385760339e-02
-8.870876210777327575e-01 1.452559229506185323e+00 9.903367370185092722e-02
-6.565151754833697950e-01 8.526440862989022040e-01 -3.817436047166582885e-02
-6.750880056442578603e-01 9.357073923106610236e-01 1.080396037890645616e-01
-7.572229601004197841e-01 8.366130773139013321e-01 2.538487761349932786e-02
-5.502612766097300101e-01 7.314554219559928905e-01 -6.600062476004607548e-02
-6.331119115985990309e-01 9.470812882626153950e-01 5.783625639958926701e-02
-6.456710009029551500e-01 9.051379983584405542e-01 7.822385759062500110e-02
-9.127687536766753151e-01 7.388970156902313624e-01 6.078780285376871040e-02
-8.836418298770314372e-01 6.115887069636345430e-01 2.460156631904851510e-02
-9.887494734432649146e-01 8.070598490708021933e-01 -9.327922793467113838e-02
-1.249319727376646982e+00 8.180603952088092434e-01 -5.340764035204821625e-02
-1.778402399495913722e+00 1.494692535714792658e+00 3.686949083079592293e-02
-1.736767578561122072e+00 8.093379921921506348e-01 -7.220446786706137543e-02
-1.611436225855198856e+00 5.608839900694584379e-01 5.877567888397498136e-02
-1.568641802210912539e+00 7.734575520990648601e-01 2.195874084267155496e-02
-1.582857458561150343e+00 8.553946058108532480e-01 -3.235430497749873513e-03
-1.402236873204998568e+00 8.391225957019675663e-01 -4.373794450946191792e-02
-1.258440338271170189e+00 9.549663449674767879e-01 -1.089119723281069610e-02
-1.125132249500044868e+00 9.818526708279430304e-01 -3.487101878694051638e-02
-1.178277103027356443e+00 1.228021926399718300e+00 -6.053160061584057783e-02
-1.078845538731466380e+00 1.380055373166519495e+00 -1.166461565730657762e-01
-1.151022561694124979e+00 1.105091222380613747e+00 -1.003186733468624664e-01
-1.297780911601277509e+00 7.956385099809851758e-01 -6.480197165266521342e-02
-1.380654115710815422e+00 9.036671636363109439e-01 -1.168173768055433409e-01
-1.238905834494743008e+00 6.499383796985233053e-01 1.327920760965266012e-01
-1.056433576033404043e+00 6.453342390940518536e-01 -3.353849094644099915e-02
-1.257377281045197082e+00 6.089208510506654015e-01 9.926237969023861407e-02
-1.007740297533432194e+00 9.224817916624921121e-01 6.487647591419447302e-02
-1.156805591267318967e+00 1.115780546038923848e+00 -5.885474818244219863e-02
-7.494832714005744689e-01 1.100555213456366976e+00 -8.857870683091882691e-02
-1.105767030391316075e+00 1.258422173054096316e+00 -3.114425300811621278e-02
-1.115856054164104938e+00 9.066399119696580966e-01 -6.499186546041804680e-02
-1.169366511289291477e+00 5.926291438475982387e-01 -1.315539289944245988e-02
-1.156901877326805161e+00 5.586020605942485506e-01 5.138782354970485716e-02
-1.039665135406217189e+00 4.655647681428702334e-01 3.457902614861023752e-03
-8.507973733777424163e-01 4.472933694715258701e-01 5.196363941428334271e-02
-8.955273698456454046e-01 3.966242838767652934e-02 -1.230555887474314158e-01
-1.294733416236206525e+00 5.442866940966227807e-01 -1.278404530311564799e-02
-1.359354030904944111e+00 8.690657657928532176e-01 -1.750249068730242996e-01
-1.203201123922909233e+00 7.932510052123746824e-01 -1.436376452776290391e-02
-1.118323842797230849e+00 7.460154618227350376e-01 -1.645037288516342233e-01
-1.234205772443601745e+00 8.425563832577550594e-01 -3.809529189366912816e-02
-1.185846759544798790e+00 7.430168786292972172e-01 1.286792105618986271e-01
-1.149635657935803801e+00 6.176435390168248940e-01 -6.207809154701036947e-02
-1.156842617604037393e+00 6.970582577859104623e-01 -5.920452401733322656e-02
-1.202403989110075955e+00 1.254163066792960857e+00 3.105761543520900794e-02
-1.135670915236685952e+00 1.083412004096695691e+00 -3.694134873049120110e-02
-9.528697706654688515e-01 1.371997789790077471e+00 -7.450258913268638372e-02
-1.009545172027189075e+00 1.482899491815518056e+00 -6.861159539943421926e-02
-9.851067774133540622e-01 1.378640780271544353e+00 -9.620096339499542570e-02
-1.223634310664906355e+00 1.400431551719331313e+00 3.960617738219380374e-02
-1.216985469207851445e+00 9.182797666803528269e-01 -1.856991202696660903e-01
-1.237645518973216952e+00 8.300570610802158189e-01 2.752932410125577545e-02
-1.352028792629493603e+00 1.120249022808124550e+00 -1.535916476432906408e-01
-1.700094654946801231e+00 1.671653322264639030e+00 -1.070994880847468828e-01
-1.430177465049365493e+00 1.548496306768941899e+00 -1.081437774019106540e-01
-9.452902147783008857e-01 1.521610015730855636e+00 6.467859587693280954e-02
-6.991138813574820920e-01 1.301617109493510283e+00 4.336805174871336682e-02
-9.713003804316882039e-01 1.417510302554765067e+00 -7.798738393884285802e-03
-1.287028358725673449e+00 1.253930195241684586e+00 -5.376080922399597423e-02
-1.236690047351950428e+00 5.650427887098882218e-01 -1.076836012727924730e-01
-1.144619274489735217e+00 1.629917088057114549e-01 5.530510236991913187e-02
-1.144154228597902723e+00 -8.718158954654224579e-02 -1.000111162619418959e-01
-1.004722762526121027e+00 -4.204718100813426562e-01 -2.181795831857748919e-02
-1.069254782463882281e+00 -1.558932424507959991e-01 -3.267593685049864638e-02
-9.411763598403746212e-01 -3.347515614078810375e-01 3.054676849543714982e-03
-1.101289549292451486e+00 -2.994321897242226416e-01 1.170903059750213193e-01
-1.425153566234913072e+00 -3.423364569432967297e-01 8.299689105566866731e-02
-1.457785482860399329e+00 -2.715235327234646334e-01 -4.309393582543300655e-02
-1.437992835812968107e+00 -1.704227029981769670e-01 -6.167926764917129601e-02
-1.277885640456229099e+00 -7.069565684761114355e-02 4.146634272302354013e-02
-1.161853974636426479e+00 9.143541495440231648e-01 -8.454940136567878906e-02
-1.062525047627498331e+00 9.947882743886560242e-01 9.177122723102523749e-02
-6.340910010169479305e-01 1.041076354742697108e+00 -3.016189305398694898e-02
-4.635740616452098672e-01 5.124549596865576317e-01 -5.494578265163286429e-02
-3.004253581750083169e-01 8.671045901518449339e-01 -6.672119123502588678e-02
-3.352160354938594211e-01 1.010474766398489876e+00 -2.581266102118796868e-02
-2.473788287951875497e-01 8.564572749448520206e-01 -1.295659953680042276e-01
1.675774347113699325e-01 1.053353789735654633e+00 -8.537510015987714862e-02
3.677534264504917494e-01 1.194996017084962947e+00 4.770149153265530045e-02
4.853700376793601556e-01 2.224851275458099131e+00 1.157847896061695858e-01
3.425080856278751029e-01 2.170799068853375591e+00 2.268294341418564120e-03
9.548000022953402333e-01 2.603922717745554394e+00 4.065529133761344727e-02
1.023634327533022859e+00 2.942062514727773248e+00 -1.347550897504541934e-01
9.426863498980445621e-01 2.966033589483555666e+00 2.922667078158920628e-02
1.554296333620471149e+00 2.393208407258009984e+00 1.577552913422345104e-01
1.958549242229528975e+00 2.322073974579671685e+00 -1.148017668240232103e-01
2.419429901443993280e+00 1.984664565743204934e+00 -5.070873860743905365e-02
3.170348619748113883e+00 2.990927014915790494e+00 -8.641731530180313259e-02
3.076028641714042777e+00 2.916264277386315218e+00 -4.056252246971190495e-02
3.130816643916344511e+00 2.462988523267291452e+00 -7.339776093749383890e-02
3.403308296988155401e+00 1.846811991186050328e+00 -8.310850227241102506e-02
3.539858732018586807e+00 2.690561697496397731e+00 -3.133536367780669074e-02
3.106899297828752182e+00 2.681195928342344992e+00 1.260727008342046873e-01
3.366673833816353323e+00 1.764765961368928160e+00 -1.696404224104272607e-02
3.031335754766579793e+00 2.538864306417645267e+00 -9.149703836639204446e-02
2.921054886184959898e+00 2.352618168283320266e+00 1.106344910669430914e-01
3.429715524669216808e+00 1.723774289906027102e+00 9.609640151529914853e-02
3.596133992989961392e+00 1.511354476870481189e+00 1.401575479842512469e-02
4.256704604456115426e+00 4.661287279011642193e-01 -3.063772538452232130e-02
4.023519206168243656e+00 4.782155789834748871e-01 -1.331505555520294259e-01
4.875251930041618387e+00 3.415441543861745255e-01 6.027536203501899364e-02
4.549257991742671869e+00 8.673774273369078136e-02 2.572731119975103509e-01
4.745134929339228869e+00 2.997180541726986447e-01 -9.725426990120372706e-02
4.713441016562008201e+00 4.880204686676449799e-01 1.634784462106867453e-01
4.599938175240642302e+00 3.518529072451421769e-01 1.194996464160972549e-01
4.832208479896558551e+00 -3.164479338321652957e-01 -1.068939056360930367e-01
4.265962398505941167e+00 -3.229494824642020756e-01 7.954732793344432284e-02
3.735291226501919581e+00 -8.180434534609650754e-01 1.049519036216973872e-01
4.784653476864804134e+00 -1.102014262113671039e+00 -1.678678649449286686e-01
5.307609916417865392e+00 -1.312228922889870253e+00 2.309056893706312730e-01
5.674553061500021478e+00 -1.598707914072167613e+00 -1.838132476366726442e-01
5.084922188572918778e+00 -1.326726575427012556e+00 -7.662249299386654500e-02
5.303385471991250988e+00 -1.595007554701397989e+00 -1.485218232390214665e-01
5.148335205474428911e+00 -1.980348716176596691e+00 6.183171779087686531e-02
4.910452699839632729e+00 -1.211204446858088257e+00 -1.793376623052143903e-01
4.687803232791983632e+00 -1.183818220245165920e+00 1.622665983435513104e-02
3.839949062780794620e+00 -1.173279199365746761e+00 3.010360021588245893e-02
4.092506905436309239e+00 -1.549777607965550086e+00 5.624202933147062766e-02
3.673862256394636372e+00 -1.833007504484227113e+00 -5.459647656090765855e-02
3.555432963996294049e+00 -1.976017058388946701e+00 -1.663635281927279899e-02
3.358548996037359125e+00 -2.071078379004040571e+00 -2.638599004379337670e-02
3.308740786609001283e+00 -1.931998793008300686e+00 2.207144431052517758e-03
2.795529940786911638e+00 -1.724877396327263668e+00 6.865056792347818022e-03
2.830584056066549614e+00 -1.865165015469309573e+00 1.401869525929863580e-02
2.611990800625800802e+00 -1.554121644526669233e+00 3.162811879868968057e-02
2.643760249014257990e+00 -1.312200401341048872e+00 -1.318944162200914039e-01
2.454701760778405184e+00 -1.602539790083261639e+00 6.630653815783221772e-02
2.478251322044314087e+00 -2.009920198034267802e+00 -3.427873680681083751e-02
1.975213999709129364e+00 -1.678674523291001419e+00 1.034096177693224483e-01
1.543518955608994103e+00 -1.654050009731623749e+00 3.598471715638813101e-02
1.492458518001769985e+00 -1.565758783672644983e+00 3.991236370940937778e-02
8.697058552924618047e-01 -1.581954397270340040e+00 -3.911772363081426895e-02
4.825948064615980249e-01 -1.531946245305831233e+00 9.419449115472885992e-02
2.847435526009519657e-01 -1.571356241215941196e+00 3.406057517074123631e-02
-1.874289173759023375e-01 -1.200064415501945980e+00 2.738462173561447346e-02
-1.403511536835908013e-01 -1.438209811760303047e+00 -5.819497836594048068e-02
-3.357379025809201223e-02 -1.402854877766193775e+00 -1.097788361510365976e-02
-1.725141350761992265e-01 -1.591685993589097903e+00 4.350554098422131089e-02
-1.296772978397229825e-01 -1.394596828340686878e+00 4.636571801700899165e-02
-1.392270313804550019e-02 -1.758092479830331012e+00 -3.370316301032476314e-02
-6.891972060166230707e-02 -1.657800621375660644e+00 -4.673257111488830773e-02
-8.317443295132548320e-02 -1.789433693033273931e+00 -9.965801264990066521e-02
-9.399883230109010168e-02 -2.013396348381159218e+00 3.214429270887241702e-02
-7.720588445228961094e-02 -2.666237970782093569e+00 2.003708310987822871e-02
-1.240979320058909069e-01 -2.840523047926330147e+00 -3.581718411311304168e-02
-4.911242601883694103e-01 -2.720381559525900883e+00 9.310177328069525748e-03
-6.686942878366397558e-01 -2.685147488116809367e+00 1.360184602883272517e-02
-6.771896791420128903e-01 -2.606022784292866046e+00 1.290060075973743503e-01
-1.146068959088957673e+00 -2.192784969311436960e+00 2.841152975489773594e-02
-1.136190685421970770e+00 -2.365740396970906989e+00 1.745990493133820626e-02
-1.294884320858143312e+00 -2.907023475966967752e+00 2.109766223567396959e-02
-1.185866113796465449e+00 -2.687499241390207683e+00 9.481110020628429058e-02
-8.332813397764842200e-01 -2.269321446937724307e+00 -9.532459798002226870e-02
-7.506164237036887510e-01 -2.129721577806732213e+00 1.611702636291485399e-02
-8.035110848581619170e-01 -2.483646827686609271e+00 -9.050099826643431822e-02
-7.959668218060080846e-01 -2.216839159639183432e+00 6.562971134537597118e-02
-9.379039265185435958e-01 -2.301717534168083557e+00 -1.676252022996220503e-02
-6.419361695720195993e-01 -1.567278943584392792e+00 5.909782079892877960e-02
-5.433902466637705597e-01 -1.563383556510541617e+00 -8.806960903301605526e-02
-5.869324700704581232e-01 -1.468216684284204376e+00 -4.032881368257973387e-02
-6.110398746769440947e-01 -1.518039165460158157e+00 6.826104112915426514e-02
-6.006111972969042645e-01 -1.397238182509956017e+00 -1.404364668281662606e-03
-9.778071508074145379e-01 -9.350390313896792538e-01 -1.951462605603224848e-03
-1.144883027126946562e+00 -2.035211061704957913e-01 1.853265369015751757e-02
-1.107316428755746873e+00 -1.586390815423276424e-01 4.797042340598801392e-03
-1.013093905924633109e+00 6.861095174465771385e-02 3.860011707839075545e-02
-8.767199484292600431e-01 4.715778848243658283e-02 7.809002027311969310e-03
-8.011960170030004713e-01 1.947268825822096594e-01 9.226293256752393646e-03
-7.881717645917533099e-01 1.122553074590677130e-01 1.367896362776715134e-02
-8.564687666647136099e-01 5.997143161544958578e-02 -1.235523169724846021e-01
-8.788002266240381166e-01 1.092730999336668923e-01 3.738283438860223046e-02
-9.440708579603842576e-01 -5.223783407261743672e-02 -2.120618029204814070e-02
-9.471395019567865337e-01 2.938664205261361517e-01 -1.267051681521157158e-01
-9.766733280564068309e-01 2.459620569884043983e-01 -1.437696382021542811e-02
-9.793887447210758435e-01 2.210959775174985986e-01 3.789722628970102619e-02
-8.885987514504732898e-01 1.369867174630951534e-01 6.459360683916930135e-02
-9.671833208069116061e-01 5.219015558601873550e-02 7.214963342455030237e-02
-1.271681018834148080e+00 2.789038430582752720e-02 -9.699245641918913252e-02
-1.743571565009102375e+00 3.397488959533016550e-01 2.245560087104397570e-02
-1.751415822112689202e+00 3.541884625789092356e-01 5.771312822244119983e-02
-1.816863312094884275e+00 2.871675968158914904e-01 1.306970652067875917e-02
-1.867285817142207094e+00 1.587405186258346590e-01 1.837506071186835802e-02
-1.767376143626937735e+00 1.439981062811460655e-01 2.315935014675408674e-02
-1.692370251214344368e+00 -3.514910495523097811e-02 3.216943807145680907e-03
-1.747760764448553328e+00 6.730581611009477105e-02 -3.553350906395105757e-02
-1.709450986407786033e+00 1.107423069416593880e-01 -7.482044903657362675e-03
-1.764507456046504386e+00 9.504054505168417488e-02 -2.956667325081959591e-02
-1.731809685285955025e+00 3.117647901981706049e-01 2.448188489112333721e-02
-1.775050643799215955e+00 3.581312243694535491e-01 -7.598121915001292397e-04
-1.674967164124134378e+00 2.458690955953072854e-01 2.044142712650481170e-02
-1.753253847188072090e+00 4.790702377775977183e-01 -1.961898356521902045e-02
-1.434751539397832065e+00 4.286930936929529423e-01 -5.847441286535350058e-02
-4.632603026537204238e-01 4.663007248714338693e-01 -1.362503490477740553e-01
-6.133309661606960450e-01 7.295688393566422958e-01 -2.602324888318345575e-02
-6.687687444257098823e-01 6.831656681148330357e-01 4.382130971718323220e-02
-5.732522656260604643e-01 5.021623542240069016e-01 -3.653611900452807815e-02
-5.534459824969508723e-01 8.468493584121381534e-01 -4.089892924263957563e-02
-5.981864206199164480e-01 7.593401904775531897e-01 -5.554367656653622087e-02
-7.958398079317163809e-01 1.129973147886702556e+00 1.419278731920848094e-02
-9.358710778698334787e-01 1.170620052572654002e+00 7.399097715680405529e-02
-9.883499707880017970e-01 1.169404158796092608e+00 3.053956956292461916e-02
-7.906222521996547625e-01 1.112962228466961356e+00 -2.735222614258319557e-02
-5.759020145878859243e-01 1.002330245167290856e+00 -4.865133917084180082e-02
-7.365027428096058149e-01 8.577460526896557580e-01 -3.123561305371690827e-02
-8.142795505165290049e-01 1.273861000369360452e+00 -1.083483263712713696e-01
-8.670856441516956448e-01 1.157987471818289427e+00 -5.932235154992854947e-02
-8.585675037607677362e-01 9.485638180519901930e-01 5.221596733085975828e-03
-7.480630879277418988e-01 9.163889249413580407e-01 -1.913992991296242785e-01
-9.283423265434380678e-01 1.059814101764874339e+00 -1.200246477214665652e-01
-1.205850613932796911e+00 9.927793146904512200e-01 1.177221267179697634e-01
-9.851043558222415397e-01 1.066534070690199787e+00 2.073005427969588227e-02
-1.121899511163685803e+00 5.215094431517091067e-01 1.507434801342623712e-02
-2.008368033293475463e+00 8.954440040944739998e-01 -1.730174061367385080e-02
-1.824412600560454401e+00 6.194205109451346170e-01 -1.240835168395518773e-01
-1.337771716397395450e+00 1.395216440154664950e+00 -5.809483237769216823e-02
-1.404293913311636999e+00 1.784034578575672825e+00 9.696881776649117490e-02
-1.410102809897168852e+00 1.591162525051130761e+00 -1.432388082418787484e-02
-1.334848032169277943e+00 1.533210179323043709e+00 -3.570605152355131595e-02
-1.230574362592356419e+00 1.486703714646038454e+00 -7.984920013858440302e-02
-1.303709750684129309e+00 1.319323298506385855e+00 1.660464651960950194e-02
-1.376976708583590669e+00 1.550535244325932149e+00 -3.590512117691546656e-02
-1.299174926602193691e+00 1.193041638344917388e+00 -7.798632954219136826e-02
-1.720246247009934226e+00 1.507680939686027344e+00 1.344862751978974924e-01
-1.919571892150280235e+00 1.409510402115021543e+00 6.078962374735642771e-02
-2.122179333784156352e+00 1.876223633107500177e+00 6.634817120596643580e-02
-2.189593184148084681e+00 1.782601829152992590e+00 -5.549217824133093058e-02
-2.363846440117130854e+00 1.855294517813319999e+00 -1.138105876261542998e-01
-2.086805263325124393e+00 1.503190880677163666e+00 -2.135177032384291129e-01
-1.657650875853739603e+00 1.548149324229437074e+00 7.768947816156027142e-02
-1.398670087024821651e+00 1.431066038880737024e+00 -2.483068634629393978e-01
-1.314775340681324067e+00 1.449502491135523874e+00 -1.175290035241710780e-02
-1.245847671969901649e+00 1.696278454720010043e+00 -5.583565723372084511e-02
-1.101460379294309844e+00 8.071422761749531549e-01 -1.194271729465650189e-01
-1.515964756494113885e+00 1.192947628116286518e+00 1.163762905186841862e-01
-1.626662776752736406e+00 1.082086265974953943e+00 -3.587130493265692360e-02
-1.273171191014971448e+00 1.240744179427985205e+00 -1.488291999057554660e-02
-9.216972528065078274e-01 1.169878934447566188e+00 -1.001901740982195921e-02
-8.293534229182829565e-01 1.201999637733803805e+00 1.519204331924701723e-01
-8.774110434356741095e-01 1.061975198722060698e+00 1.264504729751312478e-02
-1.019394047894556676e+00 7.856245673950290609e-01 -8.980102082803335939e-02
-1.002112675849735624e+00 7.363683127248730198e-01 -2.082123314524960203e-02
-5.644296321939816785e-01 9.178034881140793022e-01 6.326775535296966235e-03
5.159189240418621258e-02 1.837747355277886463e+00 6.702438687786491101e-02
-7.342451664489488272e-02 1.323890891455813845e+00 6.329183610157313074e-03
2.479714020200688984e-01 9.040060637721923920e-01 -5.722947980319728623e-02
4.846150978032622847e-01 1.424118407592808833e+00 -5.583427171520769644e-02
6.480893277328336755e-01 1.202305105697773158e+00 1.290949058125974436e-01
5.080346376702782329e-01 1.322206063590316116e+00 1.044006499304780122e-01
2.948308639394189301e-01 1.918981565391986166e+00 -3.297038521705573100e-01
1.584060768019250331e-01 1.625455324496462017e+00 1.759785557500188891e-01
-1.027580026637519711e-01 9.847144170388100193e-01 -7.999304991121743147e-02
-1.662319216594859705e-02 6.578136223878376931e-01 -9.745064376255306582e-02
2.375276946400913247e-01 4.503869005527579850e-01 2.694730003979121935e-03
5.476340960623645726e-01 -8.467858772640407539e-02 -1.057455249787362106e-01
8.856258776302451396e-01 -5.307139066898322044e-01 -8.222147583991271103e-02
4.849368781112127769e-01 -2.157315304585868954e-01 1.046772958563949307e-01
5.363310292309730887e-01 2.524844209369830894e-01 -1.441578134550218215e-01
6.925148190931010861e-01 6.232275204349497777e-01 1.150296324175010820e-01
3.930626586701506664e-01 2.151630373366311688e-01 -1.017754165170338676e-01
9.989426966604078029e-01 1.038568375589554282e+00 -1.207885775409952983e-01
9.771351475742535708e-01 9.589993972262210731e-01 1.190476258858514935e-01
1.608759885382151422e+00 5.306592574376800542e-01 1.053672937434442097e-01
1.411337969527467262e+00 1.815400456095710435e-01 -3.494009409833596924e-02
1.094970390033408902e+00 6.259834605265049978e-01 1.276445596538690157e-02
1.417487163615140044e+00 5.478180805978287715e-01 2.067187359930292706e-02
8.307569515014714412e-01 7.617489102043937255e-01 4.356861652759835835e-03
8.891898573346882495e-01 6.992623853721139371e-01 6.223026045891669189e-02
1.260482486689681991e+00 7.245583587333463971e-01 4.764615981359215241e-02
1.193963180606991914e+00 8.376784244294739334e-01 -3.317114869157907625e-02
2.109951296520624187e+00 4.814668855455889740e-01 -2.161560887113067597e-02
3.180390108497129997e+00 -9.905546626137728961e-02 -1.410928335470430228e-01
3.637078115160632841e+00 -4.500421985245421919e-01 4.231311884716546651e-02
3.782918096612680969e+00 -5.953996889171306872e-01 -1.570878272803614140e-01
4.214712960356224336e+00 -7.461610032533942949e-01 -1.934968399063976760e-02
3.834539558340192222e+00 -1.651926639228624705e-01 1.540812686447678992e-01
4.236169118039774695e+00 -1.761071999780247643e-01 5.518019425972121167e-02
4.072803810939063851e+00 -1.061877041083353346e-01 -4.685060159931220963e-02
3.584046746337901101e+00 -2.593637880661914252e-01 2.132850881900132389e-01
3.670513558662597209e+00 -6.823412423532171367e-01 -1.074314919972441662e-01
3.581392669491435310e+00 -7.094781927411126787e-01 1.070457270012877271e-01
2.987415262424381268e+00 -1.291812868106734680e+00 -1.768034595502742529e-04
3.654225016353330968e+00 -1.591293544451501951e+00 1.700796719023172504e-02
3.599312958475347379e+00 -1.561415376626469342e+00 4.542114211516612432e-02
3.676161801514990390e+00 -1.653721178771672795e+00 -1.203982321841962633e-01
3.184354139876302892e+00 -1.570923858610153712e+00 5.518719650881740574e-02
3.164647942536151781e+00 -1.674067687724808851e+00 6.813230650144173894e-02
2.860275702205472115e+00 -1.671131677553916672e+00 -7.839495782541246183e-02
2.711610448669409923e+00 -1.767739601714058084e+00 -7.171139989353356170e-04
3.015783604800540640e+00 -2.150521257234779160e+00 6.658523676117381052e-02
2.632807994812266905e+00 -1.660024767358090569e+00 -9.576034542845450470e-02
2.561201948646516513e+00 -1.424016397439991533e+00 4.620638652102062455e-02
2.080563321618137618e+00 -1.380843384092360182e+00 7.034083802716022127e-02
1.942919099769548907e+00 -1.626929745643048042e+00 6.702338619471166770e-02
1.569258021384623447e+00 -1.577285546331925525e+00 7.524333789003218032e-03
1.014789427192550164e+00 -1.566542928304361926e+00 7.185009468511195652e-02
7.057185126616050130e-01 -1.793106978823100661e+00 3.054182581629825283e-02
3.551097853948257388e-01 -1.574894886176305464e+00 -3.504685385892586554e-03
6.020331090782329309e-01 -1.798003779880121833e+00 -1.006176742673601937e-01
3.767139945915440880e-01 -1.611910028090801639e+00 4.980393443227714573e-02
1.522892813896319364e-01 -1.429749650526511706e+00 2.850659204720405737e-02
1.123434660130184781e-01 -1.013447302649012727e+00 7.780566366755665986e-02
-4.204146547413291080e-01 -7.989660023770098762e-01 3.224691697447199662e-02
-8.446900490813494811e-01 -7.391233094804160464e-01 -9.584033763577977372e-02
-5.277073180146565345e-01 -6.789759235127765802e-01 8.810401942349983459e-03
-5.067173923200538610e-01 -1.185141912458006930e+00 3.458986478889802124e-02
-7.931628492243986139e-01 -1.091091599025065584e+00 4.185179551737495257e-02
-6.098619521523873654e-01 -1.312269906528562791e+00 7.775932482440045534e-02
-8.591428372207692288e-01 -1.146400411868641944e+00 7.903370494972992988e-02
-7.454964258039286085e-01 -1.388785478659479988e+00 -2.363491468982651875e-02
-6.670082740852629755e-01 -1.470970468466143544e+00 5.686967522838262679e-02
-6.909986477915006642e-01 -1.513971026914682660e+00 -2.666521704597116585e-02
-5.703801031827819834e-01 -1.943298113946682282e+00 -3.117896295102574530e-02
-5.537465031365133017e-01 -2.148481606690592738e+00 2.570785338015979526e-02
-5.168676850851441351e-01 -2.586460229119526666e+00 -1.149899702822682473e-01
-4.077320173662298819e-01 -2.804301523148903019e+00 6.568810613179280888e-02
-6.381656394001790078e-01 -3.046065782874904038e+00 -4.915278740413894787e-02
-6.885374190186150933e-01 -3.379639834075555349e+00 -3.283943783662548327e-02
-9.083872224618894098e-01 -2.522260089806342975e+00 1.345589921444741155e-01
-1.073590255520975312e+00 -2.590602778694441444e+00 -6.834612430151963680e-02
-9.648908390168007276e-01 -2.603484412596595909e+00 -8.314969503184793664e-02
-1.044825014807992947e+00 -2.883946687164750777e+00 -4.470707518157973973e-03
-1.300286591232123090e+00 -3.077987386381958679e+00 1.286523695003683083e-02
-1.126001382504860926e+00 -2.688336144278596684e+00 1.393566787807879077e-02
-1.270663951486232790e+00 -2.942908647282923340e+00 6.559457104341724631e-02
-1.372589668597397949e+00 -2.341024342727680452e+00 1.457667916489543448e-02
-1.337462020701835286e+00 -2.360976372274092405e+00 4.321782964093008259e-03
-1.369007181387200900e+00 -2.389702184203900792e+00 -6.116942075461767256e-03
-1.464411523864410203e+00 -2.214720284471398237e+00 -3.777998635463226951e-02
-1.638805675170105225e+00 -2.295963594413979791e+00 2.681950102417374193e-02
-1.636532263365638507e+00 -1.733407839503453118e+00 2.281513224488969718e-02
-1.370997925844414045e+00 -1.356648226940514901e+00 -9.278343445368682565e-03
-1.456820442022181306e+00 -1.330872910832060274e+00 -5.004555457893499967e-03
-1.496662834289165023e+00 -1.309915414292027958e+00 -2.182766764121536057e-04
-1.522144099270401174e+00 -8.775623684146999226e-01 3.103090005409454150e-02
-1.595212397183786823e+00 -9.032052116883400039e-01 5.335016547237413087e-02
-1.598763651129145869e+00 -8.242308852518640538e-01 -3.081620447580620328e-02
-1.472025171527020948e+00 -7.361669752209166750e-01 3.488571198807325496e-02
-1.473823311377568057e+00 -7.456849117056791876e-01 6.008643519517498088e-02
-1.331299356720527349e+00 -4.928217319961346599e-01 -4.863695949168951246e-03
-1.327309150237355517e+00 -6.285621968444474739e-01 8.001411926295690091e-02
-1.367028510881202585e+00 -7.087196015181753683e-01 -2.907431817364430904e-02
-1.424507906541532698e+00 -6.339268737568539702e-01 -5.347690896365479146e-02
-1.357869110895032261e+00 -5.830549465754887306e-01 2.834805246978260723e-02
-1.352915965853533908e+00 -5.494447271129866417e-01 -1.835310369826142346e-02
-1.369832164825702137e+00 -5.648018621769628211e-01 -6.424953075973040967e-03
-1.596344309453400223e+00 -5.557117416120750386e-01 -1.295449716813655214e-02
-1.485112626554093262e+00 -5.677883045061461464e-01 4.159701980049712589e-02
-1.444935429456049913e+00 -5.676843843581562687e-01 -3.018496755165735873e-02
-1.315369429001003843e+00 -5.943404489963829418e-01 9.089287979120759878e-03
-1.335665041957156962e+00 -4.822244742102743675e-01 7.382614258265907808e-03
-1.401092563592972073e+00 -4.910956289135463559e-01 -8.619068851455045921e-04
-1.729472696577124546e+00 6.974949367005944811e-02 -3.539899722705276003e-02
-1.444941488485141701e+00 -2.054612536100401399e-01 -5.925756170800857564e-02
-1.325599157499293135e+00 1.187125598952361860e-01 3.735897920654872306e-02
-1.622761650335240002e+00 -9.331431907164620954e-02 -2.408371450059575494e-02
-2.093796852509328232e+00 -4.654969125984871892e-01 4.740333720365415976e-02
-3.071856345339613270e+00 -5.564455122265534737e-01 1.121305741368434777e-01
-2.823911072536291034e+00 -2.108553794113053326e-01 -7.400173923770708706e-04
-4.581977132560827393e+00 -2.432851601016850496e-01 5.074471323846708321e-02
-6.023608415131712412e+00 2.680524681866868209e-01 4.837749231065309463e-02
-5.596560515339914943e+00 7.865947469867256014e-01 -6.168017286209069583e-02
-5.729290227756123954e+00 7.721109635670831972e-01 8.955812011630764902e-02
-5.327401105022448569e+00 9.309814659983625118e-01 -1.583760730922441351e-02
-4.523609012426391907e+00 2.327614604992288783e+00 -3.921286716988585386e-02
-4.502269307774253271e+00 2.017103781076073687e+00 5.010317095587690783e-03
-3.938497298331980812e+00 1.939892716458926580e+00 3.723808569050322381e-03
-4.228527095314452922e+00 1.805707299933014376e+00 4.318407015026951012e-02
