4.021120071411132812e+00 -3.818593919277191162e-01 -3.146212816238403320e+00
3.997976303100585938e+00 -3.940851390361785889e-01 -3.180583953857421875e+00
3.976434707641601562e+00 -4.047220349311828613e-01 -3.213421583175659180e+00
3.949999570846557617e+00 -4.118095636367797852e-01 -3.240139245986938477e+00
3.907621383666992188e+00 -4.118025302886962891e-01 -3.252871513366699219e+00
3.875325918197631836e+00 -4.110539555549621582e-01 -3.273168802261352539e+00
3.852668046951293945e+00 -4.096023440361022949e-01 -3.300475358963012695e+00
3.832761049270629883e+00 -4.080601632595062256e-01 -3.325325250625610352e+00
3.815381050109863281e+00 -4.064398705959320068e-01 -3.347671747207641602e+00
3.800271987915039062e+00 -4.047559499740600586e-01 -3.367509126663208008e+00
3.787154197692871094e+00 -4.030212759971618652e-01 -3.384864568710327148e+00
3.775726795196533203e+00 -4.012484848499298096e-01 -3.399790048599243164e+00
3.765675544738769531e+00 -3.994475305080413818e-01 -3.412359476089477539e+00
3.756677389144897461e+00 -3.976278901100158691e-01 -3.422662019729614258e+00
3.748404979705810547e+00 -3.957951366901397705e-01 -3.430791854858398438e+00
3.740531921386718750e+00 -3.939527571201324463e-01 -3.436845541000366211e+00
3.732738494873046875e+00 -3.921012580394744873e-01 -3.440910100936889648e+00
3.724709987640380859e+00 -3.902361989021301270e-01 -3.443062305450439453e+00
3.716149091720581055e+00 -3.883518278598785400e-01 -3.443360805511474609e+00
3.706774711608886719e+00 -3.864371180534362793e-01 -3.441839933395385742e+00
3.696321249008178711e+00 -3.844777345657348633e-01 -3.438509464263916016e+00
3.684546947479248047e+00 -3.824566304683685303e-01 -3.433347940444946289e+00
3.671232938766479492e+00 -3.803525567054748535e-01 -3.426302433013916016e+00
3.656184196472167969e+00 -3.781421184539794922e-01 -3.417289018630981445e+00
3.636640310287475586e+00 -3.749599456787109375e-01 -3.404397487640380859e+00
3.609172821044921875e+00 -3.697141408920288086e-01 -3.385206937789916992e+00
3.579233884811401367e+00 -3.641786277294158936e-01 -3.363403081893920898e+00
3.546701192855834961e+00 -3.583116531372070312e-01 -3.338768243789672852e+00
3.511471271514892578e+00 -3.520693480968475342e-01 -3.311064004898071289e+00
3.473470926284790039e+00 -3.454089462757110596e-01 -3.280040025711059570e+00
3.432651519775390625e+00 -3.382883369922637939e-01 -3.245441675186157227e+00
3.389441728591918945e+00 -3.301669061183929443e-01 -3.208439588546752930e+00
3.344743490219116211e+00 -3.200160264968872070e-01 -3.171606302261352539e+00
3.297459125518798828e+00 -3.091086149215698242e-01 -3.131074666976928711e+00
3.247691631317138672e+00 -2.974162101745605469e-01 -3.086697101593017578e+00
3.195577383041381836e+00 -2.849229872226715088e-01 -3.038365125656127930e+00
3.141295909881591797e+00 -2.716276943683624268e-01 -2.986013174057006836e+00
3.085055351257324219e+00 -2.575420737266540527e-01 -2.929618120193481445e+00
3.027106761932373047e+00 -2.426940202713012695e-01 -2.869213819503784180e+00
2.967732667922973633e+00 -2.271262556314468384e-01 -2.804889440536499023e+00
2.911654233932495117e+00 -2.111235260963439941e-01 -2.740437269210815430e+00
2.860149145126342773e+00 -1.952545195817947388e-01 -2.678312063217163086e+00
2.828875303268432617e+00 -1.826765835285186768e-01 -2.616306543350219727e+00
2.798574447631835938e+00 -1.698267161846160889e-01 -2.551177263259887695e+00
2.771960258483886719e+00 -1.587761193513870239e-01 -2.486445665359497070e+00
2.748455762863159180e+00 -1.491709351539611816e-01 -2.421818017959594727e+00
2.724960565567016602e+00 -1.392634660005569458e-01 -2.354919195175170898e+00
2.701648473739624023e+00 -1.291195303201675415e-01 -2.286157369613647461e+00
2.677548408508300781e+00 -1.188978180289268494e-01 -2.218335866928100586e+00
2.649141788482666016e+00 -1.089559271931648254e-01 -2.159493923187255859e+00
2.621483802795410156e+00 -9.898605197668075562e-02 -2.100097894668579102e+00
2.605603456497192383e+00 -8.875782787799835205e-02 -2.041478395462036133e+00
2.576632738113403320e+00 -6.943740695714950562e-02 -1.982712388038635254e+00
2.550615549087524414e+00 -4.885714128613471985e-02 -1.928340554237365723e+00
2.532767057418823242e+00 -2.776088751852512360e-02 -1.875071644783020020e+00
2.515147686004638672e+00 4.798159468919038773e-03 -1.802754282951354980e+00
2.499090433120727539e+00 3.865884244441986084e-02 -1.728797316551208496e+00
2.495143413543701172e+00 6.179266795516014099e-02 -1.649378657341003418e+00
2.497233152389526367e+00 8.178403228521347046e-02 -1.579690098762512207e+00
2.501098394393920898e+00 1.006034687161445618e-01 -1.513082623481750488e+00
2.506698608398437500e+00 1.182154938578605652e-01 -1.449732661247253418e+00
2.513975143432617188e+00 1.346060335636138916e-01 -1.389766573905944824e+00
2.522850036621093750e+00 1.497825384140014648e-01 -1.333253979682922363e+00
2.533231019973754883e+00 1.637708842754364014e-01 -1.280216574668884277e+00
2.542365074157714844e+00 1.782412081956863403e-01 -1.239808440208435059e+00
2.547986030578613281e+00 1.945724636316299438e-01 -1.219405055046081543e+00
2.555137395858764648e+00 2.096611857414245605e-01 -1.200925350189208984e+00
2.563663244247436523e+00 2.236053347587585449e-01 -1.184275507926940918e+00
2.573394775390625000e+00 2.365134060382843018e-01 -1.169338822364807129e+00
2.584157705307006836e+00 2.485021054744720459e-01 -1.155983328819274902e+00
2.595769882202148438e+00 2.596938014030456543e-01 -1.144059538841247559e+00
2.608048439025878906e+00 2.702116370201110840e-01 -1.133409380912780762e+00
2.620807886123657227e+00 2.801775038242340088e-01 -1.123866915702819824e+00
2.633864164352416992e+00 2.897087037563323975e-01 -1.115265250205993652e+00
2.649951696395874023e+00 2.994004786014556885e-01 -1.101213097572326660e+00
2.673282861709594727e+00 3.100832402706146240e-01 -1.072179198265075684e+00
2.695921897888183594e+00 3.205524981021881104e-01 -1.044565558433532715e+00
2.717756271362304688e+00 3.308902084827423096e-01 -1.018109917640686035e+00
2.738679647445678711e+00 3.411601483821868896e-01 -9.925673007965087891e-01
2.758591413497924805e+00 3.514077365398406982e-01 -9.677094817161560059e-01
2.777397394180297852e+00 3.616577684879302979e-01 -9.433336853981018066e-01
2.795007467269897461e+00 3.719149529933929443e-01 -9.192656278610229492e-01
2.811338901519775391e+00 3.821602165699005127e-01 -8.953619003295898438e-01
2.826311826705932617e+00 3.923526704311370850e-01 -8.715103268623352051e-01
2.839851617813110352e+00 4.024297893047332764e-01 -8.476381897926330566e-01
2.851889848709106445e+00 4.123060703277587891e-01 -8.237038254737854004e-01
2.862362623214721680e+00 4.218754470348358154e-01 -7.997055649757385254e-01
2.871211528778076172e+00 4.310118257999420166e-01 -7.756772041320800781e-01
2.878386974334716797e+00 4.395711421966552734e-01 -7.516884803771972656e-01
2.891962528228759766e+00 4.431545436382293701e-01 -7.346096038818359375e-01
2.908013105392456055e+00 4.415538012981414795e-01 -7.247052788734436035e-01
2.922960758209228516e+00 4.392800629138946533e-01 -7.145413756370544434e-01
2.936918020248413086e+00 4.362508654594421387e-01 -7.041274905204772949e-01
2.949999332427978516e+00 4.323875606060028076e-01 -6.934847831726074219e-01
2.962318658828735352e+00 4.276163876056671143e-01 -6.826434731483459473e-01
2.973990917205810547e+00 4.218707382678985596e-01 -6.716437935829162598e-01
2.985121250152587891e+00 4.150912463665008545e-01 -6.605347990989685059e-01
2.995810985565185547e+00 4.072290956974029541e-01 -6.493748426437377930e-01
3.006154537200927734e+00 3.982439637184143066e-01 -6.382304430007934570e-01
3.016232252120971680e+00 3.881095945835113525e-01 -6.271762847900390625e-01
3.026116609573364258e+00 3.768105208873748779e-01 -6.162919402122497559e-01
3.035864830017089844e+00 3.643447756767272949e-01 -6.056644320487976074e-01
3.045517683029174805e+00 3.507249057292938232e-01 -5.953854322433471680e-01
3.055099725723266602e+00 3.359770476818084717e-01 -5.855470895767211914e-01
3.064616441726684570e+00 3.201417326927185059e-01 -5.762465000152587891e-01
3.076303005218505859e+00 2.975373864173889160e-01 -5.768991112709045410e-01
3.091978788375854492e+00 2.635061144828796387e-01 -5.952794551849365234e-01
3.108422517776489258e+00 2.262096107006072998e-01 -6.183462738990783691e-01
3.125561237335205078e+00 1.857339441776275635e-01 -6.461963653564453125e-01
3.143297195434570312e+00 1.421995609998703003e-01 -6.788805723190307617e-01
3.161500930786132812e+00 9.576211124658584595e-02 -7.163994312286376953e-01
3.180020332336425781e+00 4.661086201667785645e-02 -7.587016224861145020e-01
3.198679208755493164e+00 -5.034048110246658325e-03 -8.056840896606445312e-01
3.217281818389892578e+00 -5.892307683825492859e-02 -8.571909666061401367e-01
3.235617160797119141e+00 -1.147803589701652527e-01 -9.130144715309143066e-01
3.318563699722290039e+00 -1.865318864583969116e-01 -9.118138551712036133e-01
3.423626899719238281e+00 -2.686150372028350830e-01 -8.975561857223510742e-01
3.105599641799926758e+00 -4.357493519783020020e-01 -1.066433310508728027e+00
1.383827805519104004e+00 -1.155457258224487305e+00 -2.183559179306030273e+00
1.205168366432189941e+00 -1.191015839576721191e+00 -2.406032323837280273e+00
1.266054630279541016e+00 -1.138368248939514160e+00 -2.516694784164428711e+00
1.331496238708496094e+00 -1.108098506927490234e+00 -2.628351926803588867e+00
1.387430429458618164e+00 -1.091832637786865234e+00 -2.741426467895507812e+00
1.432621717453002930e+00 -1.051779747009277344e+00 -2.829207897186279297e+00
1.491109371185302734e+00 -9.995087981224060059e-01 -2.901820659637451172e+00
1.562298178672790527e+00 -9.523504972457885742e-01 -2.976509571075439453e+00
1.638923525810241699e+00 -9.051449298858642578e-01 -3.047191858291625977e+00
1.720435738563537598e+00 -8.580888509750366211e-01 -3.113499879837036133e+00
1.806314587593078613e+00 -8.113666772842407227e-01 -3.175102233886718750e+00
1.896085977554321289e+00 -7.651469111442565918e-01 -3.231700420379638672e+00
2.015610456466674805e+00 -7.163627743721008301e-01 -3.281657695770263672e+00
2.161195755004882812e+00 -6.655573248863220215e-01 -3.324907541275024414e+00
2.304923057556152344e+00 -6.162296533584594727e-01 -3.362674951553344727e+00
2.446548223495483398e+00 -5.684816837310791016e-01 -3.394771814346313477e+00
2.557781457901000977e+00 -5.496245622634887695e-01 -3.437754392623901367e+00
2.632760047912597656e+00 -5.665006041526794434e-01 -3.495590209960937500e+00
2.705984592437744141e+00 -5.839585661888122559e-01 -3.546602249145507812e+00
2.777498722076416016e+00 -6.020306348800659180e-01 -3.590677022933959961e+00
2.847393512725830078e+00 -6.207622885704040527e-01 -3.627729654312133789e+00
2.915801525115966797e+00 -6.402110457420349121e-01 -3.657702684402465820e+00
2.982877254486083984e+00 -6.604390144348144531e-01 -3.680562973022460938e+00
3.048795461654663086e+00 -6.815134882926940918e-01 -3.696303129196166992e+00
3.113733291625976562e+00 -7.035005688667297363e-01 -3.704933643341064453e+00
3.177861213684082031e+00 -7.264600992202758789e-01 -3.706489562988281250e+00
3.247973203659057617e+00 -7.482239603996276855e-01 -3.696646690368652344e+00
3.390338659286499023e+00 -7.115160822868347168e-01 -3.613754510879516602e+00
3.401369810104370117e+00 -6.848771572113037109e-01 -3.592415809631347656e+00
3.409946203231811523e+00 -6.567558050155639648e-01 -3.564051151275634766e+00
3.416125535964965820e+00 -6.272276639938354492e-01 -3.528839349746704102e+00
3.437373399734497070e+00 -5.943693518638610840e-01 -3.480370283126831055e+00
3.454512596130371094e+00 -5.671944022178649902e-01 -3.433655500411987305e+00
3.449103116989135742e+00 -5.492032170295715332e-01 -3.397354841232299805e+00
3.447762966156005859e+00 -5.290308594703674316e-01 -3.355635881423950195e+00
3.443340539932250977e+00 -4.879638254642486572e-01 -3.329206705093383789e+00
3.445333957672119141e+00 -4.462676644325256348e-01 -3.338904857635498047e+00
3.451989650726318359e+00 -4.046401977539062500e-01 -3.350162982940673828e+00
3.482035875320434570e+00 -3.844718039035797119e-01 -3.334798097610473633e+00
3.494659900665283203e+00 -3.706581890583038330e-01 -3.270285367965698242e+00
3.516623735427856445e+00 -3.460984826087951660e-01 -3.231652021408081055e+00
3.539262294769287109e+00 -3.215389251708984375e-01 -3.190591573715209961e+00
3.562316656112670898e+00 -2.972067594528198242e-01 -3.147396802902221680e+00
3.585512399673461914e+00 -2.733352482318878174e-01 -3.102396249771118164e+00
3.608574390411376953e+00 -2.501616775989532471e-01 -3.055953741073608398e+00
3.640466213226318359e+00 -2.332617044448852539e-01 -3.019008398056030273e+00
3.683274745941162109e+00 -2.204329520463943481e-01 -2.989055871963500977e+00
3.724548339843750000e+00 -2.083683460950851440e-01 -2.957849740982055664e+00
3.763244867324829102e+00 -1.973217278718948364e-01 -2.925702333450317383e+00
3.798959255218505859e+00 -1.874148845672607422e-01 -2.892943620681762695e+00
3.829070568084716797e+00 -1.788481175899505615e-01 -2.863415479660034180e+00
3.849842071533203125e+00 -1.704044640064239502e-01 -2.840565443038940430e+00
3.859453678131103516e+00 -1.576281785964965820e-01 -2.820181131362915039e+00
3.867283821105957031e+00 -1.472080498933792114e-01 -2.798689603805541992e+00
3.873345613479614258e+00 -1.392413526773452759e-01 -2.776396036148071289e+00
3.882573127746582031e+00 -1.336820572614669800e-01 -2.754042863845825195e+00
3.895242214202880859e+00 -1.305368393659591675e-01 -2.732034683227539062e+00
3.905974388122558594e+00 -1.299285292625427246e-01 -2.710220098495483398e+00
3.914744377136230469e+00 -1.318157315254211426e-01 -2.688928365707397461e+00
3.921547174453735352e+00 -1.361216604709625244e-01 -2.668477296829223633e+00
3.926402807235717773e+00 -1.427377313375473022e-01 -2.649166107177734375e+00
3.929346323013305664e+00 -1.515255570411682129e-01 -2.631266355514526367e+00
3.930422782897949219e+00 -1.623188853263854980e-01 -2.615017175674438477e+00
3.929693460464477539e+00 -1.749288141727447510e-01 -2.600619792938232422e+00
3.927022933959960938e+00 -1.892711818218231201e-01 -2.588665008544921875e+00
3.916130304336547852e+00 -2.060312330722808838e-01 -2.585263967514038086e+00
3.897419214248657227e+00 -2.234059125185012817e-01 -2.586355924606323242e+00
3.866458415985107422e+00 -2.383244186639785767e-01 -2.591758012771606445e+00
3.822799921035766602e+00 -2.503043115139007568e-01 -2.601427316665649414e+00
3.776920557022094727e+00 -2.628878355026245117e-01 -2.614685297012329102e+00
3.751250267028808594e+00 -2.817763388156890869e-01 -2.644812107086181641e+00
3.739512920379638672e+00 -2.999912500381469727e-01 -2.678096294403076172e+00
3.726874589920043945e+00 -3.176486790180206299e-01 -2.712766885757446289e+00
3.713257312774658203e+00 -3.345523178577423096e-01 -2.748306512832641602e+00
3.699185848236083984e+00 -3.503927886486053467e-01 -2.784189224243164062e+00
3.684318304061889648e+00 -3.650575578212738037e-01 -2.819917440414428711e+00
3.667975425720214844e+00 -3.785185515880584717e-01 -2.855015754699707031e+00
3.643930912017822266e+00 -3.886993527412414551e-01 -2.884824037551879883e+00
3.598708152770996094e+00 -3.948195874691009521e-01 -2.890174627304077148e+00
3.581830501556396484e+00 -4.088844358921051025e-01 -2.913678646087646484e+00
3.563279628753662109e+00 -4.209129214286804199e-01 -2.937870264053344727e+00
3.538748025894165039e+00 -4.291287660598754883e-01 -2.959477901458740234e+00
3.510176420211791992e+00 -4.340589940547943115e-01 -2.982209682464599609e+00
3.484308481216430664e+00 -4.384261071681976318e-01 -3.008943080902099609e+00
3.454807281494140625e+00 -4.402780532836914062e-01 -3.032165765762329102e+00
3.421685934066772461e+00 -4.397296905517578125e-01 -3.051597356796264648e+00
3.384994983673095703e+00 -4.369140565395355225e-01 -3.066992044448852539e+00
3.344813346862792969e+00 -4.319728910923004150e-01 -3.078128099441528320e+00
3.301261425018310547e+00 -4.250608682632446289e-01 -3.084815502166748047e+00
3.254488706588745117e+00 -4.163353741168975830e-01 -3.086885213851928711e+00
3.199899196624755859e+00 -4.041092097759246826e-01 -3.081770658493041992e+00
3.138254880905151367e+00 -3.887557685375213623e-01 -3.069629907608032227e+00
3.072736740112304688e+00 -3.715690076351165771e-01 -3.051865339279174805e+00
3.003723859786987305e+00 -3.527456521987915039e-01 -3.028466463088989258e+00
2.931622028350830078e+00 -3.324783742427825928e-01 -2.999444723129272461e+00
2.861904859542846680e+00 -3.132569193840026855e-01 -2.969902753829956055e+00
2.799814224243164062e+00 -2.965646982192993164e-01 -2.945849180221557617e+00
2.743718624114990234e+00 -2.859518527984619141e-01 -2.910612583160400391e+00
2.690128087997436523e+00 -2.771166265010833740e-01 -2.868818521499633789e+00
2.650876522064208984e+00 -2.699073851108551025e-01 -2.825680732727050781e+00
2.642782926559448242e+00 -2.687008678913116455e-01 -2.786446809768676758e+00
2.613207101821899414e+00 -2.603213787078857422e-01 -2.728066682815551758e+00
2.588501691818237305e+00 -2.522912919521331787e-01 -2.671839475631713867e+00
2.570956945419311523e+00 -2.450397461652755737e-01 -2.620292901992797852e+00
2.550549030303955078e+00 -2.344987839460372925e-01 -2.568221092224121094e+00
2.528502464294433594e+00 -2.220253646373748779e-01 -2.513986825942993164e+00
2.506067037582397461e+00 -2.090055197477340698e-01 -2.455948829650878906e+00
2.483402967453002930e+00 -1.954981237649917603e-01 -2.394343376159667969e+00
2.460666418075561523e+00 -1.815652847290039062e-01 -2.329436302185058594e+00
2.445887327194213867e+00 -1.716316640377044678e-01 -2.268146753311157227e+00
2.431836843490600586e+00 -1.616843640804290771e-01 -2.204600572586059570e+00
2.418077468872070312e+00 -1.514754444360733032e-01 -2.138662338256835938e+00
2.404706239700317383e+00 -1.410613507032394409e-01 -2.070678472518920898e+00
2.391813755035400391e+00 -1.304999887943267822e-01 -2.001012802124023438e+00
2.373710155487060547e+00 -1.202988103032112122e-01 -1.941878437995910645e+00
2.355862140655517578e+00 -1.099454686045646667e-01 -1.883487224578857422e+00
2.340174436569213867e+00 -9.894424676895141602e-02 -1.824876666069030762e+00
2.331505298614501953e+00 -8.748763054609298706e-02 -1.771014571189880371e+00
2.304907321929931641e+00 -6.930923461914062500e-02 -1.715514302253723145e+00
2.290187597274780273e+00 -4.797691479325294495e-02 -1.661093831062316895e+00
2.280457496643066406e+00 -1.546937599778175354e-02 -1.589181184768676758e+00
2.270912647247314453e+00 2.110908925533294678e-02 -1.510167837142944336e+00
2.262139081954956055e+00 5.658918991684913635e-02 -1.432954430580139160e+00
2.268348693847656250e+00 7.665089517831802368e-02 -1.342547774314880371e+00
2.277219295501708984e+00 9.342727810144424438e-02 -1.252432465553283691e+00
2.286394834518432617e+00 1.111390218138694763e-01 -1.175749778747558594e+00
2.295712709426879883e+00 1.292276084423065186e-01 -1.109649181365966797e+00
2.302214145660400391e+00 1.480328291654586792e-01 -1.056306004524230957e+00
2.303446769714355469e+00 1.690142005681991577e-01 -1.024037837982177734e+00
2.305006027221679688e+00 1.887041628360748291e-01 -9.932203888893127441e-01
2.306822538375854492e+00 2.071328163146972656e-01 -9.639152884483337402e-01
2.310519695281982422e+00 2.246198505163192749e-01 -9.325818419456481934e-01
2.331784963607788086e+00 2.438310831785202026e-01 -8.656885623931884766e-01
2.352428913116455078e+00 2.618039548397064209e-01 -8.019722700119018555e-01
2.372410058975219727e+00 2.785964608192443848e-01 -7.414808869361877441e-01
2.391705274581909180e+00 2.942723929882049561e-01 -6.842321157455444336e-01
2.410317420959472656e+00 3.088995814323425293e-01 -6.302133798599243164e-01
2.428266048431396484e+00 3.225472271442413330e-01 -5.793881416320800781e-01
2.445589542388916016e+00 3.352861404418945312e-01 -5.316941142082214355e-01
2.467277288436889648e+00 3.346006274223327637e-01 -5.075036287307739258e-01
2.488406181335449219e+00 3.332901895046234131e-01 -4.860291779041290283e-01
2.508771181106567383e+00 3.321370780467987061e-01 -4.659933745861053467e-01
2.528484821319580078e+00 3.311483263969421387e-01 -4.473639428615570068e-01
2.547653198242187500e+00 3.303278088569641113e-01 -4.300976693630218506e-01
2.566387891769409180e+00 3.296759128570556641e-01 -4.141454398632049561e-01
2.587947130203247070e+00 3.285650014877319336e-01 -3.985723555088043213e-01
2.612766981124877930e+00 3.269234895706176758e-01 -3.832226693630218506e-01
2.636876583099365234e+00 3.255521953105926514e-01 -3.691560924053192139e-01
2.660419940948486328e+00 3.244297504425048828e-01 -3.562833964824676514e-01
2.683524608612060547e+00 3.235335946083068848e-01 -3.445118963718414307e-01
2.706297397613525391e+00 3.228407502174377441e-01 -3.337480127811431885e-01
2.730419635772705078e+00 3.218530714511871338e-01 -3.226332366466522217e-01
2.754296779632568359e+00 3.211202025413513184e-01 -3.123171627521514893e-01
2.774948596954345703e+00 3.260763585567474365e-01 -3.008694350719451904e-01
2.795570611953735352e+00 3.308702707290649414e-01 -2.902186214923858643e-01
2.816150903701782227e+00 3.355259299278259277e-01 -2.802459895610809326e-01
2.836657047271728516e+00 3.400641977787017822e-01 -2.708395421504974365e-01
2.857039451599121094e+00 3.445036411285400391e-01 -2.618928253650665283e-01
2.877233266830444336e+00 3.488588929176330566e-01 -2.533071935176849365e-01
2.897667169570922852e+00 3.529336154460906982e-01 -2.448535263538360596e-01
2.918892621994018555e+00 3.564720749855041504e-01 -2.362776696681976318e-01
2.939663648605346680e+00 3.599520623683929443e-01 -2.278127968311309814e-01
2.959885120391845703e+00 3.633730113506317139e-01 -2.193919718265533447e-01
2.979453086853027344e+00 3.667314052581787109e-01 -2.109586298465728760e-01
2.998261928558349609e+00 3.700236380100250244e-01 -2.024665176868438721e-01
3.016208648681640625e+00 3.732432126998901367e-01 -1.938820183277130127e-01
3.033186912536621094e+00 3.763824403285980225e-01 -1.851821243762969971e-01
3.049103736877441406e+00 3.794328272342681885e-01 -1.763543188571929932e-01
3.063869714736938477e+00 3.823848068714141846e-01 -1.673996150493621826e-01
3.077407836914062500e+00 3.852276802062988281e-01 -1.583281457424163818e-01
3.089654207229614258e+00 3.879517912864685059e-01 -1.491641700267791748e-01
3.100563526153564453e+00 3.905466496944427490e-01 -1.399392187595367432e-01
3.110106229782104492e+00 3.930016458034515381e-01 -1.306976377964019775e-01
3.118275880813598633e+00 3.953079879283905029e-01 -1.214921846985816956e-01
3.125082254409790039e+00 3.974564671516418457e-01 -1.123875156044960022e-01
3.130561828613281250e+00 3.994402289390563965e-01 -1.034515872597694397e-01
3.134771585464477539e+00 4.012529253959655762e-01 -9.476301819086074829e-02
3.137790441513061523e+00 4.028907418251037598e-01 -8.640126138925552368e-02
3.139719009399414062e+00 4.043502807617187500e-01 -7.845244556665420532e-02
3.140681028366088867e+00 4.056310653686523438e-01 -7.100305706262588501e-02
3.140814065933227539e+00 4.067339897155761719e-01 -6.413648277521133423e-02
3.140278339385986328e+00 4.076620936393737793e-01 -5.793402343988418579e-02
3.139244556427001953e+00 4.084197282791137695e-01 -5.247131735086441040e-02
3.137891530990600586e+00 4.090140163898468018e-01 -4.781732708215713501e-02
3.136410951614379883e+00 4.094527065753936768e-01 -4.402831941843032837e-02
3.134994983673095703e+00 4.097459316253662109e-01 -4.115197807550430298e-02
3.133834362030029297e+00 4.099044799804687500e-01 -3.921619802713394165e-02
3.133114576339721680e+00 4.099405705928802490e-01 -3.823868185281753540e-02
3.133012294769287109e+00 4.098671972751617432e-01 -3.821936994791030884e-02
3.133688926696777344e+00 4.096971452236175537e-01 -3.913751989603042603e-02
3.135286331176757812e+00 4.094442129135131836e-01 -4.095605760812759399e-02
3.137924194335937500e+00 4.091222584247589111e-01 -4.362026602029800415e-02
3.141695737838745117e+00 4.087438285350799561e-01 -4.705873876810073853e-02
3.146662235260009766e+00 4.083211719989776611e-01 -5.118326097726821899e-02
3.152855396270751953e+00 4.078655540943145752e-01 -5.588690191507339478e-02
3.160261631011962891e+00 4.073912203311920166e-01 -6.102535873651504517e-02
3.168731689453125000e+00 4.069513678550720215e-01 -6.608239561319351196e-02
3.178341150283813477e+00 4.064914286136627197e-01 -7.145790010690689087e-02
3.188980340957641602e+00 4.060159623622894287e-01 -7.702098041772842407e-02
3.200508117675781250e+00 4.055283665657043457e-01 -8.263740688562393188e-02
3.215959787368774414e+00 4.039104878902435303e-01 -8.730522543191909790e-02
3.240819692611694336e+00 4.003956317901611328e-01 -8.949951082468032837e-02
3.263520479202270508e+00 3.981994688510894775e-01 -9.312061220407485962e-02
3.285964012145996094e+00 3.961113095283508301e-01 -9.642944484949111938e-02
3.307684183120727539e+00 3.942801356315612793e-01 -9.923324733972549438e-02
3.328265428543090820e+00 3.928001523017883301e-01 -1.013901010155677795e-01
3.347532749176025391e+00 3.915123045444488525e-01 -1.029751077294349670e-01
3.365183115005493164e+00 3.904136419296264648e-01 -1.039494052529335022e-01
3.380939483642578125e+00 3.894970417022705078e-01 -1.042920127511024475e-01
3.394554853439331055e+00 3.887521326541900635e-01 -1.040026918053627014e-01
3.405823230743408203e+00 3.881651461124420166e-01 -1.030929461121559143e-01
3.414578437805175781e+00 3.877209126949310303e-01 -1.015925779938697815e-01
3.420695304870605469e+00 3.874021470546722412e-01 -9.954271465539932251e-02
3.424097537994384766e+00 3.871898353099822998e-01 -9.699509292840957642e-02
3.424752473831176758e+00 3.870639204978942871e-01 -9.401086717844009399e-02
3.422668457031250000e+00 3.870053887367248535e-01 -9.065512567758560181e-02
3.417899131774902344e+00 3.869937658309936523e-01 -8.699659258127212524e-02
3.410533189773559570e+00 3.870105445384979248e-01 -8.310500532388687134e-02
3.400694131851196289e+00 3.870368003845214844e-01 -7.904586941003799438e-02
3.388535499572753906e+00 3.870556950569152832e-01 -7.488176971673965454e-02
3.374235153198242188e+00 3.870502114295959473e-01 -7.066950947046279907e-02
3.357989072799682617e+00 3.870055079460144043e-01 -6.645718961954116821e-02
3.340010881423950195e+00 3.869071304798126221e-01 -6.228450685739517212e-02
3.320523023605346680e+00 3.867417275905609131e-01 -5.818299204111099243e-02
3.299750328063964844e+00 3.864971995353698730e-01 -5.417446047067642212e-02
3.277924299240112305e+00 3.861626982688903809e-01 -5.027083307504653931e-02
3.255272626876831055e+00 3.857263326644897461e-01 -4.647330194711685181e-02
3.232016801834106445e+00 3.851797580718994141e-01 -4.277805238962173462e-02
3.208374977111816406e+00 3.845134079456329346e-01 -3.917197138071060181e-02
3.184552669525146484e+00 3.837193548679351807e-01 -3.563276678323745728e-02
3.161241531372070312e+00 3.825947642326354980e-01 -3.193942457437515259e-02
3.142024517059326172e+00 3.797871470451354980e-01 -2.669260464608669281e-02
3.122862100601196289e+00 3.769611716270446777e-01 -2.155575715005397797e-02
3.103880882263183594e+00 3.741285204887390137e-01 -1.651076041162014008e-02
3.085194587707519531e+00 3.713025450706481934e-01 -1.153597794473171234e-02
3.066911458969116211e+00 3.684932887554168701e-01 -6.609356496483087540e-03
3.049138545989990234e+00 3.657118678092956543e-01 -1.706039998680353165e-03
3.031974315643310547e+00 3.629681766033172607e-01 3.197514917701482773e-03
3.015512704849243164e+00 3.602729141712188721e-01 8.123004809021949768e-03
2.999845027923583984e+00 3.576353192329406738e-01 1.309224404394626617e-02
2.987689495086669922e+00 3.556348383426666260e-01 2.067878283560276031e-02
2.976564407348632812e+00 3.537264168262481689e-01 2.841016091406345367e-02
2.964893102645874023e+00 3.527151048183441162e-01 3.505405038595199585e-02
2.953985452651977539e+00 3.519157767295837402e-01 4.152824729681015015e-02
2.944344282150268555e+00 3.510834872722625732e-01 4.815723747014999390e-02
2.935996294021606445e+00 3.502330780029296875e-01 5.492254346609115601e-02
2.928953409194946289e+00 3.493791222572326660e-01 6.179853528738021851e-02
2.923221826553344727e+00 3.485378026962280273e-01 6.876041740179061890e-02
2.918794155120849609e+00 3.477247357368469238e-01 7.578464597463607788e-02
2.916070699691772461e+00 3.469197452068328857e-01 8.347257226705551147e-02
2.914864063262939453e+00 3.461506366729736328e-01 9.157266467809677124e-02
2.914834022521972656e+00 3.454554975032806396e-01 9.962489455938339233e-02
2.915920019149780273e+00 3.448470234870910645e-01 1.076184734702110291e-01
2.918053627014160156e+00 3.443348109722137451e-01 1.155513152480125427e-01
2.921152591705322266e+00 3.439267873764038086e-01 1.234311684966087341e-01
2.925123214721679688e+00 3.436286151409149170e-01 1.312753856182098389e-01
2.929860591888427734e+00 3.434433937072753906e-01 1.391116678714752197e-01
2.935253143310546875e+00 3.433721065521240234e-01 1.469784677028656006e-01
2.942093610763549805e+00 3.431057929992675781e-01 1.551728546619415283e-01
2.949133396148681641e+00 3.430185019969940186e-01 1.634466350078582764e-01
2.956204414367675781e+00 3.431154787540435791e-01 1.718572080135345459e-01
2.963149309158325195e+00 3.433992266654968262e-01 1.804694831371307373e-01
2.969809532165527344e+00 3.438677191734313965e-01 1.893536746501922607e-01
2.976032257080078125e+00 3.445199728012084961e-01 1.985838711261749268e-01
2.981668472290039062e+00 3.453519940376281738e-01 2.082364857196807861e-01
2.986580371856689453e+00 3.463588058948516846e-01 2.183851301670074463e-01
2.992074966430664062e+00 3.470534980297088623e-01 2.294931709766387939e-01
2.996973276138305664e+00 3.477869629859924316e-01 2.413394749164581299e-01
3.001182317733764648e+00 3.485505580902099609e-01 2.539849579334259033e-01
3.004623889923095703e+00 3.493360877037048340e-01 2.674818933010101318e-01
3.009984731674194336e+00 3.503900766372680664e-01 2.799421846866607666e-01
3.016751050949096680e+00 3.516643643379211426e-01 2.917182147502899170e-01
3.022844791412353516e+00 3.529653549194335938e-01 3.042597472667694092e-01
3.028228998184204102e+00 3.542878329753875732e-01 3.175785243511199951e-01
3.032877922058105469e+00 3.556277155876159668e-01 3.316718041896820068e-01
3.036782979965209961e+00 3.569818437099456787e-01 3.465225398540496826e-01
3.039948463439941406e+00 3.583469986915588379e-01 3.620961606502532959e-01
3.042390108108520508e+00 3.597217798233032227e-01 3.783434927463531494e-01
3.044233083724975586e+00 3.611313104629516602e-01 3.952936232089996338e-01
3.046841382980346680e+00 3.629616200923919678e-01 4.141853749752044678e-01
3.048713445663452148e+00 3.648361563682556152e-01 4.335225522518157959e-01
3.049748897552490234e+00 3.667984306812286377e-01 4.532068669795989990e-01
3.050278425216674805e+00 3.687582612037658691e-01 4.731042683124542236e-01
3.050924301147460938e+00 3.706187009811401367e-01 4.929818809032440186e-01
3.052010774612426758e+00 3.723294734954833984e-01 5.126585960388183594e-01
3.052787303924560547e+00 3.740164041519165039e-01 5.321637392044067383e-01
3.053308486938476562e+00 3.756715655326843262e-01 5.513654947280883789e-01
3.053628206253051758e+00 3.772860169410705566e-01 5.701375603675842285e-01
3.053797483444213867e+00 3.788489401340484619e-01 5.883567333221435547e-01
3.053859710693359375e+00 3.803502023220062256e-01 6.059079766273498535e-01
3.053854942321777344e+00 3.817778825759887695e-01 6.226851940155029297e-01
3.053814649581909180e+00 3.831196129322052002e-01 6.385928392410278320e-01
3.053762197494506836e+00 3.843631148338317871e-01 6.535463333129882812e-01
3.055258035659790039e+00 3.854985237121582031e-01 6.652132868766784668e-01
3.057300806045532227e+00 3.865124583244323730e-01 6.750123500823974609e-01
3.059291362762451172e+00 3.873763680458068848e-01 6.842169761657714844e-01
3.061077833175659180e+00 3.880985081195831299e-01 6.924887299537658691e-01
3.062641143798828125e+00 3.886707425117492676e-01 6.998034715652465820e-01
3.063796997070312500e+00 3.891704678535461426e-01 7.060375213623046875e-01
3.064647912979125977e+00 3.895201981067657471e-01 7.112888097763061523e-01
3.065197706222534180e+00 3.896934986114501953e-01 7.155963182449340820e-01
3.065402746200561523e+00 3.896889090538024902e-01 7.189779877662658691e-01
3.065217256546020508e+00 3.895074427127838135e-01 7.214554548263549805e-01
3.064594984054565430e+00 3.891510069370269775e-01 7.230610847473144531e-01
3.063485145568847656e+00 3.886235952377319336e-01 7.238274216651916504e-01
3.061839342117309570e+00 3.879310786724090576e-01 7.237933278083801270e-01
3.059612035751342773e+00 3.870802521705627441e-01 7.230002284049987793e-01
3.056759357452392578e+00 3.860801458358764648e-01 7.214929461479187012e-01
3.053243875503540039e+00 3.849402666091918945e-01 7.193163037300109863e-01
3.049032449722290039e+00 3.836722970008850098e-01 7.165170907974243164e-01
3.044102430343627930e+00 3.822873830795288086e-01 7.131422162055969238e-01
3.038437604904174805e+00 3.807998001575469971e-01 7.092406749725341797e-01
3.032032251358032227e+00 3.792232573032379150e-01 7.048600316047668457e-01
3.024895906448364258e+00 3.775721788406372070e-01 7.000489830970764160e-01
3.017045497894287109e+00 3.758622407913208008e-01 6.948555111885070801e-01
3.008513689041137695e+00 3.741091489791870117e-01 6.893293857574462891e-01
2.999347209930419922e+00 3.723283410072326660e-01 6.835182905197143555e-01
2.989606142044067383e+00 3.705365657806396484e-01 6.774716973304748535e-01
2.979362010955810547e+00 3.687491118907928467e-01 6.712394356727600098e-01
2.968702316284179688e+00 3.669822514057159424e-01 6.648707985877990723e-01
2.957721948623657227e+00 3.652514517307281494e-01 6.584138870239257812e-01
2.946528673171997070e+00 3.635708689689636230e-01 6.519190073013305664e-01
2.935236692428588867e+00 3.619548678398132324e-01 6.454332470893859863e-01
2.923966884613037109e+00 3.604161739349365234e-01 6.390040516853332520e-01
2.912841320037841797e+00 3.589665293693542480e-01 6.326763629913330078e-01
2.901982784271240234e+00 3.576159775257110596e-01 6.264938712120056152e-01
2.891510963439941406e+00 3.563741743564605713e-01 6.204981207847595215e-01
2.881541252136230469e+00 3.552478551864624023e-01 6.147263646125793457e-01
