5.832191705703735352e-01 -2.847917973995208740e-01 1.338394045829772949e+00
3.880757689476013184e-01 -1.982430517673492432e-01 1.482436299324035645e+00
3.500638604164123535e-01 -1.725066602230072021e-01 1.485091209411621094e+00
1.188335418701171875e-01 2.188696525990962982e-02 1.545277714729309082e+00
-2.299705147743225098e-02 1.087992638349533081e-01 1.542595505714416504e+00
-9.485892951488494873e-02 1.932301670312881470e-01 1.517454862594604492e+00
-1.999639868736267090e-01 3.289928734302520752e-01 1.511832356452941895e+00
-3.205465674400329590e-01 3.866399824619293213e-01 1.468119382858276367e+00
-4.137263298034667969e-01 4.709747731685638428e-01 1.420861721038818359e+00
-4.906274974346160889e-01 4.753299653530120850e-01 1.370898962020874023e+00
-5.378988981246948242e-01 5.273125767707824707e-01 1.303569912910461426e+00
-6.340126991271972656e-01 5.855755805969238281e-01 1.228922128677368164e+00
-6.199405789375305176e-01 6.129184961318969727e-01 1.226083874702453613e+00
-5.915125608444213867e-01 6.642664074897766113e-01 1.210623145103454590e+00
-5.688449740409851074e-01 7.052689790725708008e-01 1.169020056724548340e+00
-5.788947343826293945e-01 6.675072908401489258e-01 1.181878328323364258e+00
-5.611648559570312500e-01 7.206070423126220703e-01 1.155336856842041016e+00
-5.331465005874633789e-01 7.610896825790405273e-01 1.109252095222473145e+00
-5.239796042442321777e-01 7.912199497222900391e-01 1.101006865501403809e+00
-5.194975137710571289e-01 8.185058236122131348e-01 1.101959466934204102e+00
-4.139361381530761719e-01 9.401928782463073730e-01 1.044910788536071777e+00
-3.304039239883422852e-01 9.636837840080261230e-01 9.660887718200683594e-01
-2.932223379611968994e-01 9.988403320312500000e-01 9.491647481918334961e-01
-2.188358604907989502e-01 1.039671182632446289e+00 9.290398359298706055e-01
-1.240383535623550415e-01 1.007291674613952637e+00 8.713689446449279785e-01
8.112215995788574219e-02 9.849289059638977051e-01 7.651507854461669922e-01
2.894583940505981445e-01 8.950333595275878906e-01 6.525210142135620117e-01
3.945820331573486328e-01 7.056931853294372559e-01 5.793930292129516602e-01
4.863592386245727539e-01 5.814371109008789062e-01 5.843635797500610352e-01
4.746924042701721191e-01 3.011165261268615723e-01 5.426539778709411621e-01
6.033198833465576172e-01 8.931930363178253174e-02 4.720980226993560791e-01
5.834221839904785156e-01 -5.867917835712432861e-02 5.212972164154052734e-01
5.584395527839660645e-01 -1.481810808181762695e-01 7.002213597297668457e-01
5.563597679138183594e-01 -1.673929393291473389e-01 7.940278053283691406e-01
5.424461960792541504e-01 -2.142576426267623901e-01 8.519369363784790039e-01
5.136306285858154297e-01 -2.438009977340698242e-01 8.915758132934570312e-01
4.698187112808227539e-01 -2.647536695003509521e-01 9.631788730621337891e-01
4.241634607315063477e-01 -2.993794679641723633e-01 1.014111280441284180e+00
3.703148365020751953e-01 -2.807127833366394043e-01 1.077755570411682129e+00
2.825712561607360840e-01 -2.544606328010559082e-01 1.137569665908813477e+00
1.432784795761108398e-01 -1.881894618272781372e-01 1.223661780357360840e+00
-2.704978883266448975e-01 -9.864959865808486938e-03 1.134129285812377930e+00
-5.005646347999572754e-01 1.226357221603393555e-01 1.210368037223815918e+00
-7.447586059570312500e-01 2.040193974971771240e-01 1.245573878288269043e+00
-9.180983304977416992e-01 3.148302435874938965e-01 1.310819268226623535e+00
-9.888339042663574219e-01 3.420194089412689209e-01 1.407985568046569824e+00
-9.940300583839416504e-01 3.361871838569641113e-01 1.422803759574890137e+00
-1.001084566116333008e+00 3.242175877094268799e-01 1.407720565795898438e+00
-9.821381568908691406e-01 3.499104976654052734e-01 1.392158150672912598e+00
-9.406690001487731934e-01 3.975015282630920410e-01 1.351656794548034668e+00
-8.625103235244750977e-01 4.276523292064666748e-01 1.395036697387695312e+00
-8.616263270378112793e-01 4.231977760791778564e-01 1.362529635429382324e+00
-7.919254302978515625e-01 4.224763512611389160e-01 1.313690781593322754e+00
-7.521249055862426758e-01 4.335151016712188721e-01 1.325256943702697754e+00
-7.277147769927978516e-01 4.377202391624450684e-01 1.328005790710449219e+00
-7.219316959381103516e-01 4.747959971427917480e-01 1.333283543586730957e+00
-7.069046497344970703e-01 5.246642827987670898e-01 1.329359769821166992e+00
-6.933806538581848145e-01 5.224722623825073242e-01 1.307353615760803223e+00
-6.835924386978149414e-01 5.362163782119750977e-01 1.297442913055419922e+00
-6.688964366912841797e-01 5.469759702682495117e-01 1.278512835502624512e+00
-6.496276855468750000e-01 5.674096941947937012e-01 1.255045652389526367e+00
-6.389545202255249023e-01 6.280562877655029297e-01 1.268172025680541992e+00
-6.357458829879760742e-01 6.549362540245056152e-01 1.280018448829650879e+00
-6.187312602996826172e-01 7.008457183837890625e-01 1.281572699546813965e+00
-6.040405631065368652e-01 7.478063702583312988e-01 1.263914227485656738e+00
-6.026355028152465820e-01 7.532791495323181152e-01 1.262171864509582520e+00
-5.990391373634338379e-01 7.165619134902954102e-01 1.243240475654602051e+00
-5.889396667480468750e-01 7.139981985092163086e-01 1.218760967254638672e+00
-5.812859535217285156e-01 6.610907316207885742e-01 1.185670614242553711e+00
-6.326683759689331055e-01 6.035881638526916504e-01 1.117364525794982910e+00
-6.441836357116699219e-01 5.959857702255249023e-01 1.097114920616149902e+00
-6.738124489784240723e-01 5.764413475990295410e-01 1.035230159759521484e+00
-7.030655145645141602e-01 5.571073293685913086e-01 9.956465959548950195e-01
-7.571218609809875488e-01 5.004202723503112793e-01 9.482527971267700195e-01
-7.571876049041748047e-01 4.998846054077148438e-01 9.639016389846801758e-01
-7.482855319976806641e-01 5.009983181953430176e-01 9.924807548522949219e-01
-7.402441501617431641e-01 5.072001218795776367e-01 1.013592004776000977e+00
-7.350848913192749023e-01 5.182295441627502441e-01 1.017294764518737793e+00
-7.529214024543762207e-01 4.950271248817443848e-01 9.835557937622070312e-01
-7.296144366264343262e-01 5.285586714744567871e-01 9.995874166488647461e-01
-7.133491039276123047e-01 5.502001047134399414e-01 1.003380179405212402e+00
-7.474430799484252930e-01 5.159010887145996094e-01 8.734951019287109375e-01
-7.862668633460998535e-01 4.520644247531890869e-01 7.606872916221618652e-01
-8.314706087112426758e-01 3.885965943336486816e-01 5.000314116477966309e-01
-8.309722542762756348e-01 3.509663343429565430e-01 7.171668857336044312e-02
-7.001283168792724609e-01 2.722282409667968750e-01 -3.283989727497100830e-01
-6.583576202392578125e-01 1.671889573335647583e-01 -4.911403656005859375e-01
-7.276114225387573242e-01 4.425030201673507690e-02 -6.747539043426513672e-01
-6.720712184906005859e-01 8.661478757858276367e-03 -6.713314056396484375e-01
-5.845580697059631348e-01 -1.333279535174369812e-02 -6.401900649070739746e-01
-4.275420308113098145e-01 -5.318936333060264587e-02 -5.740703940391540527e-01
-2.934351563453674316e-01 -7.410719990730285645e-02 -5.137052536010742188e-01
-2.048519253730773926e-01 -8.758822828531265259e-02 -4.764179885387420654e-01
-1.857645809650421143e-01 -9.534334391355514526e-02 -4.739742577075958252e-01
-2.160474807024002075e-01 -1.055478751659393311e-01 -5.036576986312866211e-01
-2.649000883102416992e-01 -1.243800222873687744e-01 -5.404295921325683594e-01
-2.970216572284698486e-01 -1.942790001630783081e-01 -5.578939318656921387e-01
-3.096921741962432861e-01 -2.582575380802154541e-01 -5.665766000747680664e-01
-3.304863870143890381e-01 -3.047829270362854004e-01 -6.246451139450073242e-01
-2.428947091102600098e-01 -4.804836213588714600e-01 -6.401907205581665039e-01
-1.737678349018096924e-01 -8.486338853836059570e-01 -5.113872289657592773e-01
-1.366925239562988281e-01 -9.473986625671386719e-01 -5.246628522872924805e-01
-1.097275316715240479e-01 -1.118286609649658203e+00 -6.778922080993652344e-01
-1.209812834858894348e-01 -1.225478887557983398e+00 -9.049822092056274414e-01
-1.020964533090591431e-01 -1.278721332550048828e+00 -9.928945899009704590e-01
-2.623559534549713135e-02 -1.349438071250915527e+00 -1.010902047157287598e+00
-3.548127412796020508e-02 -1.422605514526367188e+00 -9.978260993957519531e-01
6.328105926513671875e-02 -1.507221579551696777e+00 -9.793758392333984375e-01
1.362059116363525391e-01 -1.612987518310546875e+00 -9.943327307701110840e-01
1.810547113418579102e-01 -1.661331176757812500e+00 -9.094508886337280273e-01
1.977398991584777832e-01 -1.724398851394653320e+00 -8.401496410369873047e-01
1.828595399856567383e-01 -1.724443912506103516e+00 -8.618143200874328613e-01
1.384937465190887451e-01 -1.669472932815551758e+00 -1.018280506134033203e+00
1.293857693672180176e-01 -1.614567399024963379e+00 -1.079158902168273926e+00
7.265622913837432861e-02 -1.626624941825866699e+00 -1.172292709350585938e+00
-3.225649893283843994e-02 -1.598663091659545898e+00 -1.382290482521057129e+00
-3.859367966651916504e-02 -1.664069890975952148e+00 -1.391211152076721191e+00
1.426860690116882324e-02 -1.727288246154785156e+00 -1.377792477607727051e+00
6.958873569965362549e-02 -1.826257348060607910e+00 -1.303811669349670410e+00
1.208387613296508789e-01 -1.851779222488403320e+00 -1.283421635627746582e+00
1.151630878448486328e-01 -1.950325846672058105e+00 -1.206923961639404297e+00
1.350848972797393799e-01 -2.002559900283813477e+00 -1.118893980979919434e+00
1.687181890010833740e-01 -2.082388877868652344e+00 -1.106229186058044434e+00
1.710095405578613281e-01 -2.130372524261474609e+00 -1.067258715629577637e+00
1.730601191520690918e-01 -2.135389804840087891e+00 -1.073672533035278320e+00
1.424512267112731934e-01 -2.083700180053710938e+00 -1.266494631767272949e+00
9.722700715065002441e-02 -2.013997554779052734e+00 -1.425339460372924805e+00
8.755585551261901855e-02 -2.007617235183715820e+00 -1.534873843193054199e+00
8.259564638137817383e-02 -1.968299984931945801e+00 -1.574981570243835449e+00
1.488189697265625000e-01 -1.929933309555053711e+00 -1.607725739479064941e+00
1.647821068763732910e-01 -1.898378610610961914e+00 -1.645827531814575195e+00
1.815420091152191162e-01 -1.883833289146423340e+00 -1.665257334709167480e+00
2.047635316848754883e-01 -1.862384915351867676e+00 -1.709597468376159668e+00
1.870179772377014160e-01 -1.900430321693420410e+00 -1.773322701454162598e+00
3.607476353645324707e-01 -2.014335870742797852e+00 -1.742650151252746582e+00
5.509476661682128906e-01 -2.056205034255981445e+00 -1.694947957992553711e+00
6.029651761054992676e-01 -2.075760602951049805e+00 -1.723555326461791992e+00
6.642780303955078125e-01 -2.081367731094360352e+00 -1.742844939231872559e+00
7.224221825599670410e-01 -2.017212152481079102e+00 -1.791624665260314941e+00
8.845295310020446777e-01 -2.084555864334106445e+00 -1.801985144615173340e+00
9.970666766166687012e-01 -2.092751979827880859e+00 -1.826030850410461426e+00
1.069176197052001953e+00 -2.125168561935424805e+00 -1.882515549659729004e+00
1.211103916168212891e+00 -2.089972496032714844e+00 -1.973958492279052734e+00
1.268645524978637695e+00 -2.094015121459960938e+00 -2.019069910049438477e+00
1.335986375808715820e+00 -2.036023855209350586e+00 -2.062488079071044922e+00
1.421951055526733398e+00 -1.979952692985534668e+00 -2.129717350006103516e+00
1.446870803833007812e+00 -1.922118306159973145e+00 -2.171329259872436523e+00
1.447929859161376953e+00 -1.923916816711425781e+00 -2.166939973831176758e+00
1.446430683135986328e+00 -1.949878931045532227e+00 -2.166154146194458008e+00
1.467411518096923828e+00 -1.949142456054687500e+00 -2.212567090988159180e+00
1.470620632171630859e+00 -1.928567290306091309e+00 -2.245533227920532227e+00
1.501956939697265625e+00 -1.868323683738708496e+00 -2.290071964263916016e+00
1.482773065567016602e+00 -1.823873996734619141e+00 -2.267479419708251953e+00
1.442111253738403320e+00 -1.801238536834716797e+00 -2.223815441131591797e+00
1.367149829864501953e+00 -1.824108839035034180e+00 -2.177394151687622070e+00
1.376419782638549805e+00 -1.831662178039550781e+00 -2.149885177612304688e+00
1.394163608551025391e+00 -1.763163208961486816e+00 -2.116336584091186523e+00
1.416588783264160156e+00 -1.777035593986511230e+00 -2.096765279769897461e+00
1.475397586822509766e+00 -1.828062653541564941e+00 -2.133396387100219727e+00
1.505036115646362305e+00 -1.860037207603454590e+00 -2.155344009399414062e+00
1.599051237106323242e+00 -1.853652596473693848e+00 -2.239478111267089844e+00
1.586457967758178711e+00 -1.916000962257385254e+00 -2.250872373580932617e+00
1.686305522918701172e+00 -1.830473780632019043e+00 -2.316978931427001953e+00
1.759793758392333984e+00 -1.763120174407958984e+00 -2.346206665039062500e+00
1.806393623352050781e+00 -1.669163823127746582e+00 -2.362756252288818359e+00
1.792264938354492188e+00 -1.719686031341552734e+00 -2.342415094375610352e+00
1.773525238037109375e+00 -1.743986248970031738e+00 -2.355171918869018555e+00
1.847890853881835938e+00 -1.686308503150939941e+00 -2.434311151504516602e+00
1.884788036346435547e+00 -1.711023330688476562e+00 -2.475489139556884766e+00
1.876126050949096680e+00 -1.755049347877502441e+00 -2.506923198699951172e+00
1.904928684234619141e+00 -1.722389221191406250e+00 -2.516128778457641602e+00
1.989883422851562500e+00 -1.668496251106262207e+00 -2.575494527816772461e+00
1.971634864807128906e+00 -1.673276901245117188e+00 -2.540777206420898438e+00
1.945783853530883789e+00 -1.635704874992370605e+00 -2.510072708129882812e+00
1.960515975952148438e+00 -1.626002550125122070e+00 -2.512894153594970703e+00
2.031953811645507812e+00 -1.572297334671020508e+00 -2.551624774932861328e+00
2.100312471389770508e+00 -1.559167504310607910e+00 -2.610067605972290039e+00
2.072095155715942383e+00 -1.547572970390319824e+00 -2.578420639038085938e+00
2.041484117507934570e+00 -1.581442952156066895e+00 -2.564875841140747070e+00
1.996863126754760742e+00 -1.605763316154479980e+00 -2.538503170013427734e+00
2.008482933044433594e+00 -1.558892130851745605e+00 -2.536439180374145508e+00
1.900953769683837891e+00 -1.642233490943908691e+00 -2.470791816711425781e+00
1.821676969528198242e+00 -1.658490300178527832e+00 -2.398883104324340820e+00
1.759517669677734375e+00 -1.683820366859436035e+00 -2.338617801666259766e+00
1.681736707687377930e+00 -1.714439749717712402e+00 -2.272211551666259766e+00
1.627410173416137695e+00 -1.702571988105773926e+00 -2.243470430374145508e+00
1.660722255706787109e+00 -1.607117176055908203e+00 -2.254106044769287109e+00
1.664100170135498047e+00 -1.601278781890869141e+00 -2.267956018447875977e+00
1.678949832916259766e+00 -1.573278427124023438e+00 -2.296067953109741211e+00
1.710097312927246094e+00 -1.431580185890197754e+00 -2.286330223083496094e+00
1.746377706527709961e+00 -1.359615802764892578e+00 -2.290761947631835938e+00
1.750072956085205078e+00 -1.340850114822387695e+00 -2.282391309738159180e+00
1.666092872619628906e+00 -1.437699437141418457e+00 -2.233328104019165039e+00
1.627820968627929688e+00 -1.410745501518249512e+00 -2.191713333129882812e+00
1.693734645843505859e+00 -1.326037406921386719e+00 -2.214528322219848633e+00
1.773473024368286133e+00 -1.287629365921020508e+00 -2.260741949081420898e+00
1.734875917434692383e+00 -1.264313459396362305e+00 -2.223927497863769531e+00
1.738417387008666992e+00 -1.270584225654602051e+00 -2.239274024963378906e+00
1.782125473022460938e+00 -1.288368821144104004e+00 -2.255994796752929688e+00
1.804391860961914062e+00 -1.299467444419860840e+00 -2.270418643951416016e+00
1.848909616470336914e+00 -1.321687817573547363e+00 -2.299344778060913086e+00
1.848574399948120117e+00 -1.319818258285522461e+00 -2.294195175170898438e+00
1.835709333419799805e+00 -1.315138101577758789e+00 -2.290880680084228516e+00
1.870860099792480469e+00 -1.334318041801452637e+00 -2.318457126617431641e+00
1.862866401672363281e+00 -1.325568318367004395e+00 -2.299473762512207031e+00
1.812599182128906250e+00 -1.341367125511169434e+00 -2.273469448089599609e+00
1.766213655471801758e+00 -1.397574067115783691e+00 -2.261275529861450195e+00
1.729226827621459961e+00 -1.470567584037780762e+00 -2.240517139434814453e+00
1.663253068923950195e+00 -1.521122336387634277e+00 -2.211566448211669922e+00
1.595146656036376953e+00 -1.528890728950500488e+00 -2.175267696380615234e+00
1.581853151321411133e+00 -1.581785678863525391e+00 -2.197478294372558594e+00
1.621734142303466797e+00 -1.626556992530822754e+00 -2.243205547332763672e+00
1.688998460769653320e+00 -1.575416088104248047e+00 -2.268419742584228516e+00
1.720396041870117188e+00 -1.560102105140686035e+00 -2.269997835159301758e+00
1.764907598495483398e+00 -1.540442943572998047e+00 -2.289953708648681641e+00
1.801874160766601562e+00 -1.515573024749755859e+00 -2.300906658172607422e+00
1.888234138488769531e+00 -1.446590542793273926e+00 -2.350334167480468750e+00
1.907430887222290039e+00 -1.450864911079406738e+00 -2.347207784652709961e+00
1.919849395751953125e+00 -1.428815245628356934e+00 -2.355637311935424805e+00
1.985619068145751953e+00 -1.391727447509765625e+00 -2.393398284912109375e+00
2.001009702682495117e+00 -1.391790151596069336e+00 -2.381325483322143555e+00
2.019499540328979492e+00 -1.397836446762084961e+00 -2.384119510650634766e+00
1.998273134231567383e+00 -1.381765604019165039e+00 -2.354463100433349609e+00
1.980559825897216797e+00 -1.367341876029968262e+00 -2.326781034469604492e+00
1.988668680191040039e+00 -1.370666027069091797e+00 -2.329954624176025391e+00
1.981020927429199219e+00 -1.367605447769165039e+00 -2.327177524566650391e+00
1.960511207580566406e+00 -1.361489653587341309e+00 -2.325790405273437500e+00
1.933024883270263672e+00 -1.347028851509094238e+00 -2.305782556533813477e+00
1.966775655746459961e+00 -1.366801381111145020e+00 -2.336190700531005859e+00
1.961931467056274414e+00 -1.358170986175537109e+00 -2.315045356750488281e+00
1.996964216232299805e+00 -1.377234578132629395e+00 -2.342378616333007812e+00
1.993704557418823242e+00 -1.382307529449462891e+00 -2.359670400619506836e+00
1.975850105285644531e+00 -1.375773549079895020e+00 -2.354958057403564453e+00
1.969249486923217773e+00 -1.369416356086730957e+00 -2.341796398162841797e+00
1.949186086654663086e+00 -1.361652255058288574e+00 -2.335278987884521484e+00
1.933750152587890625e+00 -1.345972418785095215e+00 -2.302144765853881836e+00
1.879334688186645508e+00 -1.318283319473266602e+00 -2.235716104507446289e+00
1.850456476211547852e+00 -1.337294459342956543e+00 -2.230327367782592773e+00
1.775006055831909180e+00 -1.337154150009155273e+00 -2.157325983047485352e+00
1.800890445709228516e+00 -1.344041824340820312e+00 -2.180209636688232422e+00
1.765467643737792969e+00 -1.327201485633850098e+00 -2.136293888092041016e+00
1.772595882415771484e+00 -1.317641615867614746e+00 -2.125229597091674805e+00
1.703791141510009766e+00 -1.314543008804321289e+00 -2.070384502410888672e+00
1.665673017501831055e+00 -1.353626132011413574e+00 -2.023021459579467773e+00
1.601091623306274414e+00 -1.447879910469055176e+00 -1.991285085678100586e+00
1.508866071701049805e+00 -1.536646127700805664e+00 -1.928063631057739258e+00
1.413365125656127930e+00 -1.590718150138854980e+00 -1.844631910324096680e+00
1.326572418212890625e+00 -1.719763159751892090e+00 -1.834866523742675781e+00
1.322100639343261719e+00 -1.703743934631347656e+00 -1.819512009620666504e+00
1.386357069015502930e+00 -1.615034341812133789e+00 -1.828491449356079102e+00
1.469800233840942383e+00 -1.490815520286560059e+00 -1.862529516220092773e+00
1.449709177017211914e+00 -1.582491040229797363e+00 -1.876141667366027832e+00
1.422506093978881836e+00 -1.586739063262939453e+00 -1.840777397155761719e+00
1.443009853363037109e+00 -1.535308957099914551e+00 -1.845918536186218262e+00
1.486829280853271484e+00 -1.464452862739562988e+00 -1.854662060737609863e+00
1.470274686813354492e+00 -1.430022239685058594e+00 -1.826511502265930176e+00
1.477940082550048828e+00 -1.477286696434020996e+00 -1.848556876182556152e+00
1.501609325408935547e+00 -1.425227999687194824e+00 -1.852843523025512695e+00
1.517805337905883789e+00 -1.435096263885498047e+00 -1.870210051536560059e+00
1.571499347686767578e+00 -1.456877708435058594e+00 -1.928012490272521973e+00
1.608627319335937500e+00 -1.452322840690612793e+00 -1.963506579399108887e+00
1.644768476486206055e+00 -1.449575901031494141e+00 -1.995645523071289062e+00
1.660981416702270508e+00 -1.471581697463989258e+00 -2.019116163253784180e+00
1.651792764663696289e+00 -1.548936247825622559e+00 -2.021580696105957031e+00
1.628649234771728516e+00 -1.590451240539550781e+00 -2.024725675582885742e+00
1.650803089141845703e+00 -1.617706656455993652e+00 -2.062632799148559570e+00
1.645868062973022461e+00 -1.658872604370117188e+00 -2.075075626373291016e+00
1.685661792755126953e+00 -1.684964179992675781e+00 -2.129564523696899414e+00
1.696983337402343750e+00 -1.673753976821899414e+00 -2.139392852783203125e+00
1.770072937011718750e+00 -1.635534882545471191e+00 -2.179186582565307617e+00
1.815545320510864258e+00 -1.573610544204711914e+00 -2.190382719039916992e+00
1.854403018951416016e+00 -1.481780529022216797e+00 -2.186038970947265625e+00
1.960427284240722656e+00 -1.413184046745300293e+00 -2.244353294372558594e+00
1.904361486434936523e+00 -1.444035530090332031e+00 -2.220488786697387695e+00
1.903985977172851562e+00 -1.441503763198852539e+00 -2.210227727890014648e+00
1.888076305389404297e+00 -1.442758560180664062e+00 -2.193740367889404297e+00
1.855644941329956055e+00 -1.467279553413391113e+00 -2.166404247283935547e+00
1.854707002639770508e+00 -1.441470623016357422e+00 -2.150795459747314453e+00
1.906570672988891602e+00 -1.306436538696289062e+00 -2.132032394409179688e+00
1.902584075927734375e+00 -1.267958283424377441e+00 -2.100950717926025391e+00
1.912183761596679688e+00 -1.269848942756652832e+00 -2.098784446716308594e+00
1.911753654479980469e+00 -1.267115712165832520e+00 -2.091208696365356445e+00
1.918963909149169922e+00 -1.284420728683471680e+00 -2.135600805282592773e+00
1.921912670135498047e+00 -1.298910737037658691e+00 -2.175230979919433594e+00
1.915182113647460938e+00 -1.295652747154235840e+00 -2.171151638031005859e+00
1.947615623474121094e+00 -1.322146177291870117e+00 -2.222079038619995117e+00
1.920674800872802734e+00 -1.304373025894165039e+00 -2.192040920257568359e+00
1.977129220962524414e+00 -1.322858572006225586e+00 -2.200643062591552734e+00
1.983897209167480469e+00 -1.327029109001159668e+00 -2.207336425781250000e+00
2.005104064941406250e+00 -1.337945699691772461e+00 -2.222076177597045898e+00
1.972282409667968750e+00 -1.313957571983337402e+00 -2.178715944290161133e+00
1.975235700607299805e+00 -1.317200303077697754e+00 -2.185758829116821289e+00
1.964107990264892578e+00 -1.307662010192871094e+00 -2.166985988616943359e+00
1.983084201812744141e+00 -1.325389266014099121e+00 -2.203233003616333008e+00
2.022053718566894531e+00 -1.350471377372741699e+00 -2.244867324829101562e+00
2.028452157974243164e+00 -1.359140872955322266e+00 -2.264889001846313477e+00
2.049824237823486328e+00 -1.374138593673706055e+00 -2.291320323944091797e+00
1.975293636322021484e+00 -1.422981500625610352e+00 -2.244250297546386719e+00
1.841969251632690430e+00 -1.601467132568359375e+00 -2.193753242492675781e+00
1.710043430328369141e+00 -1.738314270973205566e+00 -2.130275964736938477e+00
1.633680343627929688e+00 -1.781541585922241211e+00 -2.073783159255981445e+00
1.649847269058227539e+00 -1.774251818656921387e+00 -2.079395771026611328e+00
1.738187313079833984e+00 -1.677693367004394531e+00 -2.123057365417480469e+00
1.762772083282470703e+00 -1.637354493141174316e+00 -2.131900310516357422e+00
1.763423204421997070e+00 -1.664317727088928223e+00 -2.168375492095947266e+00
1.738146781921386719e+00 -1.704349040985107422e+00 -2.182019710540771484e+00
1.793442726135253906e+00 -1.698841810226440430e+00 -2.222846746444702148e+00
1.764661550521850586e+00 -1.714742779731750488e+00 -2.196365118026733398e+00
1.806980609893798828e+00 -1.634022235870361328e+00 -2.198215246200561523e+00
1.767221927642822266e+00 -1.610050439834594727e+00 -2.131015300750732422e+00
1.805533170700073242e+00 -1.527593135833740234e+00 -2.121025323867797852e+00
1.853834390640258789e+00 -1.453257679939270020e+00 -2.147455692291259766e+00
1.841703891754150391e+00 -1.401479840278625488e+00 -2.114632129669189453e+00
1.843108892440795898e+00 -1.335323214530944824e+00 -2.095569133758544922e+00
1.867799043655395508e+00 -1.278134703636169434e+00 -2.114967346191406250e+00
1.847734689712524414e+00 -1.253695964813232422e+00 -2.103305816650390625e+00
1.881103992462158203e+00 -1.277596354484558105e+00 -2.118253231048583984e+00
1.800600528717041016e+00 -1.261290788650512695e+00 -2.051862478256225586e+00
1.842190980911254883e+00 -1.260672330856323242e+00 -2.077913522720336914e+00
1.840977430343627930e+00 -1.238762021064758301e+00 -2.065422058105468750e+00
1.840861797332763672e+00 -1.237078428268432617e+00 -2.060636520385742188e+00
1.845274686813354492e+00 -1.240880250930786133e+00 -2.068136930465698242e+00
1.881789207458496094e+00 -1.264518260955810547e+00 -2.107542991638183594e+00
1.918088436126708984e+00 -1.293671369552612305e+00 -2.163097381591796875e+00
1.898056268692016602e+00 -1.294452428817749023e+00 -2.181310653686523438e+00
1.917836904525756836e+00 -1.320708274841308594e+00 -2.241624355316162109e+00
1.895729780197143555e+00 -1.308525800704956055e+00 -2.223933696746826172e+00
1.928012132644653320e+00 -1.330443501472473145e+00 -2.261725902557373047e+00
1.965643167495727539e+00 -1.349405050277709961e+00 -2.286694526672363281e+00
2.003381013870239258e+00 -1.369680285453796387e+00 -2.315384387969970703e+00
2.009474754333496094e+00 -1.364922881126403809e+00 -2.296749830245971680e+00
2.024839639663696289e+00 -1.374162673950195312e+00 -2.311283826828002930e+00
2.012600421905517578e+00 -1.364169836044311523e+00 -2.292079448699951172e+00
2.005936861038208008e+00 -1.352415323257446289e+00 -2.263331890106201172e+00
1.976832866668701172e+00 -1.326034784317016602e+00 -2.210080623626708984e+00
1.994488477706909180e+00 -1.337211728096008301e+00 -2.228402376174926758e+00
2.030475139617919922e+00 -1.360092282295227051e+00 -2.266034364700317383e+00
2.052761077880859375e+00 -1.370825529098510742e+00 -2.279383659362792969e+00
2.079623937606811523e+00 -1.380595326423645020e+00 -2.286297798156738281e+00
2.083508014678955078e+00 -1.380167007446289062e+00 -2.281964302062988281e+00
2.077355146408081055e+00 -1.381431102752685547e+00 -2.290525674819946289e+00
2.070363759994506836e+00 -1.378703117370605469e+00 -2.288189411163330078e+00
2.066233396530151367e+00 -1.370544075965881348e+00 -2.267841100692749023e+00
2.081101417541503906e+00 -1.374873161315917969e+00 -2.268544197082519531e+00
2.116319179534912109e+00 -1.396636486053466797e+00 -2.303551435470581055e+00
2.124134778976440430e+00 -1.406816363334655762e+00 -2.326819896697998047e+00
2.102487802505493164e+00 -1.393701910972595215e+00 -2.306063175201416016e+00
2.037883281707763672e+00 -1.353544831275939941e+00 -2.241167068481445312e+00
2.026732921600341797e+00 -1.345657229423522949e+00 -2.227195262908935547e+00
2.018490552902221680e+00 -1.350612521171569824e+00 -2.248113632202148438e+00
1.957788228988647461e+00 -1.314513564109802246e+00 -2.191867351531982422e+00
1.923597335815429688e+00 -1.297497868537902832e+00 -2.169796466827392578e+00
1.949761152267456055e+00 -1.308183312416076660e+00 -2.179919958114624023e+00
1.958219528198242188e+00 -1.313654661178588867e+00 -2.189035654067993164e+00
1.930731058120727539e+00 -1.294888019561767578e+00 -2.156555652618408203e+00
1.955389738082885742e+00 -1.302581906318664551e+00 -2.159210681915283203e+00
1.946757316589355469e+00 -1.305525660514831543e+00 -2.174612283706665039e+00
1.935302495956420898e+00 -1.293260574340820312e+00 -2.148200511932373047e+00
1.904357433319091797e+00 -1.277080297470092773e+00 -2.125965833663940430e+00
1.898397922515869141e+00 -1.275687694549560547e+00 -2.126676321029663086e+00
1.905537843704223633e+00 -1.278102040290832520e+00 -2.127985715866088867e+00
1.878376007080078125e+00 -1.260360598564147949e+00 -2.098215341567993164e+00
1.827556848526000977e+00 -1.225348591804504395e+00 -2.037248849868774414e+00
1.787545442581176758e+00 -1.191585302352905273e+00 -1.971294403076171875e+00
1.784372091293334961e+00 -1.180654406547546387e+00 -1.942153811454772949e+00
1.846072196960449219e+00 -1.213032722473144531e+00 -1.986827015876770020e+00
1.869161128997802734e+00 -1.228480577468872070e+00 -2.013195276260375977e+00
1.911316394805908203e+00 -1.256953120231628418e+00 -2.062115430831909180e+00
1.930322408676147461e+00 -1.272081732749938965e+00 -2.090810298919677734e+00
1.904988288879394531e+00 -1.257350802421569824e+00 -2.068306446075439453e+00
1.908244132995605469e+00 -1.262790203094482422e+00 -2.081472158432006836e+00
1.926124334335327148e+00 -1.295385956764221191e+00 -2.161665916442871094e+00
2.005799055099487305e+00 -1.339139223098754883e+00 -2.224980592727661133e+00
2.022060632705688477e+00 -1.342358469963073730e+00 -2.221358776092529297e+00
2.008565902709960938e+00 -1.326072096824645996e+00 -2.184921503067016602e+00
1.944638252258300781e+00 -1.289016604423522949e+00 -2.128472328186035156e+00
1.940158843994140625e+00 -1.282254815101623535e+00 -2.112449884414672852e+00
1.889571666717529297e+00 -1.250550627708435059e+00 -2.060881376266479492e+00
1.948186397552490234e+00 -1.290510773658752441e+00 -2.129975795745849609e+00
1.932847499847412109e+00 -1.280051469802856445e+00 -2.111888408660888672e+00
1.981510877609252930e+00 -1.308690905570983887e+00 -2.156110048294067383e+00
2.026539325714111328e+00 -1.333765506744384766e+00 -2.192898750305175781e+00
2.040664196014404297e+00 -1.354370594024658203e+00 -2.241345405578613281e+00
2.005242347717285156e+00 -1.397511005401611328e+00 -2.222688674926757812e+00
1.930040121078491211e+00 -1.511327266693115234e+00 -2.194338798522949219e+00
1.789654254913330078e+00 -1.643062233924865723e+00 -2.114708185195922852e+00
1.638774156570434570e+00 -1.722363352775573730e+00 -1.995451092720031738e+00
1.532713413238525391e+00 -1.753874897956848145e+00 -1.886118769645690918e+00
1.488164901733398438e+00 -1.733114242553710938e+00 -1.820679306983947754e+00
1.439411401748657227e+00 -1.752977013587951660e+00 -1.756095528602600098e+00
1.459535837173461914e+00 -1.666126728057861328e+00 -1.736247658729553223e+00
1.356680154800415039e+00 -1.729086160659790039e+00 -1.653994917869567871e+00
1.326253890991210938e+00 -1.754191637039184570e+00 -1.632391810417175293e+00
1.286118984222412109e+00 -1.773622035980224609e+00 -1.605642199516296387e+00
1.139098644256591797e+00 -1.879503130912780762e+00 -1.544649600982666016e+00
1.009083509445190430e+00 -1.921086907386779785e+00 -1.499829649925231934e+00
8.860297799110412598e-01 -2.015832424163818359e+00 -1.446939587593078613e+00
7.527999281883239746e-01 -2.087105512619018555e+00 -1.404095768928527832e+00
5.375917553901672363e-01 -2.202315092086791992e+00 -1.299699425697326660e+00
3.324236273765563965e-01 -2.254072427749633789e+00 -1.150603294372558594e+00
2.069905400276184082e-01 -2.234652042388916016e+00 -9.989052414894104004e-01
1.220826506614685059e-01 -2.242802143096923828e+00 -8.836083412170410156e-01
2.396577596664428711e-02 -2.254759550094604492e+00 -7.786408662796020508e-01
-8.538037538528442383e-02 -2.224022865295410156e+00 -6.276959180831909180e-01
-1.614065468311309814e-01 -2.172554016113281250e+00 -5.145276188850402832e-01
-2.890092730522155762e-01 -2.133536815643310547e+00 -3.784798979759216309e-01
-3.305171728134155273e-01 -2.080831050872802734e+00 -3.141041696071624756e-01
-3.873514235019683838e-01 -2.063898801803588867e+00 -2.494741976261138916e-01
-3.931065201759338379e-01 -2.048866987228393555e+00 -2.570558488368988037e-01
-4.819796085357666016e-01 -2.013581752777099609e+00 -1.394597291946411133e-01
-6.500977277755737305e-01 -1.875337362289428711e+00 8.323579281568527222e-02
-7.455285787582397461e-01 -1.806060075759887695e+00 2.164271175861358643e-01
-8.557389974594116211e-01 -1.730150580406188965e+00 3.443432748317718506e-01
-9.898018836975097656e-01 -1.624544262886047363e+00 5.015689134597778320e-01
-1.115847945213317871e+00 -1.452148079872131348e+00 6.571117639541625977e-01
-1.281685590744018555e+00 -1.127040505409240723e+00 8.913996219635009766e-01
-1.373392105102539062e+00 -8.437012434005737305e-01 1.031764388084411621e+00
-1.420416593551635742e+00 -5.994815826416015625e-01 1.133795976638793945e+00
-1.437464475631713867e+00 -4.225549995899200439e-01 1.197561979293823242e+00
-1.423308372497558594e+00 -4.158656895160675049e-01 1.184221863746643066e+00
-1.427585363388061523e+00 -4.059289097785949707e-01 1.196788072586059570e+00
-1.500697612762451172e+00 -3.504595160484313965e-01 1.357443690299987793e+00
-1.569716215133666992e+00 -2.976590692996978760e-01 1.524428248405456543e+00
-1.539903402328491211e+00 -1.880766153335571289e-01 1.604122757911682129e+00
-1.492776632308959961e+00 -7.531704008579254150e-02 1.662330150604248047e+00
-1.389893293380737305e+00 7.794786989688873291e-02 1.712697505950927734e+00
-1.227915525436401367e+00 2.672111093997955322e-01 1.731835246086120605e+00
-1.123271822929382324e+00 4.061785340309143066e-01 1.777870416641235352e+00
-1.026429176330566406e+00 4.900255799293518066e-01 1.796027302742004395e+00
-9.271538853645324707e-01 4.973077178001403809e-01 1.718004703521728516e+00
-8.699933886528015137e-01 4.948785901069641113e-01 1.645094275474548340e+00
-8.624304533004760742e-01 5.003960132598876953e-01 1.612102866172790527e+00
-8.516529798507690430e-01 5.095442533493041992e-01 1.563104391098022461e+00
-8.449599742889404297e-01 5.151456594467163086e-01 1.548683881759643555e+00
-8.386659026145935059e-01 5.162045359611511230e-01 1.536525964736938477e+00
