1.624781370162963867e+00 -1.379678845405578613e+00 -5.502935051918029785e-01
1.741886854171752930e+00 -1.346841096878051758e+00 -6.280753016471862793e-01
1.729545593261718750e+00 -1.367200613021850586e+00 -6.282876133918762207e-01
1.661886692047119141e+00 -1.280723094940185547e+00 -6.677188277244567871e-01
1.607603311538696289e+00 -8.220168948173522949e-01 -9.770407080650329590e-01
1.301502227783203125e+00 -3.571870923042297363e-01 -1.140226364135742188e+00
1.092603206634521484e+00 1.152006983757019043e-01 -1.274100542068481445e+00
8.691223263740539551e-01 4.675235152244567871e-01 -1.350173711776733398e+00
7.308577299118041992e-01 6.438128948211669922e-01 -1.423971652984619141e+00
5.733479261398315430e-01 7.262248396873474121e-01 -1.426664352416992188e+00
4.901404976844787598e-01 7.500214576721191406e-01 -1.485455274581909180e+00
4.035698175430297852e-01 7.437449693679809570e-01 -1.476975440979003906e+00
2.400010228157043457e-01 7.061518430709838867e-01 -1.409217357635498047e+00
-3.198283910751342773e-02 6.680002212524414062e-01 -1.261306285858154297e+00
-3.204959034919738770e-01 6.075690984725952148e-01 -1.099308252334594727e+00
-5.074192285537719727e-01 5.442553758621215820e-01 -9.794743657112121582e-01
-7.028537392616271973e-01 4.701439738273620605e-01 -8.308075070381164551e-01
-8.733394145965576172e-01 3.789357244968414307e-01 -7.089950442314147949e-01
-1.110561847686767578e+00 1.009926199913024902e-01 -4.448194503784179688e-01
-1.234973669052124023e+00 8.117756247520446777e-02 -3.070770502090454102e-01
-1.388311147689819336e+00 8.695125579833984375e-02 -1.277983784675598145e-01
-1.548397302627563477e+00 2.843067236244678497e-02 1.218902468681335449e-01
-1.744101285934448242e+00 -4.573015961796045303e-03 3.486204743385314941e-01
-1.878151655197143555e+00 -8.399394154548645020e-02 6.241170763969421387e-01
-2.012845277786254883e+00 -6.050929427146911621e-02 7.494572997093200684e-01
-2.093277454376220703e+00 -1.340159587562084198e-02 8.342065811157226562e-01
-2.136721134185791016e+00 1.275554485619068146e-02 9.105305671691894531e-01
-2.173508882522583008e+00 2.205124795436859131e-01 8.708599209785461426e-01
-2.226217269897460938e+00 4.077137410640716553e-01 8.342734575271606445e-01
-2.301076650619506836e+00 6.002235412597656250e-01 8.050037026405334473e-01
-2.330598592758178711e+00 6.747670173645019531e-01 8.224093914031982422e-01
-2.309832811355590820e+00 7.653176784515380859e-01 8.260396718978881836e-01
-2.272606611251831055e+00 9.649144411087036133e-01 7.906278371810913086e-01
-2.240213155746459961e+00 1.168954014778137207e+00 7.709660530090332031e-01
-2.217706203460693359e+00 1.209678292274475098e+00 7.621996998786926270e-01
-2.185908555984497070e+00 1.277470707893371582e+00 7.173102498054504395e-01
-2.188018560409545898e+00 1.339277029037475586e+00 6.868698596954345703e-01
-2.156912803649902344e+00 1.369932413101196289e+00 6.638929247856140137e-01
-2.149614572525024414e+00 1.347840666770935059e+00 6.712841987609863281e-01
-2.145400285720825195e+00 1.347473382949829102e+00 6.704087853431701660e-01
-2.184213876724243164e+00 1.471160292625427246e+00 6.541538238525390625e-01
-2.187046289443969727e+00 1.541482686996459961e+00 6.065556406974792480e-01
-2.192690849304199219e+00 1.569884538650512695e+00 5.900493264198303223e-01
-2.207957744598388672e+00 1.570177197456359863e+00 5.990632772445678711e-01
-2.193844318389892578e+00 1.568547368049621582e+00 5.916835069656372070e-01
-2.215430498123168945e+00 1.588691115379333496e+00 5.905942320823669434e-01
-2.208202838897705078e+00 1.598027706146240234e+00 5.796829462051391602e-01
-2.229685544967651367e+00 1.635451912879943848e+00 5.664146542549133301e-01
-2.265323400497436523e+00 1.657822012901306152e+00 5.722495913505554199e-01
-2.279466390609741211e+00 1.659546732902526855e+00 5.795807838439941406e-01
-2.325103282928466797e+00 1.700369238853454590e+00 5.785154104232788086e-01
-2.331983327865600586e+00 1.718714714050292969e+00 5.698065161705017090e-01
-2.342667579650878906e+00 1.716932892799377441e+00 5.775077939033508301e-01
-2.374397754669189453e+00 1.732883930206298828e+00 5.854840278625488281e-01
-2.386572122573852539e+00 1.749196171760559082e+00 5.813978910446166992e-01
-2.405356645584106445e+00 1.782080054283142090e+00 5.696836709976196289e-01
-2.404451131820678711e+00 1.777835011482238770e+00 5.721133947372436523e-01
-2.433584451675415039e+00 1.768225312232971191e+00 5.964440703392028809e-01
-2.459345817565917969e+00 1.734996914863586426e+00 6.352996826171875000e-01
-2.502280712127685547e+00 1.695920467376708984e+00 6.886264085769653320e-01
-2.484514951705932617e+00 1.674503326416015625e+00 6.929153800010681152e-01
-2.503211736679077148e+00 1.682963371276855469e+00 6.982737779617309570e-01
-2.524588346481323242e+00 1.575127124786376953e+00 7.850166559219360352e-01
-2.530880928039550781e+00 1.567641854286193848e+00 7.958433628082275391e-01
-2.531445741653442383e+00 1.550106644630432129e+00 8.001614809036254883e-01
-2.556529760360717773e+00 1.546886920928955078e+00 8.101325035095214844e-01
-2.537190675735473633e+00 1.591340303421020508e+00 7.662482261657714844e-01
-2.542847871780395508e+00 1.691092252731323242e+00 7.143658399581909180e-01
-2.526278734207153320e+00 1.668861031532287598e+00 7.178243398666381836e-01
-2.527216196060180664e+00 1.759949684143066406e+00 6.587878465652465820e-01
-2.522731542587280273e+00 1.815160393714904785e+00 6.173670291900634766e-01
-2.522678375244140625e+00 1.874655008316040039e+00 5.756185054779052734e-01
-2.498315572738647461e+00 1.866319775581359863e+00 5.667511224746704102e-01
-2.520504951477050781e+00 1.883980274200439453e+00 5.677673220634460449e-01
-2.526743650436401367e+00 1.903496265411376953e+00 5.578504204750061035e-01
-2.540488481521606445e+00 1.929705142974853516e+00 5.477734208106994629e-01
-2.543843030929565430e+00 1.940325260162353516e+00 5.423524379730224609e-01
-2.540828943252563477e+00 1.918163418769836426e+00 5.560716390609741211e-01
-2.549087047576904297e+00 1.896900057792663574e+00 5.759679079055786133e-01
-2.557465791702270508e+00 1.895753264427185059e+00 5.818317532539367676e-01
-2.562979459762573242e+00 1.897482275962829590e+00 5.839488506317138672e-01
-2.576137781143188477e+00 1.920215249061584473e+00 5.759549140930175781e-01
-2.585031986236572266e+00 1.932218551635742188e+00 5.729094147682189941e-01
-2.606625080108642578e+00 1.952095746994018555e+00 5.720111727714538574e-01
-2.590138673782348633e+00 1.949365496635437012e+00 5.639700889587402344e-01
-2.581051588058471680e+00 1.935428738594055176e+00 5.682546496391296387e-01
-2.612830162048339844e+00 1.953665971755981445e+00 5.746572613716125488e-01
-2.620512485504150391e+00 1.987975001335144043e+00 5.552394986152648926e-01
-2.618699789047241211e+00 2.032208204269409180e+00 5.231295228004455566e-01
-2.614239692687988281e+00 2.027330398559570312e+00 5.238563418388366699e-01
-2.616997718811035156e+00 2.034416198730468750e+00 5.205534696578979492e-01
-2.615813255310058594e+00 2.052875280380249023e+00 5.068949460983276367e-01
-2.609852552413940430e+00 2.022467136383056641e+00 5.246170759201049805e-01
-2.613620996475219727e+00 2.086903333663940430e+00 4.817111492156982422e-01
-2.632265567779541016e+00 2.108732938766479492e+00 4.776634871959686279e-01
-2.668954133987426758e+00 2.134868144989013672e+00 4.814931750297546387e-01
-2.659945487976074219e+00 2.115089654922485352e+00 4.766583740711212158e-01
-2.658533811569213867e+00 2.081470727920532227e+00 4.719406068325042725e-01
-2.673088788986206055e+00 2.075456619262695312e+00 4.771330952644348145e-01
-2.673799753189086914e+00 2.044125795364379883e+00 4.942085146903991699e-01
-2.693727254867553711e+00 2.033552646636962891e+00 5.037568211555480957e-01
-2.694988727569580078e+00 1.987248420715332031e+00 5.372474193572998047e-01
-2.678672552108764648e+00 1.930826544761657715e+00 5.804722309112548828e-01
-2.704343318939208984e+00 1.876300692558288574e+00 6.276074051856994629e-01
-2.731574535369873047e+00 1.874325513839721680e+00 6.436899304389953613e-01
-2.710597038269042969e+00 1.883784770965576172e+00 6.251664757728576660e-01
-2.695400953292846680e+00 1.826744675636291504e+00 6.608589291572570801e-01
-2.703101634979248047e+00 1.808811426162719727e+00 6.701741218566894531e-01
-2.694593906402587891e+00 1.832331180572509766e+00 6.488454341888427734e-01
-2.699373483657836914e+00 1.838949203491210938e+00 6.464279890060424805e-01
-2.691558599472045898e+00 1.892294883728027344e+00 6.038141846656799316e-01
-2.680411100387573242e+00 1.932375073432922363e+00 5.822119116783142090e-01
-2.696352720260620117e+00 1.993093013763427734e+00 5.622549057006835938e-01
-2.705398797988891602e+00 1.995079874992370605e+00 5.725152492523193359e-01
-2.718907594680786133e+00 2.012096405029296875e+00 5.855773687362670898e-01
-2.707402706146240234e+00 2.007123231887817383e+00 5.847922563552856445e-01
-2.724225997924804688e+00 2.039666414260864258e+00 5.735927820205688477e-01
-2.742274284362792969e+00 2.075048446655273438e+00 5.613319277763366699e-01
-2.716977596282958984e+00 2.042816638946533203e+00 5.750377178192138672e-01
-2.716259717941284180e+00 2.063203811645507812e+00 5.603089332580566406e-01
-2.694032669067382812e+00 2.086749076843261719e+00 5.303772091865539551e-01
-2.681484699249267578e+00 2.127076864242553711e+00 4.945231080055236816e-01
-2.683565616607666016e+00 2.140805482864379883e+00 4.861532449722290039e-01
-2.696308851242065430e+00 2.145011186599731445e+00 4.908995926380157471e-01
-2.662203550338745117e+00 2.140493869781494141e+00 4.734720289707183838e-01
-2.631510257720947266e+00 2.132136344909667969e+00 4.607976675033569336e-01
-2.640413999557495117e+00 2.170177936553955078e+00 4.395002722740173340e-01
-2.617821216583251953e+00 2.147059679031372070e+00 4.420671463012695312e-01
-2.609280824661254883e+00 2.186859846115112305e+00 4.090027809143066406e-01
-2.599217176437377930e+00 2.195874691009521484e+00 3.966047167778015137e-01
-2.600173473358154297e+00 2.197031736373901367e+00 3.963709473609924316e-01
-2.599869728088378906e+00 2.158853292465209961e+00 4.229574799537658691e-01
-2.617261409759521484e+00 2.169826030731201172e+00 4.257658123970031738e-01
-2.631549119949340820e+00 2.170908689498901367e+00 4.336344301700592041e-01
-2.611418485641479492e+00 2.169955492019653320e+00 4.221466481685638428e-01
-2.642691135406494141e+00 2.169354915618896484e+00 4.414523839950561523e-01
-2.649040460586547852e+00 2.143704891204833984e+00 4.632716476917266846e-01
-2.658815145492553711e+00 2.170662164688110352e+00 4.502722918987274170e-01
-2.669539213180541992e+00 2.166389465332031250e+00 4.597443938255310059e-01
-2.679545402526855469e+00 2.156483888626098633e+00 4.727323353290557861e-01
-2.733199596405029297e+00 2.151892423629760742e+00 5.083515644073486328e-01
-2.749829769134521484e+00 2.147138118743896484e+00 5.217277407646179199e-01
-2.764262437820434570e+00 2.092594861984252930e+00 5.686878561973571777e-01
-2.798626661300659180e+00 2.075153589248657227e+00 6.016687154769897461e-01
-2.792899847030639648e+00 2.041464328765869141e+00 6.199774742126464844e-01
-2.794620990753173828e+00 1.976599812507629395e+00 6.588721275329589844e-01
-2.790055513381958008e+00 1.969265937805175781e+00 6.573458909988403320e-01
-2.772764921188354492e+00 1.913318872451782227e+00 6.858180761337280273e-01
-2.777751207351684570e+00 1.893563628196716309e+00 6.968258023262023926e-01
-2.784684658050537109e+00 1.920037865638732910e+00 6.837143898010253906e-01
-2.747072696685791016e+00 1.970144987106323242e+00 6.342148184776306152e-01
-2.750458240509033203e+00 1.968612670898437500e+00 6.281851530075073242e-01
-2.733921289443969727e+00 2.000679254531860352e+00 6.044871211051940918e-01
-2.738684654235839844e+00 2.029669523239135742e+00 5.948078632354736328e-01
-2.754451751708984375e+00 2.046710014343261719e+00 5.876944661140441895e-01
-2.753442049026489258e+00 2.020707130432128906e+00 5.984342098236083984e-01
-2.763540267944335938e+00 1.966214895248413086e+00 6.369152069091796875e-01
-2.778297185897827148e+00 1.959339976310729980e+00 6.473160982131958008e-01
-2.788172483444213867e+00 1.960602998733520508e+00 6.606448888778686523e-01
-2.797958374023437500e+00 1.970553278923034668e+00 6.498953104019165039e-01
-2.838755130767822266e+00 1.967773795127868652e+00 6.733290553092956543e-01
-2.828292369842529297e+00 1.964393854141235352e+00 6.763130426406860352e-01
-2.834177970886230469e+00 1.937237977981567383e+00 6.938508152961730957e-01
-2.829099655151367188e+00 1.955194592475891113e+00 6.701320409774780273e-01
-2.814980268478393555e+00 1.979833006858825684e+00 6.582381129264831543e-01
-2.787465810775756836e+00 2.007295608520507812e+00 6.321218013763427734e-01
-2.784917831420898438e+00 2.005398035049438477e+00 6.318075060844421387e-01
-2.784362792968750000e+00 1.976511955261230469e+00 6.421407461166381836e-01
-2.794139862060546875e+00 1.982865214347839355e+00 6.478478312492370605e-01
-2.778731346130371094e+00 1.968070268630981445e+00 6.509604454040527344e-01
-2.765666723251342773e+00 1.977783322334289551e+00 6.531719565391540527e-01
-2.749997615814208984e+00 1.954697489738464355e+00 6.477676033973693848e-01
-2.728929996490478516e+00 1.965324878692626953e+00 6.567502021789550781e-01
-2.601931095123291016e+00 2.023632049560546875e+00 6.690362095832824707e-01
-2.524558305740356445e+00 2.083238124847412109e+00 6.848219633102416992e-01
-2.485845565795898438e+00 2.095982789993286133e+00 6.905283927917480469e-01
-2.430457830429077148e+00 2.105459451675415039e+00 6.970838308334350586e-01
-2.392101287841796875e+00 2.086513757705688477e+00 7.193715572357177734e-01
-2.464107513427734375e+00 2.033636331558227539e+00 7.350805401802062988e-01
-2.498104095458984375e+00 2.004288434982299805e+00 7.374888658523559570e-01
-2.545635223388671875e+00 1.959317207336425781e+00 7.391146421432495117e-01
-2.425906419754028320e+00 1.997893333435058594e+00 7.559045553207397461e-01
-2.347846508026123047e+00 1.995907425880432129e+00 7.629541754722595215e-01
-2.305045127868652344e+00 1.991885423660278320e+00 7.742822170257568359e-01
-2.245971202850341797e+00 1.960743546485900879e+00 7.978735566139221191e-01
-2.189993858337402344e+00 1.919467329978942871e+00 8.262347579002380371e-01
-2.212023258209228516e+00 1.914935350418090820e+00 8.194672465324401855e-01
-2.271039247512817383e+00 1.920941829681396484e+00 8.113149404525756836e-01
-2.241902112960815430e+00 1.880371093750000000e+00 8.279981613159179688e-01
-2.212796211242675781e+00 1.870787739753723145e+00 8.478537797927856445e-01
-2.196007013320922852e+00 1.857330203056335449e+00 8.608680367469787598e-01
-2.188615798950195312e+00 1.847075581550598145e+00 8.552535772323608398e-01
-2.325401782989501953e+00 1.829695582389831543e+00 8.459473848342895508e-01
-2.340617179870605469e+00 1.826452970504760742e+00 8.460503816604614258e-01
-2.318674087524414062e+00 1.835214138031005859e+00 8.379166722297668457e-01
-2.379890441894531250e+00 1.818308472633361816e+00 8.204754590988159180e-01
-2.409412860870361328e+00 1.807737469673156738e+00 8.178694248199462891e-01
-2.399674415588378906e+00 1.828589081764221191e+00 7.810436487197875977e-01
-2.388887405395507812e+00 1.834518671035766602e+00 7.600823044776916504e-01
-2.271497249603271484e+00 1.882621884346008301e+00 7.445735931396484375e-01
-2.177701234817504883e+00 1.923860073089599609e+00 7.415261268615722656e-01
-2.202860116958618164e+00 1.933276176452636719e+00 7.415399551391601562e-01
-2.190939664840698242e+00 1.936560392379760742e+00 7.493214607238769531e-01
-2.203891754150390625e+00 1.925670504570007324e+00 7.703210711479187012e-01
-2.194891214370727539e+00 1.943108320236206055e+00 7.667546272277832031e-01
-2.162786722183227539e+00 1.939101934432983398e+00 7.702929973602294922e-01
-2.162429094314575195e+00 1.973987579345703125e+00 7.552791237831115723e-01
-2.200090646743774414e+00 1.984834313392639160e+00 7.512453794479370117e-01
-2.278733015060424805e+00 2.015763759613037109e+00 7.426348924636840820e-01
-2.298643589019775391e+00 2.033450841903686523e+00 7.259939908981323242e-01
-2.362306356430053711e+00 2.068980455398559570e+00 6.983867287635803223e-01
-2.339832305908203125e+00 2.065085411071777344e+00 6.849446296691894531e-01
-2.318348407745361328e+00 2.033338069915771484e+00 6.621297597885131836e-01
-2.347641468048095703e+00 2.033618211746215820e+00 6.463136076927185059e-01
-2.342304944992065430e+00 2.039876222610473633e+00 6.459740996360778809e-01
-2.295578479766845703e+00 2.044047832489013672e+00 6.494369506835937500e-01
-2.156788349151611328e+00 2.055850505828857422e+00 6.702412962913513184e-01
-2.048642396926879883e+00 2.034276247024536133e+00 6.949713230133056641e-01
-2.070108413696289062e+00 2.030968427658081055e+00 6.711831688880920410e-01
-2.074261665344238281e+00 2.024874210357666016e+00 6.498235464096069336e-01
-2.103222846984863281e+00 1.985350131988525391e+00 6.748122572898864746e-01
-2.049965143203735352e+00 2.012527465820312500e+00 6.374697685241699219e-01
-2.086362838745117188e+00 2.003810167312622070e+00 6.384713649749755859e-01
-2.095214128494262695e+00 1.987331628799438477e+00 6.389348506927490234e-01
-2.170512199401855469e+00 2.002722501754760742e+00 6.468827128410339355e-01
-2.191317081451416016e+00 2.007084369659423828e+00 6.589962244033813477e-01
-2.192030429840087891e+00 2.028135776519775391e+00 6.615134477615356445e-01
-2.275509595870971680e+00 2.067561149597167969e+00 6.534084677696228027e-01
-2.304066658020019531e+00 2.069795370101928711e+00 6.504354476928710938e-01
-2.290437459945678711e+00 2.072427034378051758e+00 6.549024581909179688e-01
-2.249350309371948242e+00 2.067937612533569336e+00 6.642840504646301270e-01
-2.182659387588500977e+00 2.065502166748046875e+00 6.725769042968750000e-01
-2.202269792556762695e+00 2.065010070800781250e+00 6.810168027877807617e-01
-2.198225259780883789e+00 2.039425134658813477e+00 6.942284107208251953e-01
-2.209848165512084961e+00 2.018214225769042969e+00 6.896402835845947266e-01
-2.244351148605346680e+00 2.005740404129028320e+00 7.011516094207763672e-01
-2.229452848434448242e+00 2.005460262298583984e+00 7.231481075286865234e-01
-2.295000076293945312e+00 2.018265008926391602e+00 7.048462033271789551e-01
-2.272107839584350586e+00 2.006732225418090820e+00 7.093001008033752441e-01
-2.288360118865966797e+00 2.013841867446899414e+00 6.972795724868774414e-01
-2.341027021408081055e+00 1.958786964416503906e+00 6.978552937507629395e-01
-2.262690544128417969e+00 1.953917145729064941e+00 7.293299436569213867e-01
-2.136031389236450195e+00 1.928624868392944336e+00 7.841345071792602539e-01
-2.069069147109985352e+00 1.921306490898132324e+00 7.963708043098449707e-01
-1.976683378219604492e+00 1.891547918319702148e+00 8.249890804290771484e-01
-1.900787115097045898e+00 1.854178786277770996e+00 8.773913383483886719e-01
-1.822913169860839844e+00 1.845320582389831543e+00 9.141811728477478027e-01
-1.760270833969116211e+00 1.846316099166870117e+00 9.399243593215942383e-01
-1.785292863845825195e+00 1.876710653305053711e+00 9.366486072540283203e-01
-1.767359256744384766e+00 1.903850078582763672e+00 9.573345184326171875e-01
-1.698954343795776367e+00 1.925289750099182129e+00 9.679700732231140137e-01
-1.718690156936645508e+00 1.974668145179748535e+00 9.643862843513488770e-01
-1.710580587387084961e+00 1.996826052665710449e+00 9.587932229042053223e-01
-1.649920225143432617e+00 2.022753000259399414e+00 9.689658880233764648e-01
-1.659795522689819336e+00 2.045274734497070312e+00 9.556434750556945801e-01
-1.760389328002929688e+00 2.081415891647338867e+00 9.201070070266723633e-01
-1.783456563949584961e+00 2.106260776519775391e+00 9.111440181732177734e-01
-1.850247621536254883e+00 2.139193773269653320e+00 8.836308717727661133e-01
-1.849171161651611328e+00 2.162948131561279297e+00 8.707050085067749023e-01
-1.874308824539184570e+00 2.170920610427856445e+00 8.620130419731140137e-01
-1.783287525177001953e+00 2.182735919952392578e+00 8.571418523788452148e-01
-1.736677408218383789e+00 2.204822063446044922e+00 8.454499244689941406e-01
-1.657478332519531250e+00 2.202280282974243164e+00 8.505586981773376465e-01
-1.601675271987915039e+00 2.194191694259643555e+00 8.593338131904602051e-01
-1.550876140594482422e+00 2.209262371063232422e+00 8.737708330154418945e-01
-1.564053297042846680e+00 2.207960367202758789e+00 8.686786293983459473e-01
-1.481200456619262695e+00 2.199285507202148438e+00 8.639630079269409180e-01
-1.537042140960693359e+00 2.216040849685668945e+00 8.439088463783264160e-01
-1.513206720352172852e+00 2.220907688140869141e+00 8.335189819335937500e-01
-1.524834871292114258e+00 2.212721347808837891e+00 8.184903264045715332e-01
-1.555133819580078125e+00 2.203450918197631836e+00 8.118487000465393066e-01
-1.627495288848876953e+00 2.186620235443115234e+00 8.039584755897521973e-01
-1.663123369216918945e+00 2.174010276794433594e+00 8.036327958106994629e-01
-1.660038471221923828e+00 2.150544166564941406e+00 7.975715398788452148e-01
-1.635967731475830078e+00 2.154676675796508789e+00 7.980728149414062500e-01
-1.650330305099487305e+00 2.129647254943847656e+00 7.886613607406616211e-01
-1.671878576278686523e+00 2.110183954238891602e+00 7.928572893142700195e-01
-1.624933242797851562e+00 2.110791206359863281e+00 8.011867403984069824e-01
-1.575925111770629883e+00 2.103271722793579102e+00 8.154281973838806152e-01
-1.585459232330322266e+00 2.089214563369750977e+00 8.227172493934631348e-01
-1.619715929031372070e+00 2.077208518981933594e+00 8.227703571319580078e-01
-1.637888669967651367e+00 2.070707082748413086e+00 8.281910419464111328e-01
-1.566093683242797852e+00 2.057149887084960938e+00 8.413736224174499512e-01
-1.611373901367187500e+00 2.035161495208740234e+00 8.377050161361694336e-01
-1.659482955932617188e+00 2.013808727264404297e+00 8.176742792129516602e-01
-1.613352060317993164e+00 1.984844923019409180e+00 8.299814462661743164e-01
-1.595988988876342773e+00 1.978782653808593750e+00 8.493293523788452148e-01
-1.562979459762573242e+00 1.926917672157287598e+00 8.678086996078491211e-01
-1.508800983428955078e+00 1.887950420379638672e+00 8.980373144149780273e-01
-1.417993783950805664e+00 1.865319013595581055e+00 9.178673028945922852e-01
-1.457612991333007812e+00 1.867451429367065430e+00 8.971059322357177734e-01
-1.417802095413208008e+00 1.844980716705322266e+00 9.244532585144042969e-01
-1.409859418869018555e+00 1.836826086044311523e+00 9.283643364906311035e-01
-1.376961469650268555e+00 1.836968660354614258e+00 9.299120903015136719e-01
-1.386289834976196289e+00 1.818332433700561523e+00 9.154886603355407715e-01
-1.368587732315063477e+00 1.809285402297973633e+00 9.290366768836975098e-01
-1.311754703521728516e+00 1.797555804252624512e+00 9.305570125579833984e-01
-1.252258777618408203e+00 1.761206269264221191e+00 9.405648708343505859e-01
-1.293587207794189453e+00 1.764057993888854980e+00 9.119073748588562012e-01
-1.221274614334106445e+00 1.753862142562866211e+00 9.237750768661499023e-01
-1.259007930755615234e+00 1.732273817062377930e+00 9.094610214233398438e-01
-1.319478273391723633e+00 1.723314285278320312e+00 8.865394592285156250e-01
-1.316980361938476562e+00 1.704791069030761719e+00 9.036247730255126953e-01
-1.314727783203125000e+00 1.616535782814025879e+00 1.015934944152832031e+00
-1.398640394210815430e+00 1.468067288398742676e+00 1.111632347106933594e+00
-1.360259056091308594e+00 1.470337271690368652e+00 1.115558266639709473e+00
-1.430383205413818359e+00 1.480485916137695312e+00 1.108553886413574219e+00
-1.485294580459594727e+00 1.290322422981262207e+00 1.213297367095947266e+00
-1.467970132827758789e+00 1.256929874420166016e+00 1.260988831520080566e+00
-1.524459123611450195e+00 1.124674916267395020e+00 1.323954939842224121e+00
-1.495899677276611328e+00 1.076795220375061035e+00 1.383071541786193848e+00
-1.528292179107666016e+00 1.075808644294738770e+00 1.371634244918823242e+00
-1.470831871032714844e+00 1.186987757682800293e+00 1.345072746276855469e+00
-1.308761835098266602e+00 1.453540086746215820e+00 1.228234529495239258e+00
-1.170829772949218750e+00 1.465292572975158691e+00 1.205211400985717773e+00
-1.004651546478271484e+00 1.515737414360046387e+00 1.184599757194519043e+00
-1.018130898475646973e+00 1.551165819168090820e+00 1.194158434867858887e+00
-1.018316984176635742e+00 1.593933343887329102e+00 1.213100790977478027e+00
-9.055126905441284180e-01 1.595201373100280762e+00 1.204823255538940430e+00
-8.651098012924194336e-01 1.592642784118652344e+00 1.209182024002075195e+00
-7.806355357170104980e-01 1.592037439346313477e+00 1.218127250671386719e+00
-6.960362792015075684e-01 1.517715096473693848e+00 1.230530858039855957e+00
-6.850290894508361816e-01 1.556042671203613281e+00 1.219312429428100586e+00
-6.206718683242797852e-01 1.509826421737670898e+00 1.229237794876098633e+00
-4.483724832534790039e-01 1.451192975044250488e+00 1.238404512405395508e+00
-8.651471138000488281e-02 1.369665145874023438e+00 1.170244693756103516e+00
4.418459534645080566e-02 1.320502638816833496e+00 1.150169134140014648e+00
1.694539785385131836e-01 1.257377028465270996e+00 1.116334915161132812e+00
3.858434557914733887e-01 1.150451779365539551e+00 1.071115732192993164e+00
6.210790872573852539e-01 1.031021595001220703e+00 1.019566178321838379e+00
8.556428551673889160e-01 8.831903338432312012e-01 9.789474606513977051e-01
1.090559244155883789e+00 7.550681233406066895e-01 9.288728237152099609e-01
1.213594913482666016e+00 6.479786038398742676e-01 8.986828327178955078e-01
1.363227128982543945e+00 5.452367663383483887e-01 8.441338539123535156e-01
1.450455427169799805e+00 4.522610604763031006e-01 7.919685840606689453e-01
1.580702066421508789e+00 3.518452942371368408e-01 7.254601120948791504e-01
1.922681093215942383e+00 1.295478641986846924e-01 5.904026031494140625e-01
2.290129661560058594e+00 -1.768585145473480225e-01 4.195036292076110840e-01
2.544316768646240234e+00 -4.083770811557769775e-01 1.709036231040954590e-01
2.792923927307128906e+00 -6.358690857887268066e-01 -7.701653242111206055e-02
2.922761201858520508e+00 -8.698878884315490723e-01 -2.796339392662048340e-01
2.990262269973754883e+00 -1.013489484786987305e+00 -4.098231196403503418e-01
3.096465110778808594e+00 -1.103027582168579102e+00 -5.238538384437561035e-01
3.183437824249267578e+00 -1.206546902656555176e+00 -6.417303681373596191e-01
3.235629081726074219e+00 -1.260312318801879883e+00 -7.345231175422668457e-01
3.257844924926757812e+00 -1.281284809112548828e+00 -8.089938759803771973e-01
3.324671983718872070e+00 -1.337332248687744141e+00 -8.926392197608947754e-01
3.408166885375976562e+00 -1.400161981582641602e+00 -9.911988377571105957e-01
3.486614465713500977e+00 -1.454908370971679688e+00 -1.070982217788696289e+00
3.608142614364624023e+00 -1.534535169601440430e+00 -1.154491424560546875e+00
3.763079643249511719e+00 -1.628388404846191406e+00 -1.243291854858398438e+00
3.806166172027587891e+00 -1.645558834075927734e+00 -1.310280561447143555e+00
3.881912708282470703e+00 -1.682302117347717285e+00 -1.389507770538330078e+00
3.878433704376220703e+00 -1.694788336753845215e+00 -1.439192533493041992e+00
3.883385181427001953e+00 -1.725687623023986816e+00 -1.472106695175170898e+00
3.858625888824462891e+00 -1.738243103027343750e+00 -1.511387109756469727e+00
3.792089223861694336e+00 -1.727622985839843750e+00 -1.528635025024414062e+00
3.768990993499755859e+00 -1.732257246971130371e+00 -1.569753885269165039e+00
3.717601776123046875e+00 -1.717447757720947266e+00 -1.584419250488281250e+00
3.667625904083251953e+00 -1.716412782669067383e+00 -1.580062150955200195e+00
3.594045162200927734e+00 -1.712579250335693359e+00 -1.560210704803466797e+00
3.526794195175170898e+00 -1.701508998870849609e+00 -1.554619073867797852e+00
3.460219860076904297e+00 -1.685433387756347656e+00 -1.532420635223388672e+00
3.395671844482421875e+00 -1.675947904586791992e+00 -1.534185171127319336e+00
3.347116231918334961e+00 -1.667858719825744629e+00 -1.528870344161987305e+00
3.285553216934204102e+00 -1.631420016288757324e+00 -1.524687767028808594e+00
3.308101892471313477e+00 -1.639839172363281250e+00 -1.552374362945556641e+00
3.291965007781982422e+00 -1.618884086608886719e+00 -1.585293292999267578e+00
3.276168823242187500e+00 -1.590286016464233398e+00 -1.590316295623779297e+00
3.270186424255371094e+00 -1.570696592330932617e+00 -1.606622934341430664e+00
3.209705352783203125e+00 -1.515762329101562500e+00 -1.581142425537109375e+00
3.166148424148559570e+00 -1.482072353363037109e+00 -1.555062770843505859e+00
3.120278835296630859e+00 -1.452769160270690918e+00 -1.546131372451782227e+00
3.094833850860595703e+00 -1.416865110397338867e+00 -1.536188364028930664e+00
3.059650182723999023e+00 -1.393161058425903320e+00 -1.521214723587036133e+00
3.024377822875976562e+00 -1.357909440994262695e+00 -1.502977371215820312e+00
2.984387397766113281e+00 -1.342802882194519043e+00 -1.480920553207397461e+00
2.950028419494628906e+00 -1.312314271926879883e+00 -1.459840536117553711e+00
2.961419820785522461e+00 -1.296074390411376953e+00 -1.468980073928833008e+00
2.948399543762207031e+00 -1.274712085723876953e+00 -1.463177680969238281e+00
2.910083293914794922e+00 -1.241429805755615234e+00 -1.446457862854003906e+00
2.940680265426635742e+00 -1.242575645446777344e+00 -1.468345642089843750e+00
2.901434659957885742e+00 -1.230039358139038086e+00 -1.455445766448974609e+00
2.821931838989257812e+00 -1.194954395294189453e+00 -1.441102504730224609e+00
2.698851346969604492e+00 -1.170840501785278320e+00 -1.417681694030761719e+00
2.470804452896118164e+00 -1.041667342185974121e+00 -1.434982299804687500e+00
2.305088996887207031e+00 -6.928561329841613770e-01 -1.586573839187622070e+00
2.008081197738647461e+00 -4.109379351139068604e-01 -1.653862476348876953e+00
1.783348798751831055e+00 -2.248966991901397705e-01 -1.649708986282348633e+00
1.539220809936523438e+00 -1.306363753974437714e-02 -1.690677881240844727e+00
1.347017288208007812e+00 1.672664284706115723e-01 -1.667872905731201172e+00
1.168198347091674805e+00 2.478220462799072266e-01 -1.584086418151855469e+00
1.053575515747070312e+00 3.853330910205841064e-01 -1.551061630249023438e+00
9.705570340156555176e-01 5.296415686607360840e-01 -1.531989574432373047e+00
8.826528191566467285e-01 5.801444053649902344e-01 -1.496531963348388672e+00
8.196223378181457520e-01 5.835240483283996582e-01 -1.417389154434204102e+00
7.298693060874938965e-01 6.308202743530273438e-01 -1.368546485900878906e+00
6.485087275505065918e-01 6.886979341506958008e-01 -1.343358755111694336e+00
6.204747557640075684e-01 6.728491783142089844e-01 -1.277480840682983398e+00
6.646423339843750000e-01 5.524525642395019531e-01 -1.140998363494873047e+00
7.110757827758789062e-01 4.091092050075531006e-01 -1.029278278350830078e+00
8.727781176567077637e-01 2.149072736501693726e-01 -9.163404107093811035e-01
1.153331756591796875e+00 2.593280281871557236e-03 -8.548000454902648926e-01
1.334067583084106445e+00 -3.228861987590789795e-01 -7.703638672828674316e-01
1.626943588256835938e+00 -4.997512996196746826e-01 -7.532653212547302246e-01
1.955399036407470703e+00 -6.417157649993896484e-01 -8.077365756034851074e-01
2.179848432540893555e+00 -7.636897563934326172e-01 -8.853767514228820801e-01
2.309522628784179688e+00 -8.172612786293029785e-01 -9.672184586524963379e-01
2.451387882232666016e+00 -9.001193642616271973e-01 -1.051350831985473633e+00
2.571083784103393555e+00 -9.610133767127990723e-01 -1.148345232009887695e+00
2.680041551589965820e+00 -1.009319782257080078e+00 -1.231193304061889648e+00
2.721511840820312500e+00 -1.017956137657165527e+00 -1.298448085784912109e+00
2.784080743789672852e+00 -1.054979085922241211e+00 -1.345939159393310547e+00
2.809792518615722656e+00 -1.075335025787353516e+00 -1.366248846054077148e+00
2.798245906829833984e+00 -1.059863567352294922e+00 -1.385193586349487305e+00
2.763309478759765625e+00 -1.058202028274536133e+00 -1.409160137176513672e+00
2.676383972167968750e+00 -1.081058859825134277e+00 -1.362043142318725586e+00
2.662168979644775391e+00 -1.121692538261413574e+00 -1.345856189727783203e+00
2.646326303482055664e+00 -1.124008178710937500e+00 -1.346236944198608398e+00
2.579717636108398438e+00 -1.091597080230712891e+00 -1.309309720993041992e+00
2.586329936981201172e+00 -1.097086191177368164e+00 -1.294944524765014648e+00
2.563783407211303711e+00 -1.096107363700866699e+00 -1.268831491470336914e+00
2.545810937881469727e+00 -1.082748770713806152e+00 -1.251516580581665039e+00
2.519393444061279297e+00 -1.086611747741699219e+00 -1.202019691467285156e+00
2.466510295867919922e+00 -1.095963954925537109e+00 -1.188464641571044922e+00
2.426405906677246094e+00 -1.144831180572509766e+00 -1.185753822326660156e+00
2.339994192123413086e+00 -1.186850786209106445e+00 -1.169019937515258789e+00
2.027959108352661133e+00 -1.351973891258239746e+00 -9.858512282371520996e-01
1.894808769226074219e+00 -1.413755893707275391e+00 -8.933683037757873535e-01
1.722650766372680664e+00 -1.488015294075012207e+00 -7.683586478233337402e-01
1.592977762222290039e+00 -1.476822733879089355e+00 -7.124332785606384277e-01
1.492481470108032227e+00 -1.530228376388549805e+00 -6.223378777503967285e-01
1.371899843215942383e+00 -1.577630996704101562e+00 -5.216180682182312012e-01
1.294167041778564453e+00 -1.491660952568054199e+00 -5.289739966392517090e-01
1.238957881927490234e+00 -1.578286170959472656e+00 -4.375699162483215332e-01
1.118810653686523438e+00 -1.678752779960632324e+00 -3.036082386970520020e-01
1.089169502258300781e+00 -1.683783054351806641e+00 -2.801790237426757812e-01
1.077312231063842773e+00 -1.605669140815734863e+00 -3.280513882637023926e-01
1.092516660690307617e+00 -1.410048127174377441e+00 -4.570325016975402832e-01
1.017049551010131836e+00 -1.521442413330078125e+00 -3.511310815811157227e-01
1.073046207427978516e+00 -1.613105893135070801e+00 -3.254224658012390137e-01
1.055439472198486328e+00 -1.727102756500244141e+00 -2.461757659912109375e-01
1.034057140350341797e+00 -1.812244892120361328e+00 -2.014186978340148926e-01
9.234437346458435059e-01 -1.904046058654785156e+00 -7.838684320449829102e-02
8.227940201759338379e-01 -1.908915042877197266e+00 4.720920324325561523e-02
