-3.890144948409521852e+00 4.026043393462316530e-03 1.399795239021464521e+00
-3.917572287979938839e+00 -1.841342183579164904e-01 1.635413190286777230e+00
-3.946013088102431343e+00 -3.730890943317510255e-01 1.908336967347122881e+00
-3.973740084951308038e+00 -5.587220904275531641e-01 2.217792712779762532e+00
-3.999019907429168796e+00 -7.368238222982822494e-01 2.562261689118233043e+00
-4.020167439954780875e+00 -9.031844148685894691e-01 2.939516302087709754e+00
-4.035599399346796012e+00 -1.053686561653030873e+00 3.346679447642675775e+00
-4.043884874445715205e+00 -1.184398544056330493e+00 3.780304138049539464e+00
-4.043790311345659028e+00 -1.291666577102317248e+00 4.236468547088054315e+00
-4.034316399870125913e+00 -1.372205422209299863e+00 4.710879920104961371e+00
-4.014724732369452376e+00 -1.423185614890697837e+00 5.198980327322408890e+00
-3.984552967532066781e+00 -1.442315189984006318e+00 5.696048442948166368e+00
-3.943618257115149461e+00 -1.427913216020967990e+00 6.197293507526039136e+00
-3.892009545933096781e+00 -1.378971442806831371e+00 6.697939194522115613e+00
-3.830069896930639928e+00 -1.295199313542917618e+00 7.193296157210996356e+00
-3.758370344810976871e+00 -1.177047486181653779e+00 7.678823209013230233e+00
-3.677677140667051425e+00 -1.025706411735620716e+00 8.150178551726234843e+00
-3.588914593601714831e+00 -8.430789285174665748e-01 8.603263758330191635e+00
-3.493125826426714209e+00 -6.317281841092310390e-01 9.034263911280584480e+00
-3.391433571024651705e+00 -3.948038495714380480e-01 9.439687215236794771e+00
-3.285002763996214714e+00 -1.359506804220567966e-01 9.816406520347729980e+00
-3.175006234485311829e+00 1.407955996865010995e-01 1.016170377476648667e+01
-3.062594211381379328e+00 4.311193755329760235e-01 1.047331702111885754e+01
-2.948867887326787063e+00 7.305373706387329191e-01 1.074948849838253295e+01
-2.834857127988665848e+00 1.034507107769783829e+00 1.098901155155669507e+01
-2.721502625946847775e+00 1.338528155643994300e+00 1.119127318701309193e+01
-2.609643076818497498e+00 1.638234004037919744e+00 1.135628854666297904e+01
-2.500008038170368430e+00 1.929473094722664817e+00 1.148472386259804701e+01
-2.393217008854906958e+00 2.208377877325918170e+00 1.157790554454369847e+01
-2.289785010136871080e+00 2.471421211676222196e+00 1.163781411923847031e+01
-2.190134524875141153e+00 2.715460164818943145e+00 1.166706208233230946e+01
-2.094612991286753712e+00 2.937768100145603078e+00 1.166885443088341923e+01
-2.003514244442929915e+00 3.136056608947634050e+00 1.164693034869543098e+01
-1.917101634855298498e+00 3.308488833932321072e+00 1.160548494638135431e+01
-1.835630319771213381e+00 3.453684767381372644e+00 1.154907150543967376e+01
-1.759366507153431458e+00 3.570717649535835037e+00 1.148248689990993832e+01
-1.688602079879433226e+00 3.659099891706307783e+00 1.141064474175891164e+01
-1.623663724331669167e+00 3.718757823352780267e+00 1.133844168129268937e+01
-1.564916139379436855e+00 3.749996448053464437e+00 1.127062236483205560e+01
-1.512759083215052591e+00 3.753456949235343565e+00 1.121164829886795467e+01
-1.467618186996453744e+00 3.730070106975199806e+00 1.116557564171556471e+01
-1.429929842954382080e+00 3.681008252858569474e+00 1.113594692173329648e+01
-1.400120989592484433e+00 3.607637546512945104e+00 1.112570179023704497e+01
-1.378585032326263615e+00 3.511471690126343415e+00 1.113711163653304226e+01
-1.365655270003654387e+00 3.394127849234629402e+00 1.117174157097987219e+01
-1.361577029250537141e+00 3.257285492430402662e+00 1.123044082739652083e+01
-1.366479486563007217e+00 3.102649027181413111e+00 1.131335975266995320e+01
-1.380348270277839351e+00 2.931915326223793805e+00 1.141998931024620845e+01
-1.403000439376787423e+00 2.746747290243894746e+00 1.154921814963122983e+01
-1.434063849008776481e+00 2.548754424055821755e+00 1.169940264473981628e+01
-1.472962720049063590e+00 2.339481160011894101e+00 1.186844604621579791e+01
-1.518910488114294743e+00 2.120403399372122966e+00 1.205388328063179237e+01
-1.570910194115707981e+00 1.892933301377661248e+00 1.225296785967909763e+01
-1.627762106724547353e+00 1.658431645453404712e+00 1.246275723551250891e+01
-1.688077926839878451e+00 1.418226305762970485e+00 1.268019323528512921e+01
-1.750300761912357395e+00 1.173634781740677147e+00 1.290217521996246930e+01
-1.812730097339637858e+00 9.259884562909256323e-01 1.312562530264226446e+01
-1.873551199770338460e+00 6.766562185525047957e-01 1.334754688515961440e+01
-1.930868609676170022e+00 4.270651150532770446e-01 1.356507914775096602e+01
-1.982743465955656648e+00 1.787157848363348234e-01 1.377555020292774834e+01
-2.027234331169701420e+00 -6.680921308364148881e-02 1.397653026185367686e+01
-2.062441011397829538e+00 -3.078453319421413648e-01 1.416588407546191064e+01
-2.086550611236389408e+00 -5.426543308591588177e-01 1.434182011069622042e+01
-2.097884725609859391e+00 -7.694399429923279854e-01 1.450293287452302060e+01
-2.094946287061956625e+00 -9.863691962949437952e-01 1.464823434478454445e+01
-2.076464249005451901e+00 -1.191597465956816704e+00 1.477717040808099291e+01
-2.041434056316559165e+00 -1.383295426960138297e+00 1.488961862980164241e+01
-1.989151726308552526e+00 -1.559676164328224646e+00 1.498586473215600634e+01
-1.919239339179157122e+00 -1.719020954107224997e+00 1.506655672601952212e+01
-1.831659969962679879e+00 -1.859702997197818508e+00 1.513263736596128517e+01
-1.726720789182972782e+00 -1.980209373503257986e+00 1.518525711406102729e+01
-1.605064157432652516e+00 -2.079161696738600629e+00 1.522567101420524516e+01
-1.467647659292884654e+00 -2.155334930495709234e+00 1.525512393096502350e+01
-1.315714828500929690e+00 -2.207672493111895395e+00 1.527472965737846877e+01
-1.150758765922526905e+00 -2.235295484577142222e+00 1.528535049709302029e+01
-9.744810388694152836e-01 -2.237504918019057598e+00 1.528748486526364303e+01
-7.887482406640062838e-01 -2.213777416575164914e+00 1.528117070911937070e+01
-5.955484265073280881e-01 -2.163756056324765531e+00 1.526591165692749819e+01
-3.969493284486524387e-01 -2.087238575545736996e+00 1.524063076735033206e+01
-1.950597753542655521e-01 -1.984165085853007993e+00 1.520365401577584130e+01
8.004800715085269927e-03 -1.854606845461962639e+00 1.515272278477158530e+01
2.101523406947410355e-01 -1.698756838404615221e+00 1.508503212292280438e+01
4.093395175487113957e-01 -1.516922259580187449e+00 1.499728984372328178e+01
6.035927149693874894e-01 -1.309518826238149192e+00 1.488579098812378554e+01
7.910252916439021176e-01 -1.077066987223779915e+00 1.474650279426324495e+01
9.698522647572872524e-01 -8.201901811223745176e-01 1.457515670121541795e+01
1.138403892472823919e+00 -5.396151360039105338e-01 1.436734548309112824e+01
1.295139662016105531e+00 -2.361740316101893500e-01 1.411862499849936725e+01
1.438663776709076858e+00 8.919164893847783548e-02 1.382462106395159651e+01
1.567742447384416815e+00 4.354256521279095127e-01 1.348114244088621305e+01
1.681322357020143432e+00 8.013497912090410402e-01 1.308430083663825449e+01
1.778548869951842581e+00 1.185654743292151370e+00 1.263063828556261825e+01
1.858782151566963803e+00 1.586888382384012308e+00 1.211726127668183040e+01
1.921609429979315831e+00 2.003441812342063866e+00 1.154197948336699220e+01
1.966852036392187530e+00 2.433534472910400925e+00 1.090344528670829582e+01
1.994566429237699445e+00 2.875200855568063485e+00 1.020128908759270203e+01
2.005039044098496426e+00 3.326281779251807347e+00 9.436244995674268665e+00
1.998775447665858795e+00 3.784422555999609195e+00 8.610261599332497795e+00
1.976484769123760143e+00 4.247079062810245276e+00 7.726592482609722090e+00
1.939060550381248138e+00 4.711531509610663804e+00 6.789860570935084105e+00
1.887558957536598969e+00 5.174905086586362835e+00 5.806089714605838559e+00
1.823174975314168389e+00 5.634196621290920248e+00 4.782696903694053425e+00
1.747217095843743628e+00 6.086306656173458229e+00 3.728439289040975879e+00
1.661081187870603770e+00 6.528076853131368651e+00 2.653311555170620561e+00
1.566224472163981085e+00 6.956333030801552297e+00 1.568391276987889382e+00
1.464140574798630912e+00 7.367933972246810903e+00 4.856328723782329937e-01
1.356336395293566977e+00 7.759825265710357911e+00 -5.823856746286821817e-01
1.244311116493472591e+00 8.129096178923877147e+00 -1.622755636931060730e+00
1.129537263614093234e+00 8.473036399250865713e+00 -2.622559227783174407e+00
1.013443385339557690e+00 8.789188824785600929e+00 -3.569206992714433646e+00
8.973977536864385929e-01 9.075394763286631417e+00 -4.450775810110179087e+00
7.826926018062635437e-01 9.329828977299664317e+00 -5.256331549433858719e+00
6.705288898733721137e-01 9.551023797284704742e+00 -5.976221594359855338e+00
5.620021780156733149e-01 9.737883459776263351e+00 -6.602325695325827581e+00
4.580905536149337265e-01 9.889691260918969107e+00 -7.128257852699340091e+00
3.596456147836963879e-01 1.000611271538997826e+01 -7.549515743794956713e+00
2.673874257114985942e-01 1.008719768622894897e+01 -7.863576856717880759e+00
1.819042508130509495e-01 1.013338347244292414e+01 -8.069941957744203975e+00
1.036576200296432659e-01 1.014549930553823565e+01 -8.170127056451217840e+00
3.299270500224200237e-02 1.012477106174097585e+01 -8.167604998834562480e+00
-2.984685239752435035e-02 1.007282367408397405e+01 -8.067697734494453599e+00
-8.470136043181353269e-02 9.991678001845526680e+00 -7.877420793942177646e+00
-1.314770698648740077e-01 9.883739047776341380e+00 -7.605282947996160559e+00
-1.701303749384330544e-01 9.751773482199288523e+00 -7.261046180853513832e+00
-2.006567889358398527e-01 9.598875991323906121e+00 -6.855453327372823757e+00
-2.230867015238391926e-01 9.428425242067261181e+00 -6.399932456736331154e+00
-2.374888933331548158e-01 9.244030712007329953e+00 -5.906288176546717672e+00
-2.439814609938744938e-01 9.049471307588373037e+00 -5.386390482193407436e+00
-2.427484237251214538e-01 8.848626159492713583e+00 -4.851871609488796366e+00
-2.340590904492502455e-01 8.645397974448602696e+00 -4.313840829064137239e+00
-2.182865956191054613e-01 8.443630123476548732e+00 -3.782626546584049620e+00
-1.959221590839655414e-01 8.247019882583193962e+00 -3.267554219420726547e+00
-1.675825694118354137e-01 8.059031366524253670e+00 -2.776766976317278424e+00
-1.340096972659059471e-01 7.882812411716650480e+00 -2.317093466603455720e+00
-9.606197163413630891e-02 7.721119783142171400e+00 -1.893964938119851560e+00
-5.469847461135860650e-02 7.576256399888071869e+00 -1.511381309775817972e+00
-1.095679011707522375e-02 7.450022843396572725e+00 -1.171924134633588466e+00
3.407384279014357559e-02 7.343683721245407803e+00 -8.768126696267276587e-01
7.928224437277724135e-02 7.257948095754029438e+00 -6.259975655016005724e-01
1.235660821524500325e-01 7.192962364912962592e+00 -4.182849718646612924e-01
1.658622584212619822e-01 7.148313601458923472e+00 -2.514825923033583988e-01
2.051758097375916134e-01 7.123041330892945666e+00 -1.225591125087924921e-01
2.406065227128443007e-01 7.115656040963214579e+00 -2.780961436668348552e-02
2.713727008018198550e-01 7.124163309986370152e+00 3.697861923857588551e-02
2.968317579758535940e-01 7.146093167235338051e+00 7.636409216561278190e-02
3.164974988313537518e-01 7.178534861181492310e+00 9.509653637223951239e-02
3.300539338048835702e-01 7.218177472760871183e+00 9.797363107102130542e-02
3.373652776052549207e-01 7.261357173075579041e+00 8.971297873095816777e-02
3.384815709209014756e-01 7.304112866894410416e+00 7.484273980726781350e-02
3.336393501085398450e-01 7.342253098475731932e+00 5.761279408143313296e-02
3.232570210364016372e-01 7.371437268808694654e+00 4.192637387183983239e-02
3.079249195182488519e-01 7.387272734353860670e+00 3.129079363226820731e-02
2.883902536258119986e-01 7.385426775142093447e+00 2.878567716966305701e-02
2.655372168425579882e-01 7.361749920872483699e+00 3.704748536231682043e-02
2.403627278568060133e-01 7.312405510555760380e+00 5.826924889190633616e-02
2.139486062211965189e-01 7.233999725538122760e+00 9.421368081004817541e-02
1.874314039238506036e-01 7.123706265052844877e+00 1.462366502397698942e-01
1.619713130044472260e-01 6.979379778404211976e+00 2.153173727223757494e-01
1.387213908276155316e-01 6.799651975017281025e+00 3.020922339304861204e-01
1.187978776992553859e-01 6.584004424532253985e+00 4.068904471573588366e-01
1.032518738903875355e-01 6.332812880745968265e+00 5.297709080960940620e-01
9.304227679917181915e-02 6.047359535276219944e+00 6.705602190397623730e-01
8.900971447922230440e-02 5.729811729825520672e+00 8.288917301481214528e-01
9.185129274389999821e-02 5.383168109434477877e+00 1.004244527148124844e+00
1.020963552654166884e-01 5.011175593770552439e+00 1.195980000086192208e+00
1.200840647474249873e-01 4.618222369768006708e+00 1.403372828646482606e+00
1.459441536573816978e-01 4.209213083056806859e+00 1.625633523721925044e+00
1.795823712207197387e-01 3.789432619692168380e+00 1.861920910050866906e+00
2.206719729452902845e-01 3.364404587017701509e+00 2.111344563281965847e+00
2.686522878059630082e-01 2.939749962351576595e+00 2.372958819919431139e+00
3.227350764941824823e-01 2.521050335586895841e+00 2.645751226947714141e+00
3.819189829482209642e-01 2.113718753541761419e+00 2.928628814150788795e+00
4.450118348863939532e-01 1.722879696230145141e+00 3.220405280932514547e+00
5.106599956304908039e-01 1.353258657626119632e+00 3.519791373218179142e+00
5.773835761175420966e-01 1.009081527369688258e+00 3.825389554201545028e+00
6.436161476667766612e-01 6.939845205712699139e-01 4.135692511734985644e+00
7.077476055153594237e-01 4.109363639164238524e-01 4.449083422153654155e+00
7.681688631688143865e-01 1.621750149153678988e-01 4.763835118717530293e+00
8.233169213961478716e-01 -5.083917674484355470e-02 5.078106134082721823e+00
8.717185595545808852e-01 -2.274528853081090596e-01 5.389933677124391309e+00
9.120307097737558877e-01 -3.678314279852392676e-01 5.697225721684324284e+00
9.430757488829819568e-01 -4.729521163929584215e-01 5.997755381803631991e+00
9.638704339367062390e-01 -5.445783841588160978e-01 6.289160387189244972e+00
9.736477510322659734e-01 -5.852133895023912125e-01 6.568949447580672896e+00
9.718713480583082154e-01 -5.980321071804605149e-01 6.834516550162307524e+00
9.582425029176577791e-01 -5.867922293705930548e-01 7.083164115964260432e+00
9.326998971025748375e-01 -5.557262543887896422e-01 7.312136020085085342e+00
8.954129261182162125e-01 -5.094191404346731789e-01 7.518661154047683759e+00
8.467698118293938148e-01 -4.526770000375587855e-01 7.700007227411876265e+00
7.873621655559036592e-01 -3.903921771904974580e-01 7.853543066981389487e+00
7.179676721346558432e-01 -3.274089591604407712e-01 7.976806322434469187e+00
6.395321591159944807e-01 -2.683928702140288558e-01 8.067572812865419607e+00
5.531515896917891251e-01 -2.177057981989692914e-01 8.123923945983012374e+00
4.600537622385381664e-01 -1.792893800987049036e-01 8.144309340574192646e+00
3.615791176405973029e-01 -1.565595868575546112e-01 8.127602280759763431e+00
2.591602405674319209e-01 -1.523155928743484266e-01 8.073145545305997928e+00
1.543001014867202980e-01 -1.686656665691862456e-01 7.980784966688284854e+00
4.854935878986157277e-02 -2.069723809523288383e-01 7.850888598477033575e+00
-5.651695070454619552e-02 -2.678191714432981430e-01 7.684350663252884850e+00
-1.593229843152375591e-01 -3.509999926148770766e-01 7.482580843264845960e+00
-2.583154446563171169e-01 -4.555333393375782247e-01 7.247480547566895304e+00
-3.519861615735172533e-01 -5.797012246746354736e-01 6.981408642881130611e+00
-4.388934901818991596e-01 -7.211129881268442121e-01 6.687139833459324834e+00
-5.176823994946362362e-01 -8.767931589072505139e-01 6.367819229664213765e+00
-5.871035799685868639e-01 -1.043291951945659823e+00 6.026916431476686320e+00
-6.460324973498533518e-01 -1.216816021822063609e+00 5.668181600079594595e+00
-6.934897558643141613e-01 -1.393375614858754163e+00 5.295604737315207977e+00
-7.286639629306246313e-01 -1.568942453644863066e+00 4.913378228302972772e+00
-7.509373899896389926e-01 -1.739611117433052190e+00 4.525861958079227421e+00
-7.599134756959853298e-01 -1.901755826602758770e+00 4.137549937211049134e+00
-7.554442109790406867e-01 -2.052174561439177314e+00 3.753037154768545935e+00
-7.376550569079369790e-01 -2.188213318213709346e+00 3.376985176720488813e+00
-7.069652103857074765e-01 -2.307864891734034529e+00 3.014084718598012635e+00
-6.641013808849439704e-01 -2.409838460124579473e+00 2.669012998388720526e+00
-6.101034810390949525e-01 -2.493597893902919083e+00 2.346383361720822514e+00
-5.463208057464333800e-01 -2.559367929197770231e+00 2.050684971845748716e+00
-4.743976164048362976e-01 -2.608108350764092975e+00 1.786211503420229052e+00
-3.962476451310130154e-01 -2.641457351709044055e+00 1.556979432643803785e+00
-3.140177007889245475e-01 -2.661646333341690429e+00 1.366638250994354875e+00
-2.300410574451163259e-01 -2.671389628023810747e+00 1.218376657454287137e+00
-1.467816121072328117e-01 -2.673754074945630332e+00 1.114830434519788138e+00
-6.677008774053636020e-02 -2.672014970115121457e+00 1.057998848239450229e+00
7.466044842918293130e-03 -2.669506192752639784e+00 1.049176392876013608e+00
7.347679839070868357e-02 -2.669472764337896820e+00 1.088905164486521526e+00
1.289654895726093653e-01 -2.674933626439960577e+00 1.176950474693031046e+00
1.718631804739406688e-01 -2.688561412713328824e+00 1.312299665082996114e+00
2.003985070703834526e-01 -2.712584919208373968e+00 1.493182586097044462e+00
2.131596953747200984e-01 -2.748718979079198821e+00 1.717111972282735488e+00
2.091458653174296800e-01 -2.798125220584704920e+00 1.980942129968814136e+00
1.878050639635419905e-01 -2.861405363615672215e+00 2.280944155172912602e+00
1.490567872417927764e-01 -2.938626252363150115e+00 2.612895201586202365e+00
9.329725238468351833e-02 -3.029373032822479050e+00 2.972178483461232368e+00
2.138658322077665111e-02 -3.132824263845440882e+00 3.353890151045320511e+00
-6.538165892938124779e-02 -3.247840916176354398e+00 3.752949113592575436e+00
-1.653267613841216677e-01 -3.373060597571915675e+00 4.164206170078482927e+00
-2.764399261255393592e-01 -3.506988812779339604e+00 4.582549154972277883e+00
-3.964524284820896693e-01 -3.648080135864090856e+00 5.003001047719658700e+00
-5.229092345316707080e-01 -3.794803617649419536e+00 5.420808142131857466e+00
-6.532449623493381541e-01 -3.945688716509889282e+00 5.831515533496743231e+00
-7.848595572438185064e-01 -4.099350493814138297e+00 6.231027483958318847e+00
-9.151911748535526137e-01 -4.254495260128050127e+00 6.615650782747501957e+00
-1.041783643413289662e+00 -4.409909718435642390e+00 6.982120104243022318e+00
-1.162345900997081349e+00 -4.564437773670477760e+00 7.327605571917615634e+00
-1.274801242195197082e+00 -4.716949787555934748e+00 7.649704057696238735e+00
-1.377324970066009735e+00 -4.866309190480135882e+00 7.946416825355353986e+00
-1.468369872441788626e+00 -5.011340693705970573e+00 8.216116829553792300e+00
-1.546679728483786098e+00 -5.150802854466077996e+00 8.457509660146760311e+00
-1.611291863746761255e+00 -5.283366122946179466e+00 8.669593013553530625e+00
-1.661530551644254006e+00 -5.407596530632286402e+00 8.851620108814516996e+00
-1.696993575932421727e+00 -5.521945120536400964e+00 9.003071918070236990e+00
-1.717534396735390878e+00 -5.624743844031983464e+00 9.123641650198589303e+00
-1.723242176007974358e+00 -5.714209362006574366e+00 9.213233304963155845e+00
-1.714421476996228044e+00 -5.788456205001679677e+00 9.271974403433194567e+00
-1.691572799835987295e+00 -5.845519794989107787e+00 9.300240955761413630e+00
-1.655374490574239799e+00 -5.883388598771106537e+00 9.298690702534896602e+00
-1.606666248921008400e+00 -5.900044078625938937e+00 9.268299521865246859e+00
-1.546434435151610831e+00 -5.893507272959895182e+00 9.210396050846105354e+00
-1.475799351575047824e+00 -5.861891315981354822e+00 9.126690528075226183e+00
-1.396004460643474054e+00 -5.803459626461136445e+00 9.019294734886367237e+00
-1.308407164178337023e+00 -5.716689655431506090e+00 8.890730290383807244e+00
-1.214470475271298699e+00 -5.600341789116359159e+00 8.743922796149128374e+00
-1.115754768391206353e+00 -5.453532324123657737e+00 8.582180048566858233e+00
-1.013908809608298878e+00 -5.275808656901387117e+00 8.409153917727865135e+00
-9.106594327855827009e-01 -5.067223938532712246e+00 8.228787061345045117e+00
-8.077995045228977267e-01 -4.828407134687173752e+00 8.045246783146723146e+00
-7.071741206406201297e-01 -4.560622914744204337e+00 7.862848889294104637e+00
-6.106651519813987017e-01 -4.265815019336538505e+00 7.685974521276617288e+00
-5.201741807174674603e-01 -3.946627428009478855e+00 7.518982684597773414e+00
-4.376035534022225115e-01 -3.606399453352005846e+00 7.366120510285082190e+00
-3.648349338448982349e-01 -3.249132994416042308e+00 7.231432568950890705e+00
-3.037046848270040234e-01 -2.879432159225694399e+00 7.118670530361326243e+00
-2.559758330558058459e-01 -2.502417261912341040e+00 7.031205388113842325e+00
-2.233071237877380100e-01 -2.123616556304083858e+00 6.971945687024917682e+00
-2.072203056383553343e-01 -1.748839616853672396e+00 6.943265634304921718e+00
-2.090669697291609452e-01 -1.384036144982031757e+00 6.946946184011300929e+00
-2.299961455511864705e-01 -1.035143777320542524e+00 6.984130768468405748e+00
-2.709238084240496724e-01 -7.079286599093147503e-01 7.055296289979217761e+00
-3.325055252554472984e-01 -4.078230556334149215e-01 7.160239555079998652e+00
-4.151134019402767383e-01 -1.397647164621904081e-01 7.298079143535702862e+00
-5.188182990599494726e-01 9.195704886071298656e-02 7.467272598030357145e+00
-6.433782292904907107e-01 2.838437038469173168e-01 7.665648961740200384e+00
-7.882339004942484628e-01 4.333133559048791272e-01 7.890456886072591658e+00
-9.525120783122774659e-01 5.388053186238734860e-01 8.138428295212163377e+00
-1.135036634520103060e+00 5.998586587382195301e-01 8.405856886010665718e+00
-1.334346254917802455e+00 6.171606286234297967e-01 8.688689929133250445e+00
-1.548717337515866044e+00 5.925620648158335113e-01 8.982631006032914200e+00
-1.776190715480121307e+00 5.290583946711255869e-01 9.283250281349493704e+00
-2.014601237805445422e+00 4.307365287912020002e-01 9.586097836705491204e+00
-2.261609705043746033e+00 3.026893673982040123e-01 9.886815037981079968e+00
-2.514737102734689422e+00 1.509006721015631325e-01 1.018123927055633082e+01
-2.771401414396771123e+00 -1.789655535858870189e-02 1.046549846743980439e+01
-3.028957325067221262e+00 -1.963851229589742842e-01 1.073609291147529454e+01
-3.284738644880800251e+00 -3.768489332047644802e-01 1.098996212395399397e+01
-3.536102366855769841e+00 -5.513744317436580777e-01 1.122453450164444178e+01
-3.780472369630327734e+00 -7.120627744550046545e-01 1.143775770425381211e+01
-4.015380418713356825e+00 -8.512461110616462712e-01 1.162810902539907687e+01
-4.238502546295610962e+00 -9.617007701342106252e-01 1.179458637723533165e+01
-4.447689872696936497e+00 -1.036849828129189799e+00 1.193668125406485281e+01
-4.640993906217219411e+00 -1.070947436146779230e+00 1.205433522789010148e+01
-4.816686856256275462e+00 -1.059237725615634451e+00 1.214788188259528212e+01
-4.973277575637579773e+00 -9.980823304214186953e-01 1.221797695319008703e+01
-5.109523797825052505e+00 -8.850520548883332728e-01 1.226552049407422196e+01
-5.224441505179806988e+00 -7.189793137497457742e-01 1.229157564533499247e+01
-5.317312414286101685e+00 -4.999686336015433108e-01 1.229728872624126090e+01
-5.387690577092414834e+00 -2.293633204433185024e-01 1.228381499412975586e+01
-5.435408900139571564e+00 9.033203430008546198e-02 1.225225364996433619e+01
-5.460585833864645799e+00 4.555710148220173950e-01 1.220359471011172658e+01
-5.463631576981087257e+00 8.619214156442512875e-01 1.213867918651503786e+01
-5.445252274052109875e+00 1.304249323554887541e+00 1.205817251012719282e+01
-5.406450382954667511e+00 1.776920612404825350e+00 1.196254943174369600e+01
-5.348519751927516275e+00 2.274008713204374033e+00 1.185208731825936823e+01
-5.273034601581267466e+00 2.789498397806769781e+00 1.172686454381579679e+01
-5.181832213226790884e+00 3.317476781657502816e+00 1.158676185280980597e+01
-5.076989665717120737e+00 3.852304106408301898e+00 1.143146669526892723e+01
-4.960795538342846811e+00 4.388757895416519617e+00 1.126048262608834705e+01
-4.835718029154278064e+00 4.922145027306163989e+00 1.107314704880823619e+01
-4.704371181857676554e+00 5.448377573184433054e+00 1.086866051002644795e+01
-4.569480690248830079e+00 5.964010173713274021e+00 1.064612949056211377e+01
-4.433850117343651753e+00 6.466239237331837586e+00 1.040462264635998402e+01
-4.300327614555038203e+00 6.952866981593054163e+00 1.014323851464746085e+01
-4.171772709041708715e+00 7.422235812453650716e+00 9.861181531315461157e+00
-4.051022648364919654e+00 7.873140298337887089e+00 9.557842930251821301e+00
-3.940858053029486108e+00 8.304724951966418800e+00 9.232883262335480623e+00
-3.843967921056461456e+00 8.716376316550871195e+00 8.886313293834492200e+00
-3.762914125348075345e+00 9.107617480672141497e+00 8.518569607262309162e+00
-3.700095438689655403e+00 9.478012099393609446e+00 8.130580443232126697e+00
-3.657710933580402113e+00 9.827083490676134403e+00 7.723816619019613583e+00
-3.637722515964709302e+00 1.015425275409407213e+01 7.300322274870009842e+00
-3.641816564970214110e+00 1.045879836681069364e+01 6.862721122968476806e+00
-3.671365220979112109e+00 1.073983845985759622e+01 6.414195699704134057e+00
-3.727388653401015883e+00 1.099633592495034229e+01 5.958439236757873125e+00
-3.810520466081364965e+00 1.122712536039643894e+01 5.499581689425832032e+00
-3.920979061788549380e+00 1.143095934588505891e+01 5.042093212450700079e+00
-4.058548033184129267e+00 1.160656987123478956e+01 4.590669974623048155e+00
-4.222568343948843506e+00 1.175273967565204103e+01 4.150108248175285119e+00
-4.411944279816252923e+00 1.186837830210978773e+01 3.725172726591561734e+00
-4.625163964880683487e+00 1.195259853125190297e+01 3.320464065530677189e+00
-4.860333757899609530e+00 1.200478971462179167e+01 2.940289353974096187e+00
-5.115224395045639305e+00 1.202468494758393369e+01 2.588538241610539803e+00
-5.387325704686089622e+00 1.201241929319577473e+01 2.268566863055526461e+00
-5.673906206582688405e+00 1.196857676705566931e+01 1.983091453165579665e+00
-5.972073909308764250e+00 1.189422434552969143e+01 1.734093957847787193e+00
-6.278835132582771372e+00 1.179093136903273908e+01 1.522743120915523329e+00
-6.591149041266925579e+00 1.166077243246109774e+01 1.349335622735131857e+00
-6.905976508139825221e+00 1.150631209392799370e+01 1.213261713511152973e+00
-7.220322868002987171e+00 1.133057121956326441e+01 1.112998255296634653e+00
-7.531275149674205416e+00 1.113697700359203324e+01 1.046129974277746788e+00
-7.836035212648805981e+00 1.092930045492068203e+01 1.009397769877656392e+00
-8.131950392933298133e+00 1.071158577282377600e+01 9.987713934548074768e-01
-8.416542686118248184e+00 1.048807562772804047e+01 1.009542858700633206e+00
-8.687536626605854906e+00 1.026313522634859687e+01 1.036436756462868702e+00
-8.942885388387145085e+00 1.004117660514143395e+01 1.073734172169852785e+00
-9.180794356855576765e+00 9.826583438788128788e+00 1.115407735047716731e+00
-9.399741278086363394e+00 9.623636119588482529e+00 1.155265817572168618e+00
-9.598491933939527598e+00 9.436436828243291330e+00 1.187103612253834983e+00
-9.776110235239768187e+00 9.268834485618723917e+00 1.204857930391322052e+00
-9.931961783087642104e+00 9.124349721484415809e+00 1.202761719533320672e+00
-1.006571022835191620e+01 9.006100218983503325e+00 1.175493970334829497e+00
-1.017730607671723320e+01 8.916726829759120676e+00 1.118320963470834872e+00
-1.026696799978783226e+01 8.858320756801482787e+00 1.027225488349957194e+00
-1.033515723192652302e+01 8.832352196578012737e+00 8.990214504973081944e-01
-1.038254615857160879e+01 8.839601346463096476e+00 7.314519570560062967e-01
-1.040998267302116176e+01 8.880093521591192030e+00 5.232694365538483883e-01
-1.041845221762154239e+01 8.953040984781940992e+00 2.742964556845359780e-01
-1.040903942671755011e+01 9.056794656806157917e+00 -1.453464325150343427e-02
-1.038289086548562068e+01 9.188809004298041927e+00 -3.411662697423124002e-01
-1.034117981305992373e+01 9.345623223233690879e+00 -7.024280687466731843e-01
-1.028507379066886074e+01 9.522861550585009383e+00 -1.094080652077505045e+00
-1.021570566077019926e+01 9.715255275018249037e+00 -1.510891982562422964e+00
-1.013414937582846775e+01 9.916688896419831423e+00 -1.946745317445641943e+00
-1.004140159666686571e+01 1.012027287249016716e+01 -2.394775307101103312e+00
-9.938370307053725483e+00 1.031844502411776432e+01 -2.847527152644000470e+00
-9.825871176055345657e+00 1.050310143288564824e+01 -3.297132780637411553e+00
-9.704631801095088051e+00 1.066575576569347739e+01 -3.735497750898635783e+00
-9.575303186783559184e+00 1.079772411768259310e+01 -4.154492974839147479e+00
-9.438476970503087315e+00 1.089033094645082933e+01 -4.546146152418141462e+00
-9.294706221866288587e+00 1.093513032033649246e+01 -4.902828789850403268e+00
-9.144527511818164811e+00 1.092413562356061618e+01 -5.217435111122416203e+00
-8.988482572857369846e+00 1.085005034229915211e+01 -5.483548682547778164e+00
-8.827138915932527752e+00 1.070649259975773404e+01 -5.695591483069605054e+00
-8.661109581378907407e+00 1.048820642041919982e+01 -5.848949438297371017e+00
-8.491072403062259966e+00 1.019125290718350563e+01 -5.940068807020888464e+00
-8.317788830313940451e+00 9.813174382189551181e+00 -5.966519322753252474e+00
-8.142121707532421482e+00 9.353124237598304802e+00 -5.927022361218825530e+00
-7.965050653320454366e+00 8.811955197968575959e+00 -5.821445144263280191e+00
-7.787683063983472209e+00 8.192259240564547795e+00 -5.650764316177744995e+00
-7.611258603624516006e+00 7.498353718435824433e+00 -5.417003411011289238e+00
-7.437145518792667609e+00 6.736210332299746639e+00 -5.123148719273427076e+00
-7.266828090178272248e+00 5.913326285072161070e+00 -4.773047544511431539e+00
-7.101885533035198428e+00 5.038539897666858280e+00 -4.371292658689311494e+00
-6.943963166322248526e+00 4.121796175427329345e+00 -3.923097248501897116e+00
-6.794736574977568111e+00 3.173871355963401975e+00 -3.434165315107337690e+00
-6.655869194166390557e+00 2.206068722735571974e+00 -2.910562494513822873e+00
-6.528963754975943168e+00 1.229899978704732444e+00 -2.358591314594719712e+00
-6.415508515986848792e+00 2.567669532961403545e-01 -1.784673651424522944e+00
-6.316820005036715813e+00 -7.023422351716835932e-01 -1.195242400544336503e+00
-6.233984860224619062e+00 -1.637129819844403755e+00 -5.966442018184373586e-01
-6.167804054769606026e+00 -2.538227053382366538e+00 4.945073265561787321e-03
-6.118743119415546161e+00 -3.397386645244577341e+00 6.035908886333991585e-01
-6.086891864569639488e+00 -4.207623697564516263e+00 1.193656530711677322e+00
-6.071936663088614239e+00 -4.963303104271471256e+00 1.769846746809707216e+00
-6.073147708350534302e+00 -5.660174462745530377e+00 2.327240866555590593e+00
-6.089382756110047978e+00 -6.295358075737864212e+00 2.861318050464725093e+00
-6.119107662578966433e+00 -6.867287470859898768e+00 3.367976987150269164e+00
-6.160432839955484852e+00 -7.375615216228371018e+00 3.843552028354987105e+00
-6.211163972471824835e+00 -7.821089787143686856e+00 4.284827754598529381e+00
-6.268865033387411856e+00 -8.205411678428468747e+00 4.689054094554080621e+00
-6.330931490933976669e+00 -8.531076643907649526e+00 5.053963883819735159e+00
-6.394671234975454865e+00 -8.801212909271125540e+00 5.377793771572795478e+00
-6.457390117557202380e+00 -9.019417695556287029e+00 5.659307713707153908e+00
-6.516478298024919624e+00 -9.189596733755054814e+00 5.897820377212680931e+00
-6.569493125701566960e+00 -9.315809102624916349e+00 6.093216207998666256e+00
-6.614234263548691040e+00 -9.402119167913035369e+00 6.245959106650033732e+00
-6.648807164284595395e+00 -9.452457728255669878e+00 6.357087715656851934e+00
-6.671671748110472144e+00 -9.470495294815078680e+00 6.428192199664203521e+00
-6.681674074577391487e+00 -9.459531321206689825e+00 6.461370153639851566e+00
-6.678059929192316169e+00 -9.422403819430577698e+00 6.459161814425343984e+00
-6.660470551597393651e+00 -9.361423723079971282e+00 6.424467384354000998e+00
-6.628922000218882005e+00 -9.278337278475099481e+00 6.360450971748580429e+00
-6.583770561392434217e+00 -9.174317813960215062e+00 6.270435957766861357e+00
-6.525667085836058590e+00 -9.049986034864081930e+00 6.157796062122928404e+00
-6.455503332535087679e+00 -8.905456162797801056e+00 6.025845978500407263e+00
-6.374353488077744601e+00 -8.740404190814698993e+00 5.877735670199970563e+00
-6.283414083586941423e+00 -8.554154269142570044e+00 5.716352963771326401e+00
-6.183945548552745031e+00 -8.345779374005637408e+00 5.544239385407232490e+00
-6.077218551437579386e+00 -8.114212390075291381e+00 5.363523982339712504e+00
-5.964467970269052621e+00 -7.858363291653466476e+00 5.175879163431159391e+00
-5.846856728592917385e+00 -7.577237476976278252e+00 4.982501323106053093e+00
-5.725450849366240824e+00 -7.270049860455921831e+00 4.784117105687489158e+00
-5.601206031130960383e+00 -6.936329058888745180e+00 4.581013773011128443e+00
-5.474964939366415706e+00 -6.576005744340625903e+00 4.373089646733677505e+00
-5.347463392427170170e+00 -6.189479280233693537e+00 4.159918668702289324e+00
-5.219342968145719297e+00 -5.777657812776905821e+00 3.940822538981030743e+00
-5.091167391547557486e+00 -5.341969259069298204e+00 3.714944809836101314e+00
-4.963440240849941176e+00 -4.884343457771223029e+00 3.481322909188639070e+00
-4.836621842773580759e+00 -4.407168247419126494e+00 3.238955366889951559e+00
-4.711143677686723485e+00 -3.913223851215571258e+00 2.986862277322035908e+00
-4.587419169900676330e+00 -3.405600493074570245e+00 2.724137517233938599e+00
-4.465850294497281325e+00 -2.887603925011823058e+00 2.449991616012188178e+00
-4.346829831553693069e+00 -2.362653189764354789e+00 2.163784496049024675e+00
-4.230739220716785098e+00 -1.834175022382203535e+00 1.865047743406000214e+00
-4.117941785167896995e+00 -1.305499765999367456e+00 1.553496773202595715e+00
-4.008770729436778701e+00 -7.797640459275252400e-01 1.229034022151497485e+00
-3.903511072683795824e+00 -2.598251873058592398e-01 8.917447804744823570e-01
-3.802374920813491599e+00 2.518087279942389234e-01 5.418873575612076499e-01
-3.705470433160141575e+00 7.530307657065263838e-01 1.798792013515016219e-01
-3.612766381408749616e+00 1.242167605529274965e+00 -1.937192395101447473e-01
