-1.177215668327622700e+00 5.374602288504657377e-01 -3.565726569918013789e-02
-9.914937101325951296e-01 4.716044996169951875e-01 -2.490634463503660356e-02
-9.029636399004405956e-01 4.301282334259947104e-01 -4.172345097934954117e-02
-1.478823991917636249e+00 7.525471087517880964e-01 -1.161854314686190659e-02
-1.415130864054575888e+00 6.699502859982024994e-01 -1.484603101884333920e-02
-1.789672313341993837e+00 6.778039385237837333e-01 1.474196009199824076e-01
-1.565925067502031753e+00 6.806065804463508062e-01 8.699819981656084500e-02
-1.460334456226472621e+00 7.042789360114778408e-01 4.942508919251628607e-02
-1.429346558207496010e+00 6.566336089284726674e-01 5.568267118703981722e-02
-1.368247081349956762e+00 6.858976100651829055e-01 5.565317334638129887e-03
-1.400361701321215513e+00 6.701377285462342126e-01 1.290894541820017394e-02
-1.373083048172377252e+00 5.935144543610505474e-01 5.478352168545265466e-02
-1.403921776910543429e+00 5.091201914650422822e-01 4.699268497153578916e-02
-1.360599804591713813e+00 5.260288201081549930e-01 4.708137364804790975e-02
-1.226562729840345201e+00 5.077723424947313546e-01 2.655559482785271180e-02
-1.210171119143040652e+00 6.025067499572308583e-01 5.743691525658596586e-02
-1.178513369217568663e+00 5.735287847941022976e-01 1.044608546299268248e-01
-1.144949837716637386e+00 5.296826032336068302e-01 1.165473733896312536e-01
-1.095363349918355045e+00 5.295916473557545912e-01 1.120087997732090446e-01
-1.266013047985214524e+00 6.671507984280734549e-01 1.165478850304867003e-01
-1.208713822246793690e+00 6.605875159584179146e-01 4.137859781966679584e-02
-1.140892994669107097e+00 6.885798143476421496e-01 1.963710830808738927e-02
-1.272256285225589423e+00 5.624605655951923078e-01 2.664842913851796571e-02
-1.233727321745095029e+00 4.053884384557674414e-01 -7.503263152579979500e-03
-1.432060088854834046e+00 6.986803129311327520e-01 -6.778902492389445034e-02
-1.368565070726950550e+00 4.218270271778709057e-01 -6.157869917176450603e-02
-1.318558370637413102e+00 3.219142334887805657e-01 -5.702777213586459476e-02
-1.515403011199657035e+00 5.261208904912282325e-01 -2.958171181889584361e-02
-1.691995579702032515e+00 6.393901750482609003e-01 -2.936217309102079343e-02
-2.048286654010775365e+00 6.960086725876366565e-01 1.601233904419343060e-02
-2.130902896932406865e+00 6.273040001407977906e-01 5.518693021158468937e-02
-2.640472326429673444e+00 9.254700404944573577e-01 8.800474007620764927e-02
-2.360669223996527233e+00 9.113910283296433601e-01 2.662865302500509734e-02
-2.199345696643345782e+00 9.168212789450478351e-01 -4.355878294814512219e-02
-2.041000153096581560e+00 8.212117868314553482e-01 -6.484723090683885971e-02
-1.892259895447745865e+00 8.085105627026548669e-01 -9.503603429223972388e-02
-2.223601053879320943e+00 9.708315059593926044e-01 -7.947161322748670653e-02
-1.903534610090773960e+00 8.900146161675310807e-01 -1.584227208900346184e-01
-1.935521779544178589e+00 8.213979439551022388e-01 -1.354120864302586214e-01
-2.205539073748426837e+00 9.591215658381988529e-01 -1.457523123571664858e-01
-2.218004454212970433e+00 9.686091082736650870e-01 -1.017809811216463661e-01
-2.258111050974270118e+00 9.396328899520932643e-01 -1.034503395263578207e-01
-2.130774246936554484e+00 8.707678790431888638e-01 -8.802212684448071367e-02
-2.081051687381879400e+00 6.357811623384799216e-01 -1.376743774501906076e-02
-2.014234719392714368e+00 5.629723458059817665e-01 1.160342491903547726e-02
-1.738553641581448428e+00 5.610381279472944627e-01 -2.181491113551591032e-02
-1.855548838600002970e+00 7.924691550981837196e-01 -8.075067337282759716e-02
-1.762020706688964822e+00 7.713398678713050405e-01 -1.146574417985069538e-01
-1.557191363270905349e+00 6.084894444432517036e-01 -1.382038015831556776e-01
-1.369170105443824781e+00 6.682662014001751194e-01 -2.183308348214962336e-01
-1.249109977936943672e+00 1.056312686562813630e+00 -4.025259895081141903e-01
-8.840863398519864802e-01 6.859813533566662125e-01 -4.218930571670662655e-01
-7.908858650271954893e-01 6.111359581662187956e-01 -4.471725249878774067e-01
-8.116223883694695385e-01 6.043762542699745444e-01 -4.660566335625037082e-01
-8.340728253932768732e-01 5.973991228722184132e-01 -4.497278778218392059e-01
-1.081654572392891644e+00 5.432602105327275499e-01 -4.429705833877533028e-01
-9.087417412666984884e-01 3.240119882181928812e-01 -4.332992714120911804e-01
-8.365345685557338262e-01 4.640391403127954728e-01 -4.428445665726176150e-01
-9.217715259061413091e-01 4.429952597786576685e-01 -4.099924162012330564e-01
-6.736928656078711164e-01 3.377934113496016133e-01 -4.441617135024666929e-01
-6.720558364836668463e-01 2.647319887234407254e-01 -4.586334286133274540e-01
-6.548969266940699585e-01 1.697326637865210486e-01 -3.894007400282687992e-01
-5.938287677263941466e-01 1.772076523756390132e-01 -4.447118523883099028e-01
-1.434298972185605592e-01 2.075751465727591616e-01 -5.441150354199029149e-01
-8.290599922865933558e-02 -3.820427151330421656e-02 -4.963531692379902771e-01
-3.458783724405211646e-01 1.431934423825579616e-01 -4.984928475246438451e-01
-3.238159933288576875e-01 1.436897270547969341e-01 -4.583446046906048954e-01
-5.235842331243216741e-01 2.427945234181285439e-01 -4.501361097765531616e-01
-5.160729289574820244e-01 7.421008806733242480e-02 -4.057405700601196541e-01
-7.489593182011523576e-01 1.427080360584814245e-01 -4.435489144114130866e-01
-7.329434916616514029e-01 5.914047045789710966e-02 -4.270346511754915531e-01
-6.594219451585265901e-01 -8.104705732679148844e-02 -4.162469297636057775e-01
-6.495760107984748233e-01 -3.639284976362321400e-01 -3.668300016862298674e-01
-6.173723383143469023e-01 -2.644046692163606327e-01 -3.404321074569440220e-01
-6.238106367126261542e-01 -5.701676512389742824e-01 -2.795837868237255885e-01
-4.533369385350701775e-01 -4.741713442785152610e-01 -2.889964133094049537e-01
-5.357899433987495241e-01 -5.681112043739050543e-01 -2.724492505441296064e-01
-4.340587421295782344e-01 -6.189876117900557917e-01 -3.085684735250956434e-01
-3.950978100955103711e-01 -6.780277221316608482e-01 -3.535155572507966970e-01
-3.269840976396554688e-01 -6.277429588483280920e-01 -3.645371212320590582e-01
-4.387975284912169482e-01 -3.328637139694465841e-01 -3.638547094138656068e-01
-3.793079667567368363e-01 -5.304616011935616715e-01 -3.946412099254293926e-01
-3.930464330684474428e-01 -4.612010803434079542e-01 -3.967422119046726259e-01
-4.845177443974399978e-01 -4.837215481637221481e-01 -3.926645317504976473e-01
-4.547941687750303719e-01 -6.486513011711623200e-01 -4.197994559873403086e-01
-3.287369988224837503e-01 -5.938047092467777510e-01 -4.474915313437510811e-01
-4.695571809695088250e-01 -5.266396943285672760e-01 -3.985596415832321493e-01
-5.119455042309342119e-01 -5.288472500840993851e-01 -3.232168688502978782e-01
-7.470935556569219260e-01 -5.664305228620061250e-01 -3.208305243903795123e-01
-5.198935853697939091e-01 -8.274774219149646504e-01 -3.665406850442052278e-01
-5.455615413360689336e-01 -8.138964325810340572e-01 -4.015905856239970761e-01
-5.866773326648241360e-01 -8.193746356381029772e-01 -3.402069875008735256e-01
-4.131055146934999867e-01 -8.600780172771891330e-01 -3.548543827605591949e-01
-4.991104492251179359e-01 -9.279493667633149645e-01 -2.772066979637468620e-01
-4.264117034101586046e-01 -8.343864317689639876e-01 -2.699787294774950164e-01
-4.944684380008836921e-01 -6.422281985170017471e-01 -2.450259188526152654e-01
-2.834128725339564725e-01 -8.614344091504536616e-01 -3.203706148468320469e-01
-2.505991662523685548e-01 -9.201444642127047935e-01 -3.324245917225401303e-01
-1.301065839756284093e-01 -1.451538016058725677e+00 -3.923735596998667585e-01
-2.033796616720914274e-01 -1.389555852199567898e+00 -3.183645100908093495e-01
-2.743146665987079569e-01 -1.351183822657773481e+00 -3.022562073015722106e-01
-2.128495892231158093e-01 -1.326885578218859107e+00 -2.994948053323674420e-01
-2.547528976639051868e-01 -1.111137402815570052e+00 -2.301059633790670522e-01
-2.420002698601215196e-01 -9.539057267376516158e-01 -2.741131045449570203e-01
-2.957451975016771595e-01 -1.086456984800420855e+00 -2.564125138453420272e-01
-3.712495910349840611e-01 -9.452473729894911303e-01 -2.271027788902833799e-01
-3.493882646049688567e-01 -1.156346637725759630e+00 -2.477403969192163991e-01
-3.703766124912241109e-01 -1.185934065927825909e+00 -2.215320881581528123e-01
-3.593248725044700942e-01 -1.107627807570506162e+00 -2.276804566432225063e-01
-4.089592013225665790e-01 -1.035449143483967216e+00 -1.851501722813458373e-01
-4.883787373482646466e-01 -6.732614086838828449e-01 -1.768059734682629613e-01
-6.478186123168220290e-01 -8.697503148038572274e-01 -1.229443115025302263e-01
-6.906255979562602176e-01 -9.767106749481995198e-01 -7.468282368284123729e-02
-6.282037761344858584e-01 -1.074646811592743001e+00 -8.166181028179581025e-02
-6.896723853315329666e-01 -9.763674602404498470e-01 -1.097827984512583094e-02
-6.319087586361344933e-01 -1.214394376398345798e+00 2.192706567473615142e-02
-6.312083906526562149e-01 -1.206022116921789067e+00 6.949482107597812486e-02
-6.409496443233002605e-01 -1.086680171602305567e+00 7.120923715756435901e-02
-6.686526074034779832e-01 -9.924125500874753092e-01 9.916908326467019363e-02
-7.193708993820794317e-01 -1.110880705005789615e+00 1.308567553388696181e-01
-8.407909216368798511e-01 -1.168949349019673178e+00 1.620187546906428633e-01
-9.201653921101384803e-01 -1.174748367629729451e+00 1.506192643898178751e-01
-1.027450931147450897e+00 -1.361762082796897921e+00 2.107250797154113509e-01
-1.123885907038945309e+00 -1.408995387047141445e+00 2.782890274358013061e-01
-1.132414768054457399e+00 -1.273601260151728365e+00 2.745470968862434025e-01
-1.366645134394766758e+00 -1.268967944170743767e+00 3.314469957884528806e-01
-1.802048934633820210e+00 -1.147476610599368119e+00 4.275180155770034740e-01
-1.947863863783962923e+00 -1.123099708435593369e+00 4.675880929808813313e-01
-1.981899658547144893e+00 -1.312082852739421046e+00 4.933803084163108088e-01
-1.947601589503277664e+00 -1.243093365934790473e+00 4.867640135964256820e-01
-1.704903916868363734e+00 -1.302251256767167131e+00 4.427192002799141823e-01
-1.456631097866133651e+00 -9.363391529882427733e-01 3.389636946262291617e-01
-1.573498598717823826e+00 -9.030733206028023208e-01 3.642923638858330260e-01
-1.608899155902245415e+00 -8.280820142621388991e-01 3.877643319905816344e-01
-1.518298658346048047e+00 -8.005775941267804230e-01 3.073340117801273697e-01
-1.285687494579561996e+00 -7.605298654305554518e-01 2.745846976515432525e-01
-1.203402634041966346e+00 -7.328823012112580804e-01 2.449348507573019529e-01
-1.393485967528626635e+00 -7.654667474014535955e-01 2.959913071923084837e-01
-1.108724378212115447e+00 -7.142381225103937581e-01 2.509894013000917301e-01
-1.194396900293948516e+00 -7.416745681149812253e-01 2.592074223631257168e-01
-1.232231641536813527e+00 -8.379220279114057979e-01 2.945040160060873324e-01
-1.112165681477800483e+00 -8.292009847818839763e-01 2.970829061701626972e-01
-1.151940301215733653e+00 -4.747292272574071825e-01 2.354218684942759321e-01
-1.235920108939749573e+00 -5.211496491852383173e-01 2.798163416274487281e-01
-1.443665381656850766e+00 -6.700340747508595207e-01 3.354897352215272521e-01
-1.384284921395283474e+00 -5.967616978877270384e-01 3.313698451841596282e-01
-1.015455027314504655e+00 -2.959331427243077073e-01 1.789663832488001260e-01
-1.327884401611401533e+00 -1.826995977653873837e-01 2.584229580491507194e-01
-1.079050802212209170e+00 -1.441043871097748563e-01 2.145072842306033623e-01
-9.203448657383125342e-01 3.188216965909830558e-02 1.439002143345669560e-01
-8.622792205312632685e-01 -5.203271961386334021e-03 1.480106215375931733e-01
-6.861734575782070245e-01 -1.567123054329100373e-01 1.446209056499663803e-01
-6.168745553575056828e-01 -7.490747161484828665e-02 6.914178186966951634e-02
-8.725616891082247362e-01 2.204574503523672180e-01 -2.063717239367809930e-02
-1.121937225989707132e+00 2.404910405328799794e-01 1.225631855054352543e-01
-1.070029682051435005e+00 3.141596304178025378e-01 8.829472200690910433e-02
-1.068733464500367880e+00 2.849909781042674339e-01 1.110926854770063754e-01
-9.882914121271677566e-01 3.227026093103485538e-01 8.563866728876939893e-02
-9.888085495236489386e-01 5.260458120632093282e-01 2.723303292707281859e-02
-1.042705488225021071e+00 5.782580279108852084e-01 3.344865835974211027e-02
-9.454824049660108809e-01 4.419559973408150877e-01 4.614055896608226792e-02
-1.200508378360542805e+00 5.748327965651064408e-01 5.592000933917665173e-02
-1.084935253664389254e+00 4.618659321509695492e-01 6.386189871322575651e-02
-1.023400900834224414e+00 3.478285830926788336e-01 5.490066709846384840e-02
-1.146632147339387453e+00 4.110423640205833618e-01 8.196054524186091594e-02
-1.107867187927040309e+00 3.557484218977470247e-01 6.109921095923701029e-02
-1.234498398670340613e+00 2.866284012299518125e-01 3.512092987559937984e-02
-9.745547528428304407e-01 2.061049394413438929e-01 -5.041894233086520460e-03
-6.506666486154417672e-01 -1.164093521821317756e-01 1.791155171813629474e-02
-7.877894574574795250e-01 -1.365854797921350894e-01 5.978742455063321137e-02
-8.484533733306048875e-01 2.775268185229551321e-03 4.305492680682556500e-02
-8.252062353649658455e-01 -2.563877132448211249e-02 4.130632925828769952e-02
-1.052040864462930436e+00 1.343077120376023892e-01 4.418224163762120987e-02
-1.489801981839181888e+00 4.092136010252774847e-01 1.772024454522866388e-01
-1.163208733547953067e+00 1.271730557078216695e-01 1.078181310398407394e-01
-1.546401195191096312e+00 1.884108328879508520e-01 1.600277270357180759e-01
-1.769445786808681920e+00 2.093539667158107465e-01 1.869427285389030635e-01
-1.853187996032727547e+00 2.175871441889641322e-01 1.926805494869180124e-01
-1.802808973117226543e+00 1.446240814154844401e-01 2.038356971664381789e-01
-1.630785992291552411e+00 1.102808060214789942e-01 1.775297827852174160e-01
-1.503971353552679746e+00 5.198728327196198984e-02 1.626900615930288452e-01
-1.568052685293751303e+00 7.532285120400217249e-02 1.701861210110413580e-01
-1.603068628179043831e+00 5.536704802617492538e-02 1.729070575213901007e-01
-1.662151447430927353e+00 5.189426611665959310e-02 1.909221178789654860e-01
-1.491721744892299029e+00 -3.082197008672057925e-03 1.707431539989888447e-01
-1.753723863988999376e+00 1.469355714850577588e-01 1.809668047340577401e-01
-1.601902731024533955e+00 1.745051164753521622e-01 1.617706110154388810e-01
-1.411749221645685948e+00 2.195155674235916288e-01 1.191988187400473131e-01
-1.779878222201243032e+00 4.244323786184346914e-01 1.521379481295296043e-01
-1.543967754923751601e+00 3.764917956446379721e-01 1.132536933334561263e-01
-1.708553266877146815e+00 3.942985786895247813e-01 1.725621987596544782e-01
-1.754326301220771267e+00 3.756972910941127619e-01 1.764662708854701778e-01
-1.827164535768922349e+00 3.724110110428451303e-01 1.552824038436847465e-01
-1.641869928989751592e+00 3.247788214387647976e-01 1.264028251315846563e-01
-1.664827657939837557e+00 3.161287261569895035e-01 1.452859400466128548e-01
-1.354758386341048837e+00 2.991693226257724492e-01 7.570023021257640816e-02
-1.190598919803735001e+00 3.032433116831264597e-01 -8.752367666227237053e-03
-1.064265972154200268e+00 2.107020921934081581e-01 -2.538130035433645501e-02
-1.300763007507727886e+00 3.560713836928283138e-01 5.665932586541338328e-03
-1.311267857745187504e+00 3.397435639033222765e-01 1.161361204424506827e-02
-1.445612402157453902e+00 4.490825950842786130e-01 1.577483042239374855e-02
-1.363586979000332100e+00 3.390279870965322018e-01 -3.723017362433261174e-02
-1.291251124215256674e+00 3.593278496171536940e-01 -5.162461750332210386e-02
-1.514907453265824877e+00 4.075413239197623327e-01 -3.419897913539346468e-02
-1.604404525028499062e+00 3.843444660815561464e-01 1.897576604874225137e-02
-1.740816077280569862e+00 3.730911298478468141e-01 3.912165663233457824e-02
-1.700997042792474989e+00 3.878786575059870456e-01 3.643485863801720209e-02
-1.689575514428425684e+00 4.935860775744286277e-01 -2.602258192720424690e-02
-1.690042400412162138e+00 5.360053107761487690e-01 -2.129387837393159622e-02
-1.613289473032953669e+00 4.326483483205316172e-01 -5.093230099965075086e-02
-1.309511024913810218e+00 2.023182363185037913e-01 -7.128021843571763494e-02
-1.241793564103933045e+00 2.139473911798093209e-01 -8.518957958232135919e-02
-9.755787438140579582e-01 1.119274235549121838e-01 -4.464158741679900844e-02
-1.041379048784740746e+00 1.010835730468837013e-01 -8.251568318861718376e-02
-1.033680674395031751e+00 2.293885960071876950e-01 -9.875932298653872232e-02
-1.015240475084359772e+00 3.138878480093758583e-01 -1.161837732753890906e-01
-8.110182206317417819e-01 1.942527889735992663e-01 -6.866329055299569273e-02
-9.675732764746466374e-01 1.786021115243319746e-01 -1.057192890558028564e-03
-1.016716645784319306e+00 4.372876429678045906e-01 -5.088872152552123551e-02
-1.025686825621253462e+00 3.916777178888977695e-01 -6.336251350174983143e-02
-1.012416153889974524e+00 1.925758451615300904e-01 -7.070806894503309237e-02
-1.478975696521924288e+00 6.921519227323043033e-01 -8.458663540447955431e-02
-1.508535671103810483e+00 7.113443030184085636e-01 -6.748131688541364470e-02
-1.112638239219240877e+00 6.294847174038249449e-01 -1.407213349305178052e-01
-1.034841977858425466e+00 5.387095119927465259e-01 -1.908727532680740135e-01
-9.533879719178325329e-01 6.030905816821581222e-01 -2.366819073530383455e-01
-8.203114138541196532e-01 5.827439320249734322e-01 -3.064891418766929054e-01
-7.224219734386939651e-01 4.720323988164820683e-01 -3.419625573138315167e-01
-6.012514735768984542e-01 4.147020318198270106e-01 -3.779335094638283099e-01
-5.566397572722897591e-01 4.287118467701819258e-01 -4.040287830080500076e-01
-4.192539877964024941e-01 5.691325083526279638e-01 -5.027719366936582723e-01
-4.452112727080857479e-01 5.198867208524826644e-01 -4.922705893767140850e-01
-4.454537996511909181e-01 3.410167586142859308e-01 -5.160598657425515823e-01
-3.055848440662241039e-01 5.621473958978456809e-01 -6.058542353476220610e-01
-5.171330655395078857e-01 2.914182387404136154e-01 -5.143889956506303429e-01
-5.566024573237726703e-01 1.044026642153994822e-01 -4.197201244214848193e-01
-5.409926209429261057e-01 4.152029177568511420e-02 -3.759156418287674661e-01
-4.862009583640162225e-01 1.584538067226814728e-01 -4.664444828524341169e-01
-5.012885359390690798e-01 1.532263574559837860e-01 -4.612040458374452867e-01
-6.317408804890825014e-01 1.561409019179824109e-01 -4.493239391241335423e-01
-4.151918964218507813e-01 2.576610124465127383e-01 -4.775545171674644429e-01
-1.830849984077654313e-01 3.501560173510346319e-01 -5.358841555937060575e-01
-6.067781848031271463e-02 2.509315956477028431e-01 -5.895383592941766393e-01
-2.849247779877742692e-01 2.237823569174406113e-01 -5.242628087850323970e-01
-3.153329798738395695e-01 1.328593813767097731e-01 -4.777506314152795142e-01
-2.262866841449585054e-01 8.407658032759832145e-02 -4.589159934065706881e-01
-2.601235761622219811e-01 2.986168180559431451e-02 -4.665277380829322418e-01
-5.486458245183835070e-01 1.768655884321204130e-01 -4.412342219967775869e-01
-5.496596697531251907e-01 1.892785268654542941e-01 -4.474076101728957644e-01
-4.882207997867187288e-01 -8.363618833168544320e-02 -3.717786050089781913e-01
-5.358822499286706176e-01 -6.232135083603601577e-02 -3.012178366629122417e-01
-4.569642377133907307e-01 -1.217875426113511628e-01 -2.926836498867845804e-01
-2.666438549378303269e-01 -3.160976330632139231e-01 -2.854584502603623175e-01
-6.201036123278487189e-01 -2.177535243507632001e-01 -2.148481430978672613e-01
-2.960134861231100145e-01 -1.715370998004253633e-01 -2.587811852470072171e-01
-3.554788140733504131e-01 -2.366169458606522391e-01 -2.391145316804733079e-01
-3.498120637202875582e-01 -3.511029810670457940e-01 -2.452928365655693832e-01
-3.606653729393283769e-01 -3.488771861892914217e-01 -2.144295077351526801e-01
-3.327072865922396372e-01 -4.262487629427294533e-01 -1.960683762966360655e-01
-2.181817887424913616e-01 -3.523410926170419399e-01 -1.364949237632602230e-01
-2.767830963485649609e-01 -4.355669241829741578e-01 -1.047118752627816951e-01
-3.720716182692278551e-01 -4.756597974135524654e-01 -6.102473237476109535e-02
-3.564853450432166060e-01 -2.540631366703353655e-01 -8.037155466506521601e-03
-3.201098075041731716e-01 -3.253262843428297302e-01 -1.408204139306213666e-02
-3.855189669937854058e-01 -3.355678689469194786e-01 2.855782881430696946e-02
-4.549191716389699436e-01 -2.505915406211686181e-01 2.884668438894561621e-02
-4.789448506304689879e-01 -2.949147650654296848e-01 1.338540909078837771e-02
-2.855288902776635385e-01 5.459621523340021237e-02 -3.879948974435715875e-02
-2.521038801883855873e-01 5.808045684935319447e-02 -8.057862427409537287e-03
-1.759597765041298056e-01 -7.416061541627759490e-02 -2.972068271190744793e-02
-1.582703319231623384e-01 -2.628909201236281912e-02 -3.412362487983864462e-02
-3.779425226330894727e-01 1.133778476240967503e-01 -1.658357124648907055e-02
-4.191484879399515195e-01 2.821282477835239388e-02 -7.919132952180520102e-02
-4.158115300250469493e-01 -9.769168487593228589e-02 -6.507759674577695552e-02
-4.118330649514212460e-01 -9.548532918498867095e-02 -6.894790700608269263e-02
-3.392672031322199189e-01 -1.427186250499802023e-01 -1.198927544058761840e-01
-3.035565452897232008e-01 -1.645944433115761885e-01 -1.119316920600559595e-01
-4.062287554996396599e-01 -1.922185055245046736e-01 -1.203975020582618016e-01
-4.746234412094427757e-01 -2.073720415013633744e-01 -1.105336104038931871e-01
-4.130368129254837761e-01 -3.308639340097509485e-01 -1.151275651307152315e-01
-3.853841148415890205e-01 -3.041781633990368050e-01 -1.092260234120261686e-01
-4.157119472774571389e-01 -3.453694500379861365e-01 -1.013559548205154454e-01
-3.281455661144732638e-01 -5.032495973574340198e-01 -1.580600198905588727e-01
-2.425190861299904022e-01 -7.791462871172307736e-01 -2.197954525168890061e-01
-3.133002221899924833e-01 -7.458553265773002483e-01 -1.813884453216136061e-01
-4.375562321704897784e-01 -6.303160816118662524e-01 -1.528405943515878940e-01
-4.317629072503173515e-01 -4.788093399038385600e-01 -1.498990624126095572e-01
-1.577602215077139602e-01 -8.164840547065954635e-01 -2.752437333029621458e-01
-2.523889737945431699e-01 -8.909513897358831702e-01 -2.517758092179804286e-01
-3.071889138838763689e-01 -1.025973587526934683e+00 -2.439717792867864832e-01
-3.226187276789285185e-01 -1.126407906084707644e+00 -2.318911672415741032e-01
-2.837337209267496996e-01 -1.250167415878064681e+00 -2.362649242692048401e-01
-1.784280406018713405e-01 -1.368904493234483155e+00 -1.903954262301251754e-01
-4.802322819366600104e-02 -1.423293980793481017e+00 -2.198735373267975413e-01
-8.165026111215627214e-02 -1.429828860694932979e+00 -2.070128762337418160e-01
-2.021168838319433447e-01 -1.196727725236052420e+00 -1.879943415195913237e-01
-2.484170992277462964e-01 -1.260402482992919460e+00 -1.733979109029693544e-01
-1.468414127413820713e-01 -1.236322855346708272e+00 -2.360274732224439398e-01
-2.452943074420636527e-01 -1.246323133233920188e+00 -2.068561268073042525e-01
-2.981067179075437279e-01 -1.251316129004324429e+00 -2.283892691845937351e-01
-3.574284835221068768e-01 -1.203064173683157989e+00 -1.945820175794217566e-01
-5.455523049998081131e-01 -1.186985023307095766e+00 -2.008251168434910250e-01
-5.219438422135198596e-01 -1.176608544934831801e+00 -1.786815986638626008e-01
-4.337303402955352549e-01 -1.091864645094853481e+00 -2.148652418135233721e-01
-4.304134899531518732e-01 -1.115974921087453664e+00 -2.145618759673936227e-01
-4.946119181312903512e-01 -1.088582228683570241e+00 -1.806575506922810104e-01
-5.223192175568781570e-01 -1.149469189745716324e+00 -1.764595646151198849e-01
-5.098253474410275876e-01 -8.769077647646670304e-01 -1.240346157954946293e-01
-5.092350503777142157e-01 -1.018852393888220575e+00 -1.366891820653584610e-01
-6.393937699644995920e-01 -9.985546031852510218e-01 -9.195087155868093831e-02
-6.070434374265203381e-01 -8.410841394169448204e-01 -1.437042326288600347e-01
-6.036215207077462175e-01 -8.185908374081561911e-01 -1.631470642731483178e-01
-6.112384646624937634e-01 -9.005840680643442120e-01 -1.272650369566371009e-01
-6.743294968232754760e-01 -8.044450685787053468e-01 -8.242772959739233518e-02
-7.876344824976859726e-01 -7.809885027912529809e-01 -5.089909181650871528e-02
-8.078350868950475716e-01 -9.443264589080584415e-01 -7.535036250517802847e-03
-8.542773088285638972e-01 -8.672257667704923456e-01 1.523237137950139014e-02
-8.241726756265180809e-01 -7.167808820368585243e-01 2.386668074478700413e-02
-8.468878923842111384e-01 -8.130572278706373890e-01 3.914288320432351975e-02
-6.789775811169872499e-01 -7.270310453307138321e-01 1.348555722765545570e-02
-8.473127650539142852e-01 -6.565449945403296628e-01 4.501045554319674930e-02
-6.473378075168083612e-01 -5.481471080055982936e-01 1.540836379929335850e-02
-9.482995147715983508e-01 -3.475688812593392130e-01 3.436553829918657932e-02
-9.116414026075886357e-01 -4.744566821522560041e-01 7.952447551683414217e-02
-9.209837146637183114e-01 -5.238523880340133498e-01 7.009230190014183182e-02
-1.072259112573243467e+00 -6.023589056166256395e-01 1.293001475136539014e-01
-1.056103441223085415e+00 -7.329826215829493563e-01 1.904731548229434135e-01
-1.123444646810683789e+00 -8.823386822129337670e-01 2.227290801901014305e-01
-1.055221911855552142e+00 -7.261516621126604676e-01 2.314402287281693282e-01
-1.034664701495698225e+00 -8.817893246996316714e-01 2.560665576832271140e-01
-1.339421928180117183e+00 -8.792240373816486709e-01 3.347242373842913565e-01
-1.238440563255382543e+00 -7.043881121643407184e-01 3.234471384982396946e-01
-1.207835200475142479e+00 -2.563171906116237242e-01 2.587532456789568003e-01
-1.168930474295597044e+00 -2.367329691311221285e-01 2.397702081692342502e-01
-8.806644109243504381e-01 -1.699946635592446964e-01 1.693620221083703692e-01
-5.952669727618511430e-01 -1.536469693961580174e-01 1.057263399442840840e-01
-6.034707655160604922e-01 -2.946069224016048538e-01 1.203404124303142919e-01
-6.921843039260906494e-01 -2.389341151537782149e-01 1.322652078826742628e-01
-6.940000980921232632e-01 -2.163201296220590986e-01 1.080147570916997618e-01
-7.573436203877903505e-01 -2.868066577441216736e-01 1.426738564787090324e-01
-7.484102003845514162e-01 -4.365002229213240659e-01 1.680341127135671908e-01
-9.523244078905387378e-01 -4.776181080742263885e-01 2.219142226740410950e-01
-8.371263085135879356e-01 -6.512051571825540064e-01 2.182339295486249720e-01
-8.893080903442999174e-01 -6.280322930187912656e-01 2.451782091272983188e-01
-9.583485159554403499e-01 -7.598156162596522156e-01 2.956435487104595028e-01
-8.605840753316360559e-01 -6.578849340485798391e-01 2.639427814804353178e-01
-7.928162747765121754e-01 -5.514406605422933483e-01 2.378342341977521257e-01
-8.007922491159954470e-01 -5.150515333625618197e-01 2.557045558248641770e-01
-8.700533500262245257e-01 -5.701209029698063313e-01 2.900966780588939420e-01
-6.183283642067025632e-01 -3.050415822102912622e-01 2.030063244580926352e-01
-2.521799970501816812e-01 -3.797003702858971902e-02 5.267217357976457931e-02
-1.292526203313901223e-01 5.820300991427090898e-02 1.399798168919434704e-03
-2.014093089793500546e-02 2.215788505521218421e-04 -8.923345216806688115e-03
-9.753890683495422542e-02 -2.482368208395913795e-03 -7.900823529505404327e-03
-9.279182639667464538e-02 3.000572951485140638e-03 -4.545241776212382775e-03
-8.927605764078849759e-02 -1.236942111023028520e-02 6.440911666106500372e-04
-5.072431058531723380e-01 5.518852779509854367e-02 6.013478840750521859e-02
-3.813891681666745637e-01 -2.580208050333385184e-02 4.670618104616383603e-02
-3.214733109849176595e-01 -2.704160485802162284e-02 2.904745044272655230e-02
-3.857253212912206131e-01 -6.107493637215032772e-02 6.475332925282885344e-02
-3.001745902107626485e-01 -1.193728185011686815e-01 6.458049414503565233e-02
-2.385529517413959855e-01 -9.280816393708352097e-02 6.817919236184954990e-02
-2.600858213901952598e-01 -6.885455799959988576e-02 7.088181739934301673e-02
-2.728302252718850518e-01 -4.643810640838764991e-02 6.752788594000767863e-02
-2.200456408531784314e-01 -3.699192060862493969e-02 4.956998080460533335e-02
-2.264181408852253274e-01 -2.103378637614219948e-02 5.309633887887632575e-02
-6.655192190107551697e-01 2.054023329935791287e-01 8.856468426944355543e-02
-8.442764834634087778e-01 2.703522209725016667e-01 1.095240152441842585e-01
-1.052265531900832940e+00 4.070204056831583372e-01 1.328596862149765689e-01
-9.430975329795723283e-01 3.421122744432588680e-01 1.133305131952753175e-01
-1.376736722834512205e+00 4.560103400827064668e-01 1.501130469943022794e-01
-1.289038654521286853e+00 4.158983563560367802e-01 1.394844745621813265e-01
-1.452091268391613177e+00 3.768213230187000273e-01 1.582920131427994759e-01
-1.785117885772374180e+00 3.385620548378752703e-01 2.011693408697564078e-01
-1.902509737479280094e+00 4.049844186138580326e-01 2.221979914514355114e-01
-2.067233911344056096e+00 4.794487914406743156e-01 2.530990978449212392e-01
-1.645220474462088411e+00 3.867449769948175242e-01 1.615419107009602173e-01
-1.574017854630591629e+00 3.631602278546710028e-01 1.527459367146633828e-01
-1.880277506681947486e+00 5.257464181754771815e-01 1.682259759517802100e-01
-2.018101796361519540e+00 5.773636808757830474e-01 1.822740724439729232e-01
-1.966729712701428934e+00 5.460598555290343548e-01 1.811301008433334192e-01
-2.105852243436612703e+00 6.629519965437999929e-01 1.954209104693011567e-01
-1.951163942149815700e+00 6.596462182780362671e-01 1.492459448676357603e-01
-1.873992589881571469e+00 6.377528958918767810e-01 1.482687919282341948e-01
-1.836740512780243195e+00 6.549110964292559345e-01 1.468047085357751524e-01
-1.914496122530865208e+00 6.428667275895756372e-01 1.622396003031623957e-01
-1.713528569883221664e+00 5.306457639557899952e-01 1.428094676590366818e-01
-1.603810314763717937e+00 4.264041467682808673e-01 1.440262762219508552e-01
-1.766091098840194329e+00 5.333252718796362979e-01 1.522041417696012311e-01
-1.769817426655653003e+00 5.593164323549524308e-01 1.508063937717585012e-01
-1.528559805916094971e+00 7.535023505613098749e-01 -1.300780428995097771e-02
-1.405858057451498055e+00 7.278682065491102193e-01 -5.830228887387291226e-02
-1.426721355770753874e+00 8.713251802512356203e-01 -7.554233618451021426e-02
-9.710701825927714470e-01 7.499390353604218351e-01 -1.174296897549471363e-01
-1.013804823820980916e+00 8.261264274878915570e-01 -1.175135780977847461e-01
-9.759951683565033509e-01 8.243496295572365629e-01 -1.182399482396577772e-01
-8.918478966989912271e-01 6.900925008025955432e-01 -1.362775842770530821e-01
-8.797755290969641040e-01 6.253187265073566481e-01 -1.369929242121042945e-01
-9.500610431159537406e-01 6.261671824601213743e-01 -1.438842204961102988e-01
-9.507231245480165516e-01 7.039350032649318578e-01 -1.996449374965891255e-01
-9.866497803267945121e-01 4.442839221621635581e-01 -1.499769127855394291e-01
-8.128599889248078192e-01 4.202878260320968562e-01 -1.931558952674117535e-01
-7.092536802041350397e-01 3.805514786204917121e-01 -2.048949795611002545e-01
-6.598417818001329760e-01 3.283376314121309592e-01 -2.622682632838752026e-01
-7.786855875919552750e-01 4.683380083289603313e-01 -3.254393225963682634e-01
-6.291962654826754875e-01 3.428538219232084572e-01 -3.445448064354319495e-01
-5.610112849732508122e-01 3.563249082673833890e-01 -3.162579756281433396e-01
-8.292844209414698131e-01 2.515070545433250038e-01 -2.645512195028478231e-01
-6.000669649533407757e-01 8.483017517558050224e-02 -2.597012867856038354e-01
-7.051733413385805616e-01 5.548250968527557864e-02 -2.359531143613874948e-01
-9.763727983916236086e-01 1.258375385203559793e-01 -6.707964618662545786e-02
-1.135847061727283558e+00 9.857044456926418452e-02 -4.014374986981836257e-02
-9.429616620175029773e-01 1.031247594318755179e-01 -1.031441471092622159e-01
-1.016310675276345110e+00 4.632099413761193996e-02 -7.212675366470933103e-02
-9.854680454684852098e-01 9.358069862498566427e-02 -9.851602060754276191e-02
-1.131786900281311681e+00 2.034285401037618790e-01 -1.199979034869303046e-01
-9.395653293771977221e-01 3.736063638664804953e-01 -1.850010296154112055e-01
-9.293594492931637197e-01 5.275887693465932671e-01 -2.630392444947832753e-01
-7.857215715946901380e-01 5.146888447212301099e-01 -2.931013171920865412e-01
-6.472411923018692725e-01 4.637011646963235534e-01 -2.915065112808321590e-01
-5.656027356576969201e-01 3.513369749479179349e-01 -3.334046660684404362e-01
-5.398756617881482756e-01 4.726982606103691253e-01 -3.911610666326393870e-01
-6.483880151041127027e-01 4.440594645663207829e-01 -4.374884850784546142e-01
-5.802790403449114010e-01 1.876057233016092118e-01 -4.239029581125833279e-01
-4.242511361754838783e-01 1.483129835970904975e-01 -4.172296316340980971e-01
-5.440092794535049681e-01 1.932290664913545730e-01 -3.900386649364849800e-01
-6.329552908338611505e-01 4.617092211706069205e-01 -4.492336457256579374e-01
-4.168692105322063801e-01 2.540872613737316654e-01 -4.780965789697602664e-01
-5.894239478754711437e-01 2.162430989945419157e-01 -4.419785842211131910e-01
-2.890996001229044765e-01 3.694707880031366520e-01 -5.529446570108552672e-01
-2.005344238890439112e-01 2.361406381463857507e-01 -5.688181752431946681e-01
-1.175597853639036711e-01 -1.590113998497422187e-02 -5.387737991727440390e-01
-1.065495558626124717e-01 -1.140026677493371499e-01 -5.327259757716620303e-01
-9.666565958317881180e-02 3.297253033711511350e-02 -5.606924108584832034e-01
-1.204786690360704626e-01 -4.699567986674434150e-02 -5.793393607669502510e-01
-8.556625902187649235e-02 -6.521209463732399736e-03 -5.847165837306915748e-01
-1.758779551329157920e-02 -2.579834660201851815e-02 -5.847306815004951197e-01
-4.857226931594180730e-01 2.095919473682957557e-01 -5.130912569209461482e-01
-2.441597926403915875e-01 -1.548438362345355701e-01 -5.037129095622079333e-01
-7.595306616040327086e-01 -2.753294947725358210e-01 -2.514385324990985326e-01
-7.745812892825092444e-01 -3.566791172094805895e-01 -2.969470832180407527e-01
-9.962826312742969481e-01 -5.088005777220673265e-01 -3.477432826065010030e-01
-8.586316567145148015e-01 -6.005146734138535614e-01 -3.219786721448387179e-01
-7.868660261643118936e-01 -4.394744478493490814e-01 -3.845782242313603438e-01
-6.769058680438799769e-01 -6.000944184842498252e-01 -3.452639025871583334e-01
-6.576118413735201340e-01 -3.393890683130026953e-01 -4.164751027064359512e-01
-5.096343029374174050e-01 -5.471573418404297451e-01 -4.386764872254024228e-01
-6.035889972360758415e-01 -6.596878976245350579e-01 -3.533135172153579751e-01
-4.996944083084897126e-01 -6.402778869178017418e-01 -3.874740620885176456e-01
-4.528345890768900039e-01 -8.244748090404939722e-01 -3.939295728902877380e-01
-5.171364373264695224e-01 -9.767412968649159533e-01 -3.727361969303960021e-01
-6.919226831642300013e-01 -1.030992508370390137e+00 -3.154145348246415459e-01
-7.258734672728077708e-01 -8.333461278513787374e-01 -3.174370019160795420e-01
-6.090297807194005042e-01 -6.568154977977280762e-01 -2.970355987201668269e-01
-8.082388417508818979e-01 -8.766615182840953313e-01 -3.653573312584642574e-01
-9.146011545274886911e-01 -9.028828285579819646e-01 -3.290807608302248610e-01
-8.905614575576485947e-01 -1.138303231682437300e+00 -3.544368058891009809e-01
-8.996241117268261034e-01 -1.035200461628986046e+00 -3.171215517498260361e-01
-9.454245444648283758e-01 -1.186777750797167297e+00 -3.120829161896983006e-01
-5.615230986096548804e-01 -1.365584285242623874e+00 -3.015882437282053630e-01
-7.764664528632750917e-01 -1.498607022040717496e+00 -2.439532949343644619e-01
-4.883944667642631243e-01 -1.244210910215996391e+00 -2.714849882240069623e-01
-5.390157574823978281e-01 -1.045481566420868536e+00 -2.231430545303241253e-01
-5.426518695924770208e-01 -1.224334406446711210e+00 -2.505067100190193630e-01
-6.375832240736417633e-01 -1.212599682394730927e+00 -2.046342447980749046e-01
-6.216893376585140851e-01 -1.384180769928173627e+00 -2.843734355027120464e-01
-6.111096607181820684e-01 -1.157615077676174220e+00 -3.022199097512127119e-01
-7.434279174653499744e-01 -1.098208329854929666e+00 -2.825978246582290243e-01
-7.506767792894968316e-01 -1.121405119658101635e+00 -2.755433449534264168e-01
-6.718406912496612815e-01 -1.014271755746120940e+00 -2.804913857466064808e-01
-7.533961561172231036e-01 -1.002078460958450323e+00 -2.333855945430047818e-01
-7.355568481742035258e-01 -1.228663126265947980e+00 -1.483683657850630444e-01
-7.820918701959276298e-01 -1.169936231482216593e+00 -1.242349015271492912e-01
-8.897250776891219015e-01 -1.120128251089386406e+00 -1.224262116520568877e-01
-1.044127297010507771e+00 -9.599196206251634500e-01 7.364817908025657334e-03
-8.514295198769238349e-01 -8.830610373777945110e-01 -2.494217199446514821e-02
-9.736541055877959705e-01 -7.966142306592678413e-01 1.086820705491179512e-02
-1.052148694433626019e+00 -1.015507962477044002e+00 6.556966860793134177e-02
-1.117075459957049377e+00 -8.171237783402762744e-01 1.011434381762181395e-01
-1.209758843605314604e+00 -8.410652045732861515e-01 1.275051156278412257e-01
-8.481586380549606119e-01 -6.838802203872934582e-01 5.519018388870650105e-02
-8.220354851334876756e-01 -7.077946333119566891e-01 8.074666813493786011e-02
-9.038624374749054668e-01 -8.318530529406851226e-01 9.317877202724700325e-02
-8.766684736116370225e-01 -7.046220704240849786e-01 9.665396024498669469e-02
-8.687432011850306779e-01 -7.667702877859812194e-01 9.591622864070532828e-02
-1.052424488623947552e+00 -5.698098100867238225e-01 1.534120341727131520e-01
-1.374970690831346820e+00 -5.229371095815221748e-01 2.177303790796414340e-01
-1.122374489750714854e+00 -6.697146625289556177e-01 2.308138732971035667e-01
-1.184759451180408263e+00 -6.744911472132963937e-01 2.546908059956608517e-01
-1.033250973723016219e+00 -5.641009409007161635e-01 2.275928973840936342e-01
-9.420125734201008072e-01 -4.444680414103487354e-01 1.867706979404811229e-01
-1.398713521934566106e+00 -3.851339870694734380e-01 3.565403201715005022e-01
-1.455466565787562949e+00 -4.226614059097725806e-01 3.643446401173240368e-01
-1.490984693899311875e+00 -6.000285026490368434e-01 4.333844115428950317e-01
-1.269124658711450637e+00 -5.572030265469898325e-01 3.845351305123697605e-01
-1.294698163074689212e+00 -4.212388065901406797e-01 3.068799489358481902e-01
-1.156486378433026596e+00 -3.813577635144910216e-01 2.582495269958912654e-01
-9.212804242502568020e-01 -1.764544328906342274e-01 1.856162455945891132e-01
-9.264474744565805997e-01 -2.771895438769356179e-01 2.026699174965225225e-01
-9.088223836559772284e-01 -3.802233378726515012e-01 2.384403704382388467e-01
-6.989345790880812093e-01 -3.276719854497037732e-01 1.785191213940070520e-01
-7.952099434927164534e-01 -3.250941290189692801e-01 2.059279830688467428e-01
-6.493199891454524142e-01 -9.526842971626217627e-02 1.574121890344973851e-01
-7.046445823835156830e-01 -6.226574246260365569e-02 1.673040071418944452e-01
-7.711061245862675939e-01 2.871494065309197763e-03 1.702709116804383416e-01
-6.506698648394330098e-01 -5.823963605987031444e-02 1.551762852927076330e-01
-4.004207781982239700e-01 6.628479657624135324e-03 8.206840269483717254e-02
-5.379833346511224690e-01 3.106320051128357018e-02 1.141243666395398565e-01
-4.097654216328791010e-01 7.635508917117203587e-02 7.006618090364648277e-02
-4.774912980484090630e-01 3.518854578984553783e-02 8.365729306883598615e-02
-5.606617431370453097e-01 7.857311559633275988e-02 8.836461113991961325e-02
-4.170562264640113037e-01 -5.825569600465385633e-02 4.946401149070704661e-02
-3.959066223521719441e-01 -6.213591528581251244e-02 4.397688881985147014e-02
-3.666039405871004409e-01 7.369579750882224167e-02 2.150952889227454937e-03
-4.377973008942359079e-01 8.376877613411222445e-02 -7.368329986519246352e-03
-2.824748007769681823e-01 3.228364332328562125e-02 -5.769256661628091240e-03
-2.601823588664669562e-01 5.109219375550849013e-03 -2.406617525784444239e-02
-2.198480528435318715e-01 -3.180168732276485166e-02 -2.602074427800951315e-02
-3.404431162203436778e-01 -1.058466446554280627e-01 1.567813925639289022e-02
-4.657276746985564153e-01 -1.583826785693036587e-01 2.843197467061104114e-02
-4.958719883370503734e-01 -1.422271730938609036e-01 4.018306361995750697e-02
-5.004873762642672030e-01 -1.719005354653364015e-01 5.628146795055600365e-02
-8.423140473154324681e-01 5.162352960286049897e-02 8.104840102829669046e-02
-1.635193065954720693e+00 9.140339425206053803e-02 3.868228547184813237e-01
-1.969035257415084672e+00 3.161631148059679264e-01 4.994455318624938522e-01
-1.910810859392062744e+00 2.846238820176436590e-01 5.187447497433812504e-01
-1.818668009878105840e+00 2.184799647005890577e-01 5.153575026129103565e-01
-1.749162048932112912e+00 6.577004436060016612e-01 3.349296545684216642e-01
-1.474496822562563647e+00 6.923483774553806924e-01 2.163673802732897222e-01
-1.815131946130942975e+00 6.639029913893607082e-01 2.394364062778393254e-01
-1.739745400119807162e+00 5.431217130439313090e-01 2.607278501008444271e-01
-1.388934041245372786e+00 4.043049861798715394e-01 2.578260547428878335e-01
-1.220900512440238561e+00 2.924805060399388035e-01 2.305156312291990472e-01
-1.150176070257512340e+00 2.227394503780696366e-01 2.217176746033442669e-01
-1.114568270070374290e+00 2.996910866255537154e-01 2.253128679965840375e-01
-1.138324147353098503e+00 3.836993266132628366e-01 1.851376609469411461e-01
-1.047505375201525979e+00 5.249458680811884825e-01 2.000714266303412758e-01
-9.849679294699449361e-01 5.169019658901022884e-01 1.885757126722847898e-01
-8.584358325488270491e-01 4.410146990165553227e-01 1.548537200802719282e-01
-7.655826144950859113e-01 5.147062378098512525e-01 1.423984015050274443e-01
-7.375568891632541257e-01 5.161988044358166716e-01 1.275494148211492040e-01
-9.085086699938108579e-01 5.675270801808699472e-01 1.464228710477576134e-01
-8.577622366205475135e-01 4.523249050072086774e-01 1.255613610516218281e-01
-5.690131401628691910e-01 7.400610495616485873e-02 7.930691882489793176e-02
-3.395586757490150487e-01 -8.784163274624683104e-02 4.187436620512501040e-02
-3.416373599292841234e-01 -3.272031241840251542e-02 3.076091662469356697e-02
-4.413870713888007336e-01 1.382643422220193596e-02 5.471189241057648756e-02
-2.770544656710984821e-01 -6.453696278512964513e-02 1.469323166598670953e-02
-2.865549285574452432e-01 -1.098942429954728739e-01 3.147992440924335389e-02
1.707665260228326265e-02 -1.427454948530323120e-01 -1.641104467871253719e-02
-5.901458322286453617e-01 1.948223543317656459e-01 2.408851360908526376e-02
-5.807380139394718865e-01 1.273738360512900736e-01 2.872418460290541986e-02
-5.829111231437779095e-01 1.351032966618275766e-01 1.820039976307948754e-02
-4.851232749659630805e-01 1.153223958011951322e-01 -1.976810217831564270e-03
-5.894880220082010513e-01 2.559433712258050303e-02 1.356548341438058511e-02
-5.269053745728917715e-01 1.186296519198130894e-01 3.614439047149084483e-02
-7.590722391104713918e-01 2.831738555297475535e-01 4.484082981458236555e-02
-9.658721761025153008e-01 3.747735631549210522e-01 6.475442939313996726e-02
-1.333072690010759676e+00 5.412025731554057639e-01 9.241861583935742641e-02
-1.409461090248410819e+00 6.530331864786476093e-01 5.870053813420816891e-02
-1.411934731247850738e+00 5.735759271361157152e-01 6.710783308713094697e-02
-1.622347308747616568e+00 6.835869224050336035e-01 6.599313798533634756e-02
-1.716737905700848277e+00 7.442909270980129222e-01 5.755908031514542916e-02
-1.631760225672265197e+00 6.262779152889870193e-01 6.195717225618753432e-02
-1.524074443942907031e+00 5.367459914730223769e-01 5.277541084496321921e-02
-1.582119087589256567e+00 6.402589460052166004e-01 4.833485346267892696e-02
-1.450176900227228005e+00 6.300889183242770475e-01 1.520403837802375771e-02
-1.385251290995864748e+00 5.923613848072891708e-01 5.863140702522086703e-03
-1.358068271016787731e+00 5.959862851596081645e-01 -2.536929945231473915e-02
-1.461152085977817761e+00 5.638831596644924282e-01 -3.440414287872756161e-02
-1.085686014952126133e+00 3.185976945414185080e-01 -5.457297376226596941e-02
-1.116512067667868147e+00 3.511397196959138434e-01 -5.603128752551515129e-02
-1.154144227235449627e+00 3.255820805945792151e-01 -3.391317279214520891e-02
-1.305903137128665570e+00 2.533539640785607561e-01 -2.251603049750131036e-02
-1.109440470881501550e+00 3.494434847953418188e-01 -6.204103031857693962e-02
-1.189127240537678487e+00 3.338966185104198514e-01 -4.578416823338556790e-02
-1.103090312971394704e+00 3.132448211336692490e-01 -1.748409851989218833e-02
-1.030479602343334466e+00 2.638803739797805359e-01 -1.889125666311176899e-02
-1.150896797592981580e+00 3.481730125616918636e-01 -9.751434725360844102e-03
-9.296626608834009931e-01 3.951100884641071675e-01 -1.729782656937624979e-02
-1.355099695293214612e+00 7.105259127606814440e-01 3.120519529867857300e-02
-1.236013109298218282e+00 4.548863334628597821e-01 7.289689982157106229e-02
-9.723698577258286235e-01 3.515847492506999350e-01 4.645567438846953667e-02
-1.015409228821687382e+00 4.226927907236852633e-01 2.910957906547064281e-02
-1.172711002874071262e+00 4.511648291525988674e-01 4.519048748961508599e-02
-1.062556888075309347e+00 4.217494444522717489e-01 1.402087775313534332e-02
-9.643086186219526068e-01 4.460326031338330277e-01 -2.401774841109666561e-02
-8.693354068916734345e-01 4.389787835098779012e-01 -5.249608902849020597e-02
-1.130665835885117820e+00 5.310802233710664177e-01 -3.300977619739219743e-02
-1.096515956241293166e+00 5.735619293799818497e-01 -6.109775977182112239e-02
-1.205163925690879489e+00 4.800783478203814458e-01 -1.387726037792610945e-02
-1.201854444376095898e+00 3.873276295687759219e-01 2.774856571853098752e-02
-1.433118548740686116e+00 4.335465660753725081e-01 5.839292456896951616e-02
-1.219167312038532014e+00 3.247443149785431693e-01 3.789039077877708050e-02
-1.390706053548674381e+00 2.926194459787154756e-01 4.523713965067881204e-02
-1.395664150886289034e+00 3.080748099131462858e-01 6.828547507490856372e-02
-1.407476415227977284e+00 3.872940083698332425e-01 1.774186744286749759e-02
-1.386478736774110265e+00 4.805117672156914432e-01 1.128516387599153015e-02
-1.188426946937571671e+00 4.208807990901037854e-01 -5.385519132851994406e-02
-1.179465867447562211e+00 5.306513650001776217e-01 -3.575974292213579542e-02
-1.188073310380641345e+00 4.023051408605718970e-01 -1.539273204583122001e-03
-1.161433746800718980e+00 2.949813633305018445e-01 2.837794140605179316e-02
-1.231245389953570468e+00 2.789771338730847594e-01 4.014995918929849944e-02
-1.133276628624584337e+00 2.301339209468771241e-01 2.369696330851536054e-02
-1.537217160356489476e+00 1.864901764378109061e-01 6.448161424182534407e-02
-1.759688633195440222e+00 3.744916289012653610e-02 1.372533546192296339e-01
-1.904870453625463700e+00 2.774677723393476070e-01 1.495754025137252252e-01
-2.013757379485973331e+00 4.038322934265805575e-01 1.414725226600903607e-01
-1.857690977204291327e+00 3.571099294402926283e-01 1.115655206906010222e-01
-1.837310264012202987e+00 3.279515759789752849e-01 1.049541786256646264e-01
-1.765471938139298036e+00 3.819534691508649216e-01 9.699510975214821473e-02
-1.601326516742584305e+00 3.422348954096923190e-01 7.831843360875397064e-02
-1.516794356478371020e+00 2.928465804142351137e-01 7.438160208241820226e-02
-1.572756799079531032e+00 3.218033063315169362e-01 7.572671052777583955e-02
-1.470748136312148180e+00 5.360531536584439705e-01 1.488872684456427412e-02
-1.509704935885379129e+00 4.625895955014590610e-01 2.962324175650086350e-02
-1.559974838470981284e+00 5.413296312044908465e-01 -6.887561195783410695e-03
-1.710177045537624174e+00 5.867674065144813378e-01 9.573780150203881067e-03
-1.643413335006133069e+00 5.464308365863137507e-01 7.335836504852057821e-03
-1.807420409451381493e+00 5.849444368689223905e-01 5.108707990165135826e-02
-1.902285730264205110e+00 4.040916486883208147e-01 1.077734554611245454e-01
-1.685944891050463745e+00 3.797480188213412933e-01 8.723617433189384540e-02
-1.869816210244984234e+00 4.987552721705359460e-01 9.757980226941266599e-02
-2.316937679454480037e+00 7.414046598717389802e-01 1.434085620375042114e-01
-1.793272489243886270e+00 6.696260817081175487e-01 5.516188754714203279e-02
-1.387007982824960628e+00 5.994919742640147931e-01 -4.564676564371628054e-02
-1.173338780199069342e+00 4.880461521934337243e-01 -7.907332017670214153e-02
-1.231372313776384786e+00 5.686184692402972418e-01 -5.566361984316846312e-02
-1.154627647336839535e+00 5.557400831848344769e-01 -2.168888812860719773e-02
-1.143715166369674741e+00 2.949548665573087369e-01 3.476679608061475357e-02
-1.129914276594796707e+00 1.338881413868744374e-01 6.072932634338717994e-02
-1.136824149509649384e+00 4.149247597165997559e-02 8.445326585886532567e-02
-9.994217581375428594e-01 -9.811755955306225574e-02 8.222203241545557317e-02
-1.025244288781092639e+00 8.044153488780403372e-03 6.787279716679503472e-02
-1.052016294868810098e+00 -7.696434598553975048e-02 7.581641298451069488e-02
-1.176815265367998187e+00 -4.384084955320372012e-02 1.053752318579340153e-01
-1.344367699738321598e+00 -1.693473915819154740e-02 1.636031463005830910e-01
-1.456185085941703594e+00 1.118438946889671604e-02 1.760226039504381168e-01
-1.388772609509320910e+00 4.718749985328196672e-02 1.554231810856732676e-01
-1.252582003818545786e+00 6.408823209685368671e-02 1.119534321241826835e-01
-1.059102570009461841e+00 4.148690217152875004e-01 -1.608710301537397483e-02
-1.284577484045667628e+00 4.247758265248822163e-01 -1.001748027628868165e-03
-1.139735917764812756e+00 3.834873263216874717e-01 -6.623647395151560646e-02
-9.322439377625926227e-01 1.691105132578203940e-01 -6.350712356175572393e-02
-9.762037485918055868e-01 2.751744114106143280e-01 -1.050661557639213650e-01
-9.780684116000256667e-01 3.329659956359192763e-01 -1.145702104125001508e-01
-9.341700484089372480e-01 2.646051955300342540e-01 -1.150521852665367106e-01
-8.098660562027790721e-01 2.802533542131467881e-01 -1.898336679204167821e-01
-8.421540250919754556e-01 3.027835075115399843e-01 -2.171400260494102674e-01
-6.012067461252957878e-01 6.709777495995087326e-01 -3.561118516895196429e-01
-6.406541509937240253e-01 6.707306937831957194e-01 -3.320898981515070791e-01
-5.559426399980231803e-01 7.439888129678879913e-01 -4.414953117164089891e-01
-6.658283832055800211e-01 8.559989677910140315e-01 -4.633138031495627196e-01
-8.897268351002461939e-01 8.711498180232182253e-01 -4.262329558325070322e-01
-8.327051719193281354e-01 5.732546382656282802e-01 -4.400159138931573621e-01
-5.848284237051861734e-01 4.946619826844374512e-01 -5.068034993144273637e-01
-5.391547011607765727e-01 3.049664100230365937e-01 -5.261578892925770079e-01
-8.137718753138233341e-01 5.607702640024830876e-01 -6.501986361512377410e-01
-8.607584684899032279e-01 5.457471509981856039e-01 -6.278322382763790177e-01
-9.390771175587628861e-01 3.689835067407287172e-01 -5.806710842768648684e-01
-8.027893685505613774e-01 1.059366025929914940e-01 -5.695737009968215858e-01
-1.167345039628714165e+00 3.883491909641391127e-01 -6.079295479281764392e-01
-1.343017271984358496e+00 4.431548599961639412e-01 -5.412790784201860772e-01
-1.413347583307941857e+00 6.638566226630809863e-02 -4.724621617041717681e-01
-1.267627197371619996e+00 4.034252629250125732e-01 -5.317946718947841322e-01
-1.144170176391118066e+00 3.536762876991180748e-01 -5.218048710718541372e-01
-1.089257593635981181e+00 4.994520353998899154e-02 -5.204362564323941065e-01
-9.879189079189919509e-01 -4.989266675000507412e-02 -5.311460544076023194e-01
-8.577190425331449042e-01 -5.271311085028376198e-01 -5.168539882570872823e-01
-8.239602330082416159e-01 -4.882306368665287888e-01 -5.006348987907079939e-01
-9.352454990864482731e-01 -6.641160198366806711e-01 -5.531437931915879069e-01
-8.658027607255067704e-01 -7.092956917553686624e-01 -5.088548294964989616e-01
-9.845776129397847409e-01 -6.619341610534537068e-01 -5.300477807199271973e-01
-8.066900231402801547e-01 -5.837350141599308984e-01 -5.693069001189731138e-01
-7.445299070854358714e-01 -6.160371605971409759e-01 -5.549238009892490942e-01
-8.186721804637701050e-01 -8.975195928126524780e-01 -5.055705936876064843e-01
-8.886794445340691073e-01 -8.199019960577125232e-01 -4.414700050389840369e-01
-8.468638948839882774e-01 -9.247368992210881489e-01 -3.520052824215774145e-01
-7.204612023263567977e-01 -1.177709756191707147e+00 -4.433556281033421698e-01
-6.120402094160104500e-01 -1.328000783521584571e+00 -4.890329836126331986e-01
-7.260491508321446075e-01 -1.489203197030984249e+00 -4.815951710416000453e-01
-4.312013148363635917e-01 -1.296888841815298399e+00 -4.921431750251669124e-01
-5.589922610592055197e-01 -1.430296895305554372e+00 -4.703560316518169415e-01
-4.375220072368729562e-01 -1.546980990533298517e+00 -4.377066412351453550e-01
-5.783364826463989194e-01 -1.232682268059243080e+00 -4.653795484398134397e-01
-7.031902759236391409e-01 -1.193461004204246390e+00 -4.291675086724436872e-01
-6.766691586633557520e-01 -1.066630381925635973e+00 -3.535716666432304756e-01
-6.663364709832392263e-01 -1.241518800244308496e+00 -3.446472027339669841e-01
-7.626219724337830463e-01 -1.287769400197420033e+00 -2.656049263192628018e-01
-8.264363128702049144e-01 -1.324895925394068419e+00 -2.323533602884311766e-01
-7.439695562219893477e-01 -1.329539948676058847e+00 -2.166843156181957331e-01
-8.407685366456097986e-01 -1.273434274528696175e+00 -2.109772810612555727e-01
-9.094106691907652973e-01 -1.124736831703361917e+00 -1.715550069045163606e-01
-9.833777191681302154e-01 -1.183245429383941616e+00 -1.516547657778805347e-01
-8.142040454715733233e-01 -1.033074797674933709e+00 -1.831658624791097922e-01
-6.492926604341446861e-01 -9.445884942400563089e-01 -2.314892962625893502e-01
-7.022122428261621252e-01 -1.025541127675269282e+00 -1.796631717437820464e-01
-6.380909556502024627e-01 -1.177481990670985024e+00 -1.538271826499082728e-01
-5.763547006629367031e-01 -9.814052350367086230e-01 -1.450771980750828194e-01
-5.271003530698112893e-01 -9.088776506544073985e-01 -1.133867165135140492e-01
-6.523184514691313662e-01 -8.719816893967995419e-01 -9.892312117412263572e-02
-8.619813119440703497e-01 -7.931254800138261007e-01 -8.878354929336217116e-03
-6.576958997704465126e-01 -7.139686003417321514e-01 -5.602238661786662632e-03
-8.165327908829347336e-01 -7.037455477441996177e-01 3.914284557484713767e-02
-7.420623878294102527e-01 -4.970638029606649910e-01 3.952399653905736693e-02
-7.748210037872822475e-01 -5.923714268620061674e-01 6.138546434163167503e-02
-7.554767396112852529e-01 -5.942878109473593851e-01 4.532161373428432449e-02
-7.415865398183735246e-01 -6.434764824992000865e-01 7.372417207745991796e-02
-5.812517232230928199e-01 -5.732123287245671772e-01 2.908300997432860385e-02
-5.879934774773648565e-01 -7.239835882440189829e-01 5.218891625328223038e-02
-5.494951526402236386e-01 -6.781810695480819939e-01 4.282700405437615127e-02
-5.367301988797206214e-01 -7.243124915328376101e-01 5.436838695216986150e-02
-6.673600219633660791e-01 -8.083841364768968862e-01 9.423388640431741570e-02
-7.802667993327495610e-01 -1.054013776173924333e+00 1.680569072388861662e-01
-8.546013961620029242e-01 -1.113234002781545051e+00 1.988674516734268427e-01
-9.645439308226042563e-01 -1.018656964460417313e+00 2.381980420947009125e-01
-1.185140979093796343e+00 -9.853389289683005536e-01 2.829377378973599311e-01
-1.113411189270795187e+00 -9.532475591358424705e-01 2.664103380495244089e-01
-9.523042186773358342e-01 -7.295149279613121207e-01 2.504311279688395953e-01
-9.772017283209785132e-01 -7.952521296990420208e-01 2.687669448240089243e-01
-9.642235572255974940e-01 -9.714554046471244320e-01 3.312802364909503416e-01
-8.570983015694773055e-01 -9.037469852840890328e-01 2.858364891658921048e-01
-8.042746935817499665e-01 -7.992919810617564735e-01 2.068894872636517501e-01
-7.866244324274669353e-01 -7.593668061264955416e-01 1.838508043013535598e-01
-8.286309630287451711e-01 -8.831264839850224702e-01 2.270341189509105795e-01
-8.102796780907196572e-01 -7.854844120992469092e-01 1.994214011286792043e-01
-8.674240215391147979e-01 -7.976446519699265103e-01 2.286618110280576877e-01
-7.575194058396853558e-01 -5.671463249042927313e-01 1.182072735484534370e-01
-7.616216441304740625e-01 -5.800259049419118629e-01 1.090981873080225095e-01
-6.903001881053699718e-01 -5.369784726266895181e-01 9.448607294680304303e-02
-7.179777938146463256e-01 -5.525174726579948903e-01 1.052145632170930212e-01
-7.403947467205289623e-01 -5.100555802831495678e-01 9.638459649333569468e-02
-1.169570977102317721e+00 -2.956373533143941690e-01 1.505669526243764711e-01
-1.148869402828225361e+00 -1.549814224089951509e-03 9.682168116711648009e-02
-1.130282157150297007e+00 1.000995099292154022e-02 8.655151257300558454e-02
-9.556378357447050664e-01 8.431469390616491699e-02 3.227632374612997984e-02
-9.790729210226616352e-01 5.617698361545783725e-02 2.462246972738840745e-02
-7.998142577839784106e-01 1.039353864771597746e-01 -2.127344207379159441e-02
-8.229878784020978610e-01 7.111961868031276002e-02 -1.172267407106445877e-02
-8.347454604889914531e-01 6.142970048414600481e-02 1.168432904790336034e-03
-7.730207463773548504e-01 8.429094472200412969e-02 -9.919459052994124976e-03
-7.999181340206920066e-01 3.356316784538809078e-02 1.477314295941297220e-02
-5.103638724441859065e-01 1.684387041189058798e-01 -5.733335080023275326e-02
-4.392849407498836123e-01 1.567523577533740387e-01 -6.020300682122707581e-02
-4.569358225057031930e-01 1.475611107648681919e-01 -5.518929897284345631e-02
-4.022946649616417902e-01 1.047854247917762160e-01 -6.383624118996536478e-02
-3.880583139925560254e-01 8.522404385601969889e-02 -5.067712037304259592e-02
-4.057279875182712159e-01 1.197767950384065055e-01 -1.713104095971043628e-02
-4.071185430331752397e-01 3.027074667620057724e-01 -6.556265509179357021e-04
-4.224307920320491405e-01 3.087921838982343736e-01 9.327172899692877384e-04
-4.316458574257712733e-01 2.933229587789846216e-01 1.453778983003320424e-02
-4.231118831536302416e-01 2.534890224198640407e-01 2.980958426122578414e-02
-4.064734356631630185e-01 2.340428995576120386e-01 1.934230069984210418e-02
-3.209523880605892887e-01 1.592714585757009083e-01 1.649095080483714906e-02
-3.307680437849074284e-01 2.047714809621911658e-01 1.378769156032018731e-02
-3.088715368348101120e-01 2.157706912429228074e-01 3.111807804664186265e-03
-4.118413136552373510e-01 2.154647602814939167e-01 2.428859899515717694e-02
-5.513249709679628463e-01 2.872506055763185961e-01 2.113157515122488991e-02
-5.613453803177856916e-01 3.103301445606023723e-01 2.241666137257418423e-02
-4.776791158591147668e-01 2.565368674785394876e-01 1.135824466876711805e-02
-5.988893250077206298e-01 3.508409139144950117e-01 1.463230557632307083e-02
-7.455134574443598172e-01 2.828255628744240080e-01 9.750006841286781856e-03
-6.744232439884048080e-01 1.582316660452753598e-01 -9.571754873744178771e-02
-9.184727345398581155e-01 2.710285529916887093e-01 -7.104821749516801455e-02
-8.620480120179392358e-01 2.632815391597350674e-01 -6.953320255399669803e-02
-8.319058174796641891e-01 1.835422203169774780e-01 -6.634246141480068526e-02
-9.473734518673440075e-01 3.049036788333459591e-01 -8.332632776160318888e-02
-8.323785048399908737e-01 2.818716503924224570e-01 -8.734525450300525962e-02
-1.046490641466517824e+00 4.418022628228490678e-01 -7.217624409113748696e-02
-9.891376214305624970e-01 4.783501522225305225e-01 -7.071148875574601034e-02
-1.017696097191678417e+00 4.847895580778178171e-01 -6.160011731805933866e-02
-9.443007413122499472e-01 4.372281393716216935e-01 -8.554242012880820811e-02
-9.407328740462364003e-01 3.655809203094519955e-01 -9.630228837925912388e-02
-9.576102761280920195e-01 3.350812305321537732e-01 -6.553738994420924002e-02
-1.239073808902786400e+00 4.928619330927992426e-01 -5.636030255886428919e-02
-1.182187326018148577e+00 4.591536074234864317e-01 -4.883038741247547332e-02
-1.103253051395741924e+00 3.826624607352246410e-01 -4.169678249498505462e-02
-1.247252794741322335e+00 3.514218392983203265e-01 -2.890868210993907672e-02
-1.509474867951953847e+00 4.239919822472846267e-01 1.210497468821612743e-02
-1.879574194923084640e+00 4.304742341924436833e-01 9.672614640337244551e-02
-1.814899029373626682e+00 4.273475755510260377e-01 5.997248941350538654e-02
-1.499955312859329259e+00 2.538326846054462238e-01 7.813688667061949311e-02
-1.860695279975467020e+00 5.108409580758876967e-01 1.789349689260198717e-01
-1.758934454160342220e+00 3.850518265849040001e-01 1.722995059624616021e-01
-1.789131608291046893e+00 5.999265751131428459e-01 5.979092595681861910e-02
-1.912761550119936649e+00 7.498044642313218544e-01 4.811431929037783550e-02
-2.035937266836942428e+00 6.766413453149056068e-01 8.362022028823432040e-02
-1.959301284074420613e+00 6.462692742532655243e-01 7.095740050181106873e-02
-1.823244919105789563e+00 6.173494046464088614e-01 4.611755307053418823e-02
-1.833520676000904404e+00 5.659916607819220902e-01 6.974399233800204767e-02
-2.087417837538625864e+00 6.556636010947834992e-01 9.144972637914529356e-02
-2.119889699437877972e+00 5.119629334722558545e-01 1.212344877851267710e-01
-2.810856979817309309e+00 6.720855072897328197e-01 2.299621639549989938e-01
-2.726556031656100387e+00 6.666921895329147585e-01 2.458868748227904244e-01
-3.336155171995223157e+00 8.532694114854830758e-01 3.085856987288479458e-01
-3.285918906261178662e+00 8.297067792383869822e-01 3.164103115601196725e-01
-3.403957592449452729e+00 8.788001631179954698e-01 3.429492368594951879e-01
-2.862602070629286288e+00 7.220738113115856560e-01 2.723901437465326425e-01
-2.574773054869253563e+00 6.836131776963824125e-01 1.870287956360940362e-01
-2.255940202286753848e+00 6.107483202502861364e-01 1.281721135045356674e-01
-2.142363332553097521e+00 6.081552493532722536e-01 1.025179847404384392e-01
-2.205856110828798400e+00 6.876038879451418229e-01 8.246728654946948456e-02
-2.098045280533463064e+00 3.417985198049547924e-01 1.345849465462678196e-01
-2.456183377399719703e+00 5.351555679317231418e-01 1.892353415572098352e-01
-2.737271047419497449e+00 5.035577816318692612e-01 2.494890937396133934e-01
-2.513632774824444915e+00 5.163629933023613505e-01 1.699938233820438294e-01
-2.100165252205640432e+00 4.494460302056194623e-01 8.481082046894752868e-02
-2.044961765837851164e+00 4.492784725799714440e-01 6.534786888985016917e-02
-2.068273655916648579e+00 4.040688773335551209e-01 8.594664693536233080e-02
-2.202927143623641726e+00 3.195225954358668075e-01 1.435747863797678658e-01
-2.143089394757785371e+00 3.003155491796787313e-01 1.379809526460252511e-01
-2.081657418441754892e+00 3.054846732591384728e-01 7.132871122628783866e-02
-1.382330960698211042e+00 5.722555542024820863e-01 -1.695225894196409067e-01
-1.637070336192675057e+00 3.948914712280784944e-01 -7.491514330484609629e-02
-1.089379157849335478e+00 2.069475855988719692e-01 -1.443937281543965501e-01
-1.177097384540642278e+00 3.623178620157819774e-01 -2.018128013069721560e-01
-1.075298238258316941e+00 2.594552149132020591e-01 -2.114529164611220480e-01
-9.594154378081033441e-01 3.266040699069860387e-01 -2.254668208765466808e-01
-1.083918680528856981e+00 5.742326709027321119e-01 -2.420747979246394010e-01
-9.471600895587999336e-01 4.890518532500126025e-01 -2.217120901914950148e-01
-1.028667885451327813e+00 2.887301835207093381e-01 -1.270979560432003719e-01
-8.006097871205364314e-01 1.613320442014340161e-01 -1.376577406843962348e-01
-6.798425589490678655e-01 5.114204698655451520e-02 -1.598733582804480191e-01
-4.404729509006107824e-01 -1.849834420623127917e-01 -1.742760201767119821e-01
-2.124107590241484378e-01 -3.926038274348331303e-01 -1.978352348473967348e-01
-3.285837996268147210e-01 -2.215407227904126752e-01 -1.721887849776278512e-01
-4.370546798712423020e-01 -5.906101557035975391e-02 -2.044062097759279106e-01
-4.182692395537692120e-01 5.543791484852594875e-02 -2.556269663048307272e-01
-3.351933730050696836e-01 -4.970439830538989079e-02 -2.018127014984109624e-01
-2.130309937944255272e-01 1.691537075753888619e-01 -3.514540359190104768e-01
-2.320638592668960998e-01 1.425312530794198007e-01 -3.394532306917203424e-01
-3.758178381517666700e-01 -1.098278310863497476e-01 -3.399604316071467291e-01
-3.584173476517067414e-01 -2.095455539671427225e-01 -2.919110391244533753e-01
-5.453149148149050163e-01 -4.646131056008612203e-03 -2.760642659501725271e-01
-7.254786032032483067e-01 -8.428032114331907021e-02 -2.740616634879170510e-01
-6.240129502199243117e-01 8.160237252708321676e-02 -2.523038633768740491e-01
-6.103110272426776062e-01 5.048070263202364405e-02 -2.540786490165714007e-01
-4.710875243103813670e-01 9.567679589749134017e-03 -3.111961864658902011e-01
-4.127932804738811412e-01 6.223201731689800148e-02 -3.234293539602395851e-01
-2.647707586447539674e-01 -1.975959286662935521e-01 -3.986175006992218606e-01
-2.198923865742996586e-01 -5.648090350717641650e-01 -4.534403662266582313e-01
-1.355223278246152629e-01 -7.579756339723384695e-01 -4.766218117188492642e-01
-8.863135791095527738e-02 -8.314421160376590514e-01 -4.838084728778623833e-01
-8.819874608327218923e-02 -9.492636027809976396e-01 -5.110285516357230273e-01
-3.769923376108408331e-01 -6.873022779512849567e-01 -4.871969662901192710e-01
-3.614653609925979061e-01 -7.488916376008009079e-01 -5.264315459687658461e-01
-4.374377753295931592e-01 -7.013839869473138533e-01 -5.066078716514083036e-01
-4.885685998271813713e-01 -6.885279715119467792e-01 -4.391469045949432104e-01
-5.647030816214146931e-01 -8.586475902998355059e-01 -3.980546666750535700e-01
-6.007968224689590464e-01 -8.566516925424193518e-01 -3.820479359371907191e-01
-5.332581253302804969e-01 -9.838776077251929486e-01 -2.822695071201167805e-01
-4.465681359528672623e-01 -1.188326644875110194e+00 -3.303712701702056220e-01
-4.448243220791308072e-01 -1.169356130277078964e+00 -3.281388806979458894e-01
-5.978471917054191120e-01 -1.218109517442338197e+00 -3.054114877981078391e-01
-4.008265176059248591e-01 -1.111943251115105946e+00 -2.941818231062305333e-01
-4.796338796665617910e-01 -1.148984142908134443e+00 -2.717963159878786783e-01
-5.302308944411502356e-01 -1.105203830879612381e+00 -2.360965463539589360e-01
-7.651591454240792567e-01 -1.124968871140738846e+00 -1.800599707486277568e-01
-6.738062404388077686e-01 -1.307679394517127447e+00 -1.868856813198390698e-01
-7.112222158234763336e-01 -1.072628079948034552e+00 -1.900224215881321788e-01
-5.455644053732514598e-01 -9.713890110189713489e-01 -2.281219595494823060e-01
-5.944442905189512016e-01 -8.873157927618373630e-01 -1.796365346322923995e-01
-6.255045616842401790e-01 -9.588597803013304555e-01 -1.397965425871922074e-01
-6.140676281021399951e-01 -8.863920738061884519e-01 -1.105447618588257935e-01
-6.692683594127647462e-01 -8.037665034440494294e-01 -5.122029998801843481e-02
-6.587460169031633672e-01 -8.423930504635180894e-01 -2.791874869728615260e-03
-6.400533725907492366e-01 -7.109773080104795362e-01 7.894774999674676608e-03
-6.667799606502805565e-01 -8.294313681945398864e-01 8.607955974159822721e-03
-6.429487328809002644e-01 -7.277995536785835107e-01 9.629669773946449018e-03
-7.692082469302540249e-01 -6.313374108514807626e-01 3.210705272918911585e-02
-7.617029510043727969e-01 -4.720303759774283070e-01 -3.097454514576908347e-03
-5.803439920128254936e-01 -3.118192233900531907e-01 2.223396450199453117e-03
-8.050691565753137491e-01 -2.339439200260221563e-01 6.866870997686602696e-02
-5.912166349162645274e-01 -2.523970590745310827e-01 2.987282567186631821e-03
-5.751137640517275385e-01 -4.415100849174896647e-01 4.484259990134431551e-02
-7.530408868575123593e-01 -3.697965949722058498e-01 8.851315475920323861e-02
-6.632903490757828813e-01 -4.755738706087323520e-01 7.863783138931777772e-02
-5.579565735429911078e-01 -3.759855252383500490e-01 7.226922302578522861e-02
-5.988806737950396197e-01 -4.826537789610873541e-01 8.936472831697951646e-02
-7.443686244243118422e-01 -5.277348673940388535e-01 1.099513887934902012e-01
-1.008345754712125952e+00 -5.464321028422107762e-01 1.533957551288150922e-01
-9.528312871768448433e-01 -7.206674250474415233e-01 1.732526801235953484e-01
-1.085694725898443291e+00 -8.018354776072348367e-01 2.091219691605032682e-01
-1.170769813724407582e+00 -9.705417534902913701e-01 2.575391041141979476e-01
-1.224686701523217902e+00 -1.067828322327647239e+00 2.746593257502293328e-01
-1.290826630926245944e+00 -1.125233480236838446e+00 3.278441982819236822e-01
-1.481673374506962793e+00 -1.245421456786731218e+00 3.899399460734364053e-01
-1.182277660448083356e+00 -8.906844286218503770e-01 2.903942193842662944e-01
-1.343052042731777362e+00 -8.958763811481490480e-01 3.349566792816187633e-01
-1.351704937603349421e+00 -9.165102362263131131e-01 3.270567192914199395e-01
-1.329058039208771635e+00 -1.007758426113934291e+00 3.569834203953630158e-01
-1.448246516228689273e+00 -1.045241176083956613e+00 4.156772870681054721e-01
-1.311331702288367262e+00 -9.235611077304149985e-01 3.443481212479944653e-01
-1.331568207967700701e+00 -9.969598782220313593e-01 3.840984286758729604e-01
-1.135917327636164043e+00 -7.558413096710898671e-01 3.113033042069789924e-01
-1.153412193334938163e+00 -7.686778288338544929e-01 3.122632283956265908e-01
-1.183891307694949546e+00 -7.754389184294654402e-01 3.221694312369430824e-01
-1.118328557582557004e+00 -6.956438783681755389e-01 3.060100166634965868e-01
-1.066335120640964362e+00 -6.991710259727292875e-01 3.225907949799766694e-01
-8.539875997324133383e-01 -4.871734670962907243e-01 2.411539223617518712e-01
-5.701343955040883982e-01 -3.798902934776927087e-01 1.416201006253286487e-01
-5.853375971644519948e-01 -3.583775777460668222e-01 1.495454721416861754e-01
-6.264758149381881580e-01 -3.458935478602649383e-01 1.572152406323239215e-01
-4.862212683317690964e-01 -1.795835409200390309e-01 1.004438275265953084e-01
-5.036954608636745601e-01 -1.789074456669694224e-01 1.121663773131375136e-01
-5.090059806444755530e-01 -1.494282642167051867e-01 1.060569757377675254e-01
-2.944702602288081783e-01 -1.301355930263950467e-01 5.575343643851737863e-02
-3.493758557646363117e-01 -1.346964374904174866e-01 6.453961605218147546e-02
-3.871053188994674210e-01 -6.300595318093235586e-02 3.332821087753989192e-02
-3.828720846885532714e-01 -1.134867434462713265e-01 4.471992848449848901e-02
-4.003460020832255162e-01 -1.377046678419075187e-01 5.825073166867478225e-02
-4.239919526932629523e-01 -1.024249344241363879e-01 6.021739876594860846e-02
-2.119475524320221793e-01 -8.822319249774129846e-02 1.934588886393343726e-02
-2.315444928378716793e-01 -7.702476795548748867e-02 1.858030030147558159e-02
-2.479422881547304613e-01 -8.063431926367092828e-02 2.389575419287068639e-02
-2.839001216314455123e-01 -4.546882012218635832e-02 4.959483102989208775e-02
-2.200769630742559491e-01 -6.443708329423607217e-02 3.115329130578922689e-02
-2.205556904233342275e-01 -7.020631197599705442e-02 2.740626744693008127e-02
-2.414135684691007533e-01 -9.921695512693906593e-02 2.050749415639989415e-02
-2.596650896735397396e-01 -5.542256328234465568e-02 1.479079064251419620e-02
-2.006186233881906422e-01 -4.783899375918600899e-02 1.346244693942750745e-02
-7.294800242064912732e-01 1.934924638440683742e-01 6.810246524263759149e-02
-4.755374681668948500e-01 5.713508236182401889e-02 3.039047310430997156e-02
-5.967600780881691103e-01 1.564425139693579325e-01 6.660813373459924247e-03
-7.444697591609880094e-01 1.176670734749346858e-01 7.496793495668026275e-02
-6.219192087665662561e-01 5.144114283766047097e-02 1.361924388155456578e-01
-1.086194952725519913e+00 1.479231733190071174e-01 3.026313648663683797e-01
-1.050796402593875190e+00 2.403156291069173667e-01 2.426670881764266818e-01
-1.955232052257807940e+00 4.603486185022437893e-01 5.397665567135052633e-01
-2.902478985824985980e+00 8.340301041783559910e-01 7.633972702339515415e-01
-2.495799490706700041e+00 9.731845095972302406e-01 6.183149781550700830e-01
-2.726025797276048213e+00 9.814874171146219517e-01 6.646965760584961913e-01
-2.624276435958538656e+00 9.844722616867337406e-01 5.978002290613204650e-01
-2.068762903746646842e+00 1.396324699930833857e+00 3.160312786027871246e-01
-2.115641632854329046e+00 1.277732976231215067e+00 3.489161751357959806e-01
-1.987954566983481719e+00 1.171013023760259619e+00 2.845365582929872406e-01
-2.197275770514714122e+00 1.158410873301241928e+00 3.537712825925923843e-01
