-1.006116060762145992e+00 2.264884656378765460e+00 -1.138867376378081531e+01
-9.370392327690106882e-01 2.983969386440540994e+00 -1.108822112248220115e+01
-8.787941542481565449e-01 3.748731238570755409e+00 -1.079808064187622740e+01
-8.312569859391146787e-01 4.554132639657409776e+00 -1.052173489245255844e+01
-7.940813643833498636e-01 5.394573449427022105e+00 -1.026160435421632222e+01
-7.667153003074645978e-01 6.263913621844855228e+00 -1.001903121685822384e+01
-7.484244325675414311e-01 7.155497989957151361e+00 -9.794291432481296411e+00
-7.383211431557453741e-01 8.062187199352846889e+00 -9.586634738065786365e+00
-7.353988166398353066e-01 8.976398153512961997e+00 -9.394352259379099124e+00
-7.385702644253445692e-01 9.890155872868652054e+00 -9.214870930269150051e+00
-7.467091767266869073e-01 1.079515712869054411e+01 -9.044873221356784398e+00
-7.586935035242035053e-01 1.168284538537216655e+01 -8.880439638402298996e+00
-7.734498233533071421e-01 1.254449666823264131e+01 -8.717210230989534736e+00
-7.899978190308278858e-01 1.337131641918402636e+01 -8.550560071346110291e+00
-8.074937776266942757e-01 1.415454748557484876e+01 -8.375782556091772690e+00
-8.252716164389491960e-01 1.488558884796896287e+01 -8.188273721204181399e+00
-8.428795270558028241e-01 1.555612379956161817e+01 -7.983710682722300334e+00
-8.601101585232063806e-01 1.615825550347575046e+01 -7.758217779067385855e+00
-8.770224722733607203e-01 1.668464746128705301e+01 -7.508514820914847121e+00
-8.939539923291113244e-01 1.712866627406012654e+01 -7.232042917094578804e+00
-9.115229319041745493e-01 1.748452370079905194e+01 -6.927064677252202429e+00
-9.306202939946678354e-01 1.774741421598519509e+01 -6.592737179941352110e+00
-9.523924214098078433e-01 1.791364335697376475e+01 -6.229157576084237924e+00
-9.782147914836081259e-01 1.798074156748588948e+01 -5.837382091504677462e+00
-1.009658247724451563e+00 1.794755820156935044e+01 -5.419419395381027904e+00
-1.048449218892030910e+00 1.781433089402748848e+01 -4.978199101959900119e+00
-1.096425605581734963e+00 1.758272644522923756e+01 -4.517515894006486121e+00
-1.155489841377848492e+00 1.725585032735020619e+01 -4.041949612166544803e+00
-1.227560204700823610e+00 1.683822278118380567e+01 -3.556761774042511703e+00
-1.314520924076063579e+00 1.633572064249293732e+01 -3.067769419428410416e+00
-1.418171230941179584e+00 1.575548582466772096e+01 -2.581197982423596660e+00
-1.540173478842968180e+00 1.510580332638397394e+01 -2.103516159493906024e+00
-1.682000801333923157e+00 1.439595289162893543e+01 -1.641257371133817200e+00
-1.844885350545342639e+00 1.363603881477153124e+01 -1.200833950701162722e+00
-2.029768637024420119e+00 1.283680236075330683e+01 -7.883511163030646474e-01
-2.237255643693617735e+00 1.200942123638982473e+01 -4.094279834168798593e-01
-2.467574237904289536e+00 1.116530044673299571e+01 -6.903273337327711645e-02
-2.720541160125146796e+00 1.031585873413047239e+01 2.286611229642260545e-01
-2.995535658089186981e+00 9.472314923576931278e+00 4.803909042756709935e-01
-3.291481620124481200e+00 8.645479009270408355e+00 6.838881242183103559e-01
-3.606838782236026386e+00 7.845553480123403034e+00 8.379260110925775829e-01
-3.939603345347259200e+00 7.081950850209511650e+00 9.423306522407336461e-01
-4.287318286060085804e+00 6.363133344179066064e+00 9.979574666056563181e-01
-4.647093696558716402e+00 5.696480010896693535e+00 1.006636373847408006e+00
-5.015637438313799379e+00 5.088185262881366633e+00 9.710901208978792720e-01
-5.389296187777806502e+00 4.543191268911128233e+00 8.948307582533839843e-01
-5.764106660198920373e+00 4.065155074177948080e+00 7.820392945229879267e-01
-6.135856418395872147e+00 3.656449884894708902e+00 6.374332721259020618e-01
-6.500153153726007993e+00 3.318198546246776903e+00 4.661265413917927702e-01
-6.852500693270398457e+00 3.050335841047951746e+00 2.734849490649408077e-01
-7.188379388455633290e+00 2.851695065462855894e+00 6.498113315145304103e-02
-7.503328202522379087e+00 2.720113741917017602e+00 -1.539486921986549517e-01
-7.793025926647861645e+00 2.652553451353222957e+00 -3.780430192092608110e-01
-8.053369494398687323e+00 2.645229381693546600e+00 -6.023450084101873436e-01
-8.280548059964669250e+00 2.693745883491609039e+00 -8.223201701101366945e-01
-8.471112069227668684e+00 2.793234822892133096e+00 -1.033957565429555636e+00
-8.622036894351776226e+00 2.938493755832497278e+00 -1.233850680736019667e+00
-8.730780752347547136e+00 3.124120917472283487e+00 -1.419254976005853486e+00
-8.795336607119956795e+00 3.344643870926419016e+00 -1.588120281203042605e+00
-8.814277626056572501e+00 3.594638747489280473e+00 -1.739097649400859869e+00
-8.786795639128119007e+00 3.868837571798766195e+00 -1.871521796812438909e+00
-8.712731968815754513e+00 4.162222005140457703e+00 -1.985371556132916826e+00
-8.592599909471507758e+00 4.470102577269593702e+00 -2.081211672758084053e+00
-8.427597986553264420e+00 4.788182910257389402e+00 -2.160119826414576227e+00
-8.219612922858324566e+00 5.112608545036138707e+00 -2.223602973199015675e+00
-7.971211049379333780e+00 5.439999807018244482e+00 -2.273506901078153675e+00
-7.685616835075199660e+00 5.767467824900533557e+00 -2.311922364180592382e+00
-7.366677333346319578e+00 6.092612557896016412e+00 -2.341090604191419899e+00
-7.018811620479935343e+00 6.413501742791849480e+00 -2.363310707428940116e+00
-6.646944698055351708e+00 6.728630358186773464e+00 -2.380851079130401615e+00
-6.256425900106650673e+00 7.036861663168438419e+00 -2.395867207502446306e+00
-5.852932659305513319e+00 7.337352645497935200e+00 -2.410327706071071940e+00
-5.442361478122448304e+00 7.629467946612602525e+00 -2.425950318873244527e+00
-5.030708901987542170e+00 7.912686623338522907e+00 -2.444149226698763222e+00
-4.623946011180974480e+00 8.186505960168208418e+00 -2.465994667343130775e+00
-4.227890405878202529e+00 8.450346748492359339e+00 -2.492185420764359893e+00
-3.848079907970500368e+00 8.703465157140026776e+00 -2.523033840185494814e+00
-3.489652243531620623e+00 8.944876868328666575e+00 -2.558461903991454012e+00
-3.157234739305059268e+00 9.173298823336168084e+00 -2.598005806193520062e+00
-2.854847545020789745e+00 9.387112714334925556e+00 -2.640826481626749711e+00
-2.585823161545223403e+00 9.584352846883508192e+00 -2.685724151697312934e+00
-2.352744231235130101e+00 9.762719617476131262e+00 -2.731155917715405224e+00
-2.157400693613699350e+00 9.919618594390387400e+00 -2.775256156721941814e+00
-2.000766550705712632e+00 1.005222391358585021e+01 -2.815859973799497151e+00
-1.882995677204022833e+00 1.015756345507533709e+01 -2.850530397410393935e+00
-1.803435432353025059e+00 1.023262213127363474e+01 -2.876590364929131116e+00
-1.760656386507902349e+00 1.027445845598144025e+01 -2.891160723075200334e+00
-1.752496370005878212e+00 1.028032828407639521e+01 -2.891205441458802650e+00
-1.776117240154752919e+00 1.024780855054639161e+01 -2.873585021253462823e+00
-1.828073017428518243e+00 1.017491356943114056e+01 -2.835118566776151372e+00
-1.904388181506875277e+00 1.006019734453461112e+01 -2.772654077923674354e+00
-2.000644892720863766e+00 9.902837202837391217e+00 -2.683145496096710492e+00
-2.112077665243456526e+00 9.702696150599038560e+00 -2.563734496391939732e+00
-2.233673563600959699e+00 9.460362947699449521e+00 -2.411835156937045976e+00
-2.360275551490431667e+00 9.177169851356632435e+00 -2.225219846448918126e+00
-2.486686494910562040e+00 8.855188615236027516e+00 -2.002104305696370545e+00
-2.607771530657171599e+00 8.497205934590606802e+00 -1.741229068382926126e+00
-2.718556807260385177e+00 8.106680100004863831e+00 -1.441933603884662629e+00
-2.814322826711716630e+00 7.687680954708035586e+00 -1.104219161889779643e+00
-2.890690826481719711e+00 7.244815222336724148e+00 -7.287963221981328399e-01
-2.943700924363974014e+00 6.783139090277884087e+00 -3.171137451048895439e-01
-2.969881046829740079e+00 6.308060022167473413e+00 1.286344916708408448e-01
-2.966305893991100007e+00 5.825230304680428794e+00 6.055245319020124972e-01
-2.930645394255328995e+00 5.340435421777151248e+00 1.109941922361886935e+00
-2.861202329171643743e+00 4.859480375338039337e+00 1.637644006151878884e+00
-2.756939007219338489e+00 4.388076313776552162e+00 2.183844259369458474e+00
-2.617492938509752953e+00 3.931728687031120106e+00 2.743316113468248219e+00
-2.443181451506313273e+00 3.495627279835554546e+00 3.310512331461978874e+00
-2.234995268368445753e+00 3.084538323663600590e+00 3.879694523802028616e+00
-1.994581329267548941e+00 2.702699589886814913e+00 4.445066263755923508e+00
-1.724215507949715009e+00 2.353720951290061869e+00 5.000902755212885964e+00
-1.426765998563773508e+00 2.040495024934005031e+00 5.541670369332719837e+00
-1.105647940891505865e+00 1.765124129804031217e+00 6.062130768819063320e+00
-7.647695163974946864e-01 1.528869797224993610e+00 6.557426542423311133e+00
-4.084696380956620576e-01 1.332129308461476702e+00 7.023147636837527408e+00
-4.144755110355061861e-02 1.174441019295847877e+00 7.455379788100064076e+00
3.313150435418062423e-01 1.054517591321547876e+00 7.850737363277008996e+00
7.046385167989528409e-01 9.703043902387397113e-01 8.206383590018111462e+00
1.073235561643525848e+00 9.190594271288874406e-01 8.520041250044387837e+00
1.431806183660512710e+00 8.974510076588663177e-01 8.789996640370766556e+00
1.775136356530071291e+00 9.016692570210058655e-01 9.015099002507454884e+00
2.098198977915729735e+00 9.275476717705322116e-01 9.194756815889483903e+00
2.396255160064303613e+00 9.706908041728484760e-01 9.328931557036227673e+00
2.664953062591941535e+00 1.026604097994260778e+00 9.418128841623140346e+00
2.900420760391488884e+00 1.090821741784464338e+00 9.463386213747515541e+00
3.099349413448309054e+00 1.159028303156454998e+00 9.466256151457244528e+00
3.259063360777313179e+00 1.227170072645108911e+00 9.428782292925021125e+00
3.377574475486708305e+00 1.291552565196796287e+00 9.353466796222734914e+00
3.453618965071148406e+00 1.348921361853151257e+00 9.243227261964594987e+00
3.486675713892245732e+00 1.396524240251409088e+00 9.101342569442387287e+00
3.476966179145594804e+00 1.432153290225379516e+00 8.931388037052734319e+00
3.425436640618383599e+00 1.454166463543608678e+00 8.737161351944733312e+00
3.333724205414119623e+00 1.461488810616979661e+00 8.522601600955155732e+00
3.204108387122912127e+00 1.453594614825075571e+00 8.291704446090710334e+00
3.039450307348939173e+00 1.430472795894826676e+00 8.048437051083725535e+00
2.843121633033667717e+00 1.392579230222061870e+00 7.796656598761797063e+00
2.618925376819679407e+00 1.340780832062675287e+00 7.540035859025940645e+00
2.371010735300172811e+00 1.276296957917615993e+00 7.281998401892596284e+00
2.103784189374533486e+00 1.200643470882639896e+00 7.025665222157843282e+00
1.821819088244973628e+00 1.115583584151856211e+00 6.773814072729849478e+00
1.529765894782771474e+00 1.023087832931833141e+00 6.528852544750890274e+00
1.232265177978716597e+00 9.253036964459150360e-01 6.292805581497503020e+00
9.338652120616524055e-01 8.245338496419981622e-01 6.067317588070488377e+00
6.389456366993995218e-01 7.232209829404173673e-01 5.853668741487958904e+00
3.516481899730159455e-01 6.239366008530733421e-01 5.652804551549131418e+00
7.581528124393883961e-02 5.293710188496019153e-01 5.465376972168758840e+00
-1.850628285365608361e-01 4.423217606850435302e-01 5.291794358046893798e+00
-4.278914289076833910e-01 3.656776835891613620e-01 5.132276664725382354e+00
-6.500046391458682571e-01 3.023964428867189635e-01 4.986911887668947330e+00
-8.491881229232653983e-01 2.554734238353876807e-01 4.855709815871717794e+00
-1.023691129792051902e+00 2.279011868131686491e-01 4.738649607765617056e+00
-1.172228045474490443e+00 2.226197401855090630e-01 4.635718577415224750e+00
-1.293969788718720038e+00 2.424590291853827850e-01 4.546940915770122160e+00
-1.388525414228783506e+00 2.900753660132619483e-01 4.472396442716462417e+00
-1.455914258665776506e+00 3.678832682855276426e-01 4.412230329394162709e+00
-1.496529011101899842e+00 4.779839813665308634e-01 4.366654824568906079e+00
-1.511090291696402632e+00 6.220922633084171594e-01 4.335943584299357667e+00
-1.500593697842265595e+00 8.014636963162991012e-01 4.320418711025755698e+00
-1.466250738182109048e+00 1.016825551281050455e+00 4.320430493249085124e+00
-1.409425552575765961e+00 1.268314935932607801e+00 4.336330242426382320e+00
-1.331569867438804788e+00 1.555428588554494285e+00 4.368437342536797274e+00
-1.234159274654534011e+00 1.876989068995075449e+00 4.417002321403440845e+00
-1.118634376077176640e+00 2.231131774035114201e+00 4.482168227753894563e+00
-9.863501992396510598e-01 2.615315672275357883e+00 4.563932842007369928e+00
-8.385364540684231427e-01 3.026358085821476251e+00 4.662114205570094150e+00
-6.762699731930690294e-01 3.460491344879745856e+00 4.776321433573087027e+00
-5.004595031143657113e-01 3.913437820176222104e+00 4.905931771110089379e+00
-3.118421776818282587e-01 4.380499700938470298e+00 5.050073812666061812e+00
-1.109905606099483577e-01 4.856660144361283571e+00 5.207616326380633431e+00
1.016710066567991649e-01 5.336692657602450041e+00 5.377162357174156249e+00
3.258419939035828716e-01 5.815275989522968203e+00 5.557048828315511280e+00
5.613143844452460618e-01 6.287112535597771057e+00 5.745352291621434127e+00
8.079357098289211558e-01 6.747048906074850194e+00 5.939901719864399965e+00
1.065567849704309733e+00 7.190197332126909480e+00 6.138299370678005573e+00
1.334043279313683161e+00 7.612055922639297201e+00 6.337950709222773149e+00
1.613120541943524167e+00 8.008624954148675812e+00 6.536104059923216525e+00
1.902440618248821824e+00 8.376515998376019567e+00 6.729900117291049533e+00
2.201485635822600262e+00 8.713050927570083815e+00 6.916430747051361294e+00
2.509541124512518984e+00 9.016348261581020651e+00 7.092805661318696941e+00
2.825662928187811840e+00 9.285394412072925263e+00 7.256224626568240410e+00
3.148650023792483932e+00 9.520097144889950513e+00 7.404051976382866940e+00
3.477024730268359676e+00 9.721318458618835479e+00 7.533889494092210093e+00
3.809021823345773328e+00 9.890884208739578298e+00 7.643643473957359546e+00
4.142587775336730616e+00 1.003156786206890771e+01 7.731582244708898877e+00
4.475390842107827893e+00 1.014704567329710017e+01 7.796381598864364548e+00
4.804842242298700938e+00 1.024182094322343239e+01 7.837156967559550047e+00
5.128128350411708780e+00 1.032111653343172186e+01 7.853482306926747647e+00
5.442253659100561691e+00 1.039073746023694511e+01 7.845396311311118254e+00
5.744094156059277978e+00 1.045690837195470735e+01 7.813396853459097180e+00
6.030460563352264103e+00 1.052609298070926513e+01 7.758424667793985208e+00
6.298170524658378788e+00 1.060480340309217340e+01 7.681837353033574622e+00
6.544128354012904936e+00 1.069940683066124620e+01 7.585374839908400446e+00
6.765410472547688236e+00 1.081593552189308660e+01 7.471117625971485765e+00
6.959354163206580068e+00 1.095990467177994887e+01 7.341439363197013179e+00
7.123646716823947678e+00 1.113614212712236551e+01 7.198955709295951522e+00
7.256411442943785595e+00 1.134863434668532101e+01 7.046471511822463007e+00
7.356286494192435299e+00 1.160039375803843775e+01 6.886928206388216900e+00
7.422492156210309666e+00 1.189335284850290897e+01 6.723352806688133398e+00
7.454882305256035124e+00 1.222828968781719716e+01 6.558809326072924328e+00
7.453976212135605905e+00 1.260478853925611809e+01 6.396353240654982564e+00
7.420967811752323229e+00 1.302123822786781560e+01 6.238989737222491172e+00
7.357710899144723982e+00 1.347486996485030808e+01 6.089636651941186862e+00
7.266680245840385410e+00 1.396183500605092043e+01 5.951092843552125977e+00
7.150910077063395320e+00 1.447732066456580569e+01 5.826012243147235203e+00
7.013912528867751739e+00 1.501570105101774466e+01 5.716883196371296272e+00
6.859579605609374298e+00 1.557071686070370475e+01 5.626012108248289678e+00
6.692072839091717462e+00 1.613567665477774327e+01 5.555509864059327896e+00
6.515705294094741973e+00 1.670367032216773495e+01 5.507279114216816929e+00
6.334820738998852896e+00 1.726778395641554908e+01 5.483000417961997108e+00
6.153674795276043774e+00 1.782130465095830374e+01 5.484115600823441738e+00
5.976322784595136994e+00 1.835790405063870523e+01 5.511807556343586434e+00
5.806518681041271890e+00 1.887179118952225210e+01 5.566976887055290923e+00
5.647628877756528887e+00 1.935782829254790371e+01 5.650216760318527598e+00
5.502563486353115429e+00 1.981160724273734886e+01 5.761787770917800700e+00
5.373726833366444744e+00 2.022948817983675696e+01 5.901594495835010612e+00
5.262987751101580791e+00 2.060860439360192942e+01 6.069165288240884415e+00
5.171669116759062490e+00 2.094683932648164770e+01 6.263637136374721415e+00
5.100554977269368351e+00 2.124278243406549649e+01 6.483747901984196815e+00
5.049912800976246174e+00 2.149567085639312936e+01 6.727838291920456903e+00
5.019528128537023015e+00 2.170532317907731112e+01 6.993865251176220710e+00
5.008749052365025101e+00 2.187207028691631905e+01 7.279427473701660212e+00
5.016538244092187959e+00 2.199668705326154239e+01 7.581802785855511928e+00
5.041530495965949044e+00 2.208032770720926763e+01 7.897996305233096592e+00
5.082093955163068166e+00 2.212446700596855464e+01 8.224797581884214281e+00
5.136393408542142325e+00 2.213084855797936257e+01 8.558844666156092629e+00
5.202454047397132797e+00 2.210144087515332245e+01 8.896693281635652539e+00
5.278224135590109611e+00 2.203840124193956385e+01 9.234889594777461852e+00
5.361635063714834892e+00 2.194404730717383956e+01 9.570044939597455169e+00
5.450657438917250630e+00 2.182083613580807580e+01 9.898910179043062030e+00
5.543351994563773033e+00 2.167134999947687746e+01 1.021844662461006692e+01
5.637914060354657586e+00 2.149828752069606708e+01 1.052589020512309403e+01
5.732710159930062943e+00 2.130445832487495039e+01 1.081880605351641833e+01
5.826305266407201700e+00 2.109277933162579188e+01 1.109513153300447463e+01
5.917479621090764752e+00 2.086627107836572748e+01 1.135320660215472266e+01
6.005234791981255427e+00 2.062805279958638138e+01 1.159179128435351913e+01
6.088789505627993037e+00 2.038133527846036230e+01 1.181007090208701626e+01
6.167566470018681635e+00 2.012941054821676445e+01 1.200765046281169468e+01
6.241171918049492895e+00 1.987563715304478507e+01 1.218453983986441358e+01
6.309369988708343868e+00 1.962341910991642635e+01 1.234113116506708074e+01
6.372054213525266242e+00 1.937617654377058685e+01 1.247816943311111437e+01
6.429218156168084342e+00 1.913730648283181779e+01 1.259671694904021422e+01
6.480926746189700438e+00 1.891013312917704781e+01 1.269811197431448946e+01
6.527289337497235167e+00 1.869784767754596544e+01 1.278392178431198900e+01
6.568435237487772582e+00 1.850343868514558920e+01 1.285589041543993716e+01
6.604492367952743415e+00 1.832961549838062965e+01 1.291588168660075198e+01
6.635569660084148502e+00 1.817872899499748840e+01 1.296581867419809520e+01
6.661743685019183125e+00 1.805269499306014325e+01 1.300762164651531982e+01
6.683049930703922392e+00 1.795292568569159641e+01 1.304314716335390578e+01
6.699479058403412068e+00 1.788027386951488040e+01 1.307413123708657920e+01
6.710978358623258977e+00 1.783499406461606185e+01 1.310213912872344011e+01
6.717458480045112701e+00 1.781672367927140144e+01 1.312852376377125907e+01
6.718805329045284047e+00 1.782448582470181009e+01 1.315439405488800695e+01
6.714896759335856835e+00 1.785671355159183094e+01 1.318059365144291384e+01
6.705623244521343729e+00 1.791129384715848616e+01 1.320768990853480851e+01
6.690911224876502139e+00 1.798562905001418244e+01 1.323597237960066408e+01
6.670747394250826190e+00 1.807671316728991329e+01 1.326545989376804968e+01
6.645201991379091844e+00 1.818122029222821112e+01 1.329591500241859237e+01
6.614449225452323056e+00 1.829560151339447316e+01 1.332686418778475357e+01
6.578783164477828294e+00 1.841618566896232068e+01 1.335762209981040805e+01
6.538627580317563748e+00 1.853927872395633614e+01 1.338731850555366698e+01
6.494538408903825832e+00 1.866125687192974070e+01 1.341492732390988785e+01
6.447197841657994033e+00 1.877864962833650253e+01 1.343929757755694610e+01
6.397399731140916757e+00 1.888821074460454952e+01 1.345918601681490578e+01
6.346026884661421619e+00 1.898697612058679596e+01 1.347329056658721669e+01
6.294021688195631015e+00 1.907230866520727020e+01 1.348028303475709322e+01
6.242352098381118708e+00 1.914193033839352864e+01 1.347883930945106101e+01
6.191975292816001897e+00 1.919394162611502352e+01 1.346766574526673743e+01
6.143801280648284902e+00 1.922682857724609562e+01 1.344552116923593843e+01
6.098658614666543798e+00 1.923945745758494041e+01 1.341123448018504405e+01
6.057264006354603048e+00 1.923105732454659034e+01 1.336371817051760402e+01
6.020197220200516064e+00 1.920119151462372287e+01 1.330197856105789533e+01
5.987882294367430802e+00 1.914972007961846501e+01 1.322512431513937869e+01
5.960575916266472873e+00 1.907675636876549063e+01 1.313237572045683166e+01
5.938363483128144438e+00 1.898262187581964611e+01 1.302307772079046799e+01
5.921162911180429589e+00 1.886780384009053080e+01 1.289671918378854976e+01
5.908735805259920149e+00 1.873291975765579309e+01 1.275295944229486444e+01
5.900705367391870126e+00 1.857869184681722530e+01 1.259166140973506387e+01
5.896580355530004702e+00 1.840593261807010705e+01 1.241292925039892303e+01
5.895784287659393996e+00 1.821554036303729873e+01 1.221714794303143492e+01
5.897688814665261070e+00 1.800850140960083223e+01 1.200502192981578276e+01
5.901649833006726631e+00 1.778589522857707905e+01 1.177761000986190609e+01
5.907044637842496115e+00 1.754889907910249036e+01 1.153635340858321534e+01
5.913308375958968632e+00 1.729879020312975157e+01 1.128309359628675779e+01
5.919968263848148560e+00 1.703694480340412909e+01 1.102007639773576209e+01
5.926674338082867699e+00 1.676483370376332971e+01 1.074993959395153453e+01
5.933225726863270211e+00 1.648401459018043980e+01 1.047568242003808336e+01
5.939591528643726193e+00 1.619612024366289660e+01 1.020061667278616113e+01
5.945925430666656908e+00 1.590284170348111914e+01 9.928300293320353020e+00
5.952573300211309260e+00 1.560590540169480001e+01 9.662455287367565759e+00
5.960073191679489568e+00 1.530704417303244291e+01 9.406872779293887987e+00
5.969147506577921369e+00 1.500796341790440458e+01 9.165308849632831212e+00
5.980687330172845151e+00 1.471030512438971805e+01 8.941375398574075817e+00
5.995729158435744388e+00 1.441561345357449930e+01 8.738430405442947801e+00
6.015424345763134006e+00 1.412530582804334678e+01 8.559471615241156073e+00
6.041001825760259791e+00 1.384065290972795559e+01 8.407037140264286279e+00
6.073725091508711316e+00 1.356276974975620497e+01 8.283116021517168193e+00
6.114844876417473429e+00 1.329261907521133601e+01 8.189071515215257335e+00
6.165549168139682124e+00 1.303102640508677901e+01 8.125579609337883369e+00
6.226912125026813349e+00 1.277870551872498517e+01 8.092584963857261116e+00
6.299843442823346962e+00 1.253629167471720862e+01 8.089276166152346903e+00
6.385039963346683223e+00 1.230437898652216155e+01 8.114081892743657320e+00
6.482941717541666371e+00 1.208355784200082539e+01 8.164689219592068170e+00
6.593694818499711729e+00 1.187444848476013881e+01 8.238084985588161047e+00
6.717123475743695948e+00 1.167772770270850380e+01 8.330620738036259354e+00
6.852713007161700176e+00 1.149414656270166368e+01 8.438100987485324112e+00
6.999605237709491057e+00 1.132453805219403975e+01 8.555892975412920265e+00
7.156607045759114882e+00 1.116981438644659974e+01 8.679054244533821461e+00
7.322211964788791327e+00 1.103095468471571294e+01 8.802472681869829785e+00
7.494633830937659447e+00 1.090898466399439926e+01 8.921012747300430590e+00
7.671850797378880316e+00 1.080495080280119069e+01 9.029661286253483965e+00
7.851657730179625538e+00 1.071989194019329439e+01 9.123666644420646676e+00
8.031724873449379132e+00 1.065481138899123081e+01 9.198665858880159973e+00
8.209660483358103278e+00 1.061065226042592435e+01 9.250796386244680036e+00
8.383074838966795284e+00 1.058827782973416731e+01 9.276790587194128079e+00
8.549642835090875082e+00 1.058845765281087203e+01 9.274052376596420899e+00
8.707162502296688089e+00 1.061185905476596858e+01 9.240715976727628345e+00
8.853607340941142212e+00 1.065904275552276381e+01 9.175686967397991722e+00
8.987171059408014528e+00 1.073046101135315844e+01 9.078666001555639298e+00
9.106303835945043446e+00 1.082645682234367612e+01 8.950155455552316397e+00
9.209739472126740267e+00 1.094726311522235029e+01 8.791448827059667792e+00
9.296512951994248652e+00 1.109300084947806297e+01 8.604602219290381271e+00
9.365968171238996831e+00 1.126367472587553209e+01 8.392387240356374178e+00
9.417756005464745783e+00 1.145916512235541340e+01 8.158225275197372284e+00
9.451823393592771794e+00 1.167921530076268333e+01 7.906104110068626234e+00
9.468394626887050691e+00 1.192341345103798744e+01 7.640478920627275627e+00
9.467946423164017133e+00 1.219116940114264125e+01 7.366160456717045335e+00
9.451178549453469913e+00 1.248168599658082378e+01 7.088193842812266610e+00
9.418981768678937883e+00 1.279392561385374449e+01 6.811731714907863555e+00
9.372404777473185788e+00 1.312657311566670515e+01 6.541905294479998467e+00
9.312621558285558265e+00 1.347799769240770829e+01 6.283696454375767182e+00
9.240900203708607208e+00 1.384621734488006695e+01 6.041813157133271162e+00
9.158573920586345452e+00 1.422887087027290498e+01 5.820570247585031609e+00
9.067014697606349927e+00 1.462320241331553561e+01 5.623777653562019196e+00
8.967609939084896453e+00 1.502606255993132933e+01 5.454638513672956712e+00
8.861742093077404903e+00 1.543392811383178653e+01 5.315660427423780199e+00
8.750770964084345849e+00 1.584294109119022487e+01 5.208583704807774772e+00
8.636018136682107382e+00 1.624896664750228226e+01 5.134330850124712242e+00
8.518752837088808150e+00 1.664766943814284872e+01 5.092981174747479578e+00
8.400178658622090566e+00 1.703460761286188685e+01 5.083773343000996370e+00
8.281420860969122444e+00 1.740534249189714444e+01 5.105137135594629783e+00
8.163514347408460381e+00 1.775555980739898132e+01 5.154754074130392105e+00
8.047392857204505034e+00 1.808119594050637247e+01 5.229644891770455217e+00
7.933880331169181233e+00 1.837856086341762918e+01 5.326280205540568247e+00
7.823685655769499370e+00 1.864444910871569761e+01 5.440709300850215868e+00
7.717401803253457260e+00 1.887623113630539962e+01 5.568700968015706465e+00
7.615509675750190333e+00 1.907191968379443736e+01 5.705889974389379837e+00
7.518385989660480995e+00 1.923020839980122432e+01 5.847922766132244377e+00
7.426313730810338853e+00 1.935048252124200374e+01 5.990596141746184600e+00
7.339493359902016678e+00 1.943280328226355635e+01 6.129983126265222459e+00
7.258053054831468565e+00 1.947786923327252495e+01 6.262541272433319151e+00
7.182056664796427903e+00 1.948695867972377727e+01 6.385199781670070074e+00
7.111508561486995283e+00 1.946185786872413104e+01 6.495422776185692193e+00
7.046355115945134528e+00 1.940477943772045677e+01 6.591246918073716543e+00
6.986483031179736791e+00 1.931827532156684413e+01 6.671292837381523455e+00
6.931715153656579531e+00 1.920514807574344829e+01 6.734751669961721809e+00
6.881804651703481213e+00 1.906836444677187714e+01 6.781350077083561523e+00
6.836428629813140923e+00 1.891097472980960958e+01 6.811298790027523253e+00
6.795182393347293015e+00 1.873604066986771954e+01 6.825230417373488123e+00
6.757575656335184533e+00 1.854657347875193096e+01 6.824131825901988080e+00
6.723031922049811371e+00 1.834548242096087378e+01 6.809275253964901076e+00
6.690892037984956353e+00 1.813553366587650117e+01 6.782151021294983373e+00
6.660422551993720575e+00 1.791931871824035838e+01 6.744403652482795053e+00
6.630829008435770611e+00 1.769923171392776240e+01 6.697772557110733160e+00
6.601273783478352364e+00 1.747745509666107111e+01 6.644037987828154357e+00
6.570897553928118029e+00 1.725595332235751300e+01 6.584972600917724961e+00
6.538843125019309532e+00 1.703647402640517328e+01 6.522298573896249785e+00
6.504280170004326678e+00 1.682055564765877165e+01 6.457650137164205439e+00
6.466429421379707776e+00 1.660953997300921614e+01 6.392541561610798340e+00
6.424584971390904897e+00 1.640458745929378637e+01 6.328340734505896847e+00
6.378133686426080473e+00 1.620669267888069953e+01 6.266248171311224802e+00
6.326571349145895695e+00 1.601669715467554767e+01 6.207280814900133059e+00
6.269515743271825592e+00 1.583529735554881057e+01 6.152259667733985360e+00
6.206717146708626842e+00 1.566304662878158993e+01 6.101800443971454158e+00
6.138066574843851875e+00 1.550035114175406825e+01 6.056306987319543644e+00
6.063601830729263398e+00 1.534746115964770397e+01 6.015967959218019523e+00
5.983511130191854654e+00 1.520445980384535112e+01 5.980757930758596075e+00
5.898133887757495586e+00 1.507125157930796888e+01 5.950444155427095261e+00
5.807958319529072710e+00 1.494755258080146909e+01 5.924599859919663203e+00
5.713615879215531379e+00 1.483288386874511033e+01 5.902624118446976986e+00
5.615873004723689554e+00 1.472656937531465005e+01 5.883767533593236898e+00
5.515620931786293646e+00 1.462773968157578963e+01 5.867162120717849483e+00
5.413864241538879796e+00 1.453534272173049580e+01 5.851853126226539636e+00
5.311708356986578394e+00 1.444816185227585414e+01 5.836830309749953649e+00
5.210345620580565829e+00 1.436484100057569435e+01 5.821056671605890465e+00
5.111039223163759360e+00 1.428391600436179409e+01 5.803493465542673313e+00
5.015104317483346286e+00 1.420385088178660737e+01 5.783121071587729034e+00
4.923886055132420836e+00 1.412307764577301938e+01 5.758955618512722197e+00
4.838734810371446926e+00 1.404003833012258262e+01 5.730061310227769766e+00
4.760979296754240586e+00 1.395322802942465223e+01 5.695558525011255036e+00
4.691898488634576481e+00 1.386123786256240287e+01 5.654628020163340096e+00
4.632693162640554085e+00 1.376279672949392108e+01 5.606511973080589684e+00
4.584457581884756827e+00 1.365681049950205583e+01 5.550513101157847906e+00
4.548151610374880249e+00 1.354239698845021245e+01 5.485993581856562606e+00
4.524573582805158978e+00 1.341891498504283753e+01 5.412375714257032122e+00
4.514334551108593274e+00 1.328598576401948783e+01 5.329146132897343513e+00
4.517834839781498246e+00 1.314350587934684000e+01 5.235864945328506437e+00
4.535243956756557893e+00 1.299165044712676753e+01 5.132180480119819421e+00
4.566484850437892540e+00 1.283086662334962469e+01 5.017849539077581689e+00
4.611223419822694680e+00 1.266185761724056391e+01 4.892762352857064734e+00
4.668864163257210542e+00 1.248555818384920535e+01 4.756970884527810917e+00
4.738552896375562540e+00 1.230310276421188398e+01 4.610718544416800846e+00
4.819187469055089323e+00 1.211578734523770073e+01 4.454468790001060441e+00
4.909437158523748401e+00 1.192502625616021028e+01 4.288929863895727834e+00
5.007770810892479219e+00 1.173230571458611848e+01 4.115073307506265543e+00
5.112493034618036170e+00 1.153913631647925975e+01 3.934144518114027100e+00
5.221787185967193601e+00 1.134700607882986745e+01 3.747663866369266294e+00
5.333763726863368859e+00 1.115733434651995104e+01 3.557416606661097713e+00
5.446512593175697248e+00 1.097142605377428026e+01 3.365429583072276465e+00
5.558158123679890039e+00 1.079042639526030634e+01 3.173933317607688931e+00
5.666914715367139976e+00 1.061527754507321042e+01 2.985309546028256822e+00
5.771140864155911210e+00 1.044668039060149312e+01 2.802025899314560586e+00
5.869388921899493461e+00 1.028506445207134234e+01 2.626560424494734480e+00
5.960447961867175515e+00 1.013056839290221234e+01 2.461318935235865091e+00
6.043377632327007198e+00 9.983032419304219474e+00 2.308548358103153841e+00
6.117531646121109112e+00 9.842002876997126393e+00 2.170249735237315125e+00
6.182570339572959206e+00 9.706748625178537537e+00 2.048095151992236129e+00
6.238462313975494666e+00 9.576288199048516248e+00 1.943353038892679407e+00
6.285475498221710922e+00 9.449426160049188894e+00 1.856825798290028251e+00
6.324158116569831733e+00 9.324796341429946622e+00 1.788802735120274656e+00
6.355310083351669803e+00 9.200909211538267130e+00 1.739030239597111116e+00
6.379945379127549110e+00 9.076200698345369133e+00 1.706700397055993523e+00
6.399246202767259639e+00 8.949080625262022082e+00 1.690458725370612925e+00
6.414510299938299021e+00 8.817980047723342096e+00 1.688431341325033141e+00
6.427093713540203979e+00 8.681397750919481737e+00 1.698271286566004346e+00
6.438351961822394109e+00 8.537946535196775599e+00 1.717222933195419188e+00
6.449583073795026600e+00 8.386399478529227736e+00 1.742202486918141835e+00
6.461975900130937589e+00 8.225735372505791787e+00 1.769891821024986100e+00
6.476566664044148602e+00 8.055181489822340168e+00 1.796842230643487248e+00
6.494205875947766771e+00 7.874251094136766937e+00 1.819584093414174708e+00
6.515536600744952445e+00 7.682772737737243673e+00 1.834737976383380653e+00
6.540983789665741455e+00 7.480908417528204346e+00 1.839122759003702701e+00
6.570753265472182747e+00 7.269158045085066355e+00 1.829856924244132488e+00
6.604838343552733804e+00 7.048348387207643562e+00 1.804449922704135956e+00
6.643032137727816533e+00 6.819605558220074748e+00 1.760880994925231535e+00
6.684944136830957895e+00 6.584311053443245854e+00 1.697663022900229635e+00
6.730020235070707457e+00 6.344042028563105617e+00 1.613889170770406167e+00
6.777565708604898376e+00 6.100497298476741825e+00 1.509260487243624826e+00
6.826770557709467724e+00 5.855411811251465259e+00 1.384093361396338651e+00
6.876736341304359179e+00 5.610464193382541431e+00 1.239306746420378191e+00
6.926503370410553195e+00 5.367183764335257123e+00 1.076390186694469397e+00
6.975077057485631116e+00 5.126864385320383022e+00 8.973546158762107927e-01
7.021452367235666792e+00 4.890492314677133301e+00 7.046686087079473415e-01
7.064635638309805898e+00 4.658694192400353984e+00 5.011833917518984105e-01
7.103663472287738756e+00 4.431709772869361075e+00 2.900503176541618933e-01
7.137618830961850236e+00 4.209392193117112768e+00 7.463440611984777096e-02
7.165644845540569463e+00 3.991236494440334681e+00 -1.415729730659844587e-01
7.186957026096481016e+00 3.776435062050708336e+00 -3.550397331164011350e-01
7.200854544241214406e+00 3.563956729104028387e+00 -5.622747905828977544e-01
7.206731130762913828e+00 3.352644290517206471e+00 -7.599039703478538410e-01
7.204085989605584217e+00 3.141322966627360547e+00 -9.447388930037236010e-01
7.192534993697627499e+00 2.928910465858618029e+00 -1.113838733268946779e+00
7.171822199220408756e+00 2.714518712763429154e+00 -1.264565758680857188e+00
7.141831319480562712e+00 2.497538645428469373e+00 -1.394635873977476681e+00
7.102596334187509797e+00 2.277702328368165663e+00 -1.502164745496614939e+00
7.054310075374059075e+00 2.055119854283672165e+00 -1.585708862564829680e+00
6.997329553873557373e+00 1.830291178733912894e+00 -1.644299819884968761e+00
6.932176985579481254e+00 1.604094815593563039e+00 -1.677469601807234589e+00
6.859535881709369676e+00 1.377756344347077722e+00 -1.685264738529361317e+00
6.780242024638543086e+00 1.152800228917773451e+00 -1.668247758991133978e+00
6.695269490016290348e+00 9.309887426486127548e-01 -1.627485213856570523e+00
6.605712075141173756e+00 7.142519398734741287e-01 -1.564522443019879194e+00
6.512760673786639920e+00 5.046126319561147211e-01 -1.481345932270281773e+00
6.417677392444827156e+00 3.041101428855888522e-01 -1.380334313916220967e+00
6.321767493491398326e+00 1.147261865568422329e-01 -1.264198885448697407e+00
6.226350445395205213e+00 -6.168439047423138893e-02 -1.135914451925377433e+00
6.132731337427618890e+00 -2.234559212825846242e-01 -9.986418593148634892e-01
6.042173638767400767e+00 -3.691658403398630495e-01 -8.556447157921062141e-01
5.955873808933515257e+00 -4.976791635542611725e-01 -7.102038890459423381e-01
5.874937753442013744e+00 -6.081825500428083009e-01 -5.655338190798381293e-01
5.800358799559140799e+00 -7.002070323209096392e-01 -4.247042610239767924e-01
5.732996921422326864e+00 -7.736388416088634257e-01 -2.905699223940319542e-01
5.673559303749683203e+00 -8.287181456945045266e-01 -1.657090544250434117e-01
5.622582708756425518e+00 -8.660255772070073466e-01 -5.237101828254014935e-02
