1.957014033091497796e+00
2.148276265824804465e+00
2.337700981172636805e+00
2.523626752215343050e+00
2.704504578364030021e+00
2.878930923138668163e+00
3.045674374541056828e+00
3.203695389724432907e+00
3.352158989986328663e+00
3.490440592806131281e+00
3.618125409454882480e+00
3.735002009855005856e+00
3.841050776200585659e+00
3.936428048401497737e+00
4.021446816118377399e+00
4.096554836447735326e+00
4.162311054911662644e+00
4.219361183737849075e+00
4.268413249215196714e+00
4.310213858934631936e+00
4.345525854347685346e+00
4.375107901471187333e+00
4.399696440867601588e+00
4.419990282308488005e+00
4.436638003290753751e+00
4.450228203711039221e+00
4.461282587781703945e+00
4.470251787578221503e+00
4.477513801054493925e+00
4.483374880557644993e+00
4.488072671034670336e+00
4.491781360003010093e+00
4.494618565747166450e+00
4.496653660500622429e+00
4.497917207480330859e+00
4.498411186634404757e+00
4.498119688340805666e+00
4.497019758480205631e+00
4.495092079214147773e+00
4.492331171801597023e+00
4.488754817192723401e+00
4.484412409776537878e+00
4.479391988404100466e+00
4.473825725087716698e+00
4.467893695537760834e+00
4.461825807269923061e+00
4.455901820486691811e+00
4.450449462168372783e+00
4.445840696423513982e+00
4.442486262253725116e+00
4.440828618348965584e+00
4.441333450495989155e+00
4.444479915007919502e+00
4.450749822656161925e+00
4.460616012820653786e+00
4.474530218071218535e+00
4.492910762749998455e+00
4.516130464207966710e+00
4.544505105232962805e+00
4.578282820808450282e+00
4.617634697849752001e+00
4.662646831402644132e+00
4.713314021330431203e+00
4.769535232254287216e+00
4.831110876500912532e+00
4.897741915595674733e+00
4.969030713905955743e+00
5.044483525507510002e+00
5.123514461585854995e+00
5.205450780440130210e+00
5.289539372138479578e+00
5.374954371826180299e+00
5.460805911992277828e+00
5.546150089118294879e+00
5.630000254305567609e+00
5.711339735011839558e+00
5.789136061320153459e+00
5.862356713166780864e+00
5.929986328124931205e+00
5.991045211079610411e+00
6.044608869171780974e+00
6.089828170362388882e+00
6.125949609684877117e+00
6.152335075571155443e+00
6.168480444549153674e+00
6.174032300720017297e+00
6.168802081769810819e+00
6.152776996204350368e+00
6.126127131372594015e+00
6.089208271732921673e+00
6.042560067571496774e+00
5.986899335043656123e+00
5.923108429333998615e+00
5.852218811306955537e+00
5.775390114233982075e+00
5.693885195893937379e+00
5.609041821186231402e+00
5.522241757911954707e+00
5.434878182479654818e+00
5.348322379034155638e+00
5.263890769305556994e+00
5.182813326120074393e+00
5.106204396290856984e+00
5.035036886456595973e+00
4.970120651998791494e+00
4.912085782747410256e+00
4.861371308959023807e+00
4.818219663872371328e+00
4.782677037304801537e+00
4.754599537799959030e+00
4.733664852996853689e+00
4.719388874220810770e+00
4.711146555837107286e+00
4.708196136836229506e+00
4.709705775831016794e+00
4.714781640642208060e+00
4.722496536282005053e+00
4.731918230169000594e+00
4.742136721870644500e+00
4.752289794431834302e+00
4.761586271055673336e+00
4.769326485498208257e+00
4.774919559801012348e+00
4.777897171575938629e+00
4.777923588291804968e+00
4.774801851068276370e+00
4.768476102747619905e+00
4.759030164755427172e+00
4.746682567038227774e+00
4.731778325561141862e+00
4.714777842001319996e+00
4.696243363292611939e+00
4.676823479154368357e+00
4.657236156160412754e+00
4.638250812106879728e+00
4.620669924526192851e+00
4.605310636322397677e+00
4.592986764624072293e+00
4.584491543063954566e+00
4.580581350999999302e+00
4.581960618389685713e+00
4.589268041008476295e+00
4.603064193725955100e+00
4.623820592093998094e+00
4.651910227089418370e+00
4.687599581861182862e+00
4.731042130333441342e+00
4.782273316911937577e+00
4.841207024531387404e+00
4.907633550308787562e+00
4.981219118640109578e+00
5.061506967719833661e+00
5.147920044653730542e+00
5.239765333216277021e+00
5.336239817131121832e+00
5.436438058253711070e+00
5.539361354599745546e+00
5.643928445058666199e+00
5.748987743922738147e+00
5.853331107270881795e+00
5.955709138408566972e+00
6.054848019165298467e+00
6.149467804659123793e+00
6.238302043816808862e+00
6.320118492962570222e+00
6.393740583573605640e+00
6.458069194101420329e+00
6.512104164220435365e+00
6.554964887170305232e+00
6.585909238615940353e+00
6.604350070549265261e+00
6.609868537068666505e+00
6.602223632631200267e+00
6.581357496870747781e+00
6.547396243251952797e+00
6.500646276779855626e+00
6.441586266252038229e+00
6.370855119022182045e+00
6.289236456913892326e+00
6.197640202173035462e+00
6.097081955439498380e+00
5.988660888448744224e+00
5.873536879223619778e+00
5.752907583315460371e+00
5.627986069442621364e+00
5.499979568898481830e+00
5.370069808136936018e+00
5.239395313485550432e+00
5.109035989109221632e+00
4.980000172376177758e+00
4.853214273966397485e+00
4.729515024443746718e+00
4.609644275778109090e+00
4.494246239030488255e+00
4.383866973569181091e+00
4.278955880116381394e+00
4.179868895837117293e+00
4.086873053048714510e+00
4.000152050401484694e+00
3.919812498420856883e+00
3.845890539075411674e+00
3.778358597935230989e+00
3.717132097641324240e+00
3.662076027256019994e+00
3.613011311303754969e+00
3.569720953721292833e+00
3.531955952517955577e+00
3.499440996680359905e+00
3.471879968533741145e+00
3.448961280901358784e+00
3.430363077892756518e+00
3.415758320558144323e+00
3.404819765352405714e+00
3.397224828655127205e+00
3.392660318929540342e+00
3.390827009742074072e+00
3.391444018789847803e+00
3.394252949205838643e+00
3.399021741962316323e+00
3.405548184230208886e+00
3.413663017337016825e+00
3.423232586271739653e+00
3.434160967989637214e+00
3.446391510246773482e+00
3.459907710989636342e+00
3.474733370567402169e+00
3.490931951077524964e+00
3.508605077232830993e+00
3.527890113812420125e+00
3.548956761594122433e+00
3.572002633875420496e+00
3.597247812003346201e+00
3.624928424513662595e+00
3.655289341543149106e+00
3.688576119686311383e+00
3.725026371699299066e+00
3.764860770378677834e+00
3.808273926662153475e+00
3.855425408724419079e+00
3.906431189781375934e+00
3.961355820393522187e+00
4.020205606556944922e+00
4.082923035020226799e+00
4.149382631251398834e+00
4.219388378493622582e+00
4.292672779721451448e+00
4.368897609897484990e+00
4.447656377425520446e+00
4.528478482870567312e+00
4.610835025084316641e+00
4.694146159433316257e+00
4.777789862513460939e+00
4.861111905442534464e+00
4.943436783477067387e+00
5.024079293566597215e+00
5.102356402586954331e+00
5.177599024412234741e+00
5.249163335840451694e+00
5.316441307885480860e+00
5.378870199932024754e+00
5.435940851210316005e+00
5.487204698253577817e+00
5.532279531439368014e+00
5.570854058776453677e+00
5.602691364524580386e+00
5.627631344260841217e+00
5.645592181371389628e+00
5.656570912080933766e+00
5.660643109268374218e+00
5.657961696376520244e+00
5.648754878230260346e+00
5.633323146799891212e+00
5.612035294900614701e+00
5.585323362933332980e+00
5.553676465275205310e+00
5.517633496231866275e+00
5.477774792195202025e+00
5.434712913012758939e+00
5.389082785083105342e+00
5.341531503907075873e+00
5.292708112377178864e+00
5.243253652189411085e+00
5.193791739699483934e+00
5.144919857539720809e+00
5.097201489007221475e+00
5.051159161053489832e+00
5.007268411224187865e+00
4.965952660044290923e+00
4.927578955947613082e+00
4.892454563990639826e+00
4.860824385774654921e+00
4.832869216296606041e+00
4.808704857173391467e+00
4.788382114168222792e+00
4.771887712357508526e+00
4.759146165856591004e+00
4.750022638982554390e+00
4.744326827620060527e+00
4.741817869916260975e+00
4.742210264380386953e+00
4.745180733376043847e+00
4.750375925689581003e+00
4.757420813004383575e+00
4.765927612046472639e+00
4.775505057688323340e+00
4.785767851667181993e+00
4.796346106037558954e+00
4.806894589884704416e+00
4.817101579014252621e+00
4.826697104370579972e+00
4.835460392501865101e+00
4.843226287348798564e+00
4.849890438358113620e+00
4.855413039405856779e+00
4.859820912118497205e+00
4.863207755044829383e+00
4.865732435637289299e+00
4.867615285920445345e+00
4.869132463536579358e+00
4.870608537713638775e+00
4.872407536178846144e+00
4.874922734509357980e+00
4.878565483970098704e+00
4.883753366501219162e+00
4.890897951878925731e+00
4.900392428184529692e+00
4.912599392216081107e+00
4.927839122362233759e+00
4.946378705162975287e+00
4.968422431442445664e+00
4.994103895211831734e+00
5.023480203036776892e+00
5.056528639185618346e+00
5.093146049234047901e+00
5.133151106249802531e+00
5.176289502050289926e+00
5.222241963470631632e+00
5.270634847127380063e+00
5.321052931858377910e+00
5.373053909996986732e+00
5.426183975909969703e+00
5.479993827079994162e+00
5.534054340195135424e+00
5.587971174966487986e+00
5.641397600971690629e+00
5.694044937996502576e+00
5.745690139585487799e+00
5.796180219075782958e+00
5.845433396980621588e+00
5.893437013550943959e+00
5.940242385485895227e+00
5.985956893129420919e+00
6.030733672330171657e+00
6.074759354742121253e+00
6.118240346657094264e+00
6.161388156483523559e+00
6.204404277908136756e+00
6.247465116750325009e+00
6.290707422183337449e+00
6.334214653654385963e+00
6.378004688035666447e+00
6.422019251066605428e+00
6.466115444468317541e+00
6.510059729232522407e+00
6.553524705751625490e+00
6.596088997956969457e+00
6.637240501398049553e+00
6.676383185496707284e+00
6.712847532421044150e+00
6.745904544326567276e+00
6.774783068682935117e+00
6.798689994905962486e+00
6.816832680691904400e+00
6.828442793992630655e+00
6.832800633528808731e+00
6.829258940790493781e+00
6.817265246637238540e+00
6.796381891633783034e+00
6.766302994677767302e+00
6.726867796965281698e+00
6.678069969134917905e+00
6.620062637646246806e+00
6.553159057883260807e+00
6.477829025809707986e+00
6.394691264725395285e+00
6.304502137704468545e+00
6.208141114901458479e+00
6.106593474057457449e+00
6.000930745467115912e+00
5.892289441178150788e+00
5.781848637636157306e+00
5.670807010246291746e+00
5.560359941036979059e+00
5.451677328251345322e+00
5.345882713972477163e+00
5.244034310829444046e+00
5.147108446505307633e+00
5.055985849404761368e+00
4.971441075577199165e+00
4.894135242860869539e+00
4.824612108920709908e+00
4.763297411552681382e+00
4.710501281931708029e+00
4.666423443448145747e+00
4.631160823289343753e+00
4.604717136132664201e+00
4.587013950341712665e+00
4.577902714756318936e+00
4.577177209870201935e+00
4.584585894215746471e+00
4.599843644678649923e+00
4.622642435666631577e+00
4.652660564207804939e+00
4.689570101682088321e+00
4.733042331801011748e+00
4.782751013724375611e+00
4.838373385004750560e+00
4.899588889097447719e+00
4.966075680443970519e+00
5.037505038545457836e+00
5.113533921834402918e+00
5.193796009445663664e+00
5.277891696361402651e+00
5.365377605638439462e+00
5.455756250732846091e+00
5.548466518997063446e+00
5.642875653185198459e+00
5.738273379148344233e+00
5.833868761731466179e+00
5.928790266243023410e+00
6.022089367035595942e+00
6.112747893029147228e+00
6.199689145857338879e+00
6.281792674953807776e+00
6.357912448110010217e+00
6.426898021040070574e+00
6.487618188001810893e+00
6.538986485366796053e+00
6.579987820318222269e+00
6.609705411809622788e+00
6.627347167139926221e+00
6.632270581253234099e+00
6.624005243525352249e+00
6.602272075597928946e+00
6.566998508525957234e+00
6.518328935056099560e+00
6.456629933740184235e+00
6.382489947062733648e+00
6.296713299544799192e+00
6.200308654179780277e+00
6.094472210379960231e+00
5.980566126287033768e+00
5.860092791169809523e+00
5.734665677666281880e+00
5.605977575613006358e+00
5.475767059476693177e+00
5.345784076166427923e+00
5.217755556367341896e+00
5.093351940424952318e+00
4.974155460886771074e+00
4.861630940534657164e+00
4.757099760388294740e+00
4.661717542138888781e+00
4.576455981588503086e+00
4.502089159665042750e+00
4.439184535375608753e+00
4.388098688007508130e+00
4.348977733751887342e+00
4.321762208922433679e+00
4.306196098010802942e+00
4.301839593829630104e+00
4.308085109151512881e+00
4.324176013671780616e+00
4.349227544695300374e+00
4.382249330207425686e+00
4.422168964582379402e+00
4.467856089762805460e+00
4.518146462097148763e+00
4.571865531892388645e+00
4.627851129754330550e+00
4.684974932265192571e+00
4.742162453603919303e+00
4.798411367057151544e+00
4.852807998741619500e+00
4.904541857831183016e+00
4.952918075060607883e+00
4.997367617797940476e+00
5.037455142132116315e+00
5.072884335282393131e+00
5.103500597094829061e+00
5.129290911757654392e+00
5.150380779848943824e+00
5.167028125262433491e+00
5.179614161753558044e+00
5.188631291893813113e+00
5.194668207190898279e+00
5.198392454103515803e+00
5.200530819811658212e+00
5.201847967442245313e+00
5.203123810387922710e+00
5.205130162489389534e+00
5.208607237887332708e+00
5.214240596742142131e+00
5.222639132761184300e+00
5.234314674081774754e+00
5.249663728008842511e+00
5.268951853119792972e+00
5.292301098050233854e+00
5.319680908000835373e+00
5.350902861995566084e+00
5.385619553119996183e+00
5.423327847212676467e+00
5.463376645875669624e+00
5.504979137429380387e+00
5.547229351595420077e+00
5.589122654206353680e+00
5.629579642723204103e+00
5.667472742051324452e+00
5.701654659966751915e+00
5.730987752679634006e+00
5.754373287730469855e+00
5.770779586403799399e+00
5.779268087397441356e+00
5.779016492974744956e+00
5.769338323096163457e+00
5.749698391110818818e+00
5.719723905456723045e+00
5.679211081228700664e+00
5.628127309109661525e+00
5.566609076273103973e+00
5.494955960833117103e+00
5.413621123715075534e+00
5.323198795753922852e+00
5.224409299789473771e+00
5.118082159020294064e+00
5.005137833639150102e+00
4.886568607991955027e+00
4.763419124530002158e+00
4.636767029002200502e+00
4.507704151781412705e+00
4.377318601108791896e+00
4.246678086677857955e+00
4.116814728366303910e+00
3.988711535392317931e+00
3.863290669150813095e+00
3.741403537415032510e+00
3.623822716655452414e+00
3.511235665397883121e+00
3.404240173399666780e+00
3.303341485309525094e+00
3.208951037415231688e+00
3.121386746104361176e+00
3.040874781889725487e+00
2.967552747615018749e+00
2.901474150306505351e+00
2.842614018331286463e+00
2.790875480822513577e+00
2.746097103473672973e+00
2.708060765798330216e+00
2.676499868245564073e+00
2.651107670038129527e+00
2.631545576124798558e+00
2.617451210324469368e+00
2.608446128533294939e+00
2.604143040458906100e+00
2.604152425783634595e+00
2.608088456548618428e+00
2.615574169058416221e+00
2.626245856152312541e+00
2.639756669081410489e+00
2.655779431328087803e+00
2.674008681602564774e+00
2.694161982525427046e+00
2.715980550940877869e+00
2.739229279482648938e+00
2.763696225698452746e+00
2.789191647903961346e+00
2.815546668461847535e+00
2.842611645480453753e+00
2.870254333934513458e+00
2.898357919723907106e+00
2.926819015423607784e+00
2.955545709267553445e+00
2.984455753275434997e+00
3.013474961350406378e+00
3.042535866968296698e+00
3.071576666913235609e+00
3.100540457156659269e+00
3.129374754125471281e+00
3.158031288505711576e+00
3.186466050892869717e+00
3.214639550820307612e+00
3.242517225242140366e+00
3.270069912101674525e+00
3.297274301995042567e+00
3.324113300269217586e+00
3.350576267889929127e+00
3.376659149541190175e+00
3.402364525599313350e+00
3.427701630778484887e+00
3.452686369775054942e+00
3.477341340359775046e+00
3.501695853823922899e+00
3.525785920134020479e+00
3.549654139764923499e+00
3.573349423424040161e+00
3.596926455106713494e+00
3.620444826624316992e+00
3.643967800032202664e+00
3.667560694760663598e+00
3.691288944326094335e+00
3.715215914130433728e+00
3.739400604951621521e+00
3.763895379076147574e+00
3.788743839830274851e+00
3.813978978724855473e+00
3.839621685673838325e+00
3.865679700545506137e+00
3.892147066665421651e+00
3.919004123854637367e+00
3.946218047322898936e+00
3.973743901351941776e+00
4.001526139007381744e+00
4.029500448007673263e+00
4.057595824659162353e+00
4.085736755759382000e+00
4.113845400064132463e+00
4.141843678645290794e+00
4.169655199151413250e+00
4.197206948243827895e+00
4.224430688473606033e+00
4.251263992106390610e+00
4.277650840856834336e+00
4.303541726448945504e+00
4.328893206811917693e+00
4.353666903821716616e+00
4.377827968001976267e+00
4.401343081375054922e+00
4.424178114503919623e+00
4.446295588805996957e+00
4.467652118798701721e+00
4.488196025487327212e+00
4.507865322343603154e+00
4.526586272155792123e+00
4.544272688569127361e+00
4.560826109531497252e+00
4.576136907153435018e+00
4.590086328947421634e+00
4.602549399083796899e+00
4.613398553598099028e+00
4.622507845270106941e+00
4.629757533344406539e+00
4.635038868546070390e+00
4.638258890320855699e+00
4.639345063467810171e+00
4.638249588124104150e+00
4.634953219346537701e+00
4.629468437235238376e+00
4.621841823910725289e+00
4.612155530611906862e+00
4.600527750136546246e+00
4.587112140713808017e+00
4.572096177762184688e+00
4.555698445820551612e+00
4.538164928176073865e+00
4.519764400373257551e+00
4.500783072094503012e+00
4.481518640777488294e+00
4.462273923812677623e+00
4.443350237359704913e+00
4.425040699434108937e+00
4.407623650841741458e+00
4.391356395319500727e+00
4.376469446754532200e+00
4.363161437393612729e+00
4.351594798296920530e+00
4.341892282733750719e+00
4.334134369288111799e+00
4.328357555624442909e+00
4.324553538418881793e+00
4.322669273046618521e+00
4.322607917700829638e+00
4.324230681759215322e+00
4.327359604334707122e+00
4.331781279277019614e+00
4.337251520052221920e+00
4.343500928111908799e+00
4.350241296000603164e+00
4.357172742491043138e+00
4.363991440147159118e+00
4.370397756669555989e+00
4.376104595432595445e+00
4.380845693287199971e+00
4.384383617395152477e+00
4.386517201085909257e+00
4.387088178277313233e+00
4.385986818538152754e+00
4.383156420245490459e+00
4.378596574101880634e+00
4.372365159149977920e+00
4.364579080976112913e+00
4.355413805383137493e+00
4.345101770285880960e+00
4.333929762052813217e+00
4.322235317214299322e+00
4.310402167700008391e+00
4.298854707225424399e+00
4.288051435758705843e+00
4.278477346449435004e+00
4.270635253122120112e+00
4.265036109379757079e+00
4.262188434218352917e+00
4.262587024887384501e+00
4.266701198690434182e+00
4.274962859746549881e+00
4.287754735474445411e+00
4.305399169564022799e+00
4.328147886846525516e+00
4.356173148565502196e+00
4.389560681590385371e+00
4.428304689375761605e+00
4.472305148633808791e+00
4.521367485034264888e+00
4.575204621169004504e+00
4.633441308289449445e+00
4.695620589533140432e+00
4.761212190932000432e+00
4.829622590511667646e+00
4.900206470657543889e+00
4.972279214324803576e+00
5.045130066270176350e+00
5.118035553866008946e+00
5.190272753488817337e+00
5.261131998657477382e+00
5.329928655328423304e+00
5.396013640705424663e+00
5.458782434148713669e+00
5.517682413964131172e+00
5.572218442698652296e+00
5.621956714308615766e+00
5.666526970202472313e+00
5.705623280965977706e+00
5.739003663118322329e+00
5.766488845524126106e+00
5.787960515276724394e+00
5.803359357935608642e+00
5.812683162981579166e+00
5.815985196078739428e+00
5.813372950771533709e+00
5.805007290507070650e+00
5.791101889548073700e+00
5.771922795471990497e+00
5.747787879864985072e+00
5.719065922875468999e+00
5.686175091965885109e+00
5.649580619000785120e+00
5.609791535784996341e+00
5.567356378330738487e+00
5.522857809339366320e+00
5.476906144703545642e+00
5.430131813049324130e+00
5.383176829242368733e+00
5.336685416549044270e+00
5.291293957824684924e+00
5.247620485882033670e+00
5.206253934613970458e+00
5.167743370632569722e+00
5.132587421529504645e+00
5.101224122596804911e+00
5.074021422561136418e+00
5.051268613881680025e+00
5.033168973395191870e+00
5.019833908214009988e+00
5.011278899224647532e+00
5.007421519157068346e+00
5.008081768211039453e+00
5.012984909480892703e+00
5.021766895080984838e+00
5.033982357639598781e+00
5.049115014260278755e+00
5.066590206268932306e+00
5.085789188911333802e+00
5.106064696074175124e+00
5.126757241488020256e+00
5.147211588568420204e+00
5.166792831641742190e+00
5.184901576886804975e+00
5.200987780948973516e+00
5.214562890293406916e+00
5.225210018658174249e+00
5.232591996085083075e+00
5.236457215257415143e+00
5.236643286616076587e+00
5.233078587270470372e+00
5.225781840384563282e+00
5.214859888050365377e+00
5.200503829483287710e+00
5.182983697947276092e+00
5.162641847555561547e+00
5.139885213027710620e+00
5.115176592727891602e+00
5.089025096083079625e+00
5.061975899354039576e+00
5.034599469497845980e+00
5.007480438549259283e+00
4.981206332576076257e+00
4.956356371755987311e+00
4.933490554939170103e+00
4.913139220439149746e+00
4.895793237853689028e+00
4.881894944517790158e+00
4.871829910396150431e+00
4.865919605245190738e+00
4.864415045047945085e+00
4.867491498445222220e+00
4.875244334300061766e+00
4.887686093454111536e+00
4.904744873183036979e+00
4.926264115907393659e+00
4.952003885409379969e+00
4.981643689179646728e+00
5.014786866373884600e+00
5.050966512785174167e+00
5.089652862918612186e+00
5.130262000382520782e+00
5.172165727424347104e+00
5.214702397930222944e+00
5.257188509159838041e+00
5.298930854612184049e+00
5.339239055198889083e+00
5.377438296836037246e+00
5.412882102137746010e+00
5.444964950909202628e+00
5.473134541312215440e+00
5.496903453645699322e+00
5.515859943870572657e+00
5.529677561149965115e+00
5.538123266474713979e+00
5.541063740745604704e+00
5.538469613305589512e+00
5.530417409706725351e+00
5.517089103156614271e+00
5.498769250623981364e+00
5.475839790918485939e+00
5.448772666588483027e+00
5.418120500374850046e+00
5.384505610996669134e+00
5.348607689294743395e+00
5.311150470476427188e+00
5.272887733012658451e+00
5.234588934177465624e+00
5.197024760655041931e+00
5.160952835697287355e+00
5.127103787872751894e+00
5.096167854050010604e+00
5.068782164088047715e+00
5.045518842025907169e+00
5.026874062128322329e+00
5.013258214556048031e+00
5.004987354577329128e+00
5.002276120250932934e+00
5.005232299804434959e+00
5.013853210717035935e+00
5.028024020443933928e+00
5.047518095636994495e+00
5.071999414545355300e+00
5.101027023536948590e+00
5.134061475498422844e+00
5.170473163088701085e+00
5.209552452051546823e+00
5.250521521409844183e+00
5.292547817655705700e+00
5.334759016378680663e+00
5.376259347048416792e+00
5.416147073464769868e+00
5.453532841470699388e+00
5.487558519231892085e+00
5.517416076841541006e+00
5.542365992832552379e+00
5.561754642368591739e+00
5.575030115589896695e+00
5.581755930590874826e+00
5.581622141776525936e+00
5.574453405562857178e+00
5.560213659647571305e+00
5.539007202067599778e+00
5.511076113454842940e+00
5.476794132467856180e+00
5.436657250501038874e+00
5.391271422722770268e+00
5.341337890262865429e+00
5.287636670220352109e+00
5.231008799714463642e+00
5.172337926680241615e+00
5.112531830775270514e+00
5.052504432005981094e+00
4.993158797410207406e+00
4.935371585320882382e+00
4.879979277044176555e+00
4.827766445629898762e+00
4.779456207686214597e+00
4.735702901181737978e+00
4.697086934136425640e+00
4.664111661089461514e+00
4.637202071425058136e+00
4.616705021326696468e+00
4.602890712017229546e+00
4.595955106143277291e+00
4.596022971212699204e+00
4.603151238078501351e+00
4.617332368482859550e+00
4.638497448744829832e+00
4.666518772303271057e+00
4.701211739442817894e+00
4.742335981033567904e+00
4.789595696232256117e+00
4.842639273976682368e+00
4.901058340447542960e+00
4.964386439751158342e+00
5.032097613070089182e+00
5.103605188401495241e+00
5.178261121919345733e+00
5.255356236521707025e+00
5.334121679750883693e+00
5.413731873925552662e+00
5.493309163070945189e+00
5.571930282394093048e+00
5.648634694262187672e+00
5.722434757534744953e+00
5.792327629757000551e+00
5.857308742907866517e+00
5.916386637255691028e+00
5.968598879537247548e+00
6.013028731542774175e+00
6.048822178788527459e+00
6.075204880934006013e+00
6.091498564579391761e+00
6.097136343195838748e+00
6.091676426117897059e+00
6.074813685087631754e+00
6.046388594048769605e+00
6.006393144040911736e+00
5.954973451633673420e+00
5.892428918032012852e+00
5.819207944923529219e+00
5.735900353892053438e+00
5.643226772575220096e+00
5.542025337035698662e+00
5.433236118175162055e+00
5.317883716289783180e+00
5.197058490709514089e+00
5.071896907039868729e+00
4.943561490797613089e+00
4.813220867941958581e+00
4.682030350967052001e+00
4.551113500077963891e+00
4.421545054978356148e+00
4.294335590824942983e+00
4.170418199661984460e+00
4.050637437538345154e+00
3.935740709887281419e+00
3.826372196224676170e+00
3.723069343731954195e+00
3.626261890261129661e+00
3.536273309094800865e+00
3.453324499202591547e+00
3.377539479296009173e+00
3.308952786297665316e+00
3.247518231206967254e+00
3.193118631533502505e+00
3.145576127083224982e+00
3.104662701083200638e+00
3.070110568832483899e+00
3.041622148456335495e+00
3.018879378633328781e+00
3.001552193090835541e+00
2.989306008600516762e+00
2.981808136300295509e+00
2.978733079436366893e+00
2.979766724989149296e+00
2.984609467378997127e+00
2.992978320445976337e+00
3.004608084189146933e+00
3.019251641234400818e+00
3.036679468492883505e+00
3.056678463224589581e+00
3.079050198706879460e+00
3.103608739332491595e+00
3.130178153016685005e+00
3.158589857134566969e+00
3.188679924697979562e+00
3.220286464840476093e+00
3.253247179678644407e+00
3.287397190306571293e+00
3.322567217952030916e+00
3.358582198779094696e+00
3.395260397985830458e+00
3.432413069105181957e+00
3.469844680460707931e+00
3.507353709624384308e+00
3.544733997376903645e+00
3.581776657811573727e+00
3.618272552485384708e+00
3.654015341769720759e+00
3.688805119896495732e+00
3.722452621804411610e+00
3.754783960188917913e+00
3.785645809319643007e+00
3.814910899541268385e+00
3.842483628861891987e+00
3.868305543129843649e+00
3.892360389142491606e+00
3.914678410419238475e+00
3.935339540581082041e+00
3.954475162449306858e+00
3.972268148461122639e+00
3.988950980694982551e+00
4.004801858014298332e+00
4.020138818191787422e+00
4.035312020753238471e+00
4.050694443652823828e+00
4.066671339226028969e+00
4.083628867912175053e+00
4.101942375855261780e+00
4.121964798972220123e+00
4.144015661777628701e+00
4.168371099471454677e+00
4.195255270698154071e+00
4.224833450840353777e+00
4.257207011974990962e+00
4.292410416108438653e+00
4.330410275497569295e+00
4.371106463774937723e+00
4.414335192012469378e+00
4.459873897982149060e+00
4.507447738211767252e+00
4.556737419892131769e+00
4.607388061070277097e+00
4.659018725381882220e+00
4.711232247858545996e+00
4.763624954925265165e+00
4.815795886237676626e+00
4.867355153471947915e+00
4.917931128679392749e+00
4.967176242753512660e+00
5.014771282772941596e+00
5.060428189164047907e+00
5.103891453812098966e+00
5.144938298105651064e+00
5.183377861593705838e+00
5.219049657413244780e+00
5.251821554101439915e+00
5.281587534249547744e+00
5.308265465696131891e+00
5.331795096472681905e+00
5.352136440738080481e+00
5.369268657763007546e+00
5.383189448793730847e+00
5.393914919658620910e+00
5.401479790875497677e+00
5.405937787771305736e+00
5.407362009568490002e+00
5.405845055662983789e+00
5.401498682626795222e+00
5.394452783553204789e+00
5.384853524421830961e+00
5.372860534155057266e+00
5.358643114703762755e+00
5.342375506378416183e+00
5.324231310266329231e+00
5.304377233268839475e+00
5.282966375857438557e+00
5.260131321459976306e+00
5.235977311237784981e+00
5.210575807413767357e+00
5.183958766410238006e+00
5.156113953273132822e+00
5.126981620136083606e+00
5.096452839250100730e+00
5.064369729544542231e+00
5.030527749853462183e+00
4.994680152316007593e+00
4.956544596380663137e+00
4.915811822570845813e+00
4.872156181984372836e+00
4.825247715725687669e+00
4.774765383945053010e+00
4.720410968878513636e+00
4.661923130124965731e+00
4.599091073378875905e+00
4.531767300537764775e+00
4.459878935765469343e+00
4.383437166022620346e+00
4.302544392333746082e+00
4.217398758378389623e+00
4.128295807918006766e+00
4.035627123706671426e+00
3.939875915867264933e+00
3.841609651409475301e+00
3.741469940283636220e+00
3.640160008871729858e+00
3.538430193734881435e+00
3.437061973340288734e+00
3.336851117206099726e+00
3.238590560792041106e+00
3.143053604736503193e+00
3.050977992823180607e+00
2.963051354960229311e+00
2.879898418848675590e+00
2.802070301987924950e+00
2.730036098339224448e+00
2.664176877552726808e+00
2.604782124034326074e+00
2.552048558427391978e+00
2.506081205846406146e+00
2.466896510090940797e+00
2.434427248959770473e+00
2.408528982445421018e+00
2.388987754085182491e+00
2.375528756487979010e+00
2.367825662758485272e+00
2.365510322823366707e+00
2.368182536224973322e+00
2.375419642228789208e+00
2.386785706997709422e+00
2.401840127341041242e+00
2.420145506048218653e+00
2.441274683511089449e+00
2.464816835198170963e+00
2.490382568488456183e+00
2.517607980568573378e+00
2.546157674044832842e+00
2.575726767535572392e+00
2.606041982233293641e+00
2.636861928387123299e+00
2.667976751800967605e+00
2.699207323221194166e+00
2.730404158188276753e+00
2.761446240401836505e+00
2.792239891752738234e+00
2.822717793830128663e+00
2.852838224710530834e+00
2.882584534991158964e+00
2.911964850861431753e+00
2.941011959555816624e+00
2.969783302412719372e+00
2.998360973813923191e+00
3.026851603464238760e+00
3.055385986968092382e+00
3.084118326457161441e+00
3.113224949793218954e+00
3.142902393507975400e+00
3.173364759982459482e+00
3.204840291521366513e+00
3.237567139715904485e+00
3.271788343472534777e+00
3.307746061074466226e+00
3.345675132750253411e+00
3.385796084888515800e+00
3.428307728908334351e+00
3.473379557549487906e+00
3.521144195165000657e+00
3.571690208562948499e+00
3.625055620388161426e+00
3.681222476728396309e+00
3.740112798484093837e+00
3.801586195505938903e+00
3.865439352928798034e+00
3.931407518916747890e+00
3.999168037171591639e+00
4.068345879068886894e+00
4.138521041733668859e+00
4.209237592509983195e+00
4.280014061473855769e+00
4.350354818527582879e+00
4.419762026227864737e+00
4.487747736939597942e+00
4.553845705485953133e+00
4.617622518001827103e+00
4.678687690273962474e+00
4.736702453378971889e+00
4.791387009849689349e+00
4.842526104301543732e+00
4.889972805451701099e+00
4.933650438455964959e+00
4.973552636465424115e+00
5.009741502348836306e+00
5.042343893021189238e+00
5.071545866832719796e+00
5.097585374151285542e+00
5.120743325148394476e+00
5.141333234611060732e+00
5.159689712880783041e+00
5.176156133065899390e+00
5.191071848260847332e+00
5.204759355900026030e+00
5.217511813848770608e+00
5.229581312375908730e+00
5.241168302546632241e+00
5.252412570689536153e+00
5.263386119922301098e+00
5.274088266263405878e+00
5.284443181640559928e+00
5.294300028531253588e+00
5.303435739640444346e+00
5.311560406720436944e+00
5.318325159452031770e+00
5.323332340184973255e+00
5.326147713006633921e+00
5.326314385835527077e+00
5.323368073184148841e+00
5.316853285590840805e+00
5.306339997468294989e+00
5.291440314274477252e+00
5.271824629819502839e+00
5.247236737537930296e+00
5.217507345098768567e+00
5.182565454177291642e+00
5.142447118742766499e+00
5.097301187598082706e+00
5.047391759241896203e+00
4.993097211548031211e+00
4.934905798819331224e+00
4.873407925328296031e+00
4.809285308147837057e+00
4.743297339657175371e+00
4.676265053669833804e+00
4.609053179745136397e+00
4.542550826376918316e+00
4.477651363243081661e+00
4.415232081859854496e+00
4.356134208036700706e+00
4.301143818835758914e+00
4.250974180632489663e+00
4.206249974208875919e+00
4.167493807915966464e+00
4.135115340127927475e+00
4.109403240054191997e+00
4.090520119151388023e+00
4.078500471481348200e+00
4.073251573423729788e+00
4.074557211118716715e+00
4.082084026701887858e+00
4.095390199651658847e+00
4.113936107699644573e+00
4.137096550116126537e+00
4.164174075866853286e+00
4.194412946198838199e+00
4.227013276430001021e+00
4.261144947228401314e+00
4.295960951864884692e+00
4.330609942028066150e+00
4.364247832198310917e+00
4.396048407768598842e+00
4.425212950468359274e+00
4.450978944741382115e+00
4.472627959452701418e+00
4.489492812214184170e+00
4.500964123337297451e+00
4.506496356336527676e+00
4.505613420331414432e+00
4.497913873267694207e+00
4.483075717512396530e+00
4.460860734188735854e+00
4.431118271160796596e+00
4.393788382091333489e+00
4.348904202585955225e+00
4.296593437054828435e+00
4.237078815023132883e+00
4.170677361523876137e+00
4.097798318263458306e+00
4.018939556641001332e+00
3.934682346655487439e+00
3.845684390108635942e+00
3.752671091016718918e+00
3.656425119035795035e+00
3.557774419704743618e+00
3.457578927333418761e+00
3.356716324280732522e+00
3.256067249902616201e+00
3.156500391566700259e+00
3.058857894707356806e+00
2.963941512303525538e+00
2.872499874734246283e+00
2.785217199880199779e+00
2.702703690483369225e+00
2.625487793404242431e+00
2.554010428458824311e+00
2.488621231900020270e+00
2.429576802271897318e+00
2.377040888711484001e+00
2.331086426447252613e+00
2.291699299188186156e+00
2.258783689040805953e+00
2.232168858412127754e+00
2.211617192681132771e+00
2.196833313854442693e+00
2.187474051238302408e+00
2.183159026474677855e+00
2.183481581725795984e+00
2.188019756330528587e+00
2.196347003114217600e+00
2.208042336017836949e+00
2.222699621089782251e+00
2.239935762139608766e+00
2.259397581730433480e+00
2.280767249976437760e+00
2.303766168193936981e+00
2.328157275154135064e+00
2.353745807462749084e+00
2.380378602498495866e+00
2.407942073688781992e+00
2.436359012814468983e+00
2.465584388249522529e+00
2.495600318092079384e+00
2.526410405740730170e+00
2.558033631230292482e+00
2.590497992653667314e+00
2.623834088880195203e+00
2.658068830466706611e+00
2.693219463650895484e+00
2.729288094234935347e+00
2.766256900539899366e+00
2.804084219385778898e+00
2.842701670406066583e+00
2.882012453545461650e+00
2.921890917190106851e+00
2.962183452221993196e+00
3.002710721195180898e+00
3.043271183198840379e+00
3.083645823674339148e+00
3.123603944939628008e+00
3.162909823099304241e+00
3.201329997477874389e+00
3.238640931115177146e+00
3.274636763024705299e+00
3.309136865899092950e+00
3.341992929981205673e+00
3.373095313252557403e+00
3.402378422379161993e+00
3.429824911143164901e+00
3.455468502663513686e+00
3.479395264613765804e+00
3.501743202426559787e+00
3.522700090315351140e+00
3.542499531727678619e+00
3.561415321748406360e+00
3.579754265438902294e+00
3.597847680976254736e+00
3.616041880388265017e+00
3.634687972086906971e+00
3.654131366627246802e+00
3.674701387044102763e+00
3.696701385202057821e+00
3.720399745592961605e+00
3.746022119218062052e+00
3.773745173597101488e+00
3.803692071299068722e+00
3.835929801571789977e+00
3.870468393598431867e+00
3.907261942804730381e+00
3.946211291043205449e+00
3.987168126027861081e+00
4.029940213851113562e+00
4.074297456512856463e+00
4.119978473227019933e+00
4.166697431000301322e+00
4.214150884688606880e+00
4.262024423000899453e+00
4.309998955187085201e+00
4.357756513434665635e+00
4.404985483983713479e+00
4.451385210679057458e+00
4.496669936054557226e+00
4.540572057448772902e+00
4.582844680112885705e+00
4.623263447918531277e+00
4.661627630531929078e+00
4.697760452411792187e+00
4.731508671915849895e+00
4.762741460866251053e+00
4.791348689546174988e+00
4.817238775951539154e+00
4.840336299726389235e+00
4.860579605493274613e+00
4.877918624664961733e+00
4.892313126549657554e+00
4.903731570412610985e+00
4.912150678798052894e+00
4.917555797707471754e+00
4.919942054113009888e+00
4.919316265604058991e+00
4.915699503549112670e+00
4.909130166054158195e+00
4.899667383072547011e+00
4.887394549541469679e+00
4.872422760084969440e+00
4.854893905289331180e+00
4.834983192808896213e+00
4.812900878601921839e+00
4.788893030486550906e+00
4.763241193441619892e+00
4.736260878980119493e+00
4.708298853556622809e+00
4.679729248800467367e+00
4.650948558020295387e+00
4.622369620228242937e+00
4.594414729416646637e+00
4.567508048438265966e+00
4.542067553135373359e+00
4.518496773831595981e+00
4.497176625020324892e+00
4.478457612689880740e+00
4.462652683657108099e+00
4.450030937579334989e+00
4.440812363597322232e+00
4.435163694426360159e+00
4.433195399945853765e+00
4.434959779232210408e+00
4.440450058872417394e+00
4.449600366963415432e+00
4.462286429631507900e+00
4.478326837075971234e+00
4.497484752402677088e+00
4.519469982202289238e+00
4.543941379064101227e+00
4.570509589780050952e+00
4.598740190982828047e+00
4.628157264532323012e+00
4.658247461761300556e+00
4.688464595433823767e+00
4.718234786304725148e+00
4.746962178703653557e+00
4.774035224802149813e+00
4.798833517570749052e+00
4.820735126493874034e+00
4.839124360572981232e+00
4.853399857564701492e+00
4.862982884636330994e+00
4.867325735757548344e+00
4.865920119744895800e+00
4.858305440958797128e+00
4.844076875000768112e+00
4.822893130828883379e+00
4.794483768375862098e+00
4.758655910133635203e+00
4.715300151789119099e+00
4.664395447647341264e+00
4.606012728512467014e+00
4.540317009542197191e+00
4.467567768961032471e+00
4.388117429658520585e+00
4.302407853560709761e+00
4.210964852669402347e+00
4.114390815252784606e+00
4.013355630613073544e+00
3.908586168060296018e+00
3.800854621976578862e+00
3.690966069567795493e+00
3.579745598310396737e+00
3.468025349160003934e+00
3.356631795516869854e+00
3.246373542485337715e+00
3.138029889578877185e+00
3.032340355520036113e+00
2.929995320533691938e+00
2.831627904196179824e+00
2.737807167070729353e+00
2.649032698697150856e+00
2.565730627469539282e+00
2.488251058412191519e+00
2.416866917273259752e+00
2.351774155966684265e+00
2.293093252148406869e+00
2.240871912448806569e+00
2.195088866457636456e+00
2.155658619552672572e+00
2.122437018810159781e+00
2.095227478714318803e+00
2.073787711528038091e+00
2.057836808352413005e+00
2.047062518353221616e+00
2.041128573818074443e+00
2.039681909090821144e+00
2.042359627778490339e+00
2.048795590565965608e+00
2.058626524530619673e+00
2.071497586601270591e+00
2.087067339448626768e+00
2.105012109853452884e+00
2.125029694924396306e+00
2.146842366138834279e+00
2.170199106527562982e+00
2.194877013636788998e+00
2.220681817423593607e+00
2.247447499846349395e+00
2.275035056236913711e+00
2.303330494953670815e+00
2.332242218245519361e+00
2.361697959179510420e+00
2.391641469231668538e+00
2.422029157871116389e+00
2.452826874013255054e+00
2.484006988954062134e+00
2.515545898505930467e+00
2.547422018015873313e+00
2.579614304560327032e+00
2.612101308695769841e+00
2.644860733824170307e+00
2.677869465330552590e+00
2.711104026335851902e+00
2.744541420512121466e+00
2.778160325948646481e+00
2.811942597169790670e+00
2.845875012998611897e+00
2.879951183327941422e+00
2.914173506293033622e+00
2.948555051965558782e+00
2.983121239317894968e+00
3.017911170100118667e+00
3.052978487614974146e+00
3.088391640388350012e+00
3.124233448945596070e+00
3.160599898204747848e+00
3.197598112649087554e+00
3.235343520634501147e+00
3.273956273555870933e+00
3.313557043044970118e+00
3.354262366467437140e+00
3.396179749163505956e+00
3.439402764515436584e+00
3.484006415643130961e+00
3.530043025729312500e+00
3.577538901510961100e+00
3.626491966089056440e+00
3.676870486376831781e+00
3.728612934250294941e+00
3.781628930657415566e+00
3.835801144202467761e+00
3.890987963820294215e+00
3.947026744152420719e+00
4.003737426782126185e+00
4.060926359071773462e+00
4.118390153207743154e+00
4.175919444391237079e+00
4.233302419401749006e+00
4.290327999997574082e+00
4.346788584502794706e+00
4.402482277084575735e+00
4.457214566073905537e+00
4.510799448491716213e+00
4.563060038252078954e+00
4.613828739008659419e+00
4.662947102329366267e+00
4.710265521480573980e+00
4.755642931250126715e+00
4.798946697498860381e+00
4.840052884039677927e+00
4.878847073422177161e+00
4.915225887797733506e+00
4.949099303476756084e+00
4.980393778041076303e+00
5.009056117705014799e+00
5.035057916751267015e+00
5.058400315225346944e+00
5.079118761316515851e+00
5.097287442165777449e+00
5.113023060292765543e+00
5.126487669392814972e+00
5.137890326774906313e+00
5.147487359157274511e+00
5.155581071427183915e+00
5.162516758946851247e+00
5.168677918979351915e+00
5.174479599195111135e+00
5.180359873704857065e+00
5.186769503503604106e+00
5.194159921233024946e+00
5.202969777934939977e+00
5.213610394041022111e+00
5.226450553994557602e+00
5.241801158553539786e+00
5.259900296236164507e+00
5.280899323499000708e+00
5.304850559698607526e+00
5.331697203532304030e+00
5.361266050086437751e+00
5.393263522654081044e+00
5.427275433164217233e+00
5.462770760081759214e+00
5.499109591286025278e+00
5.535555222774894979e+00
5.571290232850242496e+00
5.605436172065935807e+00
5.637076331819796060e+00
5.665280890422682347e+00
5.689133597200923376e+00
5.707759056019121147e+00
5.720349621258357331e+00
5.726190926783057300e+00
5.724685127108912752e+00
5.715371027234091628e+00
5.697940398173392929e+00
5.672249909683186431e+00
5.638328261229414551e+00
5.596378261507751084e+00
5.546773792619852372e+00
5.490051786634372100e+00
5.426899528812079154e+00
5.358137774171000345e+00
5.284700312730033822e+00
5.207610734666427099e+00
5.127957224424140037e+00
5.046866251250656354e+00
4.965476024353035811e+00
4.884910547089099886e+00
4.806255039026048337e+00
4.730533399776799541e+00
4.658688270329175651e+00
4.591564116195213430e+00
4.529893621934753867e+00
4.474287556158802914e+00
4.425228146723983791e+00
4.383065901873096415e+00
4.348019724793983798e+00
4.320180094904616297e+00
4.299515028281381213e+00
4.285878480229263765e+00
4.279020812028994314e+00
4.278600911557068898e+00
4.284199538209787939e+00
4.295333459443345880e+00
4.311469956705892059e+00
4.332041296573475364e+00
4.356458784494472880e+00
4.384126045160980922e+00
4.414451209504393958e+00
4.446857734066149703e+00
4.480793628143070251e+00
4.515738912551099382e+00
4.551211185535004589e+00
4.586769237062241267e+00
4.622014735438229494e+00
4.656592098784128275e+00
4.690186743068306185e+00
4.722521958920602003e+00
4.753354708113532112e+00
4.782470646229314504e+00
4.809678672405907740e+00
4.834805285752880266e+00
4.857688996974613538e+00
4.878175006913721745e+00
4.896110325624781545e+00
4.911339471748321195e+00
4.923700865683983352e+00
4.933024012109272327e+00
4.939127557785583988e+00
4.941818306956947460e+00
4.940891272457603733e+00
4.936130828468105136e+00
4.927313007373006926e+00
4.914208950416667498e+00
4.896589483316978964e+00
4.874230744974029861e+00
4.846920750938997990e+00
4.814466726891714288e+00
4.776703004694700994e+00
4.733499234978653547e+00
4.684768633016532569e+00
4.630475938201326080e+00
4.570644738878908875e+00
4.505363806374263369e+00
4.434792102937330505e+00
4.359162176038945624e+00
4.278781717784978511e+00
4.194033144893934306e+00
4.105371137280318550e+00
4.013318160070752150e+00
3.918458079879962863e+00
3.821428063466848712e+00
3.722909012290732012e+00
3.623614841726536806e+00
3.524280957816685600e+00
3.425652313372296032e+00
3.328471437353582196e+00
3.233466826570388086e+00
3.141342063170440735e+00
3.052765970468894530e+00
2.968364046454660787e+00
2.888711331579281616e+00
2.814326788804724533e+00
2.745669205455270045e+00
2.683134568418991783e+00
2.627054816188553410e+00
2.577697832484865170e+00
2.535268514725490974e+00
2.499910724193531664e+00
2.471709904383614820e+00
2.450696145849325269e+00
2.436847487562495918e+00
2.430093277138537733e+00
2.430317457518742952e+00
2.437361697153959561e+00
2.451028330578008507e+00
2.471083124473168802e+00
2.497257926128692684e+00
2.529253279999872817e+00
2.566741109453934300e+00
2.609367555085413404e+00
2.656756043316524707e+00
2.708510636006284056e+00
2.764219688078313641e+00
2.823459818276006228e+00
2.885800179938205368e+00
2.950807005360661872e+00
3.018048388677171623e+00
3.087099265352470923e+00
3.157546535497562257e+00
3.228994258726299638e+00
3.301068821649639329e+00
3.373423951697862577e+00
3.445745428906189733e+00
3.517755333491356495e+00
3.589215661424223214e+00
3.659931141506672425e+00
3.729751094554455637e+00
3.798570188199281272e+00
3.866327962008554664e+00
3.933007030996812148e+00
3.998629923014553000e+00
4.063254563975009503e+00
4.126968486644408962e+00
4.189881894624784664e+00
4.252119757752523377e+00
4.313813149054687379e+00
4.375090061029059285e+00
4.436065962967028931e+00
4.496834378927315967e+00
4.557457774241992610e+00
4.617959038085054146e+00
4.678313845558281336e+00
4.738444178572751575e+00
4.798213278592041497e+00
4.857422288337800431e+00
4.915808806113493468e+00
4.973047524875935821e+00
5.028753065638495556e+00
5.082485050284349271e+00
5.133755397780441321e+00
5.182037769624066037e+00
5.226779030544291160e+00
5.267412524460211465e+00
5.303372891959722502e+00
5.334112074853826435e+00
5.359116066530720701e+00
5.377921878494784202e+00
5.390134119168370930e+00
5.395440542812777629e+00
5.393625936766174966e+00
5.384583770725766882e+00
5.368325121899665042e+00
5.344984502800962822e+00
5.314822341380537551e+00
5.278223984792393964e+00
5.235695212840725254e+00
5.187854355683518826e+00
5.135421215349378343e+00
5.079203091965078798e+00
5.020078310057274784e+00
4.958977724178457613e+00
4.896864752913971941e+00
4.834714542372274160e+00
4.773492890922845788e+00
4.714135573392035816e+00
4.657528684416183395e+00
4.604490578122927502e+00
4.555755915465343087e+00
4.511962243030857245e+00
4.473639423952226579e+00
4.441202132239051359e+00
4.414945513785259124e+00
4.395044010968430115e+00
4.381553239738178895e+00
4.374414699854739297e+00
4.373463001813922446e+00
4.378435223557676004e+00
4.388981974255683483e+00
4.404679735833918031e+00
4.425044062965921121e+00
4.449543239276638751e+00
4.477612008310138059e+00
4.508665022566441749e+00
4.851770593659634478e+00
4.847440201123592196e+00
4.844404600724087295e+00
4.842701100559849259e+00
4.842330716941437352e+00
4.843258733740977817e+00
4.845416333989058799e+00
4.848703243223044801e+00
4.852991281485326880e+00
4.858128681031877782e+00
4.863944995964799567e+00
4.870256416397799271e+00
4.876871305335816587e+00
4.883595792728464779e+00
4.890239277531997608e+00
4.896619701655150259e+00
4.902568471502530834e+00
4.907934914219070244e+00
4.912590164352531374e+00
4.916430380410056422e+00
4.919379191176064481e+00
4.921389274668035441e+00
4.922442986448333890e+00
4.922551983961540145e+00
4.921755837227865804e+00
4.920119664782198754e+00
4.917730879566891922e+00
4.914695171127078765e+00
4.911131888679537205e+00
4.907169021194786040e+00
4.902937989173234534e+00
4.898568464070887529e+00
4.894183416863736369e+00
4.889894574331222543e+00
4.885798437033838759e+00
4.881972985864073244e+00
4.878475170654813731e+00
4.875339237305351681e+00
4.872575917250336452e+00
4.870172480014580252e+00
4.868093634336656095e+00
4.866283249460400029e+00
4.864666850414690380e+00
4.863154819239982274e+00
4.861646210380638600e+00
4.860033063289477262e+00
4.858205068084666678e+00
4.856054411396410586e+00
4.853480600543957024e+00
4.850395037664305242e+00
4.846725099487626309e+00
4.842417485567127144e+00
4.837440636176875586e+00
4.831786087323504120e+00
4.825468709694030522e+00
4.818525853175028573e+00
4.811015478537110646e+00
4.803013403147817328e+00
4.794609821455879661e+00
4.785905284155307804e+00
4.777006334029109347e+00
4.768021006201782264e+00
4.759054407036182432e+00
4.750204582680485288e+00
4.741558867384402909e+00
4.733190861854181364e+00
4.725158140389472017e+00
4.717500734488852210e+00
4.710240399086904617e+00
4.703380635305938640e+00
4.696907414500846478e+00
4.690790519869029396e+00
4.684985398084601016e+00
4.679435399736498802e+00
4.674074284222527353e+00
4.668828867136589622e+00
4.663621690493454430e+00
4.658373597299009461e+00
4.653006096948260506e+00
4.647443423177438859e+00
4.641614213182607251e+00
4.635452771199832789e+00
4.628899916670420112e+00
4.621903449156915755e+00
4.614418284402546533e+00
4.606406329831439272e+00
4.597836176359079374e+00
4.588682684422273006e+00
4.578926533739709370e+00
4.568553792707020555e+00
4.557555549375361004e+00
4.545927632525704531e+00
4.533670438207723308e+00
4.520788864735322043e+00
4.507292348058070885e+00
4.493194980552495998e+00
4.478515690801397220e+00
4.463278461703011679e+00
4.447512571468620557e+00
4.431252855390992451e+00
4.414539999015621774e+00
4.397420878323015536e+00
4.379948956831916540e+00
4.362184734223109928e+00
4.344196218657122799e+00
4.326059368985843534e+00
4.307858430182847087e+00
4.289686073896213259e+00
4.271643259953446403e+00
4.253838750754944442e+00
4.236388232642442908e+00
4.219413021769042871e+00
4.203038354351506634e+00
4.187391281462213399e+00
4.172598206832007328e+00
4.158782124547972359e+00
4.146059634478388212e+00
4.134537836215777418e+00
4.124311223707163521e+00
4.115458717213582140e+00
4.108040970060543806e+00
4.102098071055340966e+00
4.097647735176059847e+00
4.094684047434833829e+00
4.093176805458766943e+00
4.093071493726542442e+00
4.094289910689203005e+00
4.096731455235564034e+00
4.100275060971089403e+00
4.104781748249160422e+00
4.110097747778267419e+00
4.116058135813129404e+00
4.122490905236152692e+00
4.129221374848051518e+00
4.136076812296076710e+00
4.142891121638150764e+00
4.149509430671571408e+00
4.155792406139472206e+00
4.161620124412941379e+00
4.166895330352421212e+00
4.171545930432095872e+00
4.175526594244280965e+00
4.178819385469297210e+00
4.181433403647739411e+00
4.183403478796295261e+00
4.184788012745276120e+00
4.185666100518885990e+00
4.186134088126865826e+00
4.186301725908904814e+00
4.186288063232321832e+00
4.186217212855960490e+00
4.186214100207989119e+00
4.186400302546107177e+00
4.186890070539413422e+00
4.187786612034466671e+00
4.189178711376890796e+00
4.191137758264011026e+00
4.193715259027762876e+00
4.196940892957337077e+00
4.200821158984433978e+00
4.205338640547386042e+00
4.210451901361266458e+00
4.216096011642677333e+00
4.222183694115390296e+00
4.228607072442277293e+00
4.235239998547189799e+00
4.241940926329382577e+00
4.248556288045109319e+00
4.254924319234406838e+00
4.260879270739509117e+00
4.266255940383056000e+00
4.270894446285769419e+00
4.274645143815914317e+00
4.277373561445760863e+00
4.278965206666705434e+00
4.279330080635084244e+00
4.278406742380705730e+00
4.276165777249124389e+00
4.272612545161062592e+00
4.267789108927505737e+00
4.261775269425431389e+00
4.254688662777077468e+00
4.246683905622487210e+00
4.237950807177359280e+00
4.228711695792729763e+00
4.219217924518543938e+00
4.209745619299654074e+00
4.200590720274981926e+00
4.192063355372075861e+00
4.184481589092145626e+00
4.178164613030853403e+00
4.173425482882009874e+00
4.170563546057556970e+00
4.169856732804930743e+00
4.171553900601589149e+00
4.175867434394843869e+00
4.182966322338230292e+00
4.192969950441578497e+00
4.205942882715519637e+00
4.221890900581692030e+00
4.240758552193389264e+00
4.262428406163332184e+00
4.286722125537666628e+00
4.313403390871541454e+00
4.342182614502750226e+00
4.372723305612558953e+00
4.404649872089398066e+00
4.437556585104867501e+00
4.471017387423386502e+00
4.504596197812832159e+00
4.537857353443094155e+00
4.570375840405095147e+00
4.601746988079105094e+00
4.631595344848125073e+00
4.659582508799449130e+00
4.685413751994261133e+00
4.708843340646379438e+00
4.729678506574432895e+00
4.747782065479213998e+00
4.763073709804712230e+00
4.775530031021726352e+00
4.785183345253040343e+00
4.792119404340983380e+00
4.796474073852042608e+00
4.798429056652176783e+00
4.798206742521501589e+00
4.796064274568238694e+00
4.792286942725210608e+00
4.787181041304953588e+00
4.781066354044430255e+00
4.774268446637293550e+00
4.767110949989865176e+00
4.759908011359092583e+00
4.752957080250013178e+00
4.746532183307361485e+00
4.740877825599612905e+00
4.736203631568254302e+00
4.732679808196307292e+00
4.730433482516789745e+00
4.729545943453166146e+00
4.730050806779487083e+00
4.731933119329641002e+00
4.735129421727495291e+00
4.739528795573430209e+00
4.744974926155343553e+00
4.751269206809075385e+00
4.758174889738765678e+00
4.765422252651299040e+00
4.772714709502125174e+00
4.779735754515125556e+00
4.786156594938068665e+00
4.791644300029041403e+00
4.795870269982505540e+00
4.798518808858911022e+00
4.799295573619012600e+00
4.797935670050853751e+00
4.794211174442201795e+00
4.787937875496605322e+00
4.778981054379983995e+00
4.767260149408798497e+00
4.752752179763228391e+00
4.735493827786098286e+00
4.715582107085242392e+00
4.693173579062219325e+00
4.668482123066431733e+00
4.641775310438092106e+00
4.613369475025699273e+00
4.583623608692258600e+00
4.552932239369324563e+00
4.521717473777767005e+00
4.490420410442212962e+00
4.459492152732366321e+00
4.429384672976452997e+00
4.400541789596378983e+00
4.373390513775230914e+00
4.348333000544961635e+00
4.325739306157271535e+00
4.305941113798770203e+00
4.289226544630294846e+00
4.275836120025184428e+00
4.265959883824338661e+00
4.259735634390649395e+00
4.257248163591283330e+00
4.258529362384708250e+00
4.263559034839375705e+00
4.272266263178866375e+00
4.284531181545824907e+00
4.300187039959904034e+00
4.319022467121238051e+00
4.340783867261022166e+00
4.365177909259244871e+00
4.391874085748646017e+00
4.420507340111230477e+00
4.450680783090963821e+00
4.481968544179369296e+00
4.513918818579729653e+00
4.546057174519084754e+00
4.577890179566607820e+00
4.608909393771755347e+00
4.638595767457047714e+00
4.666424475232828328e+00
4.691870214638244718e+00
4.714412993096304128e+00
4.733544412269373503e+00
4.748774428775779377e+00
4.759638528921150247e+00
4.765705213349256120e+00
4.766583651894347184e+00
4.761931339579984268e+00
4.751461561752964968e+00
4.734950462466128052e+00
4.712243506853663000e+00
4.683261131911233832e+00
4.648003384737769750e+00
4.606553351382492778e+00
4.559079189070312843e+00
4.505834597260747643e+00
4.447157600193297533e+00
4.383467560720812450e+00
4.315260396732145232e+00
4.243102024873047107e+00
4.167620113120223735e+00
4.089494286605910744e+00
4.009444999143616961e+00
3.928221350044002858e+00
3.846588182510863430e+00
3.765312837007010582e+00
3.685151945534725471e+00
3.606838643693989876e+00
3.531070555130955135e+00
3.458498871276452835e+00
3.389718803152264481e+00
3.325261618972034316e+00
3.265588410521034213e+00
3.211085666978696018e+00
3.162062682946169101e+00
3.118750782573508573e+00
3.081304295218578293e+00
3.049803166742416582e+00
3.024257036611542659e+00
3.004610558654686514e+00
2.990749699086756141e+00
2.982508718288966687e+00
2.979677539500147798e+00
2.982009227932480577e+00
2.989227342668820064e+00
3.001032974168090117e+00
3.017111334608989726e+00
3.037137818722849492e+00
3.060783493410809353e+00
3.087720003999066876e+00
3.117623906739637185e+00
3.150180455374204325e+00
3.185086883992014783e+00
3.222055232550308901e+00
3.260814748005171015e+00
3.301113863797097814e+00
3.342721725480778172e+00
3.385429205727919388e+00
3.429049344485060935e+00
3.473417156205523604e+00
3.518388759769733198e+00
3.563839806291248191e+00
3.609663207546668584e+00
3.655766202774531237e+00
3.702066837179044612e+00
3.748489952415127391e+00
3.794962803064860779e+00
3.841410416489230428e+00
3.887750814216671902e+00
3.933890219391438237e+00
3.979718391114097198e+00
4.025104250243815684e+00
4.069891983810662417e+00
4.113897827995795176e+00
4.156907729223451753e+00
4.198676070149882200e+00
4.238925624723985486e+00
4.277348876909337960e+00
4.313610802385336562e+00
4.347353169472381929e+00
4.378200361296863186e+00
4.405766656028434980e+00
4.429664831053410801e+00
4.449515886502160456e+00
4.464959617624783661e+00
4.475665706970561430e+00
4.481344960561941981e+00
4.481760282757148772e+00
4.476736975593397005e+00
4.466171959203012243e+00
4.450041536981339085e+00
4.428407369907633395e+00
4.401420377946779539e+00
4.369322352050877711e+00
4.332445136262816909e+00
4.291207324078451180e+00
4.246108503755962715e+00
4.197721177894369049e+00
4.146680568367759889e+00
4.093672599249081223e+00
4.039420428323756695e+00
3.984669963412124982e+00
3.930174838338416965e+00
3.876681327235270480e+00
3.824913648952745326e+00
3.775560065736500714e+00
3.729260122018863033e+00
3.686593307915507989e+00
3.648069372988342884e+00
3.614120460547070479e+00
3.585095179055892256e+00
3.561254672253942211e+00
3.542770693832486550e+00
3.529725640119064423e+00
3.522114450180120482e+00
3.519848249336110957e+00
3.522759586034728496e+00
3.530609086523275320e+00
3.543093324601278127e+00
3.559853680522357955e+00
3.580485948843477040e+00
3.604550447365572285e+00
3.631582372574454265e+00
3.661102138059048716e+00
3.692625423358903536e+00
3.725672659842508061e+00
3.759777697655462436e+00
3.794495436828025703e+00
3.829408260808203845e+00
3.864131173429389943e+00
3.898315602174982075e+00
3.931651883077323273e+00
3.963870480162627885e+00
3.994742016210219848e+00
4.024076208208342997e+00
4.051719816463531743e+00
4.077553732114928664e+00
4.101489340516702775e+00
4.123464304657527890e+00
4.143437913826410579e+00
4.161386139442700305e+00
4.177296533771110099e+00
4.191163102722883949e+00
4.202981288149614691e+00
4.212743211118502806e+00
4.220433351428235724e+00
4.226024861343705474e+00
4.229476723062589372e+00
4.230731949762552624e+00
4.229716993485516774e+00
4.226342463150239759e+00
4.220505183301197505e+00
4.212091547854968532e+00
4.200982046181122698e+00
4.187056763084158639e+00
4.170201585189476035e+00
4.150314792395835894e+00
4.127313683214404172e+00
4.101140884065493708e+00
4.071770026545537213e+00
4.039210536100820370e+00
4.003511346105745439e+00
3.964763417765912124e+00
3.923101000095680302e+00
3.878701606979256589e+00
3.831784725653876844e+00
3.782609305536585698e+00
3.731470108308848399e+00
3.678693029616786792e+00
3.624629528293236369e+00
3.569650318777234599e+00
3.514138498780485342e+00
3.458482303702238081e+00
3.403067704255410497e+00
3.348271087610528163e+00
3.294452275440161948e+00
3.241948129931677247e+00
3.191066980704420075e+00
3.142084070382305416e+00
3.095238163262353126e+00
3.050729394675276929e+00
3.008718368829264023e+00
2.969326450029652786e+00
2.932637140705010914e+00
2.898698400457516033e+00
2.867525732655122450e+00
2.839105847551285589e+00
2.813400703717368057e+00
2.790351734723250932e+00
2.769884086392796707e+00
2.751910718760954389e+00
2.736336259672063065e+00
2.723060527684228127e+00
2.711981669256365191e+00
2.702998880551027661e+00
2.696014706328019983e+00
2.690936923557007976e+00
2.687680023144977337e+00
2.686166300437628163e+00
2.686326558858118663e+00
2.688100428602991698e+00
2.691436308032151281e+00
2.696290946972358604e+00
2.702628702825520701e+00
2.710420508121443639e+00
2.719642591201189674e+00
2.730274991421203001e+00
2.742299909842433880e+00
2.755699938307012431e+00
2.770456211835734983e+00
2.786546527718364974e+00
2.803943470974735952e+00
2.822612584325824514e+00
2.842510623007910908e+00
2.863583940459187627e+00
2.885767060021039221e+00
2.908981498851986647e+00
2.933134919576510402e+00
2.958120687939372662e+00
2.983817906612386217e+00
3.010091975646857154e+00
3.036795703465215546e+00
3.063770965748168429e+00
3.090850888423728460e+00
3.117862516091857827e+00
3.144629914263961545e+00
3.170977637052676990e+00
3.196734470809270867e+00
3.221737344240409140e+00
3.245835283583104136e+00
3.268893291414563418e+00
3.290796039517903449e+00
3.311451285707089465e+00
3.330792944494986862e+00
3.348783754886441866e+00
3.365417491800632099e+00
3.380720662607406446e+00
3.394753622102987922e+00
3.407611030289317000e+00
3.419421566786175593e+00
3.430346807244937679e+00
3.440579171266826108e+00
3.450338876517438536e+00
3.459869878824494815e+00
3.469434835736567635e+00
3.479309194124337701e+00
3.489774564992243366e+00
3.501111605247378300e+00
3.513592671637098430e+00
3.527474541241203632e+00
3.542991501121719899e+00
3.560349095698234212e+00
3.579718787737871999e+00
3.601233742590611353e+00
3.624985887420805852e+00
3.651024327542582437e+00
3.679355122790620491e+00
3.709942343914973684e+00
3.742710250898967139e+00
3.777546374417929176e+00
3.814305251659130924e+00
3.852812572177682693e+00
3.892869518100157133e+00
3.934257120855438661e+00
3.976740495465388214e+00
4.020072851804931346e+00
4.063999218072473774e+00
4.108259839732597563e+00
4.152593233659358063e+00
4.196738883961528721e+00
4.240439568925559399e+00
4.283443313047791356e+00
4.325504965814018554e+00
4.366387418026191902e+00
4.405862475067706008e+00
4.443711414144948080e+00
4.479725260132858544e+00
4.513704823366013308e+00
4.545460553883644117e+00
4.574812280898077788e+00
4.601588920424473095e+00
4.625628240221760556e+00
4.646776762634670099e+00
4.664889862361484063e+00
4.679832081599005988e+00
4.691477643666414288e+00
4.699711104950600848e+00
4.704428055750310200e+00
4.705535774255403147e+00
4.702953755827047111e+00
4.696614073535770650e+00
4.686461565287983078e+00
4.672453881187394131e+00
4.654561457328607155e+00
4.632767503435821332e+00
4.607068096878605523e+00
4.577472464236472582e+00
4.544003508328736451e+00
4.506698610091908641e+00
4.465610706429099075e+00
4.420809620396157769e+00
4.372383599243965691e+00
4.320440997874645639e+00
4.265112030807924448e+00
4.206550505860878530e+00
4.144935444776641553e+00
4.080472486594097781e+00
4.013394960808823519e+00
3.943964514265092536e+00
3.872471179032419553e+00
3.799232776909614362e+00
3.724593572322712376e+00
3.648922114168207109e+00
3.572608248835490219e+00
3.496059334483681447e+00
3.419695731012212025e+00
3.343945674695532944e+00
3.269239671194883012e+00
3.196004558337931289e+00
3.124657400450105982e+00
3.055599377984789200e+00
2.989209833309561581e+00
2.925840631018151061e+00
2.865810988625790312e+00
2.809402926212420937e+00
2.756857468426063829e+00
2.708371708369330388e+00
2.664096809990304848e+00
2.624136985453521032e+00
2.588549441593010592e+00
2.557345251478412074e+00
2.530491078349760503e+00
2.507911660972177881e+00
2.489492959796531846e+00
2.475085859575008040e+00
2.464510325009403591e+00
2.457559910897267219e+00
2.454006535370874431e+00
2.453605431516679314e+00
2.456100196554313442e+00
2.461227857933746765e+00
2.468723873507647326e+00
2.478326981475115431e+00
2.489783817326330695e+00
2.502853219369522986e+00
2.517310151379360761e+00
2.532949182126488896e+00
2.549587478013371822e+00
2.567067283832183744e+00
2.585257881978685113e+00
2.604057028652139838e+00
2.623391869109747976e+00
2.643219339107387711e+00
2.663526069107907457e+00
2.684327817247865067e+00
2.705668457763970025e+00
2.727618538130204495e+00
2.750273394365693402e+00
2.773750791388897685e+00
2.798188044515786288e+00
2.823738583251781620e+00
2.850567939329300415e+00
2.878849176082545203e+00
2.908757820960576890e+00
2.940466408308880286e+00
2.974138776813383789e+00
3.009924291243868844e+00
3.047952171674037647e+00
3.088326116767378338e+00
3.131119401614489650e+00
3.176370613449979174e+00
3.224080158184412515e+00
3.274207628425452210e+00
3.326670075335336207e+00
3.381341179230438421e+00
3.438051274390064638e+00
3.496588159887462410e+00
3.556698624399386777e+00
3.618090623335324718e+00
3.680436059493760848e+00
3.743374126881709341e+00
3.806515182694799826e+00
3.869445116166660537e+00
3.931730181622324682e+00
3.992922253104772334e+00
4.052564439880321778e+00
4.110196979929345851e+00
4.165363308494715255e+00
4.217616187145685203e+00
4.266523778840667802e+00
4.311675566364876033e+00
4.352688033685096158e+00
4.389210057781608221e+00
4.420927985074168731e+00
4.447570386148469446e+00
4.468912494837918636e+00
4.484780342414909526e+00
4.495054588842079646e+00
4.499674025163751701e+00
4.498638676351913723e+00
4.492012380692889550e+00
4.479924670493785399e+00
4.462571740178440827e+00
4.440216271182811703e+00
4.413185894312880997e+00
4.381870109806788705e+00
4.346715548621936875e+00
4.308219538471744769e+00
4.266922026956447844e+00
4.223396002608406974e+00
4.178236634104936620e+00
4.132049412660901311e+00
4.085437630294909361e+00
4.038989558519027412e+00
3.993265713431293218e+00
3.948786608362973904e+00
3.906021401128029424e+00
3.865377833773926852e+00
3.827193838255512404e+00
3.791731145129865421e+00
3.759171184190880144e+00
3.729613501897440120e+00
3.703076836716826747e+00
3.679502888654090142e+00
3.658762696594537012e+00
3.640665407917527130e+00
3.624969104493854566e+00
3.611393247590431343e+00
3.599632223272441589e+00
3.589369410799006399e+00
3.580291165008546717e+00
3.572100106147836129e+00
3.564527149780481796e+00
3.557341786221097646e+00
3.550360231118484311e+00
3.543451204670178267e+00
3.536539237331592922e+00
3.529605529304733480e+00
3.522686502588326274e+00
3.515870273587454520e+00
3.509291335368752485e+00
3.503123769733771820e+00
3.497573318413707444e+00
3.492868642266393486e+00
3.489252092884574719e+00
3.486970309838306470e+00
3.486264936667841319e+00
3.487363723552325823e+00
3.490472260979373242e+00
3.495766568277896003e+00
3.503386736505447629e+00
3.513431788519685739e+00
3.525955870065264897e+00
3.540965831729555369e+00
3.558420208295999032e+00
3.578229550181870167e+00
3.600258013923269385e+00
3.624326082764026680e+00
3.650214269654489474e+00
3.677667649225166091e+00
3.706401062748635233e+00
3.736104835604324492e+00
3.766450844700412137e+00
3.797098780790116646e+00
3.827702467252923402e+00
3.857916114560572485e+00
3.887400401672198136e+00
3.915828282738033295e+00
3.942890423996419980e+00
3.968300182271813803e+00
3.991798039144960342e+00
4.013155401302460845e+00
4.032177670823429594e+00
4.048706484977071973e+00
4.062621028911354237e+00
4.073838341220006320e+00
4.082312565063749510e+00
4.088033145794047307e+00
4.091022033279513970e+00
4.091330001535665062e+00
4.089032239950077141e+00
4.084223397938948175e+00
4.077012282664866483e+00
4.067516420606581917e+00
4.055856696566089603e+00
4.042152273906071791e+00
4.026515976526732210e+00
4.009050280948182277e+00
3.989844031694373072e+00
3.968969958549069421e+00
3.946483043274342517e+00
3.922419758939557077e+00
3.896798186457332669e+00
3.869618996831039048e+00
3.840867271758987567e+00
3.810515117553795683e+00
3.778525003838275609e+00
3.744853727648088881e+00
3.709456869786885047e+00
3.672293578988097273e+00
3.633331492472864799e+00
3.592551580110180609e+00
3.549952688575588322e+00
3.505555568341571782e+00
3.459406192707243921e+00
3.411578220659112759e+00
3.362174505916100564e+00
3.311327604193621710e+00
3.259199274632182508e+00
3.205979011046137028e+00
3.151881678984982393e+00
3.097144376624718198e+00
3.042022675066236026e+00
2.986786418034822255e+00
2.931715268641440719e+00
2.877094185065188547e+00
2.823208993558775415e+00
2.770342209508376730e+00
2.718769235356891745e+00
2.668755037951795028e+00
2.620551379858307772e+00
2.574394651435217174e+00
2.530504321450235405e+00
2.489081991949873451e+00
2.450311009814389429e+00
2.414356556323422609e+00
2.381366109816535737e+00
2.351470158363834440e+00
2.324783032585857168e+00
2.301403733335003032e+00
2.281416640536594542e+00
2.264892003326855807e+00
2.251886126766568630e+00
2.242441188865980539e+00
2.236584643658729110e+00
2.234328189067414705e+00
2.235666300404484996e+00
2.240574350081222299e+00
2.249006348682358158e+00
2.260892351661245581e+00
2.276135583232910431e+00
2.294609336637707830e+00
2.316153716506467397e+00
2.340572295773126754e+00
2.367628771775055707e+00
2.397043726445766243e+00
2.428491617852341911e+00
2.461598143992707932e+00
2.495938119554405255e+00
2.531033998124590401e+00
2.566355167606976018e+00
2.601318152003428530e+00
2.635287865534524876e+00
2.667580078397873145e+00
2.697465262623267801e+00
2.724173988034761518e+00
2.746904027500137957e+00
2.764829304412208977e+00
2.777110775245724916e+00
2.782909290141005076e+00
2.781400418232006011e+00
2.771791161788583757e+00
2.753338409489333394e+00
2.725368889660961802e+00
2.687300280743627034e+00
2.638663026355017038e+00
2.579122295012496124e+00
2.508499425279707928e+00
2.426792106602564836e+00
2.334192463911153759e+00
2.231102144496879713e+00
2.118143459181150767e+00
1.996165616090348260e+00
1.866245107757770416e+00
1.729679372583182273e+00
1.587972956458046925e+00
1.442815556760246309e+00
1.296051540156025972e+00
1.149640785934884946e+00
1.005611019644496062e+00
8.660021731173025428e-01
7.328037415688045675e-01
6.078866063238632655e-01
4.929313468958759770e-01
3.893556710952252309e-01
2.982442427075313596e-01
2.202848818860662361e-01
1.557158513935641420e-01
1.042897182639349329e-01
6.526009227091862652e-02
3.739838954591540726e-02
1.904865318205672606e-02
8.229380821777064481e-03
2.792253292292081347e-03
6.486154938118098663e-04
