8.137861656589009396e-01 -5.173654178818622995e-01 -6.049998809967341851e-01
7.954027447984542976e-01 -4.875078105812622464e-01 -6.076359532939761277e-01
7.738293130697820876e-01 -4.540013969874359678e-01 -6.090336670292392229e-01
7.488235352142720291e-01 -4.169213627432540870e-01 -6.091787205419758600e-01
7.201741230000040517e-01 -3.764102670443843501e-01 -6.080653011470465996e-01
6.877079379799529990e-01 -3.326795288858364619e-01 -6.056980952086731262e-01
6.512965549285318900e-01 -2.860090822675876998e-01 -6.020943408615343495e-01
6.108620730890376160e-01 -2.367450833736887139e-01 -5.972858197571062622e-01
5.663819582668631059e-01 -1.852956246091073955e-01 -5.913206667377116643e-01
5.178927045753891623e-01 -1.321244927786854317e-01 -5.842648656685356379e-01
4.654921260986260023e-01 -7.774309578600009651e-02 -5.762033001045218095e-01
4.093401288600815313e-01 -2.270076726565242037e-02 -5.672402395879223569e-01
3.496578706612459841e-01 3.242626433849326445e-02 -5.574991655486459807e-01
2.867252849162226780e-01 8.704689202426788008e-02 -5.471218743631329762e-01
2.208770166434260163e-01 1.405677362852566226e-01 -5.362668358790605438e-01
1.524968866137529633e-01 1.924059211149950210e-01 -5.251068273895448391e-01
8.201105806065779602e-02 2.420015960990296311e-01 -5.138258999882076017e-01
9.880126720577017685e-03 2.888297953031979115e-01 -5.026157642778219525e-01
-6.340961235566390519e-02 3.324112557558389081e-01 -4.916717063748241023e-01
-1.373554502092977081e-01 3.723218667681748584e-01 -4.811881646276929270e-01
-2.114478274914350087e-01 4.082004833619021222e-01 -4.713541130008537805e-01
-2.851799095009036611e-01 4.397549087036349280e-01 -4.623484080293187026e-01
-3.580569196782413810e-01 4.667659284119329288e-01 -4.543352614749430751e-01
-4.296049959744367985e-01 4.890893605974566682e-01 -4.474599989550570034e-01
-4.993793560969074230e-01 5.066561630300304708e-01 -4.418452546528637281e-01
-5.669715833310806641e-01 5.194707047031129621e-01 -4.375877338234262504e-01
-6.320158740176372580e-01 5.276073599555881621e-01 -4.347556503295644803e-01
-6.941941210400964790e-01 5.312056226097119360e-01 -4.333869193104977202e-01
-7.532397451966151847e-01 5.304639692125519002e-01 -4.334881582030408742e-01
-8.089402270443550869e-01 5.256327241922962301e-01 -4.350345237322717495e-01
-8.611383331147016706e-01 5.170061941950383488e-01 -4.379703875886484798e-01
-9.097320695349234709e-01 5.049143446052994921e-01 -4.422108287292981221e-01
-9.546734311509464943e-01 4.897142877930276139e-01 -4.476438960295734404e-01
-9.959660441911752926e-01 4.717818369594663497e-01 -4.541335722151855769e-01
-1.033661825017244906e+00 4.515033505097347799e-01 -4.615233491792986031e-01
-1.067856796719150347e+00 4.292680533139732746e-01 -4.696403067509383744e-01
-1.098686219273784070e+00 4.054609788450100338e-01 -4.782995729235016147e-01
-1.126319197516898907e+00 3.804566352339334712e-01 -4.873090337044958531e-01
-1.150952934285747409e+00 3.546134624278025060e-01 -4.964741539829327643e-01
-1.172806793947142934e+00 3.282691182208195557e-01 -5.056027661684374674e-01
-1.192116334268139344e+00 3.017366075057361652e-01 -5.145096813198229979e-01
-1.209127452801296521e+00 2.753012508182896001e-01 -5.230209801587087926e-01
-1.224090779174694887e+00 2.492184737643277359e-01 -5.309778519399713792e-01
-1.237256428588614066e+00 2.237123859253953018e-01 -5.382398698581624119e-01
-1.248869214849112952e+00 1.989751047083255509e-01 -5.446876209747080200e-01
-1.259164402498601509e+00 1.751667666962108127e-01 -5.502246410271396382e-01
-1.268364056394224226e+00 1.524161578319300214e-01 -5.547786341666057774e-01
-1.276674024475164648e+00 1.308218856257583607e-01 -5.583019826878387049e-01
-1.284281567942293645e+00 1.104540122462080026e-01 -5.607715738004280803e-01
-1.291353635026194491e+00 9.135606631302876923e-02 -5.621879913565978049e-01
-1.298035760544157036e+00 7.354735207452202383e-02 -5.625741403256115936e-01
-1.304451562040267465e+00 5.702547620470261452e-02 -5.619733890968455770e-01
-1.310702792261844829e+00 4.176901400083109228e-02 -5.604473267058153185e-01
-1.316869896186017019e+00 2.774023813070529421e-02 -5.580732365734746292e-01
-1.323013010137451317e+00 1.488783535778103947e-02 -5.549413857541998230e-01
-1.329173332815560382e+00 3.149542881592676431e-03 -5.511522220234704728e-01
-1.335374793682947203e+00 -7.545350536438651459e-03 -5.468135632621868858e-01
-1.341625942025137741e+00 -1.727367318000139901e-02 -5.420378554808239491e-01
-1.347921979705137385e+00 -2.611622269089873202e-02 -5.369395676819337382e-01
-1.354246863080051488e+00 -3.415580276166180901e-02 -5.316327839131755884e-01
-1.360575405124881954e+00 -4.147544049267613137e-02 -5.262290446267277044e-01
-1.366875316772566906e+00 -4.815678151122276818e-02 -5.208354790889345720e-01
-1.373109135842226713e+00 -5.427866228998301512e-02 -5.155532573975535326e-01
-1.379236002202266720e+00 -5.991586178883596958e-02 -5.104763757182863015e-01
-1.385213249097198673e+00 -6.513803756193255190e-02 -5.056907727493051841e-01
-1.390997793091985013e+00 -7.000885443321304413e-02 -5.012737594824209220e-01
-1.396547318289847794e+00 -7.458531521407693599e-02 -4.972937285704970289e-01
-1.401821262482661368e+00 -7.891730050575811173e-02 -4.938100956030895827e-01
-1.406781621481915323e+00 -8.304731801883462328e-02 -4.908734146743735649e-01
-1.411393592189877921e+00 -8.701045401605560226e-02 -4.885256066710259026e-01
-1.415626075706770237e+00 -9.083451393185434930e-02 -4.868002408070908893e-01
-1.419452059892534868e+00 -9.454033648559147240e-02 -4.857228167476436709e-01
-1.422848897347188890e+00 -9.814226393282812766e-02 -4.853110053437564853e-01
-1.425798491633470277e+00 -1.016487489569307540e-01 -4.855748205273922591e-01
-1.428287403413193157e+00 -1.050630755862215354e-01 -4.865167118838373272e-01
-1.430306888616715177e+00 -1.083841678464925323e-01 -4.881315834495563721e-01
-1.431852881034051617e+00 -1.116074568972381109e-01 -4.904067569549172556e-01
-1.432925930715175156e+00 -1.147257764443728734e-01 -4.933219074219266642e-01
-1.433531107403374527e+00 -1.177302573733408075e-01 -4.968490068031452545e-01
-1.433677875415364955e+00 -1.206111947240553206e-01 -5.009523165641570630e-01
-1.433379943295775449e+00 -1.233588626093972962e-01 -5.055884707418782931e-01
-1.432655088320891279e+00 -1.259642562907639374e-01 -5.107066854416401069e-01
-1.431524952684167795e+00 -1.284197467511138391e-01 -5.162491192680933594e-01
-1.430014805599655103e+00 -1.307196413337570751e-01 -5.221513946461662226e-01
-1.428153264238168463e+00 -1.328606509614803366e-01 -5.283432769744527135e-01
-1.425971966364523835e+00 -1.348422656690983212e-01 -5.347495010014388095e-01
-1.423505188578593650e+00 -1.366670346164877148e-01 -5.412907323569744467e-01
-1.420789406259914678e+00 -1.383407389699295997e-01 -5.478846540056073744e-01
-1.417862794536094428e+00 -1.398724421986240751e-01 -5.544471688859105019e-01
-1.414764673225960223e+00 -1.412744044521692388e-01 -5.608937091619095039e-01
-1.411534902201076136e+00 -1.425618535041319745e-01 -5.671406392696803911e-01
-1.408213236759622067e+00 -1.437526116833257039e-01 -5.731067348708183129e-01
-1.404838655382966817e+00 -1.448665855875301556e-01 -5.787147130579013421e-01
-1.401448674623019031e+00 -1.459251335270410621e-01 -5.838927807517191315e-01
-1.398078667665303199e+00 -1.469503341388255224e-01 -5.885761592038039058e-01
-1.394761204295003942e+00 -1.479641868406768868e-01 -5.927085349190256425e-01
-1.391525431257700340e+00 -1.489877795376382541e-01 -5.962433833071494327e-01
-1.388396514001802418e+00 -1.500404615579707113e-01 -5.991451121297514115e-01
-1.385395162766596355e+00 -1.511390608701471683e-01 -6.013899770497053154e-01
-1.382537266443627288e+00 -1.522971837612079882e-01 -6.029667306227696200e-01
-1.379833655731997011e+00 -1.535246313760686987e-01 -6.038769786135582684e-01
-1.377290012518341156e+00 -1.548269607869803832e-01 -6.041352324997533163e-01
-1.374906935463924285e+00 -1.562052094288099158e-01 -6.037686619428678236e-01
-1.372680164205109188e+00 -1.576557920140177482e-01 -6.028165635490674301e-01
-1.370600958429705862e+00 -1.591705700334708484e-01 -6.013295713532019748e-01
-1.368656623434413078e+00 -1.607370870560564935e-01 -5.993686396797935911e-01
-1.366831168558972243e+00 -1.623389582414630772e-01 -5.970038304371237947e-01
-1.365106077514330662e+00 -1.639563981356946254e-01 -5.943129354821887755e-01
-1.363461160980256492e+00 -1.655668654958029062e-01 -5.913799620223778586e-01
-1.361875454898051618e+00 -1.671457985444984029e-01 -5.882935068075336726e-01
-1.360328124934273575e+00 -1.686674110798808968e-01 -5.851450445509100984e-01
-1.358799338122167688e+00 -1.701055197412051079e-01 -5.820271576702208405e-01
-1.357271064540507277e+00 -1.714343733607256726e-01 -5.790317365968398189e-01
-1.355727774190574442e+00 -1.726294549087116770e-01 -5.762481813424814581e-01
-1.354156997921218908e+00 -1.736682255715613077e-01 -5.737616361076182114e-01
-1.352549727316562977e+00 -1.745307808359544133e-01 -5.716512906364097368e-01
-1.350900636859252213e+00 -1.752003913465770280e-01 -5.699887853417392458e-01
-1.349208121559684725e+00 -1.756639068545010063e-01 -5.688367614519487248e-01
-1.347474153356228888e+00 -1.759120092400903168e-01 -5.682476011186328169e-01
-1.345703968600133305e+00 -1.759393093261785446e-01 -5.682624033188541368e-01
-1.343905605709581952e+00 -1.757442904939086337e-01 -5.689102372575565170e-01
-1.342089316178624703e+00 -1.753291093347086604e-01 -5.702077051277028019e-01
-1.340266874321697665e+00 -1.746992707043288628e-01 -5.721588318040777832e-01
-1.338450812976135218e+00 -1.738632022479010275e-01 -5.747552823327869431e-01
-1.336653614615633812e+00 -1.728317598025491120e-01 -5.779768906954498853e-01
-1.334886889116012609e+00 -1.716176967444604240e-01 -5.817924672156713495e-01
-1.333160569916852944e+00 -1.702351265205014341e-01 -5.861608390893459086e-01
-1.331482160080485810e+00 -1.686990013668365762e-01 -5.910320698572316678e-01
-1.329856059590789785e+00 -1.670246250910079611e-01 -5.963487997972570787e-01
-1.328283004795853595e+00 -1.652272144208345173e-01 -6.020476513545663932e-01
-1.326759649092524418e+00 -1.633215207074315556e-01 -6.080606518218589773e-01
-1.325278310022207418e+00 -1.613215212921348396e-01 -6.143166362241360146e-01
-1.323826901634480135e+00 -1.592401877357791928e-01 -6.207426022371758112e-01
-1.322389062571989848e+00 -1.570893357912042654e-01 -6.272649944140509248e-01
-1.320944480911390606e+00 -1.548795584112752644e-01 -6.338108989094985990e-01
-1.319469407606953304e+00 -1.526202380971452277e-01 -6.403091342909745798e-01
-1.317937341840584864e+00 -1.503196297518702151e-01 -6.466912286286818912e-01
-1.316319863392648948e+00 -1.479850014149734772e-01 -6.528922762682587422e-01
-1.314587579298657438e+00 -1.456228187710394140e-01 -6.588516688447347835e-01
-1.312711144974754385e+00 -1.432389605964531631e-01 -6.645136952025127997e-01
-1.310662314035741183e+00 -1.408389559567304883e-01 -6.698280055103035258e-01
-1.308414966960037118e+00 -1.384282382746857831e-01 -6.747499369881138076e-01
-1.305946068447973563e+00 -1.360124138056567067e-01 -6.792407028057205753e-01
-1.303236508532300997e+00 -1.335975409630704436e-01 -6.832674522169335241e-01
-1.300271792991986697e+00 -1.311904129001516539e-01 -6.868032184608656721e-01
-1.297042562149578471e+00 -1.287988305413398649e-01 -6.898267797081635289e-01
-1.293544930908690826e+00 -1.264318483061384057e-01 -6.923224647912012975e-01
-1.289780654703839291e+00 -1.240999713173545071e-01 -6.942799371628717298e-01
-1.285757134620365116e+00 -1.218152824673505580e-01 -6.956939865771105680e-01
-1.281487280010458196e+00 -1.195914814374386820e-01 -6.965643499354824408e-01
-1.276989249080126232e+00 -1.174438253546054717e-01 -6.968955732660808700e-01
-1.272286088011050031e+00 -1.153889704226911950e-01 -6.966969175442895290e-01
-1.267405287480257714e+00 -1.134447231014293345e-01 -6.959823021538898979e-01
-1.262378271839650123e+00 -1.116297163444202600e-01 -6.947702706256214666e-01
-1.257239831306628419e+00 -1.099630303630886319e-01 -6.930839537807137463e-01
-1.252027502618459964e+00 -1.084637788530621177e-01 -6.909509969159770559e-01
-1.246780899993569447e+00 -1.071506817219698149e-01 -6.884034130708145405e-01
-1.241540997228501420e+00 -1.060416444768585986e-01 -6.854773272262637551e-01
-1.236349364388348748e+00 -1.051533618635098477e-01 -6.822125882938536723e-01
-1.231247368057439839e+00 -1.045009590345556960e-01 -6.786522443185275533e-01
-1.226275350112828733e+00 -1.040976787396817316e-01 -6.748418955287501797e-01
-1.221471804898382807e+00 -1.039546185176155463e-01 -6.708289551183613808e-01
-1.216872578466019705e+00 -1.040805171099400961e-01 -6.666618574466948166e-01
-1.212510116045241837e+00 -1.044815847730597574e-01 -6.623892570949133640e-01
-1.208412784358066761e+00 -1.051613700081824865e-01 -6.580592590652627472e-01
-1.204604293619864652e+00 -1.061206566109742788e-01 -6.537187108599502583e-01
-1.201103240636843816e+00 -1.073573886415713496e-01 -6.494125738644426216e-01
-1.197922789817823741e+00 -1.088666254458592331e-01 -6.451833773497712698e-01
-1.195070503179312071e+00 -1.106405335301431370e-01 -6.410707453588545546e-01
-1.192548323398963772e+00 -1.126684253377893408e-01 -6.371109764074257553e-01
-1.190352705922683052e+00 -1.149368541827674034e-01 -6.333366506349691338e-01
-1.188474888313582944e+00 -1.174297688677135715e-01 -6.297762409800405914e-01
-1.186901279426484379e+00 -1.201287232098260244e-01 -6.264537148326057014e-01
-1.185613948708799326e+00 -1.230131284842907596e-01 -6.233881284140619927e-01
-1.184591195847748413e+00 -1.260605330403021251e-01 -6.205932329202744624e-01
-1.183808180450269143e+00 -1.292469133507415935e-01 -6.180771237708557742e-01
-1.183237588857678713e+00 -1.325469633276334380e-01 -6.158419695381139869e-01
-1.182850311813869792e+00 -1.359343720555171997e-01 -6.138838560346429052e-01
-1.182616105242043858e+00 -1.393820829550151963e-01 -6.121927751749628444e-01
-1.182504208432615167e+00 -1.428625301950905979e-01 -6.107527786533294423e-01
-1.182483899412382078e+00 -1.463478521720462944e-01 -6.095423047959375173e-01
-1.182524975053851790e+00 -1.498100872063864164e-01 -6.085346749391621346e-01
-1.182598151726762525e+00 -1.532213616458798500e-01 -6.076987437507486156e-01
-1.182675389069868466e+00 -1.565540829789225652e-01 -6.069996760208042907e-01
-1.182730143907825715e+00 -1.597811489606082713e-01 -6.063998123792554429e-01
-1.182737563777665368e+00 -1.628761787173372833e-01 -6.058595814573052296e-01
-1.182674630999109633e+00 -1.658137653246213039e-01 -6.053384187969522712e-01
-1.182520269898297949e+00 -1.685697434477705925e-01 -6.047956630775854769e-01
-1.182255431871912954e+00 -1.711214616753269913e-01 -6.041914140216161355e-01
-1.181863174056370092e+00 -1.734480476028434914e-01 -6.034873477433794209e-01
-1.181328745751172749e+00 -1.755306537655426380e-01 -6.026474901623480873e-01
-1.180639692405728747e+00 -1.773526734220523815e-01 -6.016389468060849843e-01
-1.179785981531568773e+00 -1.788999178260493039e-01 -6.004325792130283945e-01
-1.178760149967656323e+00 -1.801607523873598460e-01 -5.990036065669920307e-01
-1.177557468371142280e+00 -1.811261972634292394e-01 -5.973321005964832286e-01
-1.176176117017060596e+00 -1.817900051989586874e-01 -5.954033373440085208e-01
-1.174617366847244160e+00 -1.821487330052835585e-01 -5.932079732582455911e-01
-1.172885760333826299e+00 -1.822018228542871543e-01 -5.907420231114298703e-01
-1.170989286705930832e+00 -1.819517066351519219e-01 -5.880066299205315428e-01
-1.168939544484262294e+00 -1.814039406180642799e-01 -5.850076300709636801e-01
-1.166751881477929187e+00 -1.805673679992359781e-01 -5.817549300239180932e-01
-1.164445499414200391e+00 -1.794542954040476146e-01 -5.782617254435706844e-01
-1.162043507435808642e+00 -1.780806593981779928e-01 -5.745436099644110062e-01
-1.159572905636405249e+00 -1.764661524346703980e-01 -5.706176376502600789e-01
-1.157064477396006152e+00 -1.746342746031912807e-01 -5.665014170139069938e-01
-1.154552569339581281e+00 -1.726122779503966309e-01 -5.622123217590674349e-01
-1.152074741362820065e+00 -1.704309743763360030e-01 -5.577669016246920020e-01
-1.149671275109368285e+00 -1.681243865224424094e-01 -5.531805640400234703e-01
-1.147384534859334559e+00 -1.657292334466562433e-01 -5.484675736222367481e-01
-1.145258178891940259e+00 -1.632842582236564977e-01 -5.436413846729849508e-01
-1.143336224279586810e+00 -1.608294208310632467e-01 -5.387152862797478514e-01
-1.141661977244096127e+00 -1.584049937468814118e-01 -5.337033048504000732e-01
-1.140276855202386086e+00 -1.560506068586354489e-01 -5.286212793566661405e-01
-1.139219141787643608e+00 -1.538042919027030053e-01 -5.234880045366637757e-01
-1.138522727483556540e+00 -1.517015760061854734e-01 -5.183263292121452759e-01
-1.138215893149341573e+00 -1.497746699246208513e-01 -5.131641003884623853e-01
-1.138320191789568225e+00 -1.480517886155811869e-01 -5.080348570292660959e-01
-1.138849477496407081e+00 -1.465566292658872782e-01 -5.029781981649267264e-01
-1.139809121769475686e+00 -1.453080159649860204e-01 -4.980397760505953508e-01
-1.141195447982664035e+00 -1.443197037066831223e-01 -4.932708935650775839e-01
-1.142995405922203167e+00 -1.436003209768983435e-01 -4.887277124097316183e-01
-1.145186500945190478e+00 -1.431534232396006190e-01 -4.844701018001195125e-01
-1.147736985949506572e+00 -1.429776302208269345e-01 -4.805601746483424419e-01
-1.150606317147543356e+00 -1.430668251099756483e-01 -4.770605697891665553e-01
-1.153745864903154006e+00 -1.434103984122077624e-01 -4.740325455975646918e-01
-1.157099858992590047e+00 -1.439935204458520912e-01 -4.715339533901595770e-01
-1.160606536243752762e+00 -1.447974267791638514e-01 -4.696171591258258005e-01
-1.164199450723747642e+00 -1.457997042538055343e-01 -4.683269801856976278e-01
-1.167808903789718800e+00 -1.469745722175740121e-01 -4.676987016458955537e-01
-1.171363452071547462e+00 -1.482931611117024595e-01 -4.677562340420280407e-01
-1.174791453439085753e+00 -1.497237954090676337e-01 -4.685104720222436070e-01
-1.178022613162142740e+00 -1.512322891276394743e-01 -4.699579106236643211e-01
-1.180989495387023913e+00 -1.527822606575552078e-01 -4.720795737892867217e-01
-1.183628969103654338e+00 -1.543354707114883428e-01 -4.748403079457416132e-01
-1.185883561965508592e+00 -1.558521842514811184e-01 -4.781884900029046981e-01
-1.187702698268574553e+00 -1.572915563631911706e-01 -4.820561911987898407e-01
-1.189043798728074419e+00 -1.586120449984615988e-01 -4.863598241769203634e-01
-1.189873220167734003e+00 -1.597718596837414962e-01 -4.910012813596213443e-01
-1.190167013959738229e+00 -1.607294615127273785e-01 -4.958695505887797395e-01
-1.189911483865369268e+00 -1.614441322956370883e-01 -5.008427716067309632e-01
-1.189103527018989581e+00 -1.618766275633448937e-01 -5.057906759853733059e-01
-1.187750745663191720e+00 -1.619899196861987190e-01 -5.105773353133409298e-01
-1.185871321606061013e+00 -1.617500262399642341e-01 -5.150641297820038877e-01
-1.183493650895639293e+00 -1.611269077587561271e-01 -5.191128430061305865e-01
-1.180655743073978359e+00 -1.600954090555899989e-01 -5.225887883668776102e-01
-1.177404396053845170e+00 -1.586362088234173906e-01 -5.253638750430233983e-01
-1.173794162875211322e+00 -1.567367338764343865e-01 -5.273195261018824853e-01
-1.169886131407832597e+00 -1.543919892819234641e-01 -5.283493664825389402e-01
-1.165746544437976207e+00 -1.516052549396177118e-01 -5.283616065843421694e-01
-1.161445295902719721e+00 -1.483886019491819086e-01 -5.272810581553415421e-01
-1.157054347794018723e+00 -1.447631871232547274e-01 -5.250507334036018658e-01
-1.152646119094107524e+00 -1.407592917446196523e-01 -5.216329954894014520e-01
-1.148291900872761451e+00 -1.364160827869710102e-01 -5.170102471311447401e-01
-1.144060349190691550e+00 -1.317810915293554097e-01 -5.111851610051120209e-01
-1.140016100032029689e+00 -1.269094233556365137e-01 -5.041804689554114649e-01
-1.136218540034749314e+00 -1.218627304445362020e-01 -4.960383370260131874e-01
-1.132720755928692036e+00 -1.167079944445571782e-01 -4.868193610347653077e-01
-1.129568676040570985e+00 -1.115161779182998608e-01 -4.766012228920063487e-01
-1.126800408818345645e+00 -1.063608083197455506e-01 -4.654770505244229528e-01
-1.124445775112800749e+00 -1.013165531645601608e-01 -4.535535246228394324e-01
-1.122526023276088303e+00 -9.645783059203438814e-02 -4.409487756491267674e-01
-1.121053710658908242e+00 -9.185748165904254747e-02 -4.277901164318006488e-01
-1.120032732652543661e+00 -8.758551609222083034e-02 -4.142116590335938042e-01
-1.119458480386564370e+00 -8.370793465470441341e-02 -4.003518681688968961e-01
-1.119318109915366621e+00 -8.028562820654057408e-02 -3.863511067136570776e-01
-1.119590909005550472e+00 -7.737335465072479879e-02 -3.723492313795418451e-01
-1.120248751906803619e+00 -7.501879904937616694e-02 -3.584832968771016204e-01
-1.121256636987537636e+00 -7.326172812727144157e-02 -3.448854229226724910e-01
-1.122573306298869422e+00 -7.213325706113039859e-02 -3.316808700714042879e-01
-1.124151949117462745e+00 -7.165525229958386033e-02 -3.189863594179335182e-01
-1.125940992005254992e+00 -7.183989729048796680e-02 -3.069086592771246846e-01
-1.127884975267701595e+00 -7.268944752614124594e-02 -2.955434491148117293e-01
-1.129925510640984232e+00 -7.419619749115179130e-02 -2.849744577449410121e-01
-1.132002309267931439e+00 -7.634267516743707682e-02 -2.752728619417584288e-01
-1.134054264072869689e+00 -7.910207008816363961e-02 -2.664969260501900417e-01
-1.136020567214395038e+00 -8.243888981695698948e-02 -2.586918624800009781e-01
-1.137841841350694327e+00 -8.630982875715623170e-02 -2.518898941061272767e-01
-1.139461262638019834e+00 -9.066482333521508341e-02 -2.461105006328582756e-01
-1.140825653185239208e+00 -9.544825947748943051e-02 -2.413608323195081951e-01
-1.141886520835823315e+00 -1.006002926842940598e-01 -2.376362769128362584e-01
-1.142601025137611970e+00 -1.060582382902466175e-01 -2.349211687801631421e-01
-1.142932850907459219e+00 -1.117579889660302167e-01 -2.331896318959909009e-01
-1.142852974545618405e+00 -1.176354168607384038e-01 -2.324065494096957951e-01
-1.142340311676082631e+00 -1.236277187200237326e-01 -2.325286510942342899e-01
-1.141382236596740984e+00 -1.296746652626036000e-01 -2.335057051930611860e-01
-1.139974964954274972e+00 -1.357197225612065128e-01 -2.352817928678410109e-01
-1.138123792746234431e+00 -1.417110224204342905e-01 -2.377966333678629696e-01
-1.135843187690642297e+00 -1.476021676254170578e-01 -2.409869199531849693e-01
-1.133156731208428747e+00 -1.533528632528485813e-01 -2.447876236986752108e-01
-1.130096908698217772e+00 -1.589293665366583730e-01 -2.491332247407661293e-01
-1.126704743158925659e+00 -1.643047479292016888e-01 -2.539588363174227204e-01
-1.123029265187469372e+00 -1.694589584954498684e-01 -2.592011943346625991e-01
-1.119126812911811930e+00 -1.743787045602926689e-01 -2.647994932210692154e-01
-1.115060158589802342e+00 -1.790571379367972837e-01 -2.706960570420977596e-01
-1.110897463084572045e+00 -1.834933773951653579e-01 -2.768368432257856115e-01
-1.106711063874263434e+00 -1.876918841039805774e-01 -2.831717842270126129e-01
-1.102576106410795953e+00 -1.916617209581907566e-01 -2.896549777957893035e-01
-1.098569032976782989e+00 -1.954157324068581669e-01 -2.962447366555139294e-01
-1.094765947937788697e+00 -1.989696861486463519e-01 -3.029035029146899816e-01
-1.091240883264008366e+00 -2.023414197153537153e-01 -3.095976236291251293e-01
-1.088063992890819565e+00 -2.055500330675369969e-01 -3.162969751858494827e-01
-1.085299707879280096e+00 -2.086151627225220628e-01 -3.229744195387663219e-01
-1.083004885177748289e+00 -2.115563638521977541e-01 -3.296050779056853286e-01
-1.081226980795318093e+00 -2.143926156312509768e-01 -3.361654177339987726e-01
-1.080002274824940489e+00 -2.171419542699137284e-01 -3.426321639991104506e-01
-1.079354173196210631e+00 -2.198212294833514213e-01 -3.489810631354763326e-01
-1.079291610567051141e+00 -2.224459741654187805e-01 -3.551855453118571981e-01
-1.079807580090304864e+00 -2.250303734793695221e-01 -3.612153468652289368e-01
-1.080877817678494113e+00 -2.275873179541396674e-01 -3.670351668464980066e-01
-1.082459669731238305e+00 -2.301285250380707970e-01 -3.726034364388305375e-01
-1.084491173650776741e+00 -2.326647146426893131e-01 -3.778712756551677043e-01
-1.086890379922486716e+00 -2.352058263286619932e-01 -3.827816998831373718e-01
-1.089554943500324891e+00 -2.377612687032742422e-01 -3.872691241019120545e-01
-1.092362011180159964e+00 -2.403401945492979475e-01 -3.912591993978720151e-01
-1.095168430387431169e+00 -2.429517967187925509e-01 -3.946690065069760056e-01
-1.097811302464867911e+00 -2.456056189189569361e-01 -3.974076233897178012e-01
-1.100108899498680515e+00 -2.483118728517037521e-01 -3.993770762164317589e-01
-1.101861958409302789e+00 -2.510817503541255546e-01 -4.004736748378220357e-01
-1.102855360395196271e+00 -2.539277175223256244e-01 -4.005897254807411767e-01
-1.102860197866423198e+00 -2.568637778747455136e-01 -3.996156053482830539e-01
-1.101636223603023268e+00 -2.599056932764022831e-01 -3.974421755101426590e-01
-1.098934667065934789e+00 -2.630711539918780817e-01 -3.939634990401361114e-01
-1.094501390724025303e+00 -2.663798925194866829e-01 -3.890798190171902426e-01
-1.088080346074622229e+00 -2.698537400894290839e-01 -3.827007340892848997e-01
-1.079417276287267580e+00 -2.735166302550804951e-01 -3.747484888157563976e-01
-1.068263601269681784e+00 -2.773945601737018984e-01 -3.651612751466150608e-01
-1.054380412049618743e+00 -2.815155247094034419e-01 -3.538964226932113655e-01
-1.037542495501688089e+00 -2.859094385843147790e-01 -3.409333406462678462e-01
-1.017542308723693667e+00 -2.906080561423292630e-01 -3.262760657160952427e-01
-9.941938249508580627e-01 -2.956448887007598891e-01 -3.099552706970610805e-01
-9.673361785324168238e-01 -3.010551101103676741e-01 -2.920295989002427706e-01
-9.368370435849886491e-01 -3.068754352935261220e-01 -2.725862125852832607e-01
-9.025956883178068990e-01 -3.131439545458133411e-01 -2.517404796265338973e-01
-8.645456534771396306e-01 -3.198999069021126185e-01 -2.296347693461702477e-01
-8.226570074702745927e-01 -3.271833775263398025e-01 -2.064363794107588468e-01
-7.769381321214378078e-01 -3.350349060592502926e-01 -1.823346641076949992e-01
-7.274369932006786721e-01 -3.434949950970576649e-01 -1.575374757671620107e-01
-6.742418512490729876e-01 -3.526035112095690649e-01 -1.322670636115322318e-01
-6.174813724916302649e-01 -3.623989760547138839e-01 -1.067555967634025993e-01
-5.573241074384611693e-01 -3.729177525687247807e-01 -8.124048939972726424e-02
-4.939773162666065698e-01 -3.841931401890752440e-01 -5.595970555532921858e-02
-4.276851351340529295e-01 -3.962544019074676904e-01 -3.114720931103939772e-02
-3.587260958293667090e-01 -4.091257530637826267e-01 -7.028704558568565734e-03
-2.874100318806204202e-01 -4.228253462397277840e-01 1.618221972747180271e-02
-2.140744256759017639e-01 -4.373642872054631092e-01 3.828745305310671254e-02
-1.390802699356449845e-01 -4.527457121656609518e-01 5.910717737697181173e-02
-6.280752983357663910e-02 -4.689639467072609369e-01 7.848209390961749521e-02
1.434970077129100671e-02 -4.860037546196997460e-01 9.627503958115565807e-02
9.198825087398818101e-02 -5.038396740914798944e-01 1.123719811571575883e-01
1.697010285467580870e-01 -5.224354325689345435e-01 1.266823868976579559e-01
2.470821737996642120e-01 -5.417434300811190262e-01 1.391389905730336385e-01
3.237320972619270876e-01 -5.617042821982223266e-01 1.496969800130365513e-01
3.992622942242420314e-01 -5.822464162310585500e-01 1.583326599963433834e-01
4.732998256064110398e-01 -6.032857178161394884e-01 1.650416552222744582e-01
5.454913589818602970e-01 -6.247252303855247435e-01 1.698367326456743098e-01
6.155066633103660756e-01 -6.464549165584213553e-01 1.727453339381147812e-01
6.830414521025962582e-01 -6.683514961517025288e-01 1.738069185766648872e-01
7.478194751925837380e-01 -6.902783782280127456e-01 1.730702256392770144e-01
8.095937745516352813e-01 -7.120857037535668344e-01 1.705905668282057808e-01
8.681470486559430544e-01 -7.336105131259127443e-01 1.664272632375371486e-01
9.232911123392829600e-01 -7.546770532474649240e-01 1.606413321139996964e-01
9.748654904702217516e-01 -7.750972445888044682e-01 1.532935156942616395e-01
1.022735238266459401e+00 -7.946713381962513534e-01 1.444427227470464203e-01
1.066788131571856146e+00 -8.131888016120939477e-01 1.341449285699230776e-01
1.106931409379200426e+00 -8.304294776896770092e-01 1.224525557374164103e-01
1.143088273275325362e+00 -8.461650601988397469e-01 1.094143381924672365e-01
1.175194354830847443e+00 -8.601609257913636064e-01 9.507565430936525119e-02
1.203194356671193121e+00 -8.721783549414388048e-01 7.947929862174388238e-02
1.227039059836235735e+00 -8.819771663179860610e-01 6.266664722740000748e-02
1.246682870185704450e+00 -8.893187799491593104e-01 4.467916028140227896e-02
1.262082049779657877e+00 -8.939697127876288230e-01 2.556015784530775090e-02
1.273193745726651116e+00 -8.957054934742184615e-01 5.356802417686301263e-03
1.279975891331687654e+00 -8.943149611496482576e-01 -1.587777899022131331e-02
1.282388016398463115e+00 -8.896048890753691651e-01 -3.808230081019619434e-02
1.280392968593462077e+00 -8.814048509676971621e-01 -6.118512343992871944e-02
1.273959517502369465e+00 -8.695722277849274873e-01 -8.510213415595992148e-02
1.263065786965322346e+00 -8.539972353403935124e-01 -1.097347933208596554e-01
1.247703436476818695e+00 -8.346078385477997408e-01 -1.349684458176244883e-01
1.227882484761373183e+00 -8.113744061897493198e-01 -1.606710035350197019e-01
1.203636636067605181e+00 -7.843139504907857829e-01 -1.866921025659899203e-01
1.175028933755081884e+00 -7.534937889892692198e-01 -2.128628285464213288e-01
1.142157529788542458e+00 -7.190344641233599177e-01 -2.389960865204678042e-01
1.105161325956884433e+00 -6.811117606627646870e-01 -2.648876694057988868e-01
1.064225215308363559e+00 -6.399576737816332628e-01 -2.903180528423608409e-01
1.019584632966025417e+00 -5.958602015905016813e-01 -3.150549145126089745e-01
9.715291181792279351e-01 -5.491618653686227702e-01 -3.388563437719543381e-01
9.204045990959226486e-01 -5.002568980182777736e-01 -3.614746751571175087e-01
8.666141415899903944e-01 -4.495870852706672638e-01 -3.826608503694736707e-01
8.106169539136238722e-01 -3.976362930253565242e-01 -4.021691905947618606e-01
7.529255083598211939e-01 -3.449237641840605106e-01 -4.197624477267786203e-01
6.941007256197903041e-01 -2.919963140061718754e-01 -4.352170012554883449e-01
6.347452592004174665e-01 -2.394195899976380437e-01 -4.483280740257709063e-01
5.754950058883595565e-01 -1.877685897045116015e-01 -4.589148471284499320e-01
5.170090461484312394e-01 -1.376176490631531302e-01 -4.668253568176333745e-01
4.599582827239585558e-01 -8.953012699158019450e-02 -4.719410555754529613e-01
4.050130966819213696e-01 -4.404802014666589494e-02 -4.741809184729255389e-01
3.528303782655181631e-01 -1.681746380526342663e-03 -4.735049764288558616e-01
3.040403153223523169e-01 3.709966311229883490e-02 -4.699171605838654009e-01
2.592333347681219369e-01 7.187772468250067104e-02 -4.634673477615299797e-01
2.189475928919070169e-01 1.022927827024863734e-01 -4.542525057911773190e-01
1.836573991492647939e-01 1.280511845067608401e-01 -4.424168476890265600e-01
1.537629362080410733e-01 1.489311381362406206e-01 -4.281509150924537876e-01
1.295816065212167245e-01 1.647870624049839750e-01 -4.116895276091742661e-01
1.113412921150231522e-01 1.755522708006900245e-01 -3.933085615009851432e-01
9.917575918610253838e-02 1.812398767915189834e-01 -3.733205617370916052e-01
9.312237251956562156e-02 1.819418687354862341e-01 -3.520692452516918092e-01
9.312220736993825909e-02 1.778263720129651393e-01 -3.299230157769563743e-01
9.902256070268587729e-02 1.691331843516851452e-01 -3.072676738004094243e-01
1.105817744180909307e-01 1.561677300117349787e-01 -2.844985585196586064e-01
1.274761965779224737e-01 1.392936265955020680e-01 -2.620123930460868111e-01
1.493090287632698743e-01 1.189240938431897487e-01 -2.401991156519217574e-01
1.756207436277928413e-01 9.551245714363107431e-02 -2.194339702142407145e-01
2.059007096545432403e-01 6.954201229758505409e-02 -2.000701026215834510e-01
2.395996302874510708e-01 4.151552539263671238e-02 -1.824318714478162518e-01
2.761423904109063798e-01 1.194464234732103836e-02 -1.668090351781311986e-01
3.149409038297190100e-01 -1.866052549795052529e-02 -1.534519295371299386e-01
3.554065714342997118e-01 -4.980139067747441084e-02 -1.425677015999871622e-01
3.969619910433879739e-01 -8.100022874397078132e-02 -1.343176255309930789e-01
4.390516052731363583e-01 -1.118086702040421571e-01 -1.288154897159191348e-01
4.811510313287916119e-01 -1.418151785618329552e-01 -1.261270175585529063e-01
5.227748831006762131e-01 -1.706513803685965613e-01 -1.262702639627057977e-01
5.634829661037696891e-01 -1.979971483942841726e-01 -1.292169148023365188e-01
6.028847936540131514e-01 -2.235843763758134650e-01 -1.348944054303874152e-01
6.406424332675185740e-01 -2.471994210774428602e-01 -1.431887655913218760e-01
6.764717430578941482e-01 -2.686842216292914531e-01 -1.539480923695402126e-01
7.101420994709284340e-01 -2.879361349310677887e-01 -1.669865500964837490e-01
7.414747520174774786e-01 -3.049065488307990957e-01 -1.820887950267049138e-01
7.703399683258401742e-01 -3.195983535187822411e-01 -1.990147209876252654e-01
7.966531526620683756e-01 -3.320623687574585370e-01 -2.175044189253146076e-01
8.203701317772816859e-01 -3.423928420331780464e-01 -2.372832387298110524e-01
8.414818031733883874e-01 -3.507221509492096101e-01 -2.580668376477809889e-01
8.600083336417537749e-01 -3.572148614725824678e-01 -2.795660980914876914e-01
8.759930835523624948e-01 -3.620613097252827761e-01 -3.014918006479009316e-01
8.894964204242465922e-01 -3.654708851963185401e-01 -3.235589473224094181e-01
9.005895780621454572e-01 -3.676651952166465898e-01 -3.454906463712452136e-01
9.093487141399279050e-01 -3.688712863593846536e-01 -3.670214921800732388e-01
9.158493153442367474e-01 -3.693150926394924705e-01 -3.879003985704261859e-01
9.201610922065962539e-01 -3.692152745186247920e-01 -4.078928691549345564e-01
9.223434948264094269e-01 -3.687776039133622286e-01 -4.267827127756221861e-01
9.224419654870318341e-01 -3.681900354158354483e-01 -4.443732347461241128e-01
9.204850244300282203e-01 -3.676185823117730234e-01 -4.604879539499562857e-01
9.164822608602173348e-01 -3.672040890321357498e-01 -4.749709102567888919e-01
9.104232732585306742e-01 -3.670599602194848377e-01 -4.876866357491089210e-01
9.022775729199215000e-01 -3.672708711573272611e-01 -4.985198670430842638e-01
8.919954344759398746e-01 -3.678924469731901792e-01 -5.073750743798812746e-01
8.795096489810613205e-01 -3.689518623166893052e-01 -5.141758762437834696e-01
8.647381107899244634e-01 -3.704492818388228637e-01 -5.188643977508944349e-01
