-1.702214241027832031e+00 2.972775459289550781e+00 -9.279291033744812012e-01
-1.601382970809936523e+00 3.036836147308349609e+00 -9.548166394233703613e-01
-1.498105764389038086e+00 3.088432312011718750e+00 -9.764582514762878418e-01
-1.392469525337219238e+00 3.128253459930419922e+00 -9.919875264167785645e-01
-1.284536957740783691e+00 3.157094955444335938e+00 -1.000612497329711914e+00
-1.174354076385498047e+00 3.175847053527832031e+00 -1.001626729965209961e+00
-1.061923384666442871e+00 3.185461997985839844e+00 -9.944167733192443848e-01
-9.472228288650512695e-01 3.186946392059326172e+00 -9.784818291664123535e-01
-8.301985263824462891e-01 3.181323051452636719e+00 -9.534152150154113770e-01
-7.107763290405273438e-01 3.169625759124755859e+00 -9.189394116401672363e-01
-5.888699293136596680e-01 3.152876853942871094e+00 -8.748661875724792480e-01
-4.644007682800292969e-01 3.132066726684570312e+00 -8.211330771446228027e-01
-3.373112082481384277e-01 3.108136177062988281e+00 -7.577587962150573730e-01
-2.075934708118438721e-01 3.081972122192382812e+00 -6.848630309104919434e-01
-7.530876994132995605e-02 3.054383754730224609e+00 -6.026390194892883301e-01
5.938586592674255371e-02 3.026089668273925781e+00 -5.113556981086730957e-01
1.962119042873382568e-01 2.997717857360839844e+00 -4.113416075706481934e-01
3.347422182559967041e-01 2.969787597656250000e+00 -3.029718995094299316e-01
4.743857383728027344e-01 2.942705631256103516e+00 -1.866640448570251465e-01
6.143636107444763184e-01 2.916757106781005859e+00 -6.287115812301635742e-02
7.536991834640502930e-01 2.892099380493164062e+00 6.792408227920532227e-02
8.912038803100585938e-01 2.868774890899658203e+00 2.052168250083923340e-01
1.025484204292297363e+00 2.846686363220214844e+00 3.484695553779602051e-01
1.154941916465759277e+00 2.825624465942382812e+00 4.971255660057067871e-01
1.277778148651123047e+00 2.805254459381103516e+00 6.505909562110900879e-01
1.392022490501403809e+00 2.785133838653564453e+00 8.082396388053894043e-01
1.495554804801940918e+00 2.764721870422363281e+00 9.693998694419860840e-01
1.586129903793334961e+00 2.743388175964355469e+00 1.133352994918823242e+00
1.661422491073608398e+00 2.720433235168457031e+00 1.299317359924316406e+00
1.719062685966491699e+00 2.695101499557495117e+00 1.466445446014404297e+00
1.756689548492431641e+00 2.666608333587646484e+00 1.633814573287963867e+00
1.771992444992065430e+00 2.634151935577392578e+00 1.800422906875610352e+00
1.762770652770996094e+00 2.596938610076904297e+00 1.965191602706909180e+00
1.726981401443481445e+00 2.554204463958740234e+00 2.126951932907104492e+00
1.662793636322021484e+00 2.505241870880126953e+00 2.284463882446289062e+00
1.568637847900390625e+00 2.449409484863281250e+00 2.436403751373291016e+00
1.443246603012084961e+00 2.386157512664794922e+00 2.581400632858276367e+00
1.285709857940673828e+00 2.315048217773437500e+00 2.718022108078002930e+00
1.095494270324707031e+00 2.235760450363159180e+00 2.844811439514160156e+00
8.724861145019531250e-01 2.148111820220947266e+00 2.960289955139160156e+00
6.170014142990112305e-01 2.052063465118408203e+00 3.062991380691528320e+00
3.298118114471435547e-01 1.947722434997558594e+00 3.151474952697753906e+00
1.214045286178588867e-02 1.835341811180114746e+00 3.224343776702880859e+00
-3.343358039855957031e-01 1.715326547622680664e+00 3.280270814895629883e+00
-7.074936628341674805e-01 1.588218212127685547e+00 3.318024873733520508e+00
-1.104783058166503906e+00 1.454691529273986816e+00 3.336474895477294922e+00
-1.523247718811035156e+00 1.315535426139831543e+00 3.334623813629150391e+00
-1.959557533264160156e+00 1.171646833419799805e+00 3.311610460281372070e+00
-2.410039901733398438e+00 1.024009108543395996e+00 3.266738653182983398e+00
-2.870720386505126953e+00 8.736712932586669922e-01 3.199485301971435547e+00
-3.337365627288818359e+00 7.217370271682739258e-01 3.109506607055664062e+00
-3.805531024932861328e+00 5.693328380584716797e-01 2.996660232543945312e+00
-4.270610332489013672e+00 4.176007509231567383e-01 2.861007690429687500e+00
-4.727887630462646484e+00 2.676671743392944336e-01 2.702829360961914062e+00
-5.172595977783203125e+00 1.206283569335937500e-01 2.522618532180786133e+00
-5.599964618682861328e+00 -2.246791124343872070e-02 2.321106672286987305e+00
-6.005282878875732422e+00 -1.606409549713134766e-01 2.099244356155395508e+00
-6.383958816528320312e+00 -2.929939031600952148e-01 1.858219385147094727e+00
-6.731566905975341797e+00 -4.187275171279907227e-01 1.599451780319213867e+00
-7.043914318084716797e+00 -5.371528863906860352e-01 1.324595689773559570e+00
-7.317092418670654297e+00 -6.477006673812866211e-01 1.035522222518920898e+00
-7.547526836395263672e+00 -7.499303817749023438e-01 7.343345284461975098e-01
-7.732037067413330078e+00 -8.435347080230712891e-01 4.233432412147521973e-01
-7.867884159088134766e+00 -9.283409118652343750e-01 1.050587296485900879e-01
-7.952810764312744141e+00 -1.004314064979553223e+00 -2.178110480308532715e-01
-7.985096454620361328e+00 -1.071550488471984863e+00 -5.423900485038757324e-01
-7.963591098785400391e+00 -1.130275368690490723e+00 -8.656565546989440918e-01
-7.887749195098876953e+00 -1.180834054946899414e+00 -1.184450626373291016e+00
-7.757669925689697266e+00 -1.223680734634399414e+00 -1.495517253875732422e+00
-7.574100494384765625e+00 -1.259373307228088379e+00 -1.795540332794189453e+00
-7.338470935821533203e+00 -1.288552880287170410e+00 -2.081174373626708984e+00
-7.052896022796630859e+00 -1.311935544013977051e+00 -2.349083185195922852e+00
-6.720157146453857422e+00 -1.330294251441955566e+00 -2.596000194549560547e+00
-6.343715190887451172e+00 -1.344447255134582520e+00 -2.818775892257690430e+00
-5.927662372589111328e+00 -1.355236887931823730e+00 -3.014421939849853516e+00
-5.476686000823974609e+00 -1.363521695137023926e+00 -3.180189132690429688e+00
-4.996037483215332031e+00 -1.370155453681945801e+00 -3.313613414764404297e+00
-4.491440296173095703e+00 -1.375975489616394043e+00 -3.412579059600830078e+00
-3.969034671783447266e+00 -1.381792426109313965e+00 -3.475382328033447266e+00
-3.435277938842773438e+00 -1.388374686241149902e+00 -3.500792026519775391e+00
-2.896852970123291016e+00 -1.396440625190734863e+00 -3.488093852996826172e+00
-2.360556602478027344e+00 -1.406649947166442871e+00 -3.437143802642822266e+00
-1.833190679550170898e+00 -1.419601559638977051e+00 -3.348397731781005859e+00
-1.321433901786804199e+00 -1.435821652412414551e+00 -3.222944736480712891e+00
-8.317346572875976562e-01 -1.455768465995788574e+00 -3.062515020370483398e+00
-3.701786994934082031e-01 -1.479828476905822754e+00 -2.869482755661010742e+00
5.762028694152832031e-02 -1.508314490318298340e+00 -2.646849632263183594e+00
4.466373920440673828e-01 -1.541471838951110840e+00 -2.398218631744384766e+00
7.925288677215576172e-01 -1.579475760459899902e+00 -2.127727031707763672e+00
1.091735839843750000e+00 -1.622436642646789551e+00 -1.840010166168212891e+00
1.341547727584838867e+00 -1.670399308204650879e+00 -1.540105819702148438e+00
1.540172576904296875e+00 -1.723346590995788574e+00 -1.233364820480346680e+00
1.686774730682373047e+00 -1.781199097633361816e+00 -9.253546595573425293e-01
1.781494975090026855e+00 -1.843819022178649902e+00 -6.217388510704040527e-01
1.825461745262145996e+00 -1.911004424095153809e+00 -3.281640410423278809e-01
1.820764899253845215e+00 -1.982494235038757324e+00 -5.013126134872436523e-02
1.770413160324096680e+00 -2.057962894439697266e+00 2.071160674095153809e-01
1.678283691406250000e+00 -2.137022972106933594e+00 4.387269616127014160e-01
1.549028277397155762e+00 -2.219226360321044922e+00 6.403456330299377441e-01
1.387983322143554688e+00 -2.304055690765380859e+00 8.082185387611389160e-01
1.201050400733947754e+00 -2.390940666198730469e+00 9.392904639244079590e-01
9.945691823959350586e-01 -2.479252815246582031e+00 1.031274080276489258e+00
7.751736640930175781e-01 -2.568312644958496094e+00 1.082717180252075195e+00
5.496516227722167969e-01 -2.657399654388427734e+00 1.093037128448486328e+00
3.247950077056884766e-01 -2.745757102966308594e+00 1.062540769577026367e+00
1.072432994842529297e-01 -2.832611560821533203e+00 9.924291968345642090e-01
-9.665656089782714844e-02 -2.917176246643066406e+00 8.847686648368835449e-01
-2.809917926788330078e-01 -2.998672962188720703e+00 7.424524426460266113e-01
-4.404172897338867188e-01 -3.076336383819580078e+00 5.691393017768859863e-01
-5.702620744705200195e-01 -3.149438381195068359e+00 3.691738247871398926e-01
-6.666431427001953125e-01 -3.217293262481689453e+00 1.474871039390563965e-01
-7.265417575836181641e-01 -3.279271125793457031e+00 -9.050840139389038086e-02
-7.478682994842529297e-01 -3.334814548492431641e+00 -3.390440344810485840e-01
-7.295041084289550781e-01 -3.383444309234619141e+00 -5.921282172203063965e-01
-6.713328361511230469e-01 -3.424767494201660156e+00 -8.436806797981262207e-01
-5.742239952087402344e-01 -3.458490371704101562e+00 -1.087674140930175781e+00
-4.400253295898437500e-01 -3.484418869018554688e+00 -1.318263292312622070e+00
-2.715091705322265625e-01 -3.502469062805175781e+00 -1.529932975769042969e+00
-7.231521606445312500e-02 -3.512663841247558594e+00 -1.717614889144897461e+00
1.531438827514648438e-01 -3.515137195587158203e+00 -1.876797199249267578e+00
3.997774124145507812e-01 -3.510135650634765625e+00 -2.003642082214355469e+00
6.619296073913574219e-01 -3.498013496398925781e+00 -2.095053434371948242e+00
9.335222244262695312e-01 -3.479230403900146484e+00 -2.148753643035888672e+00
1.208178997039794922e+00 -3.454342365264892578e+00 -2.163320541381835938e+00
1.479381799697875977e+00 -3.424002647399902344e+00 -2.138224363327026367e+00
1.740607619285583496e+00 -3.388942718505859375e+00 -2.073823451995849609e+00
1.985486626625061035e+00 -3.349970817565917969e+00 -1.971349239349365234e+00
2.207938671112060547e+00 -3.307950973510742188e+00 -1.832862615585327148e+00
2.402302742004394531e+00 -3.263790607452392578e+00 -1.661211967468261719e+00
2.563465118408203125e+00 -3.218430519104003906e+00 -1.459936141967773438e+00
2.686966896057128906e+00 -3.172812461853027344e+00 -1.233190774917602539e+00
2.769101381301879883e+00 -3.127872943878173828e+00 -9.856337904930114746e-01
2.806974887847900391e+00 -3.084514617919921875e+00 -7.223187088966369629e-01
2.798571825027465820e+00 -3.043586254119873047e+00 -4.485720992088317871e-01
2.742788314819335938e+00 -3.005863666534423828e+00 -1.698686480522155762e-01
2.639434337615966797e+00 -2.972032070159912109e+00 1.082924008369445801e-01
2.489239692687988281e+00 -2.942665100097656250e+00 3.804956078529357910e-01
2.293817520141601562e+00 -2.918211936950683594e+00 6.415379643440246582e-01
2.055624008178710938e+00 -2.898989200592041016e+00 8.865153193473815918e-01
1.777894377708435059e+00 -2.885169029235839844e+00 1.110922098159790039e+00
1.464574813842773438e+00 -2.876784801483154297e+00 1.310727119445800781e+00
1.120225787162780762e+00 -2.873723030090332031e+00 1.482435226440429688e+00
7.499368190765380859e-01 -2.875741004943847656e+00 1.623131990432739258e+00
3.592119216918945312e-01 -2.882470130920410156e+00 1.730511903762817383e+00
-4.612421989440917969e-02 -2.893436908721923828e+00 1.802905797958374023e+00
-4.600422382354736328e-01 -2.908074855804443359e+00 1.839267969131469727e+00
-8.764168024063110352e-01 -2.925746440887451172e+00 1.839172124862670898e+00
-1.289126634597778320e+00 -2.945765972137451172e+00 1.802786111831665039e+00
-1.692157506942749023e+00 -2.967417716979980469e+00 1.730837821960449219e+00
-2.079700946807861328e+00 -2.989981174468994141e+00 1.624572992324829102e+00
-2.446234464645385742e+00 -3.012748718261718750e+00 1.485709905624389648e+00
-2.786604404449462891e+00 -3.035043239593505859e+00 1.316377401351928711e+00
-3.096102237701416016e+00 -3.056241989135742188e+00 1.119075298309326172e+00
-3.370513916015625000e+00 -3.075780391693115234e+00 8.965950608253479004e-01
-3.606176614761352539e+00 -3.093176364898681641e+00 6.519768834114074707e-01
-3.800016880035400391e+00 -3.108030319213867188e+00 3.884509205818176270e-01
-3.949581146240234375e+00 -3.120034694671630859e+00 1.093779206275939941e-01
-4.053055286407470703e+00 -3.128977298736572266e+00 -1.818043589591979980e-01
-4.109274864196777344e+00 -3.134738922119140625e+00 -4.816254973411560059e-01
-4.117711544036865234e+00 -3.137292861938476562e+00 -7.866408228874206543e-01
-4.078485012054443359e+00 -3.136698246002197266e+00 -1.093452453613281250e+00
-3.992322921752929688e+00 -3.133089065551757812e+00 -1.398777961730957031e+00
-3.860540390014648438e+00 -3.126670360565185547e+00 -1.699462413787841797e+00
-3.684999465942382812e+00 -3.117694854736328125e+00 -1.992519378662109375e+00
-3.468068122863769531e+00 -3.106458663940429688e+00 -2.275174140930175781e+00
-3.212565898895263672e+00 -3.093282222747802734e+00 -2.544856071472167969e+00
-2.921704769134521484e+00 -3.078493595123291016e+00 -2.799256324768066406e+00
-2.599032402038574219e+00 -3.062415122985839844e+00 -3.036321878433227539e+00
-2.248368024826049805e+00 -3.045347213745117188e+00 -3.254283189773559570e+00
-1.873725891113281250e+00 -3.027555942535400391e+00 -3.451655864715576172e+00
-1.479258298873901367e+00 -3.009261608123779297e+00 -3.627252101898193359e+00
-1.069177627563476562e+00 -2.990625381469726562e+00 -3.780185222625732422e+00
-6.476963758468627930e-01 -2.971745967864990234e+00 -3.909857273101806641e+00
-2.189617156982421875e-01 -2.952653884887695312e+00 -4.015964508056640625e+00
2.130086421966552734e-01 -2.933308124542236328e+00 -4.098474025726318359e+00
6.443741321563720703e-01 -2.913596630096435547e+00 -4.157620429992675781e+00
1.071525573730468750e+00 -2.893341541290283203e+00 -4.193871498107910156e+00
1.491129875183105469e+00 -2.872300148010253906e+00 -4.207923412322998047e+00
1.900156497955322266e+00 -2.850173473358154297e+00 -4.200658321380615234e+00
2.295906066894531250e+00 -2.826618671417236328e+00 -4.173120498657226562e+00
2.676035881042480469e+00 -2.801249027252197266e+00 -4.126494884490966797e+00
3.038555622100830078e+00 -2.773654937744140625e+00 -4.062060832977294922e+00
3.381838560104370117e+00 -2.743406295776367188e+00 -3.981177806854248047e+00
3.704607009887695312e+00 -2.710071563720703125e+00 -3.885254383087158203e+00
4.005925178527832031e+00 -2.673225879669189453e+00 -3.775711536407470703e+00
4.285163879394531250e+00 -2.632460117340087891e+00 -3.653971195220947266e+00
4.541995525360107422e+00 -2.587397575378417969e+00 -3.521437644958496094e+00
4.776342391967773438e+00 -2.537702083587646484e+00 -3.379469394683837891e+00
4.988359451293945312e+00 -2.483083248138427734e+00 -3.229389667510986328e+00
5.178388118743896484e+00 -2.423312187194824219e+00 -3.072448253631591797e+00
5.346933841705322266e+00 -2.358218669891357422e+00 -2.909848928451538086e+00
5.494630813598632812e+00 -2.287706375122070312e+00 -2.742721319198608398e+00
5.622199535369873047e+00 -2.211743354797363281e+00 -2.572137832641601562e+00
5.730442047119140625e+00 -2.130374908447265625e+00 -2.399107694625854492e+00
5.820199489593505859e+00 -2.043707370758056641e+00 -2.224580764770507812e+00
5.892339706420898438e+00 -1.951914668083190918e+00 -2.049449443817138672e+00
5.947744846343994141e+00 -1.855229258537292480e+00 -1.874567508697509766e+00
5.987301349639892578e+00 -1.753929972648620605e+00 -1.700726509094238281e+00
6.011883735656738281e+00 -1.648336291313171387e+00 -1.528672695159912109e+00
6.022368431091308594e+00 -1.538798451423645020e+00 -1.359119415283203125e+00
6.019619941711425781e+00 -1.425685286521911621e+00 -1.192725181579589844e+00
6.004497528076171875e+00 -1.309374928474426270e+00 -1.030108213424682617e+00
5.977860927581787109e+00 -1.190243124961853027e+00 -8.718404173851013184e-01
5.940576076507568359e+00 -1.068660140037536621e+00 -7.184430956840515137e-01
5.893516540527343750e+00 -9.449784755706787109e-01 -5.703875422477722168e-01
5.837566375732421875e+00 -8.195272684097290039e-01 -4.280850291252136230e-01
5.773624897003173828e+00 -6.926137208938598633e-01 -2.918862700462341309e-01
5.702609062194824219e+00 -5.645154714584350586e-01 -1.620797514915466309e-01
5.625446796417236328e+00 -4.354811906814575195e-01 -3.887289762496948242e-02
5.543080329895019531e+00 -3.057353496551513672e-01 7.759076356887817383e-02
5.456455707550048828e+00 -1.754760742187500000e-01 1.872513890266418457e-01
5.366519927978515625e+00 -4.488122463226318359e-02 2.901304364204406738e-01
5.274210453033447266e+00 8.588993549346923828e-02 3.863216042518615723e-01
5.180442810058593750e+00 2.166916131973266602e-01 4.759994149208068848e-01
5.086103439331054688e+00 3.473889827728271484e-01 5.594187378883361816e-01
4.992042064666748047e+00 4.778467416763305664e-01 6.368959546089172363e-01
4.899051189422607422e+00 6.079324483871459961e-01 7.088060975074768066e-01
4.807866573333740234e+00 7.375155687332153320e-01 7.755869030952453613e-01
4.719153881072998047e+00 8.664505481719970703e-01 8.377047181129455566e-01
4.633498668670654297e+00 9.945853948593139648e-01 8.956597447395324707e-01
4.551407814025878906e+00 1.121753692626953125e+00 9.499688744544982910e-01
4.473299503326416016e+00 1.247777581214904785e+00 1.001137495040893555e+00
4.399508476257324219e+00 1.372458219528198242e+00 1.049672842025756836e+00
4.330282688140869141e+00 1.495582103729248047e+00 1.096049308776855469e+00
4.265789031982421875e+00 1.616915225982666016e+00 1.140711545944213867e+00
4.206122875213623047e+00 1.736210823059082031e+00 1.184061288833618164e+00
4.151305198669433594e+00 1.853208541870117188e+00 1.226445674896240234e+00
4.101303577423095703e+00 1.967630505561828613e+00 1.268165826797485352e+00
4.056035518646240234e+00 2.079195499420166016e+00 1.309472560882568359e+00
4.015376567840576172e+00 2.187616348266601562e+00 1.350547075271606445e+00
3.979177951812744141e+00 2.292605876922607422e+00 1.391543388366699219e+00
3.947271108627319336e+00 2.393877506256103516e+00 1.432552814483642578e+00
3.919479370117187500e+00 2.491160392761230469e+00 1.473630189895629883e+00
3.895624160766601562e+00 2.584193706512451172e+00 1.514802932739257812e+00
3.875536441802978516e+00 2.672737598419189453e+00 1.556060314178466797e+00
3.859055519104003906e+00 2.756575107574462891e+00 1.597372055053710938e+00
3.846044301986694336e+00 2.835519313812255859e+00 1.638690948486328125e+00
3.836377143859863281e+00 2.909421920776367188e+00 1.679957628250122070e+00
3.829954862594604492e+00 2.978171348571777344e+00 1.721099615097045898e+00
3.826697111129760742e+00 3.041699886322021484e+00 1.762046813964843750e+00
3.826539993286132812e+00 3.099991321563720703e+00 1.802726984024047852e+00
3.829433441162109375e+00 3.153082370758056641e+00 1.843058824539184570e+00
3.835344552993774414e+00 3.201062202453613281e+00 1.882976770401000977e+00
3.844239711761474609e+00 3.244081020355224609e+00 1.922408580780029297e+00
3.856091260910034180e+00 3.282346248626708984e+00 1.961290836334228516e+00
3.870864868164062500e+00 3.316120624542236328e+00 1.999566316604614258e+00
3.888523817062377930e+00 3.345729351043701172e+00 2.037180185317993164e+00
3.909013271331787109e+00 3.371549129486083984e+00 2.074084520339965820e+00
3.932260036468505859e+00 3.394002914428710938e+00 2.110236644744873047e+00
3.958177804946899414e+00 3.413561344146728516e+00 2.145594835281372070e+00
3.986648559570312500e+00 3.430727958679199219e+00 2.180130958557128906e+00
4.017536163330078125e+00 3.446040153503417969e+00 2.213813543319702148e+00
4.050674438476562500e+00 3.460052490234375000e+00 2.246622323989868164e+00
4.085869789123535156e+00 3.473330497741699219e+00 2.278537034988403320e+00
4.122905731201171875e+00 3.486444950103759766e+00 2.309545516967773438e+00
4.161535263061523438e+00 3.499956130981445312e+00 2.339646816253662109e+00
4.201494216918945312e+00 3.514414787292480469e+00 2.368844270706176758e+00
4.242495059967041016e+00 3.530339241027832031e+00 2.397156715393066406e+00
4.284235000610351562e+00 3.548225879669189453e+00 2.424613237380981445e+00
4.326394557952880859e+00 3.568529129028320312e+00 2.451260805130004883e+00
4.368649959564208984e+00 3.591655254364013672e+00 2.477150678634643555e+00
4.410671234130859375e+00 3.617959499359130859e+00 2.502363204956054688e+00
4.452127933502197266e+00 3.647743701934814453e+00 2.526978254318237305e+00
4.492698192596435547e+00 3.681234359741210938e+00 2.551098108291625977e+00
4.532065868377685547e+00 3.718602657318115234e+00 2.574826240539550781e+00
4.569929599761962891e+00 3.759939193725585938e+00 2.598279237747192383e+00
4.606000423431396484e+00 3.805258750915527344e+00 2.621568918228149414e+00
4.640013217926025391e+00 3.854501247406005859e+00 2.644802808761596680e+00
4.671724796295166016e+00 3.907514572143554688e+00 2.668082237243652344e+00
4.700907230377197266e+00 3.964076042175292969e+00 2.691493749618530273e+00
4.727362155914306641e+00 4.023878097534179688e+00 2.715098857879638672e+00
4.750916004180908203e+00 4.086531639099121094e+00 2.738936662673950195e+00
4.771411418914794922e+00 4.151583671569824219e+00 2.763019800186157227e+00
4.788726329803466797e+00 4.218506813049316406e+00 2.787319898605346680e+00
4.802756786346435547e+00 4.286721229553222656e+00 2.811778783798217773e+00
4.813424587249755859e+00 4.355599880218505859e+00 2.836300849914550781e+00
4.820677757263183594e+00 4.424479484558105469e+00 2.860747814178466797e+00
4.824483394622802734e+00 4.492675304412841797e+00 2.884948492050170898e+00
4.824841022491455078e+00 4.559499740600585938e+00 2.908696174621582031e+00
4.821773052215576172e+00 4.624268531799316406e+00 2.931748867034912109e+00
4.815331935882568359e+00 4.686320304870605469e+00 2.953836679458618164e+00
4.805596828460693359e+00 4.745029449462890625e+00 2.974667787551879883e+00
4.792676448822021484e+00 4.799826145172119141e+00 2.993939876556396484e+00
4.776716709136962891e+00 4.850199222564697266e+00 3.011329174041748047e+00
4.757895946502685547e+00 4.895712375640869141e+00 3.026526927947998047e+00
4.736427783966064453e+00 4.936017036437988281e+00 3.039228916168212891e+00
4.712564945220947266e+00 4.970859050750732422e+00 3.049152135848999023e+00
4.686600208282470703e+00 5.000081062316894531e+00 3.056048393249511719e+00
4.658861637115478516e+00 5.023624420166015625e+00 3.059706211090087891e+00
4.629728794097900391e+00 5.041536808013916016e+00 3.059961318969726562e+00
4.599611759185791016e+00 5.053964614868164062e+00 3.056714296340942383e+00
4.568967342376708984e+00 5.061152935028076172e+00 3.049919128417968750e+00
4.538284778594970703e+00 5.063432216644287109e+00 3.039597988128662109e+00
4.508095264434814453e+00 5.061214923858642578e+00 3.025833606719970703e+00
4.478957176208496094e+00 5.054984569549560547e+00 3.008778572082519531e+00
4.451453208923339844e+00 5.045278072357177734e+00 2.988645076751708984e+00
4.426187992095947266e+00 5.032675743103027344e+00 2.965702056884765625e+00
4.403773784637451172e+00 5.017788887023925781e+00 2.940266609191894531e+00
4.384825229644775391e+00 5.001236915588378906e+00 2.912696599960327148e+00
4.369946956634521484e+00 4.983632087707519531e+00 2.883388042449951172e+00
4.359718322753906250e+00 4.965575218200683594e+00 2.852756023406982422e+00
4.354684829711914062e+00 4.947624206542968750e+00 2.821233272552490234e+00
4.355344295501708984e+00 4.930295467376708984e+00 2.789253473281860352e+00
4.362128734588623047e+00 4.914036273956298828e+00 2.757258892059326172e+00
4.375394344329833984e+00 4.899235725402832031e+00 2.725671291351318359e+00
4.395406246185302734e+00 4.886196136474609375e+00 2.694895267486572266e+00
4.422324657440185547e+00 4.875145435333251953e+00 2.665317058563232422e+00
4.456199169158935547e+00 4.866215705871582031e+00 2.637286901473999023e+00
4.496950626373291016e+00 4.859462738037109375e+00 2.611131429672241211e+00
4.544376850128173828e+00 4.854856967926025391e+00 2.587129354476928711e+00
4.598140239715576172e+00 4.852289676666259766e+00 2.565524816513061523e+00
4.657771110534667969e+00 4.851583957672119141e+00 2.546522378921508789e+00
4.722671031951904297e+00 4.852494716644287109e+00 2.530275821685791016e+00
4.792119979858398438e+00 4.854729652404785156e+00 2.516895771026611328e+00
4.865285396575927734e+00 4.857956409454345703e+00 2.506452798843383789e+00
4.941234111785888672e+00 4.861811637878417969e+00 2.498962640762329102e+00
5.018949985504150391e+00 4.865920543670654297e+00 2.494396209716796875e+00
5.097352504730224609e+00 4.869902610778808594e+00 2.492679357528686523e+00
5.175315380096435547e+00 4.873390197753906250e+00 2.493694067001342773e+00
5.251684188842773438e+00 4.876039505004882812e+00 2.497269630432128906e+00
5.325308799743652344e+00 4.877533912658691406e+00 2.503207683563232422e+00
5.395053863525390625e+00 4.877602577209472656e+00 2.511259078979492188e+00
5.459831714630126953e+00 4.876019001007080078e+00 2.521149396896362305e+00
5.518613338470458984e+00 4.872609138488769531e+00 2.532572984695434570e+00
5.570462226867675781e+00 4.867258071899414062e+00 2.545197725296020508e+00
5.614536762237548828e+00 4.859902381896972656e+00 2.558681488037109375e+00
5.650117874145507812e+00 4.850533485412597656e+00 2.572669029235839844e+00
5.676619052886962891e+00 4.839198589324951172e+00 2.586804866790771484e+00
5.693596363067626953e+00 4.825993537902832031e+00 2.600738286972045898e+00
5.700757026672363281e+00 4.811053752899169922e+00 2.614135026931762695e+00
5.697960853576660156e+00 4.794556617736816406e+00 2.626675605773925781e+00
5.685223579406738281e+00 4.776708602905273438e+00 2.638074874877929688e+00
5.662714958190917969e+00 4.757740974426269531e+00 2.648076295852661133e+00
5.630747318267822266e+00 4.737905502319335938e+00 2.656463146209716797e+00
5.589776039123535156e+00 4.717463016510009766e+00 2.663063764572143555e+00
5.540382862091064453e+00 4.696680545806884766e+00 2.667743682861328125e+00
5.483261585235595703e+00 4.675831794738769531e+00 2.670423984527587891e+00
5.419205188751220703e+00 4.655179500579833984e+00 2.671062707901000977e+00
5.349092006683349609e+00 4.634978771209716797e+00 2.669660568237304688e+00
5.273861885070800781e+00 4.615470409393310547e+00 2.666264772415161133e+00
5.194505691528320312e+00 4.596883773803710938e+00 2.660953283309936523e+00
5.112045288085937500e+00 4.579419136047363281e+00 2.653837680816650391e+00
5.027512550354003906e+00 4.563259601593017578e+00 2.645044088363647461e+00
4.941939830780029297e+00 4.548561573028564453e+00 2.634725570678710938e+00
4.856339454650878906e+00 4.535447597503662109e+00 2.623037576675415039e+00
4.771691322326660156e+00 4.524017333984375000e+00 2.610149145126342773e+00
4.688930511474609375e+00 4.514337062835693359e+00 2.596225738525390625e+00
4.608937740325927734e+00 4.506443500518798828e+00 2.581436395645141602e+00
4.532522678375244141e+00 4.500344276428222656e+00 2.565943002700805664e+00
4.460420131683349609e+00 4.496016979217529297e+00 2.549898147583007812e+00
4.393285274505615234e+00 4.493411540985107422e+00 2.533466577529907227e+00
4.331677436828613281e+00 4.492456436157226562e+00 2.516806840896606445e+00
4.276062965393066406e+00 4.493055343627929688e+00 2.500081539154052734e+00
4.226806163787841797e+00 4.495094776153564453e+00 2.483460426330566406e+00
4.184168815612792969e+00 4.498441219329833984e+00 2.467133283615112305e+00
4.148303031921386719e+00 4.502952098846435547e+00 2.451296329498291016e+00
4.119258403778076172e+00 4.508472442626953125e+00 2.436171770095825195e+00
4.096973896026611328e+00 4.514835357666015625e+00 2.421994686126708984e+00
4.081284046173095703e+00 4.521873474121093750e+00 2.409019947052001953e+00
4.071920871734619141e+00 4.529411315917968750e+00 2.397524118423461914e+00
4.068522453308105469e+00 4.537272930145263672e+00 2.387787818908691406e+00
4.070630550384521484e+00 4.545280933380126953e+00 2.380098819732666016e+00
4.077704429626464844e+00 4.553261756896972656e+00 2.374746561050415039e+00
4.089130401611328125e+00 4.561044692993164062e+00 2.372004747390747070e+00
4.104223251342773438e+00 4.568459987640380859e+00 2.372127294540405273e+00
4.122251033782958984e+00 4.575356483459472656e+00 2.375341415405273438e+00
4.142432212829589844e+00 4.581589698791503906e+00 2.381830453872680664e+00
4.163961410522460938e+00 4.587025642395019531e+00 2.391731739044189453e+00
4.186016082763671875e+00 4.591553211212158203e+00 2.405127048492431641e+00
4.207774162292480469e+00 4.595076560974121094e+00 2.422034740447998047e+00
4.228429317474365234e+00 4.597517967224121094e+00 2.442403554916381836e+00
4.247200489044189453e+00 4.598832130432128906e+00 2.466111421585083008e+00
4.263354778289794922e+00 4.598986625671386719e+00 2.492962360382080078e+00
4.276214599609375000e+00 4.597977638244628906e+00 2.522686958312988281e+00
4.285175800323486328e+00 4.595819473266601562e+00 2.554940223693847656e+00
4.289718151092529297e+00 4.592550754547119141e+00 2.589315891265869141e+00
4.289414882659912109e+00 4.588227272033691406e+00 2.625332832336425781e+00
4.283945083618164062e+00 4.582916736602783203e+00 2.662461519241333008e+00
4.273093223571777344e+00 4.576701641082763672e+00 2.700123548507690430e+00
4.256768703460693359e+00 4.569671154022216797e+00 2.737698078155517578e+00
4.234992980957031250e+00 4.561917304992675781e+00 2.774538516998291016e+00
4.207910537719726562e+00 4.553528308868408203e+00 2.809980392456054688e+00
4.175781726837158203e+00 4.544592380523681641e+00 2.843358516693115234e+00
4.138984203338623047e+00 4.535190105438232422e+00 2.874010562896728516e+00
4.098001480102539062e+00 4.525386333465576172e+00 2.901301860809326172e+00
4.053415775299072266e+00 4.515233993530273438e+00 2.924622535705566406e+00
4.005899429321289062e+00 4.504773616790771484e+00 2.943412065505981445e+00
3.956199884414672852e+00 4.494026660919189453e+00 2.957162857055664062e+00
3.905125141143798828e+00 4.482999324798583984e+00 2.965433597564697266e+00
3.853532314300537109e+00 4.471684932708740234e+00 2.967858076095581055e+00
3.802303791046142578e+00 4.460059642791748047e+00 2.964151382446289062e+00
3.752337932586669922e+00 4.448095321655273438e+00 2.954119205474853516e+00
3.704526901245117188e+00 4.435751438140869141e+00 2.937663078308105469e+00
3.659739971160888672e+00 4.422994613647460938e+00 2.914789676666259766e+00
3.618806362152099609e+00 4.409787654876708984e+00 2.885599613189697266e+00
3.582499504089355469e+00 4.396108627319335938e+00 2.850307464599609375e+00
3.551526546478271484e+00 4.381950378417968750e+00 2.809225082397460938e+00
3.526503324508666992e+00 4.367323398590087891e+00 2.762769460678100586e+00
3.507956266403198242e+00 4.352267265319824219e+00 2.711446046829223633e+00
3.496301412582397461e+00 4.336848258972167969e+00 2.655850410461425781e+00
3.491840600967407227e+00 4.321166515350341797e+00 2.596649408340454102e+00
3.494755268096923828e+00 4.305352210998535156e+00 2.534583568572998047e+00
3.505100011825561523e+00 4.289573669433593750e+00 2.470431804656982422e+00
3.522802352905273438e+00 4.274027347564697266e+00 2.405009984970092773e+00
3.547664165496826172e+00 4.258938789367675781e+00 2.339158773422241211e+00
3.579360008239746094e+00 4.244559764862060547e+00 2.273714303970336914e+00
3.617450237274169922e+00 4.231164455413818359e+00 2.209502458572387695e+00
3.661379337310791016e+00 4.219038009643554688e+00 2.147320985794067383e+00
3.710493803024291992e+00 4.208475112915039062e+00 2.087927103042602539e+00
3.764054059982299805e+00 4.199771881103515625e+00 2.032020330429077148e+00
3.821240901947021484e+00 4.193221569061279297e+00 1.980242252349853516e+00
3.881181240081787109e+00 4.189096927642822266e+00 1.933158397674560547e+00
3.942958354949951172e+00 4.187658786773681641e+00 1.891259193420410156e+00
4.005629539489746094e+00 4.189132690429687500e+00 1.854952335357666016e+00
4.068250179290771484e+00 4.193712711334228516e+00 1.824559450149536133e+00
4.129877090454101562e+00 4.201556205749511719e+00 1.800319433212280273e+00
4.189601421356201172e+00 4.212769031524658203e+00 1.782382726669311523e+00
4.246551513671875000e+00 4.227406501770019531e+00 1.770822286605834961e+00
4.299911022186279297e+00 4.245478153228759766e+00 1.765632867813110352e+00
4.348928928375244141e+00 4.266932964324951172e+00 1.766730785369873047e+00
4.392930984497070312e+00 4.291666984558105469e+00 1.773972272872924805e+00
4.431326389312744141e+00 4.319526672363281250e+00 1.787142753601074219e+00
4.463612079620361328e+00 4.350305557250976562e+00 1.805977344512939453e+00
4.489378452301025391e+00 4.383756637573242188e+00 1.830162286758422852e+00
4.508310794830322266e+00 4.419588088989257812e+00 1.859335899353027344e+00
4.520187854766845703e+00 4.457484722137451172e+00 1.893106698989868164e+00
4.524885654449462891e+00 4.497097492218017578e+00 1.931048631668090820e+00
4.522367954254150391e+00 4.538068771362304688e+00 1.972713232040405273e+00
4.512692451477050781e+00 4.580031394958496094e+00 2.017630577087402344e+00
4.495995521545410156e+00 4.622611999511718750e+00 2.065319061279296875e+00
4.472499370574951172e+00 4.665452480316162109e+00 2.115281820297241211e+00
4.442496776580810547e+00 4.708200931549072266e+00 2.167024612426757812e+00
4.406350135803222656e+00 4.750528335571289062e+00 2.220043659210205078e+00
4.364484310150146484e+00 4.792126655578613281e+00 2.273837327957153320e+00
4.317373275756835938e+00 4.832712173461914062e+00 2.327916860580444336e+00
4.265541076660156250e+00 4.872025489807128906e+00 2.381790399551391602e+00
4.209545135498046875e+00 4.909837722778320312e+00 2.434991121292114258e+00
4.149970531463623047e+00 4.945941925048828125e+00 2.487067699432373047e+00
4.087421417236328125e+00 4.980160236358642578e+00 2.537588596343994141e+00
4.022509098052978516e+00 5.012330532073974609e+00 2.586158037185668945e+00
3.955847501754760742e+00 5.042317867279052734e+00 2.632405042648315430e+00
3.888036727905273438e+00 5.070000648498535156e+00 2.676001071929931641e+00
3.819663286209106445e+00 5.095276832580566406e+00 2.716654777526855469e+00
3.751284599304199219e+00 5.118058681488037109e+00 2.754122018814086914e+00
3.683427572250366211e+00 5.138267517089843750e+00 2.788196086883544922e+00
3.616580724716186523e+00 5.155836582183837891e+00 2.818714380264282227e+00
3.551187515258789062e+00 5.170714378356933594e+00 2.845562696456909180e+00
3.487645626068115234e+00 5.182852268218994141e+00 2.868662834167480469e+00
3.426303386688232422e+00 5.192216873168945312e+00 2.887969255447387695e+00
3.367456912994384766e+00 5.198782444000244141e+00 2.903478145599365234e+00
3.311351776123046875e+00 5.202538490295410156e+00 2.915213346481323242e+00
3.258184671401977539e+00 5.203486442565917969e+00 2.923222064971923828e+00
3.208100080490112305e+00 5.201638221740722656e+00 2.927582263946533203e+00
3.161201477050781250e+00 5.197031497955322266e+00 2.928391218185424805e+00
3.117540359497070312e+00 5.189716339111328125e+00 2.925760269165039062e+00
3.077135324478149414e+00 5.179768085479736328e+00 2.919822216033935547e+00
3.039961338043212891e+00 5.167284488677978516e+00 2.910721540451049805e+00
3.005965232849121094e+00 5.152388572692871094e+00 2.898620367050170898e+00
2.975059509277343750e+00 5.135229110717773438e+00 2.883690118789672852e+00
2.947132110595703125e+00 5.115981101989746094e+00 2.866114616394042969e+00
2.922050952911376953e+00 5.094848155975341797e+00 2.846087932586669922e+00
2.899664878845214844e+00 5.072056770324707031e+00 2.823813915252685547e+00
2.879811763763427734e+00 5.047859191894531250e+00 2.799502372741699219e+00
2.862321376800537109e+00 5.022529125213623047e+00 2.773369789123535156e+00
2.847019433975219727e+00 4.996356964111328125e+00 2.745636940002441406e+00
2.833734512329101562e+00 4.969646453857421875e+00 2.716528892517089844e+00
2.822300434112548828e+00 4.942712783813476562e+00 2.686272382736206055e+00
2.812559604644775391e+00 4.915872573852539062e+00 2.655095100402832031e+00
2.804368495941162109e+00 4.889446735382080078e+00 2.623224735260009766e+00
2.797598361968994141e+00 4.863747119903564453e+00 2.590888261795043945e+00
2.792139530181884766e+00 4.839078903198242188e+00 2.558317899703979492e+00
