1.326061785221099854e-01 -8.998269587755203247e-02 -1.508305072784423828e-01
1.329673379659652710e-01 -1.554807573556900024e-01 1.127641946077346802e-01
1.284997016191482544e-01 -7.671828567981719971e-02 -1.513551473617553711e-01
1.275235712528228760e-01 -7.685758918523788452e-02 -1.571930050849914551e-01
1.231694445013999939e-01 -1.418123096227645874e-01 1.111591905355453491e-01
1.303205490112304688e-01 -1.624063700437545776e-01 1.115953847765922546e-01
1.296019852161407471e-01 -1.618239730596542358e-01 1.114486008882522583e-01
1.294618844985961914e-01 -7.799538969993591309e-02 -1.532614827156066895e-01
1.301039755344390869e-01 -7.901709526777267456e-02 -1.521758735179901123e-01
2.459586225450038910e-02 1.098641753196716309e-01 1.271649003028869629e-01
1.303143799304962158e-01 -7.756288349628448486e-02 -1.527867317199707031e-01
1.379283070564270020e-01 -7.652148604393005371e-02 -1.485195159912109375e-01
1.336292922496795654e-01 -1.638483703136444092e-01 1.123571693897247314e-01
1.340527832508087158e-01 -7.752541452646255493e-02 -1.470919251441955566e-01
1.489309966564178467e-01 -3.080518543720245361e-02 6.964753568172454834e-02
-2.782184630632400513e-02 8.695207536220550537e-02 1.118472144007682800e-01
1.784664578735828400e-02 1.159292012453079224e-01 1.317749768495559692e-01
1.368525028228759766e-01 -8.063003420829772949e-02 -1.524223685264587402e-01
1.344045698642730713e-01 -7.606293261051177979e-02 -1.508778333663940430e-01
1.323624402284622192e-01 -1.657128632068634033e-01 1.118981614708900452e-01
1.357705891132354736e-01 -7.660020142793655396e-02 -1.477667689323425293e-01
1.287793815135955811e-01 -1.652562469244003296e-01 1.109967157244682312e-01
1.350022852420806885e-01 -7.675822079181671143e-02 -1.491262018680572510e-01
2.333775535225868225e-02 1.125090122222900391e-01 1.304537057876586914e-01
1.407584846019744873e-01 -1.436235606670379639e-01 1.156141236424446106e-01
1.157001405954360962e-02 1.899082064628601074e-01 -1.366144716739654541e-01
1.310164183378219604e-01 -1.611892431974411011e-01 1.118608787655830383e-01
1.057627499103546143e-01 -3.140883892774581909e-02 1.268163025379180908e-01
1.219527721405029297e-01 -8.038434386253356934e-02 -1.582059860229492188e-01
1.249994114041328430e-01 -6.665208935737609863e-02 -1.487298607826232910e-01
1.341109275817871094e-01 -7.802540063858032227e-02 -1.495094597339630127e-01
1.370469331741333008e-01 -7.182677090167999268e-02 -1.534255146980285645e-01
-1.038914024829864502e-01 5.663396045565605164e-02 -1.427935659885406494e-01
1.338439881801605225e-01 -7.717882096767425537e-02 -1.517746448516845703e-01
1.286696940660476685e-01 -1.571792811155319214e-01 1.115274354815483093e-01
1.279216408729553223e-01 -1.652075499296188354e-01 1.107767224311828613e-01
1.296002864837646484e-01 -1.648354828357696533e-01 1.112396195530891418e-01
1.275606751441955566e-01 -1.559435129165649414e-01 1.113242059946060181e-01
1.406993158161640167e-02 1.066769212484359741e-01 1.278616189956665039e-01
1.389703154563903809e-01 -7.509949803352355957e-02 -1.496982872486114502e-01
3.670514002442359924e-02 9.693989157676696777e-02 1.357008367776870728e-01
1.087650284171104431e-02 1.076024770736694336e-01 1.387495100498199463e-01
1.311568170785903931e-01 -1.650591045618057251e-01 1.116294711828231812e-01
1.314179897308349609e-01 -1.518812626600265503e-01 1.126099675893783569e-01
1.297729015350341797e-01 -8.128523826599121094e-02 -1.505743265151977539e-01
1.302063763141632080e-01 -1.694151461124420166e-01 1.110803410410881042e-01
1.391808390617370605e-01 -7.701575756072998047e-02 -1.440198421478271484e-01
1.323882937431335449e-01 -7.455086708068847656e-02 -1.527493298053741455e-01
1.370616257190704346e-01 -7.877102494239807129e-02 -1.464683115482330322e-01
1.276286542415618896e-01 -8.970172703266143799e-02 -1.514576077461242676e-01
1.303170770406723022e-01 -8.116877079010009766e-02 -1.533069014549255371e-01
1.342212259769439697e-01 -7.886538654565811157e-02 -1.490823924541473389e-01
1.408596634864807129e-01 -7.327188551425933838e-02 -1.484008729457855225e-01
2.356584370136260986e-02 1.129076629877090454e-01 1.301810443401336670e-01
1.263833045959472656e-01 -8.626754581928253174e-02 -1.504423916339874268e-01
1.313641369342803955e-01 -1.600744575262069702e-01 1.120286211371421814e-01
1.309494227170944214e-01 -1.697193384170532227e-01 1.112527698278427124e-01
1.309695839881896973e-01 -7.733608037233352661e-02 -1.547181904315948486e-01
1.301155388355255127e-01 -1.578816324472427368e-01 1.118553131818771362e-01
1.971515826880931854e-02 1.098956316709518433e-01 1.273379325866699219e-01
9.928548336029052734e-02 -8.061073720455169678e-02 -1.367451548576354980e-01
-1.950809508562088013e-01 -8.565251529216766357e-02 7.187467068433761597e-02
-1.816797107458114624e-01 3.218425437808036804e-02 -1.758296489715576172e-01
7.654120028018951416e-02 1.391482055187225342e-01 -6.326191872358322144e-02
1.268708109855651855e-01 -6.915894895792007446e-02 -1.458711624145507812e-01
1.303347647190093994e-01 -1.643010079860687256e-01 1.114678978919982910e-01
1.292226314544677734e-01 -7.627757638692855835e-02 -1.573890447616577148e-01
2.646473795175552368e-02 1.304423660039901733e-01 1.383517682552337646e-01
1.330802142620086670e-01 -1.648652106523513794e-01 1.121437698602676392e-01
1.324474513530731201e-01 -1.644675880670547485e-01 1.120065301656723022e-01
2.510138601064682007e-02 1.190515458583831787e-01 1.190262660384178162e-01
1.789864152669906616e-03 1.071851551532745361e-01 1.298054158687591553e-01
-1.737860441207885742e-01 -3.526881709694862366e-02 -1.264030337333679199e-01
1.187025830149650574e-01 -7.089339941740036011e-02 -1.551572084426879883e-01
1.068031340837478638e-01 -1.330724656581878662e-01 1.044449508190155029e-01
1.315435767173767090e-01 -1.632682681083679199e-01 1.118541955947875977e-01
-1.958602666854858398e-01 3.574419394135475159e-02 -1.716333031654357910e-01
1.351080983877182007e-01 -7.186314463615417480e-02 -1.515922248363494873e-01
1.309279948472976685e-01 -1.648557186126708984e-01 1.115839704871177673e-01
1.301213800907135010e-01 -7.712779939174652100e-02 -1.519997119903564453e-01
-1.693349182605743408e-01 3.467190638184547424e-02 -1.820921599864959717e-01
1.314995884895324707e-01 -1.600052118301391602e-01 1.120686829090118408e-01
1.344722509384155273e-01 -7.150153815746307373e-02 -1.517222225666046143e-01
1.291983127593994141e-01 -1.647446453571319580e-01 1.111412346363067627e-01
1.678076386451721191e-02 9.870770573616027832e-02 1.413743048906326294e-01
1.300465166568756104e-01 -1.649713963270187378e-01 1.113464161753654480e-01
1.304176449775695801e-01 -1.671950668096542358e-01 1.112890839576721191e-01
3.578533232212066650e-02 1.152120381593704224e-01 1.418880373239517212e-01
-6.470727920532226562e-02 5.197745934128761292e-02 1.049347817897796631e-01
1.312363147735595703e-01 -7.613971829414367676e-02 -1.519171595573425293e-01
1.237757503986358643e-01 -7.861378788948059082e-02 -1.464381217956542969e-01
1.301225274801254272e-01 -7.079266011714935303e-02 -1.488037705421447754e-01
9.638607501983642578e-02 -1.554006338119506836e-01 1.613851785659790039e-01
1.330450177192687988e-01 -1.647563427686691284e-01 1.121421456336975098e-01
1.324961483478546143e-01 -1.664668023586273193e-01 1.118807792663574219e-01
1.272974312305450439e-01 -7.168742269277572632e-02 -1.515379250049591064e-01
1.339305937290191650e-01 -1.485081911087036133e-01 1.134978458285331726e-01
1.319263875484466553e-01 -1.629432290792465210e-01 1.119763851165771484e-01
1.276584267616271973e-01 -7.750674337148666382e-02 -1.569894254207611084e-01
1.414690613746643066e-01 -7.406355440616607666e-02 -1.501150727272033691e-01
1.374230235815048218e-01 -7.741142809391021729e-02 -1.463471651077270508e-01
1.324834227561950684e-01 -7.809595763683319092e-02 -1.579662859439849854e-01
1.280564963817596436e-01 -8.318656682968139648e-02 -1.538975536823272705e-01
1.361821740865707397e-01 -7.648635655641555786e-02 -1.475617885589599609e-01
-1.098406910896301270e-01 1.584023609757423401e-02 7.144261896610260010e-02
1.279113292694091797e-01 -1.607590615749359131e-01 1.110820770263671875e-01
1.376161724328994751e-02 9.674777090549468994e-02 1.436857432126998901e-01
1.307780146598815918e-01 -1.632640957832336426e-01 1.116551235318183899e-01
1.571150869131088257e-02 1.109554767608642578e-01 1.359815895557403564e-01
1.306474953889846802e-01 -8.352437615394592285e-02 -1.515671908855438232e-01
-1.340175569057464600e-01 4.766816273331642151e-02 -1.572215259075164795e-01
2.259507961571216583e-02 1.174748539924621582e-01 1.324745714664459229e-01
1.307232975959777832e-01 -7.865509390830993652e-02 -1.522843241691589355e-01
1.347222328186035156e-01 -7.818769663572311401e-02 -1.499143242835998535e-01
1.210096031427383423e-01 -8.773984014987945557e-02 -1.537583172321319580e-01
1.315204203128814697e-01 -1.630548983812332153e-01 1.118629425764083862e-01
1.384175196290016174e-02 1.086554676294326782e-01 1.347127109766006470e-01
1.707482710480690002e-02 1.208005100488662720e-01 1.328736841678619385e-01
3.140448033809661865e-02 1.230212450027465820e-01 1.340487450361251831e-01
1.208091527223587036e-01 -1.545126140117645264e-01 1.096651256084442139e-01
1.364633738994598389e-01 -7.475941628217697144e-02 -1.502463519573211670e-01
1.310025751590728760e-01 -1.596694290637969971e-01 1.119625121355056763e-01
1.314581334590911865e-01 -1.632262617349624634e-01 1.118348538875579834e-01
1.280454397201538086e-01 -8.862337470054626465e-02 -1.485168039798736572e-01
1.374306082725524902e-01 -8.047670125961303711e-02 -1.463792622089385986e-01
1.409832537174224854e-01 -7.293518632650375366e-02 -1.498320102691650391e-01
1.339591592550277710e-01 -7.765660434961318970e-02 -1.514563858509063721e-01
1.385440826416015625e-01 -7.808682322502136230e-02 -1.459840536117553711e-01
1.379412710666656494e-01 -7.488477230072021484e-02 -1.520563960075378418e-01
-9.458757936954498291e-02 2.281091734766960144e-02 1.040959954261779785e-01
1.328455358743667603e-01 -7.618747651576995850e-02 -1.531405746936798096e-01
1.305775642395019531e-01 -1.659311652183532715e-01 1.114182472229003906e-01
1.352225840091705322e-01 -7.227016985416412354e-02 -1.555441915988922119e-01
1.092917099595069885e-02 1.078792214393615723e-01 1.389808952808380127e-01
3.348607569932937622e-03 9.302890300750732422e-02 1.446748077869415283e-01
2.878893613815307617e-01 1.267138272523880005e-01 -2.223598957061767578e-02
1.273695677518844604e-01 -7.863673567771911621e-02 -1.534000635147094727e-01
-1.917502582073211670e-01 4.374630376696586609e-02 -1.733161211013793945e-01
1.330914497375488281e-01 -7.659015059471130371e-02 -1.497390866279602051e-01
1.402753144502639771e-01 -7.346130907535552979e-02 -1.490053832530975342e-01
1.386437416076660156e-01 -6.498924642801284790e-02 -1.515678465366363525e-01
1.380364149808883667e-01 -8.422712981700897217e-02 -1.484663188457489014e-01
1.460697203874588013e-01 -1.324983090162277222e-01 1.235847473144531250e-01
1.371425241231918335e-01 -7.618178427219390869e-02 -1.481855213642120361e-01
-1.947558224201202393e-01 5.206517502665519714e-02 -1.787072420120239258e-01
1.350251138210296631e-01 -7.858666032552719116e-02 -1.485144495964050293e-01
1.337535977363586426e-01 -7.741987705230712891e-02 -1.480108797550201416e-01
1.339062154293060303e-01 -7.287854701280593872e-02 -1.563210785388946533e-01
1.299770474433898926e-01 -1.628993004560470581e-01 1.114718019962310791e-01
-3.520256280899047852e-02 -2.078419178724288940e-02 -1.123103275895118713e-01
1.381843388080596924e-01 -6.599190086126327515e-02 -1.426655948162078857e-01
2.661044150590896606e-02 1.185068637132644653e-01 1.259378939867019653e-01
1.294977217912673950e-01 -1.661205589771270752e-01 1.111239343881607056e-01
1.309389770030975342e-01 -1.648767888545989990e-01 1.115853711962699890e-01
1.310980021953582764e-01 -1.614607423543930054e-01 1.118633225560188293e-01
1.365430206060409546e-01 -7.289373129606246948e-02 -1.511224210262298584e-01
1.331660151481628418e-01 -7.646815478801727295e-02 -1.493027210235595703e-01
1.332597434520721436e-01 -7.887522876262664795e-02 -1.496607959270477295e-01
1.335123479366302490e-01 -7.843668758869171143e-02 -1.488447785377502441e-01
1.377469301223754883e-01 -7.462997734546661377e-02 -1.482686102390289307e-01
-7.279828190803527832e-03 1.067492961883544922e-01 -1.298397183418273926e-01
1.194567419588565826e-02 1.083766818046569824e-01 1.265461593866348267e-01
1.365160942077636719e-02 1.100313067436218262e-01 1.352925002574920654e-01
1.313116550445556641e-01 -7.922264933586120605e-02 -1.516452133655548096e-01
1.310854256153106689e-01 -8.578743040561676025e-02 -1.515551209449768066e-01
1.354799866676330566e-01 -7.926939427852630615e-02 -1.474478244781494141e-01
1.299317479133605957e-01 -1.622413247823715210e-01 1.115055680274963379e-01
-9.100869297981262207e-02 3.460776433348655701e-02 7.950392365455627441e-02
6.653486937284469604e-02 1.930259168148040771e-03 1.535674929618835449e-01
1.297943145036697388e-01 -1.560762673616409302e-01 1.118966713547706604e-01
1.291493922472000122e-01 -8.297356963157653809e-02 -1.516554057598114014e-01
1.879373192787170410e-02 1.104994863271713257e-01 1.344267725944519043e-01
2.608287148177623749e-02 1.164582222700119019e-01 1.312678903341293335e-01
1.314137578010559082e-01 -7.488334923982620239e-02 -1.501566469669342041e-01
1.333996951580047607e-01 -1.640275865793228149e-01 1.122849658131599426e-01
1.391309499740600586e-01 -9.357777237892150879e-02 -1.561111211776733398e-01
1.300466954708099365e-01 -1.535793244838714600e-01 1.121352910995483398e-01
1.312290728092193604e-01 -1.628303378820419312e-01 1.118026226758956909e-01
1.296446770429611206e-01 -8.915343880653381348e-02 -1.508843302726745605e-01
1.358593255281448364e-01 -7.484828680753707886e-02 -1.500604450702667236e-01
1.327718794345855713e-01 -7.892310619354248047e-02 -1.486248970031738281e-01
1.272513419389724731e-01 -8.191901445388793945e-02 -1.501680314540863037e-01
1.333928108215332031e-01 -1.646881252527236938e-01 1.122374385595321655e-01
1.336757540702819824e-01 -1.628652960062026978e-01 1.124373376369476318e-01
1.321993917226791382e-01 -1.663276553153991699e-01 1.118131279945373535e-01
1.238732859492301941e-01 -1.610741466283798218e-01 1.100087091326713562e-01
1.358491629362106323e-01 -1.783210337162017822e-01 1.119330972433090210e-01
1.325104832649230957e-01 -1.656943410634994507e-01 1.119379997253417969e-01
1.309049129486083984e-01 -7.585993409156799316e-02 -1.532539427280426025e-01
1.024994626641273499e-02 1.140631735324859619e-01 1.289322376251220703e-01
1.347577869892120361e-01 -7.725761830806732178e-02 -1.467984020709991455e-01
1.293855011463165283e-01 -8.145355433225631714e-02 -1.521226763725280762e-01
-1.028824597597122192e-01 1.174159646034240723e-01 -1.699188053607940674e-01
8.313356339931488037e-02 2.130632698535919189e-01 -1.230149045586585999e-01
-1.783333122730255127e-01 3.401288762688636780e-02 -1.765762865543365479e-01
-1.720407307147979736e-01 -6.480579078197479248e-02 1.094851940870285034e-01
1.359236091375350952e-01 -7.798533886671066284e-02 -1.485617160797119141e-01
3.660025075078010559e-02 1.303380429744720459e-01 1.218472421169281006e-01
1.366056203842163086e-01 -7.271777093410491943e-02 -1.494174301624298096e-01
1.302938163280487061e-01 -1.656535863876342773e-01 1.113635748624801636e-01
1.382656693458557129e-01 -7.434156537055969238e-02 -1.453202366828918457e-01
2.761003971099853516e-01 1.214693486690521240e-01 -2.562599629163742065e-02
1.350173652172088623e-01 -7.757195085287094116e-02 -1.494155824184417725e-01
1.328609585762023926e-01 -1.651521623134613037e-01 1.120668053627014160e-01
1.697185039520263672e-01 -4.044049978256225586e-02 -1.208907440304756165e-01
1.308920383453369141e-01 -1.636818349361419678e-01 1.116558909416198730e-01
1.295013129711151123e-01 -7.769829034805297852e-02 -1.528504490852355957e-01
1.326936781406402588e-01 -1.409838646650314331e-01 1.136967539787292480e-01
1.053456217050552368e-02 1.114545911550521851e-01 1.384770274162292480e-01
9.041321277618408203e-02 -4.976537078619003296e-02 -1.475909054279327393e-01
1.337260603904724121e-01 -9.025834500789642334e-02 -1.573186516761779785e-01
-2.398601621389389038e-01 -1.131607890129089355e-01 9.873146563768386841e-02
1.302289068698883057e-01 -7.600428164005279541e-02 -1.524839103221893311e-01
2.411677874624729156e-02 9.172615408897399902e-02 1.276574581861495972e-01
1.298772096633911133e-01 -1.536031663417816162e-01 1.120895147323608398e-01
6.680333614349365234e-02 2.033068612217903137e-02 -7.023356854915618896e-03
1.326987445354461670e-01 -7.756586372852325439e-02 -1.521958708763122559e-01
1.345850229263305664e-01 -7.724341750144958496e-02 -1.467624008655548096e-01
1.670552976429462433e-02 1.186666786670684814e-01 1.351916491985321045e-01
1.317314505577087402e-01 -1.585109233856201172e-01 1.122325360774993896e-01
1.284363269805908203e-01 -8.197185397148132324e-02 -1.508425176143646240e-01
1.260639131069183350e-01 -1.565277576446533203e-01 1.108939796686172485e-01
1.327070742845535278e-01 -1.594329327344894409e-01 1.124227568507194519e-01
1.270702481269836426e-01 -8.176266402006149292e-02 -1.535220742225646973e-01
1.325890719890594482e-01 -1.655774414539337158e-01 1.119665503501892090e-01
1.354481577873229980e-01 -8.235866576433181763e-02 -1.492120921611785889e-01
5.016449838876724243e-03 1.059449464082717896e-01 1.381857544183731079e-01
1.385791301727294922e-01 -7.148680835962295532e-02 -1.490477025508880615e-01
1.316811740398406982e-01 -1.655239164829254150e-01 1.117338314652442932e-01
3.946974501013755798e-02 4.363685473799705505e-02 1.166621670126914978e-01
1.349031925201416016e-01 -7.737991213798522949e-02 -1.475057899951934814e-01
1.605815067887306213e-02 1.202048212289810181e-01 1.324402689933776855e-01
1.301385015249252319e-01 -7.627020776271820068e-02 -1.557049751281738281e-01
1.830820180475711823e-02 6.517003476619720459e-02 1.164503097534179688e-01
1.324467062950134277e-01 -7.602911442518234253e-02 -1.507265567779541016e-01
1.332114338874816895e-01 -7.928790152072906494e-02 -1.488591730594635010e-01
1.320468485355377197e-01 -7.873874157667160034e-02 -1.517015397548675537e-01
1.369649767875671387e-01 -7.273635268211364746e-02 -1.498600244522094727e-01
1.337588429450988770e-01 -7.796043157577514648e-02 -1.514169275760650635e-01
-1.030317097902297974e-01 -2.342097088694572449e-02 -7.598873227834701538e-02
1.347484886646270752e-01 -7.053428888320922852e-02 -1.528642773628234863e-01
1.414347440004348755e-01 -7.498951256275177002e-02 -1.492545306682586670e-01
1.312507987022399902e-01 -2.689255774021148682e-02 -7.401291280984878540e-02
6.267929077148437500e-02 2.487866953015327454e-02 1.140035837888717651e-01
9.775973856449127197e-02 -5.961032956838607788e-02 -1.463327407836914062e-01
1.313656866550445557e-01 -1.637751460075378418e-01 1.117727756500244141e-01
1.329130232334136963e-01 -1.659343093633651733e-01 1.120261996984481812e-01
1.290221363306045532e-01 -8.185540884733200073e-02 -1.513595283031463623e-01
1.606591232120990753e-02 1.119482666254043579e-01 1.299748718738555908e-01
5.377605557441711426e-02 -1.299842447042465210e-02 1.243462115526199341e-01
1.307299733161926270e-01 -1.650276780128479004e-01 1.115204989910125732e-01
2.357739210128784180e-02 1.107385754585266113e-01 1.349350512027740479e-01
1.294151246547698975e-01 -7.927710562944412231e-02 -1.521552503108978271e-01
1.073502451181411743e-01 -1.209857910871505737e-01 1.419816613197326660e-01
1.297082602977752686e-01 -7.889607548713684082e-02 -1.526019871234893799e-01
1.330330073833465576e-01 -8.042968064546585083e-02 -1.531900763511657715e-01
1.354141086339950562e-01 -7.583676278591156006e-02 -1.475073695182800293e-01
3.607362508773803711e-03 9.641484916210174561e-02 1.560788005590438843e-01
1.289905011653900146e-01 -1.671717911958694458e-01 1.109190508723258972e-01
1.393607556819915771e-01 -7.432240247726440430e-02 -1.490045189857482910e-01
1.336695253849029541e-01 -7.639443129301071167e-02 -1.515047550201416016e-01
1.321802139282226562e-01 -1.644677966833114624e-01 1.119369193911552429e-01
1.331986188888549805e-01 -1.626623421907424927e-01 1.123271360993385315e-01
1.358932554721832275e-01 -7.585164159536361694e-02 -1.516195237636566162e-01
1.296707689762115479e-01 -7.637405395507812500e-02 -1.564692854881286621e-01
-3.920955955982208252e-02 6.028687581419944763e-02 1.221480369567871094e-01
-1.290679425001144409e-01 -1.475089043378829956e-02 8.656339347362518311e-02
1.351651549339294434e-01 -7.743687927722930908e-02 -1.501101851463317871e-01
1.315646171569824219e-01 -7.930897176265716553e-02 -1.498768627643585205e-01
-1.206216812133789062e-01 -8.673667907714843750e-03 9.871514141559600830e-02
2.367458865046501160e-02 1.162876188755035400e-01 1.333784461021423340e-01
1.311788409948348999e-01 -7.747992873191833496e-02 -1.528789997100830078e-01
1.313613355159759521e-01 -1.625304818153381348e-01 1.118578240275382996e-01
1.333392560482025146e-01 -1.664594560861587524e-01 1.121008396148681641e-01
1.280888319015502930e-01 -8.112076669931411743e-02 -1.516466140747070312e-01
1.170804426074028015e-01 -8.189920336008071899e-02 -1.478002965450286865e-01
1.350208930671215057e-02 1.333880126476287842e-01 8.336778730154037476e-02
1.324415653944015503e-01 -1.338365823030471802e-01 1.141260117292404175e-01
1.355495303869247437e-01 -7.317845523357391357e-02 -1.464550197124481201e-01
-2.673598527908325195e-01 -1.656139791011810303e-01 1.131749227643013000e-01
1.368415206670761108e-01 -7.812982797622680664e-02 -1.469875872135162354e-01
1.282081007957458496e-01 -7.752029597759246826e-02 -1.505913138389587402e-01
1.398557573556900024e-01 -7.465138286352157593e-02 -1.492648124694824219e-01
1.313005983829498291e-01 -1.577962934970855713e-01 1.121698245406150818e-01
1.300534605979919434e-01 -1.644258499145507812e-01 1.113860011100769043e-01
1.123179048299789429e-01 -7.284092903137207031e-02 1.342562139034271240e-01
1.308905780315399170e-01 -1.205243021249771118e-01 1.146439164876937866e-01
1.317559182643890381e-01 -8.184038102626800537e-02 -1.564415991306304932e-01
1.334138959646224976e-01 -1.596515327692031860e-01 1.125916838645935059e-01
1.313200145959854126e-01 -1.655315905809402466e-01 1.116392537951469421e-01
1.318869739770889282e-01 -1.636914759874343872e-01 1.119143143296241760e-01
1.342948377132415771e-01 -7.799579203128814697e-02 -1.461544930934906006e-01
1.266438066959381104e-01 -1.577171087265014648e-01 1.109626367688179016e-01
1.319038271903991699e-01 -1.643440872430801392e-01 1.118735149502754211e-01
1.222553923726081848e-01 -8.574377000331878662e-02 -1.544859409332275391e-01
1.327155828475952148e-01 -1.402681022882461548e-01 1.137520223855972290e-01
1.589295268058776855e-02 1.069287657737731934e-01 1.380045711994171143e-01
1.358586698770523071e-01 -7.949122786521911621e-02 -1.510408520698547363e-01
1.297865658998489380e-01 -1.642512381076812744e-01 1.113285869359970093e-01
2.198381163179874420e-02 1.194541007280349731e-01 1.282020211219787598e-01
1.376629471778869629e-01 -7.779186964035034180e-02 -1.467353403568267822e-01
1.365480422973632812e-01 -7.494629919528961182e-02 -1.487858295440673828e-01
1.317835152149200439e-01 -7.805425673723220825e-02 -1.518331170082092285e-01
4.155737534165382385e-02 1.674009710550308228e-01 -2.148079127073287964e-02
1.287540793418884277e-01 -1.619719117879867554e-01 1.112175509333610535e-01
1.260949522256851196e-01 -8.664640784263610840e-02 -1.580420136451721191e-01
1.352440267801284790e-01 -7.668330520391464233e-02 -1.497903466224670410e-01
-1.911929696798324585e-01 -5.368460714817047119e-02 4.585945978760719299e-02
1.313236355781555176e-01 -7.982672005891799927e-02 -1.499323844909667969e-01
1.308164596557617188e-01 -7.748895138502120972e-02 -1.533681750297546387e-01
1.339318156242370605e-01 -7.657554000616073608e-02 -1.522692143917083740e-01
1.313907802104949951e-01 -1.713013947010040283e-01 1.112581640481948853e-01
1.292217373847961426e-01 -1.568170636892318726e-01 1.116962730884552002e-01
1.310680955648422241e-01 -1.659829020500183105e-01 1.115424036979675293e-01
1.257674098014831543e-01 -8.205346018075942993e-02 -1.535440981388092041e-01
1.285555064678192139e-01 -1.647519618272781372e-01 1.109733358025550842e-01
1.320303082466125488e-01 -1.658298969268798828e-01 1.118035614490509033e-01
-6.181619316339492798e-02 4.743996635079383850e-02 -5.659108608961105347e-02
1.332902014255523682e-01 -7.701984047889709473e-02 -1.519862413406372070e-01
1.321650743484497070e-01 -1.711649745702743530e-01 1.114692389965057373e-01
1.304877102375030518e-01 -7.461515814065933228e-02 -1.470699310302734375e-01
1.173373609781265259e-01 -1.352565735578536987e-01 1.600039005279541016e-01
1.321748197078704834e-01 -7.689778506755828857e-02 -1.524109244346618652e-01
1.326179802417755127e-01 -1.636795103549957275e-01 1.121055036783218384e-01
1.313210427761077881e-01 -7.868245244026184082e-02 -1.518248319625854492e-01
1.137216463685035706e-01 -4.955788701772689819e-02 -1.051671579480171204e-01
-2.062034606933593750e-02 7.059536874294281006e-02 1.358887404203414917e-01
1.148222014307975769e-02 8.803388476371765137e-02 1.267461180686950684e-01
1.348345428705215454e-01 -7.626379281282424927e-02 -1.513985395431518555e-01
1.369121372699737549e-01 -7.360988855361938477e-02 -1.521352529525756836e-01
1.312452554702758789e-01 -7.909844815731048584e-02 -1.493655741214752197e-01
1.269277334213256836e-01 -8.167228102684020996e-02 -1.527142524719238281e-01
1.325912475585937500e-01 -1.632550358772277832e-01 1.121279373764991760e-01
1.590671241283416748e-01 -1.584671810269355774e-02 -7.013153284788131714e-02
1.291433274745941162e-01 -1.699497550725936890e-01 1.107664927840232849e-01
-1.792289912700653076e-01 4.085845127701759338e-02 -1.765197217464447021e-01
1.381667405366897583e-01 -7.494415342807769775e-02 -1.461049914360046387e-01
1.340301483869552612e-01 -1.441886872053146362e-01 1.138228699564933777e-01
1.318893730640411377e-01 -1.652852743864059448e-01 1.118045747280120850e-01
-4.751211404800415039e-02 -3.370048850774765015e-02 -3.929246217012405396e-02
2.606595866382122040e-02 1.144451498985290527e-01 1.241480335593223572e-01
1.326844692230224609e-01 -7.320947200059890747e-02 -1.560339331626892090e-01
1.281594038009643555e-01 -1.643738299608230591e-01 1.108963713049888611e-01
1.328074038028717041e-01 -1.654295772314071655e-01 1.120336502790451050e-01
1.325423568487167358e-01 -6.508177518844604492e-02 -1.400999426841735840e-01
1.428844332695007324e-01 -1.726114153861999512e-01 1.141605079174041748e-01
1.367539167404174805e-01 -7.951965928077697754e-02 -1.488799750804901123e-01
1.344624459743499756e-01 -7.532680034637451172e-02 -1.496935486793518066e-01
1.334393322467803955e-01 -7.660612463951110840e-02 -1.488739550113677979e-01
1.287276446819305420e-01 -1.629147678613662720e-01 1.111453771591186523e-01
-6.429915875196456909e-02 9.728480875492095947e-02 -1.517032384872436523e-01
1.322263479232788086e-01 -1.715259402990341187e-01 1.114602014422416687e-01
1.316023468971252441e-01 -1.653779447078704834e-01 1.117234155535697937e-01
-2.586084604263305664e-01 -1.490879207849502563e-01 1.178214326500892639e-01
1.295592337846755981e-01 -1.655327379703521729e-01 1.111806482076644897e-01
1.369441747665405273e-01 -8.039073646068572998e-02 -1.474441885948181152e-01
-1.725432425737380981e-01 -4.354385659098625183e-02 1.162208616733551025e-02
3.322532027959823608e-02 1.098567843437194824e-01 1.040414795279502869e-01
3.228726238012313843e-02 1.234435290098190308e-01 1.230119019746780396e-01
1.342310607433319092e-01 -7.696060836315155029e-02 -1.503610908985137939e-01
1.344295144081115723e-01 -7.647285610437393188e-02 -1.510608494281768799e-01
-9.844723343849182129e-02 -9.340792894363403320e-03 -1.325179338455200195e-01
1.351533830165863037e-01 -8.008903264999389648e-02 -1.496592760086059570e-01
1.334018856287002563e-01 -7.759990543127059937e-02 -1.513696610927581787e-01
1.275240480899810791e-01 -1.593175381422042847e-01 1.110810339450836182e-01
1.291135251522064209e-01 -8.940533548593521118e-02 -1.504935324192047119e-01
1.334915459156036377e-01 -7.647150754928588867e-02 -1.495328843593597412e-01
1.327315270900726318e-01 -1.650497615337371826e-01 1.120401918888092041e-01
1.268432736396789551e-01 -8.184917271137237549e-02 -1.491060554981231689e-01
1.260692477226257324e-01 -8.400616794824600220e-02 -1.526841223239898682e-01
1.291962563991546631e-01 -7.820466160774230957e-02 -1.523554027080535889e-01
1.290108263492584229e-01 -8.255839347839355469e-02 -1.503903269767761230e-01
-2.075912803411483765e-01 -6.788036972284317017e-02 6.831680983304977417e-02
-2.702558785676956177e-02 8.539575338363647461e-02 1.017176136374473572e-01
1.322239637374877930e-01 -1.636906564235687256e-01 1.120021268725395203e-01
1.329046785831451416e-01 -1.651537865400314331e-01 1.120780780911445618e-01
7.397797703742980957e-02 2.988936007022857666e-01 -1.533458828926086426e-01
1.283160448074340820e-01 -7.795147597789764404e-02 -1.546881496906280518e-01
1.336374133825302124e-01 -7.718026638031005859e-02 -1.483930945396423340e-01
1.345573812723159790e-01 -7.366880774497985840e-02 -1.543506383895874023e-01
-3.138266503810882568e-03 8.318963646888732910e-02 1.289260387420654297e-01
1.317884922027587891e-01 -1.641942560672760010e-01 1.118538528680801392e-01
1.348661780357360840e-01 -7.839317619800567627e-02 -1.478655636310577393e-01
1.259448528289794922e-01 -7.693897187709808350e-02 -1.540736556053161621e-01
1.330659091472625732e-01 -1.656068861484527588e-01 1.120886877179145813e-01
2.670811675488948822e-02 1.254460960626602173e-01 1.031372472643852234e-01
1.463696658611297607e-01 -7.137410342693328857e-02 -1.467663943767547607e-01
1.317053735256195068e-01 -1.655510216951370239e-01 1.117382645606994629e-01
1.295730173587799072e-01 -8.095429837703704834e-02 -1.509749591350555420e-01
1.288112401962280273e-01 -1.587662845849990845e-01 1.114543974399566650e-01
1.290217787027359009e-01 -1.647456288337707520e-01 1.110951974987983704e-01
1.321723461151123047e-01 -7.343469560146331787e-02 -1.519933938980102539e-01
1.303641796112060547e-01 -1.679157465696334839e-01 1.112252622842788696e-01
3.874038532376289368e-02 1.352578550577163696e-01 1.193152740597724915e-01
1.313811242580413818e-01 -1.706125140190124512e-01 1.113033443689346313e-01
1.644497960805892944e-01 -2.400786243379116058e-02 -9.228802472352981567e-02
2.265665680170059204e-02 1.209092736244201660e-01 1.346174478530883789e-01
1.347964704036712646e-01 -7.666711509227752686e-02 -1.514430940151214600e-01
1.284131109714508057e-01 -7.977573573589324951e-02 -1.472604572772979736e-01
1.313592791557312012e-01 -1.658711582422256470e-01 1.116259694099426270e-01
1.322848200798034668e-01 -1.712170243263244629e-01 1.114968210458755493e-01
1.393436789512634277e-01 -7.166077196598052979e-02 -1.504755318164825439e-01
1.330111920833587646e-01 -8.850072324275970459e-02 -1.575019359588623047e-01
2.203734964132308960e-01 1.139355748891830444e-01 1.278032362461090088e-01
9.708302468061447144e-02 -9.069548547267913818e-02 -1.219140663743019104e-01
1.338893771171569824e-01 -7.557378709316253662e-02 -1.502082049846649170e-01
1.374703049659729004e-01 -7.224590331315994263e-02 -1.509343385696411133e-01
-1.873554438352584839e-01 3.859835490584373474e-02 -1.841173768043518066e-01
1.750439964234828949e-02 1.082951128482818604e-01 1.316269934177398682e-01
1.317725777626037598e-01 -1.634077727794647217e-01 1.119041666388511658e-01
1.108331605792045593e-02 1.102328002452850342e-01 1.272771954536437988e-01
1.235688403248786926e-01 -9.098105877637863159e-02 -1.453632712364196777e-01
1.360565721988677979e-01 -7.746276259422302246e-02 -1.492865681648254395e-01
1.280681639909744263e-01 -7.053515315055847168e-02 -1.452398598194122314e-01
1.377830207347869873e-01 -7.483575493097305298e-02 -1.484684348106384277e-01
1.460910737514495850e-01 -6.787858903408050537e-02 -1.434011161327362061e-01
1.316606998443603516e-01 -7.969963550567626953e-02 -1.494528055191040039e-01
1.300445199012756348e-01 -1.634668558835983276e-01 1.114500761032104492e-01
1.314981281757354736e-01 -1.647555679082870483e-01 1.117393746972084045e-01
7.906663417816162109e-02 -1.494693160057067871e-01 1.668789684772491455e-01
1.329794824123382568e-01 -7.889923453330993652e-02 -1.500024199485778809e-01
1.334469765424728394e-01 -1.387374550104141235e-01 1.140484735369682312e-01
1.080815494060516357e-02 1.077574491500854492e-01 1.450054049491882324e-01
1.343154013156890869e-01 -7.714063674211502075e-02 -1.516872942447662354e-01
1.326024830341339111e-01 -7.857570797204971313e-02 -1.499588191509246826e-01
1.312389373779296875e-01 -1.743843406438827515e-01 1.110051423311233521e-01
1.276440471410751343e-01 -1.659667193889617920e-01 1.106518656015396118e-01
1.370926797389984131e-01 -7.526672631502151489e-02 -1.499783396720886230e-01
1.278678774833679199e-01 -8.563192933797836304e-02 1.287636905908584595e-01
1.872759871184825897e-02 1.199949532747268677e-01 1.337620019912719727e-01
-2.510733604431152344e-01 -1.390767693519592285e-01 1.116955950856208801e-01
1.325090229511260986e-01 -1.555034667253494263e-01 1.126432716846466064e-01
1.322658956050872803e-01 -1.479564160108566284e-01 1.131025478243827820e-01
1.295061707496643066e-01 -1.687420606613159180e-01 1.109446063637733459e-01
1.330179870128631592e-01 -7.292746752500534058e-02 -1.510729789733886719e-01
1.313281059265136719e-01 -8.289736509323120117e-02 -1.545794010162353516e-01
1.308122277259826660e-01 -7.152876257896423340e-02 -1.547208726406097412e-01
1.297241002321243286e-01 -1.493875980377197266e-01 1.123415380716323853e-01
1.343518346548080444e-01 -7.374814152717590332e-02 -1.518899202346801758e-01
9.538778662681579590e-02 -4.234291240572929382e-02 1.444274485111236572e-01
-3.013051301240921021e-02 -1.186073273420333862e-01 6.255893409252166748e-02
1.281085908412933350e-01 -8.630260825157165527e-02 -1.485473513603210449e-01
1.350698173046112061e-01 -7.675258815288543701e-02 -1.511029601097106934e-01
1.585112214088439941e-01 -3.762698173522949219e-02 -1.214302107691764832e-01
1.400925368070602417e-01 -7.498918473720550537e-02 -1.506798267364501953e-01
1.322477757930755615e-01 -7.905681431293487549e-02 -1.489069461822509766e-01
1.321474611759185791e-01 -1.639438271522521973e-01 1.119646728038787842e-01
1.334224343299865723e-01 -1.654269397258758545e-01 1.121939942240715027e-01
1.258968114852905273e-01 -8.555647730827331543e-02 -1.523202359676361084e-01
1.290948688983917236e-01 -7.804599404335021973e-02 -1.527726650238037109e-01
-3.985326737165451050e-02 8.777743577957153320e-02 -5.324283987283706665e-02
1.302765458822250366e-01 -7.369370013475418091e-02 -1.526898145675659180e-01
1.612658798694610596e-02 1.021542847156524658e-01 1.271591484546661377e-01
1.302875727415084839e-01 -7.765330374240875244e-02 -1.533064842224121094e-01
1.325864493846893311e-01 -7.773783802986145020e-02 -1.511442363262176514e-01
1.308378279209136963e-01 -1.623532325029373169e-01 1.117337718605995178e-01
1.300317645072937012e-01 -1.653194874525070190e-01 1.113184690475463867e-01
9.895344078540802002e-02 -3.276337683200836182e-02 -1.040243729948997498e-01
1.392524987459182739e-01 -8.455002307891845703e-02 -1.479195058345794678e-01
-1.288892179727554321e-01 -1.082007214426994324e-01 9.964352846145629883e-02
1.218052431941032410e-01 -8.292306959629058838e-02 -1.418774127960205078e-01
2.859433554112911224e-02 1.135583817958831787e-01 1.350255310535430908e-01
1.324318349361419678e-01 -1.637818217277526855e-01 1.120499446988105774e-01
-1.267919093370437622e-01 -1.051947697997093201e-01 9.395603835582733154e-02
1.087187826633453369e-01 -1.471406519412994385e-01 1.661345809698104858e-01
-2.036842852830886841e-01 6.125543639063835144e-02 -1.941929757595062256e-01
2.122990787029266357e-03 1.717819869518280029e-01 -1.339351832866668701e-01
-1.975485831499099731e-01 -8.688688278198242188e-02 1.181281954050064087e-01
1.312619149684906006e-01 -7.803217321634292603e-02 -1.490402519702911377e-01
1.322446018457412720e-01 -1.636071503162384033e-01 1.120132803916931152e-01
3.294264078140258789e-01 1.854621917009353638e-01 9.598329663276672363e-03
