1.115431077778339386e-03 -3.868521749973297119e-01 5.975525081157684326e-02
1.219476293772459030e-02 -4.062048196792602539e-01 6.020685285329818726e-02
2.453242614865303040e-02 -4.292721450328826904e-01 6.085895001888275146e-02
3.933466970920562744e-02 -4.546772241592407227e-01 5.989923328161239624e-02
5.543924868106842041e-02 -4.837896823883056641e-01 5.903606116771697998e-02
7.835496962070465088e-02 -5.068117380142211914e-01 5.870234221220016479e-02
1.044433414936065674e-01 -5.312919616699218750e-01 5.633841454982757568e-02
1.300571709871292114e-01 -5.582765340805053711e-01 5.180084705352783203e-02
1.560191959142684937e-01 -5.869901180267333984e-01 4.596757888793945312e-02
1.819630116224288940e-01 -6.171479821205139160e-01 3.862394019961357117e-02
2.056376338005065918e-01 -6.492671370506286621e-01 3.484467417001724243e-02
2.163790613412857056e-01 -6.714911460876464844e-01 4.614252597093582153e-02
2.257203906774520874e-01 -6.940765380859375000e-01 5.608993023633956909e-02
2.334294468164443970e-01 -7.166854739189147949e-01 6.437879800796508789e-02
2.413462847471237183e-01 -7.384233474731445312e-01 7.196012884378433228e-02
2.503058016300201416e-01 -7.576792240142822266e-01 7.566133141517639160e-02
2.563152015209197998e-01 -7.714114785194396973e-01 7.631509006023406982e-02
2.512147128582000732e-01 -7.830536365509033203e-01 7.705409824848175049e-02
2.422189563512802124e-01 -7.930140495300292969e-01 7.593366503715515137e-02
2.311218529939651489e-01 -8.019702434539794922e-01 7.274504750967025757e-02
2.150586098432540894e-01 -8.099703192710876465e-01 6.615971773862838745e-02
1.906197220087051392e-01 -8.131129741668701172e-01 4.896130785346031189e-02
1.647140830755233765e-01 -8.164295554161071777e-01 3.101406991481781006e-02
1.383556872606277466e-01 -8.141085505485534668e-01 8.621223270893096924e-03
1.112660691142082214e-01 -8.100194334983825684e-01 -1.474979519844055176e-02
8.774071186780929565e-02 -7.989901304244995117e-01 -3.472763299942016602e-02
7.956759631633758545e-02 -7.888146042823791504e-01 -5.446662008762359619e-02
7.657595723867416382e-02 -7.754351496696472168e-01 -7.474583387374877930e-02
7.275983691215515137e-02 -7.584397196769714355e-01 -9.374488890171051025e-02
6.854394078254699707e-02 -7.406638264656066895e-01 -1.121859177947044373e-01
6.699618697166442871e-02 -7.337102293968200684e-01 -1.208914220333099365e-01
6.620862334966659546e-02 -7.294651865959167480e-01 -1.259982287883758545e-01
5.986468493938446045e-02 -7.218661308288574219e-01 -1.305874884128570557e-01
5.433973670005798340e-02 -7.124111056327819824e-01 -1.332248598337173462e-01
5.023567378520965576e-02 -6.992514133453369141e-01 -1.332408338785171509e-01
4.495172947645187378e-02 -6.825753450393676758e-01 -1.337956786155700684e-01
3.865567967295646667e-02 -6.638122797012329102e-01 -1.348702013492584229e-01
3.258210048079490662e-02 -6.447587609291076660e-01 -1.352957636117935181e-01
2.674446254968643188e-02 -6.256893277168273926e-01 -1.352014690637588501e-01
2.114909887313842773e-02 -6.068655848503112793e-01 -1.347192823886871338e-01
1.577943563461303711e-02 -5.884154438972473145e-01 -1.338861435651779175e-01
1.134070660918951035e-02 -5.707610249519348145e-01 -1.318323165178298950e-01
5.915232934057712555e-03 -5.551041960716247559e-01 -1.294116079807281494e-01
-6.816191598773002625e-04 -5.408051609992980957e-01 -1.280966699123382568e-01
-5.509343929588794708e-03 -5.272401571273803711e-01 -1.240215152502059937e-01
-1.036441233009099960e-02 -5.137391686439514160e-01 -1.196038126945495605e-01
-1.523598190397024155e-02 -5.007129311561584473e-01 -1.151048839092254639e-01
-1.892296969890594482e-02 -4.892401695251464844e-01 -1.091856658458709717e-01
-2.000846713781356812e-02 -4.816398620605468750e-01 -1.012580394744873047e-01
-2.104716747999191284e-02 -4.740812778472900391e-01 -9.330850839614868164e-02
-2.184763550758361816e-02 -4.668472409248352051e-01 -8.545088768005371094e-02
-2.182560041546821594e-02 -4.607775509357452393e-01 -7.791963219642639160e-02
-2.041595429182052612e-02 -4.562354087829589844e-01 -7.023049890995025635e-02
-1.896801218390464783e-02 -4.517436027526855469e-01 -6.256872415542602539e-02
-1.747466251254081726e-02 -4.473021030426025391e-01 -5.493089929223060608e-02
-1.593042910099029541e-02 -4.429102241992950439e-01 -4.731420800089836121e-02
-1.433118898421525955e-02 -4.385656714439392090e-01 -3.971675783395767212e-02
-1.258269790560007095e-02 -4.341894388198852539e-01 -3.208666667342185974e-02
-1.010588649660348892e-02 -4.292977452278137207e-01 -2.410300076007843018e-02
-7.589359767735004425e-03 -4.244579672813415527e-01 -1.615198329091072083e-02
-5.045221187174320221e-03 -4.196946322917938232e-01 -8.270315825939178467e-03
-6.883726455271244049e-03 -4.173057079315185547e-01 -4.814762622117996216e-03
-9.773098863661289215e-03 -4.154263734817504883e-01 -2.419669181108474731e-03
-1.261082757264375687e-02 -4.135541319847106934e-01 -6.854534149169921875e-05
-1.528847683221101761e-02 -4.115694165229797363e-01 2.140086144208908081e-03
-1.778999716043472290e-02 -4.094642996788024902e-01 4.192018881440162659e-03
-2.021133527159690857e-02 -4.073658883571624756e-01 6.175279617309570312e-03
-2.254317328333854675e-02 -4.052749276161193848e-01 8.081939071416854858e-03
-2.477585524320602417e-02 -4.031924605369567871e-01 9.903809055685997009e-03
-2.689981460571289062e-02 -4.011190533638000488e-01 1.163282431662082672e-02
-2.905667200684547424e-02 -3.986963033676147461e-01 1.338440738618373871e-02
-3.107532858848571777e-02 -3.963107168674468994e-01 1.501871459186077118e-02
-3.294643759727478027e-02 -3.939654231071472168e-01 1.652804203331470490e-02
-3.466098383069038391e-02 -3.916655480861663818e-01 1.790501549839973450e-02
-3.621043637394905090e-02 -3.894165754318237305e-01 1.914274320006370544e-02
-3.758695721626281738e-02 -3.872266113758087158e-01 2.023499831557273865e-02
-3.878352791070938110e-02 -3.851051330566406250e-01 2.117628231644630432e-02
-3.979449719190597534e-02 -3.830621838569641113e-01 2.196230553090572357e-02
-4.036846384406089783e-02 -3.809109926223754883e-01 2.225960418581962585e-02
-4.068475216627120972e-02 -3.788105547428131104e-01 2.230993844568729401e-02
-4.088580980896949768e-02 -3.766254484653472900e-01 2.228484302759170532e-02
-4.091632738709449768e-02 -3.745560646057128906e-01 2.212805487215518951e-02
-4.076783359050750732e-02 -3.726700544357299805e-01 2.183217182755470276e-02
-4.045032709836959839e-02 -3.709870874881744385e-01 2.140871435403823853e-02
-3.997607529163360596e-02 -3.695260584354400635e-01 2.087123133242130280e-02
-3.906321898102760315e-02 -3.684442639350891113e-01 1.992958784103393555e-02
-3.793799504637718201e-02 -3.676598072052001953e-01 1.881692185997962952e-02
-3.670956939458847046e-02 -3.671445846557617188e-01 1.764519698917865753e-02
-3.540134057402610779e-02 -3.669104278087615967e-01 1.643740572035312653e-02
-3.403747081756591797e-02 -3.669650554656982422e-01 1.521670073270797729e-02
-3.264295309782028198e-02 -3.673138618469238281e-01 1.400652900338172913e-02
-3.124316036701202393e-02 -3.679592609405517578e-01 1.283015683293342590e-02
-2.986310422420501709e-02 -3.688995838165283203e-01 1.170984283089637756e-02
-2.852753549814224243e-02 -3.701304197311401367e-01 1.066716015338897705e-02
-2.726032212376594543e-02 -3.716427683830261230e-01 9.722195565700531006e-03
-2.608377858996391296e-02 -3.734240531921386719e-01 8.892979472875595093e-03
-2.501885965466499329e-02 -3.754586577415466309e-01 8.195851929485797882e-03
-2.408470585942268372e-02 -3.777266740798950195e-01 7.644936442375183105e-03
-2.318915352225303650e-02 -3.801020383834838867e-01 7.122727110981941223e-03
-2.244661003351211548e-02 -3.823316097259521484e-01 6.745612248778343201e-03
-2.212002873420715332e-02 -3.843912184238433838e-01 6.779290735721588135e-03
-2.172720432281494141e-02 -3.862435221672058105e-01 6.628476083278656006e-03
-2.124335616827011108e-02 -3.879395127296447754e-01 6.270555779337882996e-03
-2.094367891550064087e-02 -3.896729350090026855e-01 6.068512797355651855e-03
-2.083355933427810669e-02 -3.914214372634887695e-01 6.025973707437515259e-03
-2.091526612639427185e-02 -3.931619524955749512e-01 6.143936887383460999e-03
-2.118812128901481628e-02 -3.948701322078704834e-01 6.420891731977462769e-03
-2.164819464087486267e-02 -3.965222537517547607e-01 6.852664053440093994e-03
-2.222093939781188965e-02 -3.980131745338439941e-01 7.370930165052413940e-03
-2.293058857321739197e-02 -3.993608355522155762e-01 7.997699081897735596e-03
-2.378548681735992432e-02 -4.005689322948455811e-01 8.740819990634918213e-03
-2.477201446890830994e-02 -4.016190767288208008e-01 9.588351473212242126e-03
-2.587443590164184570e-02 -4.024961888790130615e-01 1.052672602236270905e-02
-2.707495912909507751e-02 -4.031875431537628174e-01 1.154072023928165436e-02
-2.835445851087570190e-02 -4.036843180656433105e-01 1.261419430375099182e-02
-2.969232574105262756e-02 -4.039811193943023682e-01 1.372983306646347046e-02
-3.106687963008880615e-02 -4.040768742561340332e-01 1.486959867179393768e-02
-3.245601803064346313e-02 -4.039747416973114014e-01 1.601520925760269165e-02
-3.383718430995941162e-02 -4.036824405193328857e-01 1.714813895523548126e-02
-3.516965359449386597e-02 -4.032568633556365967e-01 1.823510974645614624e-02
-3.640970587730407715e-02 -4.027677178382873535e-01 1.924051344394683838e-02
-3.757775947451591492e-02 -4.021316766738891602e-01 2.018130943179130554e-02
-3.865479305386543274e-02 -4.013692736625671387e-01 2.104229293763637543e-02
-3.962287679314613342e-02 -4.005045294761657715e-01 2.180924639105796814e-02
-4.046593233942985535e-02 -3.995633125305175781e-01 2.246952429413795471e-02
-4.116985201835632324e-02 -3.985732197761535645e-01 2.301216311752796173e-02
-4.172261059284210205e-02 -3.975626230239868164e-01 2.342792600393295288e-02
-4.211448878049850464e-02 -3.965601027011871338e-01 2.370951138436794281e-02
-4.233824089169502258e-02 -3.955938220024108887e-01 2.385163493454456329e-02
-4.238915815949440002e-02 -3.946902751922607422e-01 2.385108731687068939e-02
-4.226501286029815674e-02 -3.938739299774169922e-01 2.370666526257991791e-02
-4.196603596210479736e-02 -3.931668996810913086e-01 2.341914921998977661e-02
-4.149501770734786987e-02 -3.925876021385192871e-01 2.299134992063045502e-02
-4.093547537922859192e-02 -3.919647037982940674e-01 2.249197289347648621e-02
-4.029469937086105347e-02 -3.913092017173767090e-01 2.192740328609943390e-02
-3.948804736137390137e-02 -3.908526599407196045e-01 2.122892811894416809e-02
-3.852369263768196106e-02 -3.906053304672241211e-01 2.040354348719120026e-02
-3.741177171468734741e-02 -3.905735611915588379e-01 1.945977471768856049e-02
-3.616414591670036316e-02 -3.907589912414550781e-01 1.840753853321075439e-02
-3.479440882802009583e-02 -3.911589384078979492e-01 1.725807785987854004e-02
-3.331750258803367615e-02 -3.917661309242248535e-01 1.602367497980594635e-02
-3.171046823263168335e-02 -3.926666378974914551e-01 1.468558795750141144e-02
-2.997301518917083740e-02 -3.938068151473999023e-01 1.324144564568996429e-02
-2.797704190015792847e-02 -3.948715925216674805e-01 1.156950369477272034e-02
-2.594897150993347168e-02 -3.960868120193481445e-01 9.874397888779640198e-03
-2.392842993140220642e-02 -3.973883390426635742e-01 8.188449777662754059e-03
-2.193602547049522400e-02 -3.987559974193572998e-01 6.528614088892936707e-03
-1.998312398791313171e-02 -4.001881480216979980e-01 4.904361441731452942e-03
-1.809078082442283630e-02 -4.016562700271606445e-01 3.332898020744323730e-03
-1.639407873153686523e-02 -4.028733670711517334e-01 1.924937590956687927e-03
-1.487193349748849869e-02 -4.038973450660705566e-01 6.630141288042068481e-04
-1.346865762025117874e-02 -4.048598706722259521e-01 -4.987232387065887451e-04
-1.219303626567125320e-02 -4.057444334030151367e-01 -1.553300768136978149e-03
-1.105134841054677963e-02 -4.065365791320800781e-01 -2.495806664228439331e-03
-1.004694495350122452e-02 -4.072249531745910645e-01 -3.323741257190704346e-03
-9.180356748402118683e-03 -4.078003168106079102e-01 -4.036936908960342407e-03
-8.449691347777843475e-03 -4.082564115524291992e-01 -4.637245088815689087e-03
-7.850126363337039948e-03 -4.085905253887176514e-01 -5.128897726535797119e-03
-7.374526001513004303e-03 -4.088023304939270020e-01 -5.518004298210144043e-03
-7.013258524239063263e-03 -4.088953137397766113e-01 -5.812730640172958374e-03
-6.754917092621326447e-03 -4.088750481605529785e-01 -6.022669374942779541e-03
-6.536384113132953644e-03 -4.088040888309478760e-01 -6.200797855854034424e-03
-6.346733309328556061e-03 -4.086894690990447998e-01 -6.356179714202880859e-03
-6.220606155693531036e-03 -4.084906280040740967e-01 -6.459537893533706665e-03
-6.138858385384082794e-03 -4.082252979278564453e-01 -6.526730954647064209e-03
-6.082520820200443268e-03 -4.079121351242065430e-01 -6.573460996150970459e-03
-6.032672710716724396e-03 -4.075711667537689209e-01 -6.615307182073593140e-03
-6.161645986139774323e-03 -4.073090553283691406e-01 -6.846085190773010254e-03
-6.626577116549015045e-03 -4.072255492210388184e-01 -7.443577051162719727e-03
-7.145003415644168854e-03 -4.072161316871643066e-01 -8.169904351234436035e-03
-7.728406228125095367e-03 -4.073091745376586914e-01 -9.060312062501907349e-03
-8.385655470192432404e-03 -4.075292348861694336e-01 -1.014323532581329346e-02
-9.122655726969242096e-03 -4.078958034515380859e-01 -1.144042611122131348e-02
-9.942651726305484772e-03 -4.084239602088928223e-01 -1.296632736921310425e-02
-1.084566581994295120e-02 -4.091234207153320312e-01 -1.472808420658111572e-02
-1.182931941002607346e-02 -4.099990129470825195e-01 -1.672504469752311707e-02
-1.287738326936960220e-02 -4.108512997627258301e-01 -1.882337778806686401e-02
-1.396926771849393845e-02 -4.114350080490112305e-01 -2.085629478096961975e-02
-1.511809881776571274e-02 -4.121477007865905762e-01 -2.306246012449264526e-02
-1.618731394410133362e-02 -4.128820300102233887e-01 -2.559013292193412781e-02
-1.719174161553382874e-02 -4.136506021022796631e-01 -2.837957814335823059e-02
-1.823130622506141663e-02 -4.145334661006927490e-01 -3.125337511301040649e-02
-1.929632946848869324e-02 -4.155206382274627686e-01 -3.417850658297538757e-02
-2.037645503878593445e-02 -4.166003465652465820e-01 -3.712087497115135193e-02
-2.146093919873237610e-02 -4.177586436271667480e-01 -4.004721716046333313e-02
-2.253881469368934631e-02 -4.189814329147338867e-01 -4.292619228363037109e-02
-2.336417511105537415e-02 -4.204947650432586670e-01 -4.568032175302505493e-02
-2.344681322574615479e-02 -4.227759540081024170e-01 -4.818370193243026733e-02
-2.341110259294509888e-02 -4.245981574058532715e-01 -5.113023146986961365e-02
-2.298071607947349548e-02 -4.256802797317504883e-01 -5.440941452980041504e-02
-2.251274138689041138e-02 -4.266558289527893066e-01 -5.740699544548988342e-02
-2.216393873095512390e-02 -4.276369214057922363e-01 -6.019889190793037415e-02
-2.193358540534973145e-02 -4.286070764064788818e-01 -6.277924031019210815e-02
-2.181831747293472290e-02 -4.295492470264434814e-01 -6.514709442853927612e-02
-2.181257307529449463e-02 -4.304475784301757812e-01 -6.730656325817108154e-02
-2.190826460719108582e-02 -4.312849044799804688e-01 -6.926537305116653442e-02
-2.209592610597610474e-02 -4.320467114448547363e-01 -7.103541493415832520e-02
-2.236398681998252869e-02 -4.327179789543151855e-01 -7.263045012950897217e-02
-2.269980311393737793e-02 -4.332859814167022705e-01 -7.406815886497497559e-02
-2.308932691812515259e-02 -4.337394535541534424e-01 -7.536681741476058960e-02
-2.351851761341094971e-02 -4.340690970420837402e-01 -7.654563337564468384e-02
-2.373659983277320862e-02 -4.340714812278747559e-01 -7.749236375093460083e-02
-2.379234135150909424e-02 -4.337944984436035156e-01 -7.826104015111923218e-02
-2.381742373108863831e-02 -4.333559870719909668e-01 -7.894956320524215698e-02
-2.372023463249206543e-02 -4.325884580612182617e-01 -7.920514047145843506e-02
-2.326539158821105957e-02 -4.311881661415100098e-01 -7.901772111654281616e-02
-2.264421433210372925e-02 -4.296571612358093262e-01 -7.974489033222198486e-02
-2.187448367476463318e-02 -4.280608892440795898e-01 -8.014000952243804932e-02
-2.106877416372299194e-02 -4.263575077056884766e-01 -8.043724298477172852e-02
-2.023756131529808044e-02 -4.245682060718536377e-01 -8.063521981239318848e-02
-1.939215511083602905e-02 -4.227142333984375000e-01 -8.073023706674575806e-02
-1.854407787322998047e-02 -4.208160340785980225e-01 -8.071735501289367676e-02
-1.770532503724098206e-02 -4.188935160636901855e-01 -8.059047162532806396e-02
-1.688707992434501648e-02 -4.169648885726928711e-01 -8.034323155879974365e-02
-1.610003039240837097e-02 -4.150471687316894531e-01 -7.997032254934310913e-02
-1.535351108759641647e-02 -4.131547212600708008e-01 -7.946666330099105835e-02
-1.465556304901838303e-02 -4.112998247146606445e-01 -7.882989197969436646e-02
-1.401214394718408585e-02 -4.094921946525573730e-01 -7.806003838777542114e-02
-1.342800166457891464e-02 -4.077397286891937256e-01 -7.716000080108642578e-02
-1.290511433035135269e-02 -4.060473442077636719e-01 -7.613620907068252563e-02
-1.244428101927042007e-02 -4.044189453125000000e-01 -7.499852031469345093e-02
-1.204389054328203201e-02 -4.028560519218444824e-01 -7.376078516244888306e-02
-1.122157182544469833e-02 -4.018535017967224121e-01 -7.234247028827667236e-02
-1.039080787450075150e-02 -4.009805917739868164e-01 -7.085084915161132812e-02
-9.592502377927303314e-03 -4.001884460449218750e-01 -6.932128220796585083e-02
-8.827592246234416962e-03 -3.994687795639038086e-01 -6.778460741043090820e-02
-8.079354651272296906e-03 -3.988004028797149658e-01 -6.658945232629776001e-02
-7.281091995537281036e-03 -3.981261551380157471e-01 -6.696078926324844360e-02
-6.524267606437206268e-03 -3.974971175193786621e-01 -6.739497184753417969e-02
-5.814894102513790131e-03 -3.969053030014038086e-01 -6.788720190525054932e-02
-5.159418098628520966e-03 -3.963430821895599365e-01 -6.843458861112594604e-02
-4.565070383250713348e-03 -3.958036899566650391e-01 -6.903491914272308350e-02
-4.039459861814975739e-03 -3.952810168266296387e-01 -6.968756020069122314e-02
-3.593827597796916962e-03 -3.947312533855438232e-01 -7.023392617702484131e-02
-3.232271410524845123e-03 -3.941935300827026367e-01 -7.085532695055007935e-02
-2.962428145110607147e-03 -3.936672210693359375e-01 -7.156559824943542480e-02
-2.746063284575939178e-03 -3.927335143089294434e-01 -7.130616158246994019e-02
-2.637925557792186737e-03 -3.918347656726837158e-01 -7.121442258358001709e-02
-2.648971043527126312e-03 -3.910199701786041260e-01 -7.142328470945358276e-02
-2.784096635878086090e-03 -3.902951776981353760e-01 -7.195135951042175293e-02
-3.046886064112186432e-03 -3.896660804748535156e-01 -7.281287014484405518e-02
-3.438749350607395172e-03 -3.891365528106689453e-01 -7.401581108570098877e-02
-3.961912356317043304e-03 -3.886803388595581055e-01 -7.544068247079849243e-02
-4.560912959277629852e-03 -3.881506919860839844e-01 -7.677162438631057739e-02
-5.128574557602405548e-03 -3.873886466026306152e-01 -7.846798747777938843e-02
-4.931311123073101044e-03 -3.875651061534881592e-01 -8.272494375705718994e-02
-4.617691971361637115e-03 -3.881182670593261719e-01 -8.723472803831100464e-02
-4.503334872424602509e-03 -3.887676298618316650e-01 -9.133579581975936890e-02
-4.172085784375667572e-03 -3.888673782348632812e-01 -9.378384798765182495e-02
-3.897602669894695282e-03 -3.889467716217041016e-01 -9.615767747163772583e-02
-3.688226453959941864e-03 -3.889881372451782227e-01 -9.839370101690292358e-02
-3.420897759497165680e-03 -3.888670206069946289e-01 -1.003588363528251648e-01
-2.498609013855457306e-03 -3.880680501461029053e-01 -1.016609668731689453e-01
-1.661087386310100555e-03 -3.871901631355285645e-01 -1.026565581560134888e-01
-9.252717718482017517e-04 -3.862365186214447021e-01 -1.033091396093368530e-01
-3.082631155848503113e-04 -3.852149546146392822e-01 -1.035889610648155212e-01
1.740781590342521667e-04 -3.841375112533569336e-01 -1.034755706787109375e-01
5.065528675913810730e-04 -3.830209076404571533e-01 -1.029575467109680176e-01
6.752451881766319275e-04 -3.818853795528411865e-01 -1.020331531763076782e-01
8.952235803008079529e-04 -3.802616894245147705e-01 -1.006250232458114624e-01
5.641998723149299622e-04 -3.779663443565368652e-01 -1.000695824623107910e-01
-5.272962152957916260e-04 -3.760809302330017090e-01 -1.007052510976791382e-01
-1.857156865298748016e-03 -3.745312988758087158e-01 -1.009306982159614563e-01
-3.376595675945281982e-03 -3.731415867805480957e-01 -1.007080152630805969e-01
-5.073993466794490814e-03 -3.719240427017211914e-01 -1.000512018799781799e-01
-6.940583698451519012e-03 -3.709135949611663818e-01 -9.898646920919418335e-02
-8.964488282799720764e-03 -3.701411485671997070e-01 -9.754781424999237061e-02
-1.113136298954486847e-02 -3.696330785751342773e-01 -9.577509015798568726e-02
-1.342432945966720581e-02 -3.694105148315429688e-01 -9.371276944875717163e-02
-1.582411117851734161e-02 -3.694882094860076904e-01 -9.140972048044204712e-02
-1.830882206559181213e-02 -3.698747456073760986e-01 -8.891770988702774048e-02
-1.963612437248229980e-02 -3.712442219257354736e-01 -8.652769029140472412e-02
-1.998289301991462708e-02 -3.729925453662872314e-01 -8.440493047237396240e-02
-2.037722244858741760e-02 -3.748282194137573242e-01 -8.204603940248489380e-02
-2.086849138140678406e-02 -3.769564032554626465e-01 -7.956159114837646484e-02
-2.145158499479293823e-02 -3.793475031852722168e-01 -7.699929922819137573e-02
-2.211965247988700867e-02 -3.819681107997894287e-01 -7.440615445375442505e-02
-2.286432869732379913e-02 -3.847814202308654785e-01 -7.182483375072479248e-02
-2.367598563432693481e-02 -3.877487182617187500e-01 -6.929562240839004517e-02
-2.454392611980438232e-02 -3.908297419548034668e-01 -6.685388833284378052e-02
-2.545679360628128052e-02 -3.939841389656066895e-01 -6.453086435794830322e-02
-2.640319243073463440e-02 -3.971727192401885986e-01 -6.235341727733612061e-02
-2.737135440111160278e-02 -4.003573060035705566e-01 -6.034330278635025024e-02
-2.720514312386512756e-02 -4.025624394416809082e-01 -5.874473974108695984e-02
-2.636352926492691040e-02 -4.041643738746643066e-01 -5.768664926290512085e-02
-2.575539425015449524e-02 -4.059066176414489746e-01 -5.781995877623558044e-02
-2.565677464008331299e-02 -4.080090522766113281e-01 -6.013556569814682007e-02
-2.548976242542266846e-02 -4.099334478378295898e-01 -6.279803812503814697e-02
-2.525590918958187103e-02 -4.116697311401367188e-01 -6.576925516128540039e-02
-2.495790459215641022e-02 -4.132116436958312988e-01 -6.900801509618759155e-02
-2.460031211376190186e-02 -4.145583212375640869e-01 -7.247082889080047607e-02
-2.418857999145984650e-02 -4.157119989395141602e-01 -7.611238956451416016e-02
-2.372930757701396942e-02 -4.166788458824157715e-01 -7.988706231117248535e-02
-2.322999015450477600e-02 -4.174679815769195557e-01 -8.374865353107452393e-02
-2.271205745637416840e-02 -4.182623624801635742e-01 -8.670442551374435425e-02
-2.218091487884521484e-02 -4.190318584442138672e-01 -8.895171433687210083e-02
-2.163526974618434906e-02 -4.196514487266540527e-01 -9.123253822326660156e-02
-2.089226059615612030e-02 -4.195696115493774414e-01 -9.229876101016998291e-02
-1.996199414134025574e-02 -4.188261628150939941e-01 -9.221725910902023315e-02
-1.905923709273338318e-02 -4.180216789245605469e-01 -9.220910072326660156e-02
-1.818678528070449829e-02 -4.171344637870788574e-01 -9.226220846176147461e-02
-1.732476055622100830e-02 -4.160356819629669189e-01 -9.234847128391265869e-02
-1.653618738055229187e-02 -4.149921536445617676e-01 -9.251307696104049683e-02
-1.583275198936462402e-02 -4.140264391899108887e-01 -9.275952726602554321e-02
-1.522579696029424667e-02 -4.131606221199035645e-01 -9.309481829404830933e-02
-1.472682226449251175e-02 -4.124164581298828125e-01 -9.352764487266540527e-02
-1.434735488146543503e-02 -4.118158817291259766e-01 -9.407065808773040771e-02
-1.409878674894571304e-02 -4.113802909851074219e-01 -9.473979473114013672e-02
-1.399330701678991318e-02 -4.111322760581970215e-01 -9.555490314960479736e-02
-1.404339168220758438e-02 -4.110951721668243408e-01 -9.653992950916290283e-02
-1.426212769001722336e-02 -4.112933576107025146e-01 -9.772367775440216064e-02
-1.466353144496679306e-02 -4.117528498172760010e-01 -9.913913905620574951e-02
-1.526247430592775345e-02 -4.125013947486877441e-01 -1.008248180150985718e-01
-1.607457175850868225e-02 -4.135681688785552979e-01 -1.028241664171218872e-01
-1.711414381861686707e-02 -4.149734377861022949e-01 -1.051838025450706482e-01
-1.837106049060821533e-02 -4.166188836097717285e-01 -1.079334765672683716e-01
-1.989422738552093506e-02 -4.186869263648986816e-01 -1.111587584018707275e-01
-2.170268818736076355e-02 -4.212161302566528320e-01 -1.149228289723396301e-01
-2.338519319891929626e-02 -4.246863722801208496e-01 -1.192034408450126648e-01
-2.437432110309600830e-02 -4.301534891128540039e-01 -1.235309690237045288e-01
-2.606694772839546204e-02 -4.343030452728271484e-01 -1.299172639846801758e-01
-2.850048243999481201e-02 -4.367601275444030762e-01 -1.386899799108505249e-01
-3.116831183433532715e-02 -4.399045109748840332e-01 -1.475549340248107910e-01
-3.420232608914375305e-02 -4.434979259967803955e-01 -1.571118682622909546e-01
-3.755665197968482971e-02 -4.473652243614196777e-01 -1.680924296379089355e-01
-4.123023152351379395e-02 -4.514822363853454590e-01 -1.805876046419143677e-01
-4.472610726952552795e-02 -4.498096406459808350e-01 -1.951499134302139282e-01
-4.758109152317047119e-02 -4.448866844177246094e-01 -2.115225493907928467e-01
-4.902297258377075195e-02 -4.402969479560852051e-01 -2.286792695522308350e-01
-4.995749145746231079e-02 -4.347838759422302246e-01 -2.429596036672592163e-01
-5.050181597471237183e-02 -4.297038912773132324e-01 -2.516329288482666016e-01
-5.093301087617874146e-02 -4.239363670349121094e-01 -2.613554000854492188e-01
-5.123139172792434692e-02 -4.174451529979705811e-01 -2.721450924873352051e-01
-5.136672407388687134e-02 -4.098152518272399902e-01 -2.848864793777465820e-01
-5.132209509611129761e-02 -4.011179804801940918e-01 -2.993414402008056641e-01
-5.108728632330894470e-02 -3.916450738906860352e-01 -3.147634267807006836e-01
-5.048961937427520752e-02 -3.817307353019714355e-01 -3.278551697731018066e-01
-4.957661777734756470e-02 -3.722032904624938965e-01 -3.346055746078491211e-01
-4.849560558795928955e-02 -3.621192872524261475e-01 -3.415198922157287598e-01
-4.729073122143745422e-02 -3.517995178699493408e-01 -3.473272919654846191e-01
-4.593262448906898499e-02 -3.409922420978546143e-01 -3.528091311454772949e-01
-4.114808887243270874e-02 -3.323183953762054443e-01 -3.587095141410827637e-01
-3.464880213141441345e-02 -3.242125809192657471e-01 -3.653318285942077637e-01
-2.793872356414794922e-02 -3.156381845474243164e-01 -3.719464540481567383e-01
-2.130231261253356934e-02 -3.053838312625885010e-01 -3.781073093414306641e-01
-1.510281581431627274e-02 -2.936888933181762695e-01 -3.827052116394042969e-01
-8.808794431388378143e-03 -2.814091145992279053e-01 -3.867449164390563965e-01
-2.350947819650173187e-03 -2.695007026195526123e-01 -3.873082399368286133e-01
-2.131005749106407166e-04 -2.636028826236724854e-01 -3.796819448471069336e-01
1.772697083652019501e-03 -2.574999034404754639e-01 -3.709863424301147461e-01
3.629698418080806732e-03 -2.511735558509826660e-01 -3.616697192192077637e-01
4.793520085513591766e-03 -2.445016503334045410e-01 -3.490731716156005859e-01
6.147925741970539093e-03 -2.371082901954650879e-01 -3.339352011680603027e-01
8.552690036594867706e-03 -2.282487750053405762e-01 -3.162559270858764648e-01
1.223426219075918198e-02 -2.161908447742462158e-01 -2.932582497596740723e-01
1.565690711140632629e-02 -2.043993473052978516e-01 -2.706369161605834961e-01
1.947198435664176941e-02 -1.930297613143920898e-01 -2.501043677330017090e-01
2.292921766638755798e-02 -1.826428771018981934e-01 -2.292074114084243774e-01
2.379072830080986023e-02 -1.760260164737701416e-01 -2.107459604740142822e-01
2.383890002965927124e-02 -1.711116433143615723e-01 -1.935831159353256226e-01
2.368359640240669250e-02 -1.666672527790069580e-01 -1.769307702779769897e-01
2.332574874162673950e-02 -1.626227945089340210e-01 -1.607801467180252075e-01
2.277650311589241028e-02 -1.589826047420501709e-01 -1.451760828495025635e-01
2.272986248135566711e-02 -1.553869992494583130e-01 -1.295250803232192993e-01
2.399058267474174500e-02 -1.512495577335357666e-01 -1.139280498027801514e-01
2.471462637186050415e-02 -1.479831635951995850e-01 -9.911432117223739624e-02
2.473282814025878906e-02 -1.456544697284698486e-01 -8.477120101451873779e-02
2.101625502109527588e-02 -1.450279355049133301e-01 -7.402808219194412231e-02
1.546207722276449203e-02 -1.453431844711303711e-01 -6.576228886842727661e-02
8.904452435672283173e-03 -1.475872993469238281e-01 -5.650086700916290283e-02
2.373677678406238556e-03 -1.503559648990631104e-01 -4.745857790112495422e-02
-3.723841160535812378e-03 -1.530295461416244507e-01 -3.919534757733345032e-02
-1.251372788101434708e-02 -1.615561097860336304e-01 -2.738698571920394897e-02
-1.902462542057037354e-02 -1.728846132755279541e-01 -1.601606421172618866e-02
-1.980683207511901855e-02 -1.866068840026855469e-01 -8.137927390635013580e-03
-2.016913145780563354e-02 -2.012986838817596436e-01 -5.971970967948436737e-04
-2.033163793385028839e-02 -2.164120376110076904e-01 6.714804098010063171e-03
-2.058115415275096893e-02 -2.319755256175994873e-01 1.443193107843399048e-02
-2.057050168514251709e-02 -2.475782930850982666e-01 2.173603698611259460e-02
-1.976822130382061005e-02 -2.609690427780151367e-01 2.604501694440841675e-02
-1.707299612462520599e-02 -2.752146422863006592e-01 2.979662269353866577e-02
-1.335964165627956390e-02 -3.003509044647216797e-01 3.587613999843597412e-02
-7.774296682327985764e-03 -3.330430984497070312e-01 4.260461777448654175e-02
-1.084080897271633148e-03 -3.665827810764312744e-01 4.878050088882446289e-02
5.015213042497634888e-03 -3.962479233741760254e-01 5.417748540639877319e-02
1.247982960194349289e-02 -4.307346045970916748e-01 6.014475226402282715e-02
2.466791123151779175e-02 -4.731840491294860840e-01 6.448721140623092651e-02
3.779678419232368469e-02 -5.152921080589294434e-01 6.799485534429550171e-02
4.940581321716308594e-02 -5.578330159187316895e-01 6.923379749059677124e-02
5.856830626726150513e-02 -6.004962325096130371e-01 6.778873503208160400e-02
7.043536752462387085e-02 -6.407659053802490234e-01 6.773564964532852173e-02
8.401340991258621216e-02 -6.758608818054199219e-01 6.882431358098983765e-02
1.002961620688438416e-01 -7.078131437301635742e-01 7.146926224231719971e-02
1.128209456801414490e-01 -7.317616939544677734e-01 7.130752503871917725e-02
1.207257956266403198e-01 -7.433969378471374512e-01 6.997591257095336914e-02
1.283212751150131226e-01 -7.520281076431274414e-01 6.787908077239990234e-02
1.355548202991485596e-01 -7.574169039726257324e-01 6.506025791168212891e-02
1.420110315084457397e-01 -7.605104446411132812e-01 6.034963577985763550e-02
1.483883708715438843e-01 -7.591366171836853027e-01 5.094067752361297607e-02
1.539369225502014160e-01 -7.562829852104187012e-01 4.044251143932342529e-02
1.606034785509109497e-01 -7.597197890281677246e-01 3.308726102113723755e-02
1.658584028482437134e-01 -7.590681910514831543e-01 2.395803853869438171e-02
1.721418201923370361e-01 -7.484045028686523438e-01 8.323432877659797668e-03
1.779290735721588135e-01 -7.345734238624572754e-01 -9.374324232339859009e-03
1.829089671373367310e-01 -7.181376814842224121e-01 -2.828398719429969788e-02
1.870739609003067017e-01 -6.994052529335021973e-01 -4.806361347436904907e-02
1.925962418317794800e-01 -6.798121333122253418e-01 -6.430242955684661865e-02
1.958025544881820679e-01 -6.568202972412109375e-01 -8.077307790517807007e-02
1.968498677015304565e-01 -6.341078281402587891e-01 -9.463101625442504883e-02
1.967066973447799683e-01 -6.112480759620666504e-01 -1.060590296983718872e-01
1.964121311902999878e-01 -5.874797701835632324e-01 -1.164705902338027954e-01
1.960215866565704346e-01 -5.631861090660095215e-01 -1.256829500198364258e-01
1.955884248018264771e-01 -5.387464761734008789e-01 -1.335400640964508057e-01
1.951626688241958618e-01 -5.145295262336730957e-01 -1.399168968200683594e-01
1.947896033525466919e-01 -4.908858835697174072e-01 -1.447200924158096313e-01
1.935317814350128174e-01 -4.687716960906982422e-01 -1.483615785837173462e-01
1.910071521997451782e-01 -4.487510323524475098e-01 -1.510158330202102661e-01
1.882465928792953491e-01 -4.303858876228332520e-01 -1.522346436977386475e-01
1.843976229429244995e-01 -4.080943465232849121e-01 -1.553031951189041138e-01
1.772043406963348389e-01 -3.821448683738708496e-01 -1.566113680601119995e-01
1.678605526685714722e-01 -3.603499531745910645e-01 -1.533773392438888550e-01
1.585984826087951660e-01 -3.424893319606781006e-01 -1.461658328771591187e-01
1.495627313852310181e-01 -3.273403048515319824e-01 -1.376972347497940063e-01
1.408290714025497437e-01 -3.149443864822387695e-01 -1.283126771450042725e-01
1.324459761381149292e-01 -3.052862882614135742e-01 -1.182081475853919983e-01
1.244419515132904053e-01 -2.983018159866333008e-01 -1.075884550809860229e-01
1.168273985385894775e-01 -2.938830256462097168e-01 -9.666136652231216431e-02
1.095938980579376221e-01 -2.918839454650878906e-01 -8.563293516635894775e-02
1.027166694402694702e-01 -2.921271622180938721e-01 -7.470297068357467651e-02
9.615511447191238403e-02 -2.944095730781555176e-01 -6.406246125698089600e-02
8.985552191734313965e-02 -2.985088825225830078e-01 -5.388827249407768250e-02
8.376853168010711670e-02 -3.041941821575164795e-01 -4.433693736791610718e-02
7.730709016323089600e-02 -3.117194473743438721e-01 -3.630929440259933472e-02
7.153782993555068970e-02 -3.196620345115661621e-01 -2.868729457259178162e-02
6.658583134412765503e-02 -3.277751803398132324e-01 -2.131125889718532562e-02
6.192342191934585571e-02 -3.362232446670532227e-01 -1.450731139630079269e-02
5.750321596860885620e-02 -3.447910249233245850e-01 -8.316009305417537689e-03
5.284512788057327271e-02 -3.536351621150970459e-01 -3.307268954813480377e-03
4.741766303777694702e-02 -3.629245758056640625e-01 -4.817079752683639526e-05
4.171158373355865479e-02 -3.721049427986145020e-01 2.137713134288787842e-03
3.565759211778640747e-02 -3.808515071868896484e-01 3.309302963316440582e-03
2.867223322391510010e-02 -3.862393498420715332e-01 3.798039630055427551e-03
2.137118950486183167e-02 -3.913361430168151855e-01 3.362543880939483643e-03
1.594565436244010925e-02 -4.037891924381256104e-01 7.858157157897949219e-03
9.996148757636547089e-03 -4.190277457237243652e-01 1.541623286902904510e-02
3.916211426258087158e-03 -4.349552989006042480e-01 2.283553965389728546e-02
-9.301053360104560852e-04 -4.502032995223999023e-01 3.371977806091308594e-02
