1.391795277595520020e-01 -5.644645094871520996e-01 1.204237580299377441e+00
1.410018652677536011e-01 -5.654428005218505859e-01 1.222651243209838867e+00
1.416574269533157349e-01 -4.510768651962280273e-01 1.093197345733642578e+00
1.833144426345825195e-01 -3.443953990936279297e-01 8.593788146972656250e-01
3.623159825801849365e-01 -3.046304583549499512e-01 6.330939531326293945e-01
5.766935348510742188e-01 -2.773479819297790527e-01 3.338024020195007324e-01
6.129428148269653320e-01 -3.858252465724945068e-01 4.020541608333587646e-01
6.503493785858154297e-01 -4.745618700981140137e-01 4.690999090671539307e-01
6.717547178268432617e-01 -4.998295307159423828e-01 5.141856670379638672e-01
6.934850215911865234e-01 -5.081499218940734863e-01 5.457758903503417969e-01
6.896578073501586914e-01 -4.909603595733642578e-01 5.325556993484497070e-01
6.660413742065429688e-01 -4.399740695953369141e-01 5.011331439018249512e-01
6.066056489944458008e-01 -3.011725544929504395e-01 4.077263474464416504e-01
5.839225053787231445e-01 -2.322896271944046021e-01 3.816530108451843262e-01
5.807814598083496094e-01 -2.215815931558609009e-01 4.046176373958587646e-01
5.658423900604248047e-01 -1.666718125343322754e-01 3.841530978679656982e-01
5.325965881347656250e-01 -3.267949819564819336e-02 3.229930400848388672e-01
5.444915294647216797e-01 -3.666189312934875488e-02 3.262289464473724365e-01
4.650394022464752197e-01 1.004099696874618530e-01 2.309289425611495972e-01
3.636006712913513184e-01 2.604764699935913086e-01 7.168474048376083374e-02
1.530848592519760132e-01 4.929525256156921387e-01 -1.207733750343322754e-01
-1.973630785942077637e-01 7.224284410476684570e-01 -3.112192451953887939e-01
-5.156123638153076172e-01 7.276395559310913086e-01 -3.429030478000640869e-01
-9.075125455856323242e-01 5.874902009963989258e-01 -1.636475026607513428e-01
-1.044149398803710938e+00 6.239967942237854004e-01 -8.747100830078125000e-03
-1.129041671752929688e+00 6.421297192573547363e-01 7.978960126638412476e-02
-1.175769090652465820e+00 6.056974530220031738e-01 1.190627813339233398e-01
-1.285865545272827148e+00 5.678378939628601074e-01 1.691450774669647217e-01
-1.363356351852416992e+00 5.764980912208557129e-01 1.992869079113006592e-01
-1.451069235801696777e+00 6.354805231094360352e-01 2.002518475055694580e-01
-1.540915489196777344e+00 7.450688481330871582e-01 1.459030508995056152e-01
-1.660243272781372070e+00 9.279227852821350098e-01 3.307829797267913818e-02
-1.847197055816650391e+00 1.184265375137329102e+00 -1.139884889125823975e-01
-1.984810590744018555e+00 1.312972545623779297e+00 -1.565611064434051514e-01
-2.060790061950683594e+00 1.517211794853210449e+00 -3.283887207508087158e-01
-2.150461435317993164e+00 1.605094432830810547e+00 -4.392539560794830322e-01
-2.255408287048339844e+00 1.653116464614868164e+00 -5.649898052215576172e-01
-2.307709455490112305e+00 1.668602466583251953e+00 -7.556837797164916992e-01
-2.360339641571044922e+00 1.639077782630920410e+00 -8.866631984710693359e-01
-2.456165075302124023e+00 1.637761235237121582e+00 -1.098701477050781250e+00
-2.502291202545166016e+00 1.667922735214233398e+00 -1.102900028228759766e+00
-2.566314697265625000e+00 1.710612535476684570e+00 -1.036153674125671387e+00
-2.540968179702758789e+00 1.610728383064270020e+00 -7.627737522125244141e-01
-2.559086561203002930e+00 1.595424890518188477e+00 -6.468247175216674805e-01
-2.500069379806518555e+00 1.460618257522583008e+00 -3.393259048461914062e-01
-2.500222921371459961e+00 1.432466626167297363e+00 -2.436896860599517822e-01
-2.518891334533691406e+00 1.408457756042480469e+00 -1.123142093420028687e-01
-2.603118658065795898e+00 1.430790066719055176e+00 -1.589044928550720215e-02
-2.639232397079467773e+00 1.402009129524230957e+00 4.949334263801574707e-02
-2.646294593811035156e+00 1.366448283195495605e+00 1.275296211242675781e-01
-2.702341556549072266e+00 1.393419027328491211e+00 1.734307706356048584e-01
-2.729469776153564453e+00 1.392074823379516602e+00 2.334151268005371094e-01
-2.771100521087646484e+00 1.408499002456665039e+00 2.368418127298355103e-01
-2.813987255096435547e+00 1.426306605339050293e+00 2.456576228141784668e-01
-2.752403736114501953e+00 1.385905385017395020e+00 3.004327118396759033e-01
-2.768479347229003906e+00 1.395430088043212891e+00 3.015542030334472656e-01
-2.743152141571044922e+00 1.374738216400146484e+00 2.993938326835632324e-01
-2.714430332183837891e+00 1.363406538963317871e+00 2.977836430072784424e-01
-2.697218418121337891e+00 1.353208661079406738e+00 2.965829372406005859e-01
-2.673454999923706055e+00 1.339129090309143066e+00 2.949251532554626465e-01
-2.670329332351684570e+00 1.337277054786682129e+00 2.947070896625518799e-01
-2.694109201431274414e+00 1.351366519927978516e+00 2.963660359382629395e-01
-2.671100139617919922e+00 1.337733745574951172e+00 2.947608828544616699e-01
-2.663292169570922852e+00 1.333107590675354004e+00 2.942161560058593750e-01
-2.701649188995361328e+00 1.355833768844604492e+00 2.968919873237609863e-01
-2.747198343276977539e+00 1.382821202278137207e+00 3.000695705413818359e-01
-2.764580011367797852e+00 1.393119692802429199e+00 3.012821674346923828e-01
-2.800942659378051758e+00 1.414664149284362793e+00 3.038188517093658447e-01
-2.799522638320922852e+00 1.413822770118713379e+00 3.037197887897491455e-01
-2.802217960357666016e+00 1.415419816970825195e+00 3.039078116416931152e-01
-2.829002141952514648e+00 1.431289196014404297e+00 3.057763278484344482e-01
-2.844629526138305664e+00 1.440548300743103027e+00 3.068665266036987305e-01
-2.813720226287841797e+00 1.422234892845153809e+00 3.047102689743041992e-01
-2.834450960159301758e+00 1.434517621994018555e+00 3.061564564704895020e-01
-2.867884159088134766e+00 1.454326510429382324e+00 3.084887862205505371e-01
-2.874893903732299805e+00 1.458479642868041992e+00 3.089778125286102295e-01
-2.889444112777709961e+00 1.467100501060485840e+00 3.099928498268127441e-01
-2.884625673294067383e+00 1.464245557785034180e+00 3.096567094326019287e-01
-2.869051694869995117e+00 1.455018162727355957e+00 3.085702657699584961e-01
-2.856000900268554688e+00 1.447285652160644531e+00 3.076598048210144043e-01
-2.849375247955322266e+00 1.443360090255737305e+00 3.071975708007812500e-01
-2.877889156341552734e+00 1.460254311561584473e+00 3.091867566108703613e-01
-2.890484094619750977e+00 1.467716693878173828e+00 3.100653886795043945e-01
-2.906845808029174805e+00 1.477410793304443359e+00 3.112068176269531250e-01
-2.889596462249755859e+00 1.467190742492675781e+00 3.100034892559051514e-01
-2.839926958084106445e+00 1.437762022018432617e+00 3.065384626388549805e-01
-2.829412460327148438e+00 1.431532263755798340e+00 3.058049678802490234e-01
-2.824275255203247070e+00 1.428488492965698242e+00 3.054465651512145996e-01
-2.868448495864868164e+00 1.454660773277282715e+00 3.085281848907470703e-01
-2.838149070739746094e+00 1.436708688735961914e+00 3.064144253730773926e-01
-2.781496524810791016e+00 1.403142571449279785e+00 3.024622797966003418e-01
-2.795173406600952148e+00 1.411245942115783691e+00 3.034163713455200195e-01
-2.722073316574096680e+00 1.367934823036193848e+00 2.983168363571166992e-01
-2.764906167984008789e+00 1.393313050270080566e+00 3.013049066066741943e-01
-2.773823738098144531e+00 1.398596525192260742e+00 3.019270002841949463e-01
-2.780459403991699219e+00 1.402528047561645508e+00 3.023899197578430176e-01
-2.745898246765136719e+00 1.382050991058349609e+00 2.999788820743560791e-01
-2.703334093093872070e+00 1.356832146644592285e+00 2.970095574855804443e-01
-2.687222003936767578e+00 1.347285866737365723e+00 2.958855628967285156e-01
-2.669423580169677734e+00 1.336740493774414062e+00 2.946439087390899658e-01
-2.646607875823974609e+00 1.323222398757934570e+00 2.930522561073303223e-01
-2.625564098358154297e+00 1.310754060745239258e+00 2.915841937065124512e-01
-2.615293979644775391e+00 1.304669141769409180e+00 2.908677458763122559e-01
-2.582312345504760742e+00 1.285127878189086914e+00 2.885668873786926270e-01
-2.603460550308227539e+00 1.297657966613769531e+00 2.900422215461730957e-01
-2.663614034652709961e+00 1.333298325538635254e+00 2.942386269569396973e-01
-2.676735877990722656e+00 1.341072916984558105e+00 2.951540350914001465e-01
-2.678250074386596680e+00 1.341970086097717285e+00 2.952596545219421387e-01
-2.725038766860961914e+00 1.369691848754882812e+00 2.985236942768096924e-01
-2.729281663894653320e+00 1.372205734252929688e+00 2.988196909427642822e-01
-2.744471073150634766e+00 1.381205320358276367e+00 2.998793125152587891e-01
-2.790745973587036133e+00 1.408622741699218750e+00 3.031075298786163330e-01
-2.868599653244018555e+00 1.454750299453735352e+00 3.085387051105499268e-01
-2.883221864700317383e+00 1.463413834571838379e+00 3.095587790012359619e-01
-2.939118385314941406e+00 1.496531963348388672e+00 3.134582042694091797e-01
-2.944950580596923828e+00 1.499987483024597168e+00 3.138650655746459961e-01
-2.979552745819091797e+00 1.520488977432250977e+00 3.162789344787597656e-01
-2.995864629745483398e+00 1.530153632164001465e+00 3.174169063568115234e-01
-2.987721443176269531e+00 1.525328874588012695e+00 3.168488144874572754e-01
-2.969782829284667969e+00 1.514700412750244141e+00 3.155974149703979492e-01
-3.014349699020385742e+00 1.541105866432189941e+00 3.187064528465270996e-01
-3.047656059265136719e+00 1.560839533805847168e+00 3.210299313068389893e-01
-3.070720195770263672e+00 1.574504852294921875e+00 3.226389288902282715e-01
-3.044281721115112305e+00 1.558840274810791016e+00 3.207945227622985840e-01
-3.054171085357666016e+00 1.564699649810791016e+00 3.214844465255737305e-01
-3.013008594512939453e+00 1.540311217308044434e+00 3.186128735542297363e-01
-3.013451814651489258e+00 1.540573835372924805e+00 3.186438083648681641e-01
-3.020717859268188477e+00 1.544878959655761719e+00 3.191506862640380859e-01
-3.004621267318725586e+00 1.535341858863830566e+00 3.180277645587921143e-01
-2.970621824264526367e+00 1.515197515487670898e+00 3.156559169292449951e-01
-2.976957798004150391e+00 1.518951535224914551e+00 3.160979151725769043e-01
-2.932575225830078125e+00 1.492655277252197266e+00 3.130017518997192383e-01
-2.921021699905395508e+00 1.485809803009033203e+00 3.121957480907440186e-01
-2.870275259017944336e+00 1.455743074417114258e+00 3.086556196212768555e-01
-2.926419496536254883e+00 1.489007949829101562e+00 3.125723004341125488e-01
-2.931678056716918945e+00 1.492123723030090332e+00 3.129391670227050781e-01
-2.910637378692626953e+00 1.479657292366027832e+00 3.114713430404663086e-01
-2.899135589599609375e+00 1.472842574119567871e+00 3.106689453125000000e-01
-2.877042293548583984e+00 1.459752440452575684e+00 3.091276884078979492e-01
-2.819377899169921875e+00 1.425586938858032227e+00 3.051049113273620605e-01
-2.802098035812377930e+00 1.415348768234252930e+00 3.038994669914245605e-01
-2.812866449356079102e+00 1.421728968620300293e+00 3.046506643295288086e-01
-2.751526594161987305e+00 1.385385751724243164e+00 3.003715276718139648e-01
-2.733174324035644531e+00 1.374512076377868652e+00 2.990912497043609619e-01
-2.707982778549194336e+00 1.359586358070373535e+00 2.973338365554809570e-01
-2.676896572113037109e+00 1.341168045997619629e+00 2.951652407646179199e-01
-2.694094419479370117e+00 1.357612490653991699e+00 2.892723381519317627e-01
-2.662100791931152344e+00 1.429940462112426758e+00 1.835266351699829102e-01
-2.660526990890502930e+00 1.458050131797790527e+00 1.157786846160888672e-01
-2.705668687820434570e+00 1.488889217376708984e+00 1.489915698766708374e-01
-2.735660314559936523e+00 1.518801331520080566e+00 1.039551049470901489e-01
-2.742421627044677734e+00 1.524857282638549805e+00 6.633894145488739014e-02
-2.767272233963012695e+00 1.544754028320312500e+00 6.534472107887268066e-03
-2.782860040664672852e+00 1.557026863098144531e+00 4.326209425926208496e-02
-2.790550231933593750e+00 1.564180493354797363e+00 1.435247063636779785e-02
-2.769489765167236328e+00 1.546862244606018066e+00 -1.797392964363098145e-02
-2.730639696121215820e+00 1.514937758445739746e+00 -7.222890853881835938e-03
-2.736519575119018555e+00 1.518820643424987793e+00 -1.753708720207214355e-02
-2.702913284301757812e+00 1.491501808166503906e+00 1.422083377838134766e-02
-2.720554828643798828e+00 1.506896615028381348e+00 -5.885747075080871582e-02
-2.708834648132324219e+00 1.496681928634643555e+00 -2.826255559921264648e-02
-2.700280427932739258e+00 1.490857124328613281e+00 -8.300347626209259033e-02
-2.686064243316650391e+00 1.480262875556945801e+00 -1.645190417766571045e-01
-2.716797351837158203e+00 1.504844546318054199e+00 -1.555984914302825928e-01
-2.754907846450805664e+00 1.535049080848693848e+00 -1.700755059719085693e-01
-2.754512786865234375e+00 1.534018397331237793e+00 -1.593822836875915527e-01
-2.745719194412231445e+00 1.527507901191711426e+00 -1.778979003429412842e-01
-2.715703487396240234e+00 1.505213856697082520e+00 -2.784538567066192627e-01
-2.664782285690307617e+00 1.463849186897277832e+00 -2.117451131343841553e-01
-2.627149343490600586e+00 1.433032989501953125e+00 -2.167926430702209473e-01
-2.601614236831665039e+00 1.413419842720031738e+00 -2.293329536914825439e-01
-2.589895009994506836e+00 1.404020786285400391e+00 -2.431870996952056885e-01
-2.589599847793579102e+00 1.403666615486145020e+00 -2.683871388435363770e-01
-2.594806909561157227e+00 1.408114790916442871e+00 -3.240297734737396240e-01
-2.556851148605346680e+00 1.377634644508361816e+00 -2.659054696559906006e-01
-2.549250364303588867e+00 1.371711373329162598e+00 -3.299577534198760986e-01
-2.508072137832641602e+00 1.338913083076477051e+00 -3.645136356353759766e-01
-2.489408493041992188e+00 1.324434876441955566e+00 -3.876551091670989990e-01
-2.501361846923828125e+00 1.340469837188720703e+00 -3.641877770423889160e-01
-2.494693517684936523e+00 1.334488391876220703e+00 -3.396436572074890137e-01
-2.507553100585937500e+00 1.346060156822204590e+00 -3.525977134704589844e-01
-2.459178447723388672e+00 1.301136374473571777e+00 -3.866957724094390869e-01
-2.441427230834960938e+00 1.284759402275085449e+00 -3.885605633258819580e-01
-2.426984548568725586e+00 1.276524424552917480e+00 -4.566219747066497803e-01
-2.417583942413330078e+00 1.287572145462036133e+00 -6.096270084381103516e-01
-2.393979310989379883e+00 1.267982244491577148e+00 -5.907087326049804688e-01
-2.401589393615722656e+00 1.275412082672119141e+00 -5.666996240615844727e-01
-2.384514331817626953e+00 1.257404208183288574e+00 -4.746768176555633545e-01
-2.392658710479736328e+00 1.267458677291870117e+00 -4.860264360904693604e-01
-2.385194301605224609e+00 1.259141087532043457e+00 -4.733301103115081787e-01
-2.363704442977905273e+00 1.239034652709960938e+00 -4.021579921245574951e-01
-2.368184566497802734e+00 1.242353439331054688e+00 -4.314096868038177490e-01
-2.419450521469116211e+00 1.283230662345886230e+00 -3.960075676441192627e-01
-2.447446823120117188e+00 1.307053089141845703e+00 -4.188055694103240967e-01
-2.457666158676147461e+00 1.314028024673461914e+00 -3.986857235431671143e-01
-2.485953330993652344e+00 1.338371634483337402e+00 -4.213260710239410400e-01
-2.506805896759033203e+00 1.354919314384460449e+00 -4.178239405155181885e-01
-2.522918939590454102e+00 1.364930391311645508e+00 -4.679130017757415771e-01
-2.524731159210205078e+00 1.367011308670043945e+00 -5.078798532485961914e-01
-2.506022691726684570e+00 1.349737763404846191e+00 -5.515153408050537109e-01
-2.490165233612060547e+00 1.328971147537231445e+00 -5.381611585617065430e-01
-2.469776630401611328e+00 1.308746218681335449e+00 -5.147095918655395508e-01
-2.464699506759643555e+00 1.307449817657470703e+00 -5.552629232406616211e-01
-2.421920061111450195e+00 1.270812153816223145e+00 -4.864608943462371826e-01
-2.419365167617797852e+00 1.268115997314453125e+00 -5.199613571166992188e-01
-2.427280902862548828e+00 1.286001563072204590e+00 -6.183388233184814453e-01
-2.456876516342163086e+00 1.327968358993530273e+00 -7.203104496002197266e-01
-2.491799592971801758e+00 1.387869596481323242e+00 -8.432208299636840820e-01
-2.574696302413940430e+00 1.460763454437255859e+00 -8.815476894378662109e-01
-2.596941709518432617e+00 1.486680626869201660e+00 -9.291293621063232422e-01
-2.615409135818481445e+00 1.504872441291809082e+00 -9.469379186630249023e-01
-2.622743844985961914e+00 1.517561912536621094e+00 -9.996114969253540039e-01
-2.605477094650268555e+00 1.508434653282165527e+00 -1.028617978096008301e+00
-2.626477479934692383e+00 1.493831515312194824e+00 -9.552792310714721680e-01
-2.618149995803833008e+00 1.480078458786010742e+00 -9.384745359420776367e-01
-2.612364053726196289e+00 1.474297881126403809e+00 -9.338362216949462891e-01
-2.556068658828735352e+00 1.444145560264587402e+00 -9.892953634262084961e-01
-2.495861053466796875e+00 1.410393714904785156e+00 -1.061125755310058594e+00
-2.476513147354125977e+00 1.432674527168273926e+00 -1.155843734741210938e+00
-2.490869045257568359e+00 1.451207637786865234e+00 -1.177571535110473633e+00
-2.481029510498046875e+00 1.442112922668457031e+00 -1.177448511123657227e+00
-2.406262636184692383e+00 1.367855072021484375e+00 -1.159367322921752930e+00
-2.410022974014282227e+00 1.354281306266784668e+00 -1.056631684303283691e+00
-2.396494865417480469e+00 1.325090765953063965e+00 -9.782536029815673828e-01
-2.417313098907470703e+00 1.309470534324645996e+00 -8.278523683547973633e-01
-2.376465082168579102e+00 1.271145820617675781e+00 -7.920097112655639648e-01
-2.367597579956054688e+00 1.263334393501281738e+00 -7.880107164382934570e-01
-2.411238431930541992e+00 1.297593832015991211e+00 -7.992311716079711914e-01
-2.422482490539550781e+00 1.306653857231140137e+00 -8.026914596557617188e-01
-2.421044349670410156e+00 1.303560972213745117e+00 -7.926892042160034180e-01
-2.413421392440795898e+00 1.298259019851684570e+00 -7.938269376754760742e-01
-2.387026548385620117e+00 1.287014007568359375e+00 -8.341624736785888672e-01
-2.353558301925659180e+00 1.259512424468994141e+00 -8.194645643234252930e-01
-2.295394659042358398e+00 1.222615599632263184e+00 -8.509184122085571289e-01
-2.266435146331787109e+00 1.198340415954589844e+00 -8.316000699996948242e-01
-2.259109258651733398e+00 1.193269729614257812e+00 -8.683080673217773438e-01
-2.209205627441406250e+00 1.151724576950073242e+00 -8.642929792404174805e-01
-2.210454940795898438e+00 1.141044378280639648e+00 -7.966190576553344727e-01
-2.184400796890258789e+00 1.123918890953063965e+00 -8.272831439971923828e-01
-2.202852249145507812e+00 1.133599042892456055e+00 -7.962502241134643555e-01
-2.177792787551879883e+00 1.105768442153930664e+00 -7.703388929367065430e-01
-2.111180782318115234e+00 1.051537036895751953e+00 -7.699159383773803711e-01
-2.023586273193359375e+00 9.857032895088195801e-01 -7.801171541213989258e-01
-1.962750077247619629e+00 9.463732838630676270e-01 -8.580794334411621094e-01
-1.884062886238098145e+00 8.805112242698669434e-01 -9.113219976425170898e-01
-1.827223777770996094e+00 8.245201706886291504e-01 -8.942848443984985352e-01
-1.791416764259338379e+00 7.882580757141113281e-01 -8.827530145645141602e-01
-1.784048199653625488e+00 7.752702832221984863e-01 -9.009702205657958984e-01
-1.831414103507995605e+00 8.451138138771057129e-01 -9.245767593383789062e-01
-1.846754431724548340e+00 8.509562611579895020e-01 -8.580224514007568359e-01
-1.792753458023071289e+00 8.116462826728820801e-01 -9.089870452880859375e-01
-1.831385612487792969e+00 8.547280430793762207e-01 -8.393319845199584961e-01
-1.842503666877746582e+00 8.845202326774597168e-01 -9.124654531478881836e-01
-1.853823542594909668e+00 9.095086455345153809e-01 -9.476648569107055664e-01
-1.857896685600280762e+00 9.169682860374450684e-01 -9.183623790740966797e-01
-1.901632785797119141e+00 9.472035765647888184e-01 -8.749535083770751953e-01
-1.911098718643188477e+00 9.690243601799011230e-01 -9.093532562255859375e-01
-1.950261473655700684e+00 9.990641474723815918e-01 -8.755604028701782227e-01
-1.964681863784790039e+00 1.021000027656555176e+00 -8.940836191177368164e-01
-2.000587940216064453e+00 1.050657272338867188e+00 -8.686355352401733398e-01
-2.007865905761718750e+00 1.080861449241638184e+00 -9.686272144317626953e-01
-2.015016794204711914e+00 1.076950192451477051e+00 -9.951927661895751953e-01
-1.970345497131347656e+00 9.569318890571594238e-01 -9.909234046936035156e-01
-1.943147063255310059e+00 8.749315142631530762e-01 -8.757749795913696289e-01
-1.896116852760314941e+00 7.711126208305358887e-01 -8.284831047058105469e-01
-1.900946736335754395e+00 7.527320384979248047e-01 -8.276045322418212891e-01
-1.870897650718688965e+00 6.990291476249694824e-01 -9.032549858093261719e-01
-1.927726030349731445e+00 7.401782274246215820e-01 -8.805078268051147461e-01
-1.930670619010925293e+00 7.429022192955017090e-01 -8.822075128555297852e-01
-1.950704574584960938e+00 7.816637158393859863e-01 -8.680520057678222656e-01
-1.983412623405456543e+00 8.449777960777282715e-01 -9.204508066177368164e-01
-2.003355264663696289e+00 8.833377957344055176e-01 -8.996675014495849609e-01
-2.031931877136230469e+00 9.374123215675354004e-01 -8.902043104171752930e-01
-2.040798187255859375e+00 9.523987174034118652e-01 -9.083657264709472656e-01
-2.034080505371093750e+00 9.605082869529724121e-01 -9.315319061279296875e-01
-2.037702560424804688e+00 9.540743231773376465e-01 -9.321373701095581055e-01
-2.008714437484741211e+00 9.366266131401062012e-01 -8.994487524032592773e-01
-1.997228264808654785e+00 9.208903908729553223e-01 -9.083772897720336914e-01
-1.995039701461791992e+00 9.390161633491516113e-01 -8.901050090789794922e-01
-2.006775617599487305e+00 9.907242655754089355e-01 -9.184447526931762695e-01
-2.020253181457519531e+00 1.028308868408203125e+00 -9.727013111114501953e-01
-2.030766963958740234e+00 1.088819146156311035e+00 -1.031117558479309082e+00
-2.051479578018188477e+00 1.144183874130249023e+00 -1.093782186508178711e+00
-2.058900833129882812e+00 1.137066245079040527e+00 -1.045539855957031250e+00
-2.082313776016235352e+00 1.156924128532409668e+00 -1.071588277816772461e+00
-2.080105066299438477e+00 1.136921882629394531e+00 -1.020528197288513184e+00
-2.034312486648559570e+00 1.079795122146606445e+00 -9.547466039657592773e-01
-1.991631388664245605e+00 1.037158131599426270e+00 -9.346116781234741211e-01
-1.954065084457397461e+00 9.970032572746276855e-01 -9.092015027999877930e-01
-1.923001050949096680e+00 9.613522887229919434e-01 -8.895093202590942383e-01
-1.930539846420288086e+00 9.622913002967834473e-01 -8.750391006469726562e-01
-1.917917966842651367e+00 9.429500699043273926e-01 -8.476358652114868164e-01
-1.915968894958496094e+00 9.326435923576354980e-01 -8.199758529663085938e-01
-1.930758237838745117e+00 9.278603196144104004e-01 -7.738125324249267578e-01
-1.913833737373352051e+00 9.092313647270202637e-01 -7.713649272918701172e-01
-1.882339954376220703e+00 8.875413537025451660e-01 -8.249363899230957031e-01
-1.872752547264099121e+00 8.767656683921813965e-01 -8.110563755035400391e-01
-1.792111992835998535e+00 8.105222582817077637e-01 -8.480671644210815430e-01
-1.822194337844848633e+00 8.295096755027770996e-01 -8.165090084075927734e-01
-1.774228930473327637e+00 7.780875563621520996e-01 -7.988178730010986328e-01
-1.757499456405639648e+00 7.279077768325805664e-01 -7.583010196685791016e-01
-1.750245928764343262e+00 6.967962980270385742e-01 -7.626761198043823242e-01
-1.742040038108825684e+00 6.502296924591064453e-01 -7.530585527420043945e-01
-1.703091502189636230e+00 5.516785979270935059e-01 -7.346864938735961914e-01
-1.690510392189025879e+00 5.092676281929016113e-01 -7.129949331283569336e-01
-1.689551472663879395e+00 4.993482828140258789e-01 -7.073972225189208984e-01
-1.692258596420288086e+00 4.872105717658996582e-01 -6.842234134674072266e-01
-1.685846567153930664e+00 4.529705643653869629e-01 -6.534515619277954102e-01
-1.652809143066406250e+00 3.649419546127319336e-01 -6.096891164779663086e-01
-1.664499878883361816e+00 3.723419904708862305e-01 -6.052932739257812500e-01
-1.630263447761535645e+00 2.874310016632080078e-01 -5.666680335998535156e-01
-1.614534616470336914e+00 2.709451913833618164e-01 -5.301957130432128906e-01
-1.581612110137939453e+00 2.194653898477554321e-01 -5.127323865890502930e-01
-1.505910634994506836e+00 1.208009570837020874e-01 -4.498400986194610596e-01
-1.453247666358947754e+00 5.286584794521331787e-02 -4.098620116710662842e-01
-1.399007320404052734e+00 -3.476829826831817627e-02 -3.583532273769378662e-01
-1.373690843582153320e+00 -6.618119776248931885e-02 -3.308691084384918213e-01
-1.366835832595825195e+00 -6.359088420867919922e-02 -3.343030214309692383e-01
-1.332187771797180176e+00 -1.046493425965309143e-01 -3.189629614353179932e-01
-1.310110688209533691e+00 -1.248612850904464722e-01 -3.140081763267517090e-01
-1.273981690406799316e+00 -1.905604898929595947e-01 -2.735720276832580566e-01
-1.245073318481445312e+00 -2.410411387681961060e-01 -2.577934265136718750e-01
-1.244967579841613770e+00 -2.255411595106124878e-01 -2.617126405239105225e-01
-1.231549501419067383e+00 -2.296229600906372070e-01 -2.673469781875610352e-01
-1.217867374420166016e+00 -2.402860671281814575e-01 -2.714700996875762939e-01
-1.187304973602294922e+00 -2.660525441169738770e-01 -2.801944017410278320e-01
-1.160338878631591797e+00 -2.729602158069610596e-01 -2.918403744697570801e-01
-1.120968341827392578e+00 -3.024787902832031250e-01 -3.039953708648681641e-01
-1.083232998847961426e+00 -3.619034886360168457e-01 -3.022573292255401611e-01
-1.053517580032348633e+00 -3.852809369564056396e-01 -2.927762269973754883e-01
-1.034348487854003906e+00 -4.126260578632354736e-01 -2.757571041584014893e-01
-1.009001731872558594e+00 -4.401116967201232910e-01 -2.583838701248168945e-01
-9.899460077285766602e-01 -4.501566290855407715e-01 -2.484431266784667969e-01
-9.586071968078613281e-01 -4.815778732299804688e-01 -2.117176651954650879e-01
-9.301990270614624023e-01 -5.055053830146789551e-01 -1.756020784378051758e-01
-9.352408647537231445e-01 -5.417967438697814941e-01 -1.424321532249450684e-01
-9.077908992767333984e-01 -6.387388706207275391e-01 -3.314726054668426514e-02
-8.225352764129638672e-01 -6.887062788009643555e-01 9.599521756172180176e-02
-7.354493141174316406e-01 -7.444680333137512207e-01 2.587299346923828125e-01
-6.169461011886596680e-01 -8.370083570480346680e-01 4.822871685028076172e-01
-5.607408285140991211e-01 -8.637502193450927734e-01 6.352716684341430664e-01
-5.240762829780578613e-01 -8.642153143882751465e-01 7.037876844406127930e-01
-4.196470081806182861e-01 -8.278741836547851562e-01 7.899863719940185547e-01
-3.339978158473968506e-01 -8.243477940559387207e-01 8.981798887252807617e-01
-2.489508688449859619e-01 -8.054695129394531250e-01 9.717513322830200195e-01
-2.210314869880676270e-01 -8.212547898292541504e-01 1.023618817329406738e+00
-1.992416828870773315e-01 -8.336607813835144043e-01 1.098912954330444336e+00
-1.815785318613052368e-01 -8.552837371826171875e-01 1.196470379829406738e+00
-1.389818787574768066e-01 -8.271205425262451172e-01 1.259016275405883789e+00
-8.513425290584564209e-02 -7.917292118072509766e-01 1.329455494880676270e+00
-4.950510337948799133e-02 -7.881767749786376953e-01 1.419188976287841797e+00
-2.622649818658828735e-02 -7.810702323913574219e-01 1.474708795547485352e+00
-1.398533582687377930e-03 -7.810506224632263184e-01 1.534303784370422363e+00
7.762931287288665771e-03 -7.827268242835998535e-01 1.561760783195495605e+00
1.309957355260848999e-02 -7.841271758079528809e-01 1.579946875572204590e+00
3.078481554985046387e-02 -7.758864760398864746e-01 1.608003854751586914e+00
5.385635793209075928e-02 -7.599577903747558594e-01 1.640688180923461914e+00
6.950347125530242920e-02 -7.459435462951660156e-01 1.660071849822998047e+00
8.335517346858978271e-02 -7.495101094245910645e-01 1.683925390243530273e+00
8.339081704616546631e-02 -7.468512058258056641e-01 1.674613833427429199e+00
8.601130545139312744e-02 -7.443818449974060059e-01 1.660460829734802246e+00
8.768811821937561035e-02 -7.422598600387573242e-01 1.649522304534912109e+00
8.729854226112365723e-02 -7.357071042060852051e-01 1.627590417861938477e+00
9.692129492759704590e-02 -7.366554141044616699e-01 1.610409259796142578e+00
1.079873889684677124e-01 -7.450033426284790039e-01 1.615859627723693848e+00
1.118923276662826538e-01 -7.465226054191589355e-01 1.612828016281127930e+00
1.158497184514999390e-01 -7.552313804626464844e-01 1.634657382965087891e+00
1.261462122201919556e-01 -7.692781686782836914e-01 1.661539912223815918e+00
1.304876506328582764e-01 -7.734165787696838379e-01 1.666676998138427734e+00
1.322846114635467529e-01 -7.747980356216430664e-01 1.667652010917663574e+00
1.217551082372665405e-01 -7.380277514457702637e-01 1.620979905128479004e+00
1.189535111188888550e-01 -7.197752594947814941e-01 1.599745512008666992e+00
1.163269132375717163e-01 -7.027721405029296875e-01 1.584576368331909180e+00
1.205421090126037598e-01 -7.069230079650878906e-01 1.592398881912231445e+00
1.221866458654403687e-01 -7.032732963562011719e-01 1.589897990226745605e+00
1.231246143579483032e-01 -6.969271302223205566e-01 1.584387302398681641e+00
1.175957024097442627e-01 -6.677405238151550293e-01 1.544164419174194336e+00
1.116272062063217163e-01 -5.910537838935852051e-01 1.477947831153869629e+00
1.149601489305496216e-01 -5.875572562217712402e-01 1.481869697570800781e+00
1.278968751430511475e-01 -6.258225440979003906e-01 1.526572227478027344e+00
1.358973532915115356e-01 -6.043814420700073242e-01 1.514053344726562500e+00
1.452364325523376465e-01 -5.927102565765380859e-01 1.503860712051391602e+00
1.725077927112579346e-01 -6.026774048805236816e-01 1.512326002120971680e+00
1.963806450366973877e-01 -6.321681737899780273e-01 1.529138565063476562e+00
2.099040150642395020e-01 -6.310797333717346191e-01 1.512541770935058594e+00
2.056596875190734863e-01 -5.361016988754272461e-01 1.393981814384460449e+00
2.143270373344421387e-01 -4.737116098403930664e-01 1.234628915786743164e+00
2.786841392517089844e-01 -3.163306415081024170e-01 9.151394367218017578e-01
4.841103255748748779e-01 -2.274287343025207520e-01 5.440577864646911621e-01
6.152658462524414062e-01 -1.849961876869201660e-01 2.585412263870239258e-01
6.223607063293457031e-01 -2.106039673089981079e-01 2.379764318466186523e-01
6.583086252212524414e-01 -2.439253330230712891e-01 3.251640498638153076e-01
6.875350475311279297e-01 -2.801742553710937500e-01 3.873340785503387451e-01
7.090227603912353516e-01 -3.293935358524322510e-01 4.489703178405761719e-01
6.676807403564453125e-01 -2.304034978151321411e-01 3.797606825828552246e-01
6.263624429702758789e-01 -1.678448021411895752e-01 3.307559490203857422e-01
6.002750396728515625e-01 -1.737726926803588867e-01 3.317097425460815430e-01
5.689669847488403320e-01 -1.653664410114288330e-01 3.281926512718200684e-01
4.912007153034210205e-01 -9.668392688035964966e-02 3.135942518711090088e-01
3.415613472461700439e-01 1.227355450391769409e-01 1.455241888761520386e-01
2.279942035675048828e-01 5.402588844299316406e-02 -1.705941259860992432e-01
1.931627392768859863e-01 -1.028146073222160339e-01 -3.081020414829254150e-01
1.748109757900238037e-01 -1.498437374830245972e-01 -3.279948830604553223e-01
1.397167593240737915e-01 -1.600273251533508301e-01 -3.142842352390289307e-01
1.286234408617019653e-01 -1.748632490634918213e-01 -2.697398960590362549e-01
1.578115075826644897e-01 -2.984848320484161377e-01 -2.949703037738800049e-01
1.783320903778076172e-01 -4.076327085494995117e-01 -6.376641988754272461e-02
-6.935392320156097412e-02 -8.285190463066101074e-01 2.387902885675430298e-01
-1.028750091791152954e-01 -6.563748717308044434e-01 7.519488334655761719e-01
-1.197604462504386902e-01 -7.403861284255981445e-01 9.878934621810913086e-01
-1.142467260360717773e-01 -7.626311182975769043e-01 1.079550743103027344e+00
-8.914213627576828003e-02 -7.557502388954162598e-01 1.163011550903320312e+00
-5.984460562467575073e-02 -7.490640878677368164e-01 1.247902274131774902e+00
-4.451441764831542969e-02 -7.483389377593994141e-01 1.287707567214965820e+00
-2.797896042466163635e-02 -7.466601729393005371e-01 1.315991878509521484e+00
6.902493536472320557e-03 -7.193014025688171387e-01 1.359689712524414062e+00
3.747983276844024658e-02 -7.001243233680725098e-01 1.373413681983947754e+00
6.914179027080535889e-02 -6.785741448402404785e-01 1.407777905464172363e+00
8.223289251327514648e-02 -6.756099462509155273e-01 1.429623007774353027e+00
8.841681480407714844e-02 -6.789557337760925293e-01 1.428086638450622559e+00
9.587386250495910645e-02 -6.835486888885498047e-01 1.428173422813415527e+00
1.043494045734405518e-01 -6.946343183517456055e-01 1.448645114898681641e+00
1.056397855281829834e-01 -7.003959417343139648e-01 1.465912103652954102e+00
1.080841124057769775e-01 -6.991205811500549316e-01 1.456281304359436035e+00
1.150414496660232544e-01 -7.020248770713806152e-01 1.451565980911254883e+00
1.254420280456542969e-01 -7.139114737510681152e-01 1.470723628997802734e+00
1.362396627664566040e-01 -7.240668535232543945e-01 1.483023166656494141e+00
1.409306526184082031e-01 -7.227963209152221680e-01 1.468628764152526855e+00
1.390901207923889160e-01 -7.177610993385314941e-01 1.455055117607116699e+00
1.542479097843170166e-01 -7.305212020874023438e-01 1.467125177383422852e+00
1.792190372943878174e-01 -7.321362495422363281e-01 1.419602274894714355e+00
1.777681410312652588e-01 -6.375917792320251465e-01 1.324550271034240723e+00
1.847374141216278076e-01 -5.947845578193664551e-01 1.278421998023986816e+00
1.441978812217712402e-01 -4.019603729248046875e-01 1.089710235595703125e+00
1.208544671535491943e-01 -3.299159407615661621e-01 1.027324676513671875e+00
1.016124933958053589e-01 -2.900376915931701660e-01 9.660644531250000000e-01
8.834935724735260010e-02 -2.525669932365417480e-01 9.456040859222412109e-01
8.702483773231506348e-02 -2.176879644393920898e-01 9.013792276382446289e-01
1.781559586524963379e-01 -2.066553086042404175e-01 8.207253217697143555e-01
1.144836544990539551e-01 -1.491910815238952637e-01 8.012430667877197266e-01
8.449134230613708496e-02 -1.472057700157165527e-01 8.484107255935668945e-01
7.846328616142272949e-02 -1.446597427129745483e-01 8.574345111846923828e-01
6.532260775566101074e-02 -5.379532277584075928e-02 8.034673929214477539e-01
6.445842981338500977e-02 1.368227601051330566e-02 7.433454990386962891e-01
8.673888444900512695e-02 9.037901461124420166e-02 6.367571353912353516e-01
