-4.656195938587188721e-01 2.945654280483722687e-02 -8.844946026802062988e-01
-4.914491772651672363e-01 3.693468496203422546e-02 -8.701227307319641113e-01
-4.967700839042663574e-01 9.125404804944992065e-02 -8.630713224411010742e-01
-4.807400107383728027e-01 1.551730334758758545e-01 -8.630239963531494141e-01
-4.526764452457427979e-01 2.182737737894058228e-01 -8.645464181900024414e-01
-4.204465150833129883e-01 2.795639932155609131e-01 -8.631736040115356445e-01
-3.859985172748565674e-01 3.374885618686676025e-01 -8.585491180419921875e-01
-3.508279919624328613e-01 3.910486400127410889e-01 -8.508823513984680176e-01
-3.163621723651885986e-01 4.395966231822967529e-01 -8.406364917755126953e-01
-2.838039398193359375e-01 4.829196929931640625e-01 -8.283984065055847168e-01
-2.540696263313293457e-01 5.211618542671203613e-01 -8.147631287574768066e-01
-2.277825921773910522e-01 5.547142028808593750e-01 -8.002545237541198730e-01
-2.053126543760299683e-01 5.841068029403686523e-01 -7.852808237075805664e-01
-1.868272423744201660e-01 6.099221706390380859e-01 -7.701237201690673828e-01
-1.723529547452926636e-01 6.327328085899353027e-01 -7.549460530281066895e-01
-1.618231683969497681e-01 6.530621647834777832e-01 -7.398128509521484375e-01
-1.551169455051422119e-01 6.713665723800659180e-01 -7.247107625007629395e-01
-1.520835459232330322e-01 6.880259513854980469e-01 -7.095708250999450684e-01
-1.525608599185943604e-01 7.033432126045227051e-01 -6.942864060401916504e-01
-1.563850790262222290e-01 7.175477743148803711e-01 -6.787260174751281738e-01
-1.633927673101425171e-01 7.307994365692138672e-01 -6.627480387687683105e-01
-1.734241843223571777e-01 7.431949973106384277e-01 -6.462084650993347168e-01
-1.863186508417129517e-01 7.547755837440490723e-01 -6.289667487144470215e-01
-2.019150853157043457e-01 7.655289173126220703e-01 -6.108974218368530273e-01
-2.200480699539184570e-01 7.754002213478088379e-01 -5.918896794319152832e-01
-2.405463606119155884e-01 7.842963337898254395e-01 -5.718536972999572754e-01
-2.632327079772949219e-01 7.920938134193420410e-01 -5.507230758666992188e-01
-2.879251241683959961e-01 7.986465692520141602e-01 -5.284532308578491211e-01
-3.144378364086151123e-01 8.037910461425781250e-01 -5.050235986709594727e-01
-3.425863385200500488e-01 8.073525428771972656e-01 -4.804335832595825195e-01
-3.721875250339508057e-01 8.091518282890319824e-01 -4.546974003314971924e-01
-4.030649065971374512e-01 8.090062737464904785e-01 -4.278405308723449707e-01
-4.350486099720001221e-01 8.067330121994018555e-01 -3.998931348323822021e-01
-4.679771363735198975e-01 8.021485209465026855e-01 -3.708842694759368896e-01
-5.016899704933166504e-01 7.950705289840698242e-01 -3.408372700214385986e-01
-5.360280275344848633e-01 7.853139042854309082e-01 -3.097675740718841553e-01
-5.708218812942504883e-01 7.726926803588867188e-01 -2.776841521263122559e-01
-6.058847308158874512e-01 7.570210099220275879e-01 -2.445870339870452881e-01
-6.409988403320312500e-01 7.381191849708557129e-01 -2.104767709970474243e-01
-6.759127378463745117e-01 7.158136963844299316e-01 -1.753644943237304688e-01
-7.103253602981567383e-01 6.899569034576416016e-01 -1.392749398946762085e-01
-7.438876032829284668e-01 6.604341864585876465e-01 -1.022639945149421692e-01
-7.762001752853393555e-01 6.271861195564270020e-01 -6.442809104919433594e-02
-8.068245053291320801e-01 5.902225375175476074e-01 -2.591226994991302490e-02
-8.352940678596496582e-01 5.496476292610168457e-01 1.308413688093423843e-02
-8.611406087875366211e-01 5.056691169738769531e-01 5.230224505066871643e-02
-8.839211463928222656e-01 4.586096704006195068e-01 9.143578261137008667e-02
-9.032504558563232422e-01 4.089044034481048584e-01 1.301381886005401611e-01
-9.188300967216491699e-01 3.570895493030548096e-01 1.680426746606826782e-01
-9.304741621017456055e-01 3.037785887718200684e-01 2.047838568687438965e-01
-9.381226301193237305e-01 2.496326565742492676e-01 2.400195896625518799e-01
-9.418470263481140137e-01 1.953200250864028931e-01 2.734487056732177734e-01
-9.418392777442932129e-01 1.414827406406402588e-01 3.048302233219146729e-01
-9.383932948112487793e-01 8.870457112789154053e-02 3.339902758598327637e-01
-9.318801164627075195e-01 3.748670965433120728e-02 3.608244359493255615e-01
-9.227191209793090820e-01 -1.176758203655481339e-02 3.852933049201965332e-01
-9.113513827323913574e-01 -5.875426530838012695e-02 4.074146151542663574e-01
-8.982161879539489746e-01 -1.032698377966880798e-01 4.272507727146148682e-01
-8.837302923202514648e-01 -1.451973468065261841e-01 4.449027478694915771e-01
-8.682776689529418945e-01 -1.844979673624038696e-01 4.604936838150024414e-01
-8.521989583969116211e-01 -2.211979627609252930e-01 4.741606712341308594e-01
-8.357875943183898926e-01 -2.553733289241790771e-01 4.860488474369049072e-01
-8.192871212959289551e-01 -2.871425151824951172e-01 4.963040649890899658e-01
-8.028928041458129883e-01 -3.166512846946716309e-01 5.050693750381469727e-01
-7.867529988288879395e-01 -3.440696001052856445e-01 5.124800801277160645e-01
-7.709703445434570312e-01 -3.695812523365020752e-01 5.186658501625061035e-01
-7.556064128875732422e-01 -3.933786451816558838e-01 5.237482190132141113e-01
-7.406848073005676270e-01 -4.156595766544342041e-01 5.278381705284118652e-01
-7.261962294578552246e-01 -4.366196095943450928e-01 5.310389399528503418e-01
-7.120999097824096680e-01 -4.564488232135772705e-01 5.334494113922119141e-01
-6.983320116996765137e-01 -4.753273427486419678e-01 5.351600050926208496e-01
-6.848117709159851074e-01 -4.934198856353759766e-01 5.362552404403686523e-01
-6.714453101158142090e-01 -5.108707547187805176e-01 5.368166565895080566e-01
-6.581339240074157715e-01 -5.278007388114929199e-01 5.369228124618530273e-01
-6.447814702987670898e-01 -5.443031787872314453e-01 5.366479158401489258e-01
-6.312994956970214844e-01 -5.604408979415893555e-01 5.360662341117858887e-01
-6.176128983497619629e-01 -5.762450695037841797e-01 5.352532267570495605e-01
-6.036668419837951660e-01 -5.917155146598815918e-01 5.342837572097778320e-01
-5.894290208816528320e-01 -6.068214774131774902e-01 5.332364439964294434e-01
-5.748932361602783203e-01 -6.215051412582397461e-01 5.321927666664123535e-01
-5.600803494453430176e-01 -6.356846094131469727e-01 5.312392711639404297e-01
-5.450373888015747070e-01 -6.492611765861511230e-01 5.304659605026245117e-01
-5.298354029655456543e-01 -6.621227264404296875e-01 5.299698710441589355e-01
-5.145664215087890625e-01 -6.741495728492736816e-01 5.298525691032409668e-01
-4.993402957916259766e-01 -6.852200627326965332e-01 5.302194952964782715e-01
-4.842770695686340332e-01 -6.952156424522399902e-01 5.311788320541381836e-01
-4.695042371749877930e-01 -7.040221095085144043e-01 5.328401327133178711e-01
-4.551500380039215088e-01 -7.115328907966613770e-01 5.353124737739562988e-01
-4.413393139839172363e-01 -7.176496386528015137e-01 5.387009382247924805e-01
-4.281881153583526611e-01 -7.222824096679687500e-01 5.431049466133117676e-01
-4.158020019531250000e-01 -7.253473997116088867e-01 5.486162900924682617e-01
-4.042735099792480469e-01 -7.267653346061706543e-01 5.553152561187744141e-01
-3.936807513236999512e-01 -7.264589667320251465e-01 5.632697343826293945e-01
-3.840883672237396240e-01 -7.243512272834777832e-01 5.725307464599609375e-01
-3.755472004413604736e-01 -7.203614711761474609e-01 5.831326246261596680e-01
-3.680968284606933594e-01 -7.144060730934143066e-01 5.950871706008911133e-01
-3.617659211158752441e-01 -7.063948512077331543e-01 6.083845496177673340e-01
-3.565751314163208008e-01 -6.962346434593200684e-01 6.229859590530395508e-01
-3.525366485118865967e-01 -6.838299632072448730e-01 6.388227343559265137e-01
-3.496558964252471924e-01 -6.690877676010131836e-01 6.557914018630981445e-01
-3.479298949241638184e-01 -6.519250273704528809e-01 6.737496256828308105e-01
-3.473474383354187012e-01 -6.322766542434692383e-01 6.925142407417297363e-01
-3.478853106498718262e-01 -6.101085543632507324e-01 7.118591666221618652e-01
-3.495073616504669189e-01 -5.854299068450927734e-01 7.315164804458618164e-01
-3.521622717380523682e-01 -5.583099722862243652e-01 7.511801719665527344e-01
-3.557806015014648438e-01 -5.288892984390258789e-01 7.705168724060058594e-01
-3.602744340896606445e-01 -4.973931014537811279e-01 7.891783714294433594e-01
-3.655385076999664307e-01 -4.641374051570892334e-01 8.068197369575500488e-01
-3.714513778686523438e-01 -4.295288622379302979e-01 8.231214284896850586e-01
-3.778798580169677734e-01 -3.940552771091461182e-01 8.378109931945800781e-01
-3.846823871135711670e-01 -3.582687079906463623e-01 8.506838083267211914e-01
-3.917160928249359131e-01 -3.227610290050506592e-01 8.616169691085815430e-01
-3.988404273986816406e-01 -2.881352901458740234e-01 8.705770373344421387e-01
-4.059214890003204346e-01 -2.549752891063690186e-01 8.776191473007202148e-01
-4.128344058990478516e-01 -2.238189876079559326e-01 8.828775882720947266e-01
-4.194663763046264648e-01 -1.951378434896469116e-01 8.865489959716796875e-01
-4.257134199142456055e-01 -1.693221628665924072e-01 8.888745903968811035e-01
-4.314828217029571533e-01 -1.466759890317916870e-01 8.901172280311584473e-01
-4.366882443428039551e-01 -1.274175792932510376e-01 8.905436992645263672e-01
-4.412497282028198242e-01 -1.116836071014404297e-01 8.904075026512145996e-01
-4.450905621051788330e-01 -9.954052418470382690e-02 8.899359703063964844e-01
-4.481358528137207031e-01 -9.099291265010833740e-02 8.893225789070129395e-01
-4.503112733364105225e-01 -8.599394559860229492e-02 8.887208700180053711e-01
-4.515438079833984375e-01 -8.445455878973007202e-02 8.882430195808410645e-01
-4.517599642276763916e-01 -8.624923229217529297e-02 8.879606127738952637e-01
-4.508903026580810547e-01 -9.122299402952194214e-02 8.879055976867675781e-01
-4.488655626773834229e-01 -9.919332712888717651e-02 8.880767822265625000e-01
-4.456252157688140869e-01 -1.099530085921287537e-01 8.884416222572326660e-01
-4.411172270774841309e-01 -1.232703551650047302e-01 8.889431357383728027e-01
-4.353010952472686768e-01 -1.388889700174331665e-01 8.895071148872375488e-01
-4.281551539897918701e-01 -1.565289646387100220e-01 8.900460004806518555e-01
-4.196764826774597168e-01 -1.758880019187927246e-01 8.904690742492675781e-01
-4.098877012729644775e-01 -1.966419070959091187e-01 8.906874656677246094e-01
-3.988398313522338867e-01 -2.184478938579559326e-01 8.906219005584716797e-01
-3.866133987903594971e-01 -2.409494072198867798e-01 8.902097940444946289e-01
-3.733214437961578369e-01 -2.637804746627807617e-01 8.894103765487670898e-01
-3.591091334819793701e-01 -2.865713536739349365e-01 8.882102370262145996e-01
-3.441533148288726807e-01 -3.089557290077209473e-01 8.866255879402160645e-01
-3.286595046520233154e-01 -3.305771648883819580e-01 8.847042322158813477e-01
-3.128589093685150146e-01 -3.510953187942504883e-01 8.825255036354064941e-01
-2.970040738582611084e-01 -3.701908886432647705e-01 8.801973462104797363e-01
-2.813637256622314453e-01 -3.875681757926940918e-01 8.778526186943054199e-01
-2.662180066108703613e-01 -4.029605686664581299e-01 8.756431341171264648e-01
-2.518522441387176514e-01 -4.161274731159210205e-01 8.737323880195617676e-01
-2.385537028312683105e-01 -4.268567860126495361e-01 8.722874522209167480e-01
-2.266045510768890381e-01 -4.349637031555175781e-01 8.714683055877685547e-01
-2.162773162126541138e-01 -4.402875900268554688e-01 8.714188933372497559e-01
-2.078311592340469360e-01 -4.426923394203186035e-01 8.722555637359619141e-01
-2.015044838190078735e-01 -4.420671463012695312e-01 8.740552663803100586e-01
-1.975072175264358521e-01 -4.383282661437988281e-01 8.768461346626281738e-01
-1.960116624832153320e-01 -4.314262866973876953e-01 8.805968761444091797e-01
-1.971435993909835815e-01 -4.213533401489257812e-01 8.852094411849975586e-01
-2.009662240743637085e-01 -4.081562757492065430e-01 8.905172944068908691e-01
-2.074691206216812134e-01 -3.919521868228912354e-01 8.962867856025695801e-01
-2.165551483631134033e-01 -3.729425966739654541e-01 9.022293090820312500e-01
-2.280340045690536499e-01 -3.514286577701568604e-01 9.080188870429992676e-01
-2.416200637817382812e-01 -3.278158605098724365e-01 9.133216142654418945e-01
-2.569407820701599121e-01 -3.026121556758880615e-01 9.178274869918823242e-01
-2.735544741153717041e-01 -2.764105498790740967e-01 9.212844967842102051e-01
-2.909771502017974854e-01 -2.498623728752136230e-01 9.235264062881469727e-01
-3.087146282196044922e-01 -2.236393690109252930e-01 9.244894385337829590e-01
-3.262931406497955322e-01 -1.983928978443145752e-01 9.242147803306579590e-01
-3.432882726192474365e-01 -1.747161895036697388e-01 9.228366017341613770e-01
-3.593412339687347412e-01 -1.531181186437606812e-01 9.205589294433593750e-01
-3.741701543331146240e-01 -1.340063065290451050e-01 9.176268577575683594e-01
-3.875675499439239502e-01 -1.176863014698028564e-01 9.142982959747314453e-01
-3.993936777114868164e-01 -1.043674126267433167e-01 9.108194708824157715e-01
-4.095661342144012451e-01 -9.417814016342163086e-02 9.074062705039978027e-01
-4.180461466312408447e-01 -8.718331903219223022e-02 9.042325019836425781e-01
-4.248268306255340576e-01 -8.340445905923843384e-02 9.014244079589843750e-01
-4.299210906028747559e-01 -8.282995223999023438e-02 8.990589976310729980e-01
-4.333548545837402344e-01 -8.543470501899719238e-02 8.971647024154663086e-01
-4.351578056812286377e-01 -9.118394553661346436e-02 8.957248926162719727e-01
-4.353626072406768799e-01 -1.000403016805648804e-01 8.946794867515563965e-01
-4.339981377124786377e-01 -1.119651943445205688e-01 8.939291834831237793e-01
-4.310935139656066895e-01 -1.269167661666870117e-01 8.933367133140563965e-01
-4.266770184040069580e-01 -1.448457837104797363e-01 8.927297592163085938e-01
-4.207781553268432617e-01 -1.656869947910308838e-01 8.919044137001037598e-01
-4.134338200092315674e-01 -1.893504559993743896e-01 8.906283378601074219e-01
-4.046926498413085938e-01 -2.157084345817565918e-01 8.886471986770629883e-01
-3.946222960948944092e-01 -2.445853650569915771e-01 8.856925368309020996e-01
-3.833182752132415771e-01 -2.757473289966583252e-01 8.814933300018310547e-01
-3.709093034267425537e-01 -3.088907599449157715e-01 8.757926821708679199e-01
-3.575668036937713623e-01 -3.436406552791595459e-01 8.683646321296691895e-01
-3.435074687004089355e-01 -3.795532584190368652e-01 8.590354919433593750e-01
-3.289931118488311768e-01 -4.161248803138732910e-01 8.477049469947814941e-01
-3.143268227577209473e-01 -4.528104662895202637e-01 8.343628644943237305e-01
-2.998443543910980225e-01 -4.890508055686950684e-01 8.190987110137939453e-01
-2.858969867229461670e-01 -5.242981910705566406e-01 8.021062612533569336e-01
-2.728362083435058594e-01 -5.580490231513977051e-01 7.836719751358032227e-01
-2.609930038452148438e-01 -5.898665785789489746e-01 7.641596794128417969e-01
-2.506617605686187744e-01 -6.193999052047729492e-01 7.439842224121093750e-01
-2.420859485864639282e-01 -6.463915109634399414e-01 7.235829830169677734e-01
-2.354492098093032837e-01 -6.706764101982116699e-01 7.033895254135131836e-01
-2.308717072010040283e-01 -6.921714544296264648e-01 6.838105320930480957e-01
-2.284124344587326050e-01 -7.108642458915710449e-01 6.652065515518188477e-01
-2.280719131231307983e-01 -7.267928719520568848e-01 6.478853225708007812e-01
-2.298031002283096313e-01 -7.400342822074890137e-01 6.320915818214416504e-01
-2.335169166326522827e-01 -7.506836652755737305e-01 6.180160641670227051e-01
-2.390941828489303589e-01 -7.588507533073425293e-01 6.057883501052856445e-01
-2.463899552822113037e-01 -7.646433115005493164e-01 5.954935550689697266e-01
-2.552424967288970947e-01 -7.681690454483032227e-01 5.871691703796386719e-01
-2.654774785041809082e-01 -7.695277929306030273e-01 5.808172821998596191e-01
-2.769114375114440918e-01 -7.688144445419311523e-01 5.764064788818359375e-01
-2.893546223640441895e-01 -7.661203145980834961e-01 5.738758444786071777e-01
-3.026107251644134521e-01 -7.615372538566589355e-01 5.731386542320251465e-01
-3.164769709110260010e-01 -7.551599144935607910e-01 5.740869641304016113e-01
-3.307448625564575195e-01 -7.470972537994384766e-01 5.765879154205322266e-01
-3.451988399028778076e-01 -7.374739646911621094e-01 5.804911255836486816e-01
-3.596159517765045166e-01 -7.264398932456970215e-01 5.856290459632873535e-01
-3.737672567367553711e-01 -7.141761779785156250e-01 5.918195843696594238e-01
-3.874210417270660400e-01 -7.008991837501525879e-01 5.988700985908508301e-01
-4.003437161445617676e-01 -6.868630051612854004e-01 6.065838932991027832e-01
-4.123065769672393799e-01 -6.723634004592895508e-01 6.147606968879699707e-01
-4.230893552303314209e-01 -6.577299237251281738e-01 6.232067346572875977e-01
-4.324880540370941162e-01 -6.433237791061401367e-01 6.317345499992370605e-01
-4.403172433376312256e-01 -6.295257210731506348e-01 6.401703357696533203e-01
-4.464188814163208008e-01 -6.167261600494384766e-01 6.483509540557861328e-01
-4.506630301475524902e-01 -6.053062677383422852e-01 6.561304330825805664e-01
-4.529545903205871582e-01 -5.956254005432128906e-01 6.633720993995666504e-01
-4.532325267791748047e-01 -5.880022644996643066e-01 6.699504256248474121e-01
-4.514732658863067627e-01 -5.827028155326843262e-01 6.757435798645019531e-01
-4.476886987686157227e-01 -5.799244046211242676e-01 6.806339025497436523e-01
-4.419287741184234619e-01 -5.797871947288513184e-01 6.845040321350097656e-01
-4.342800676822662354e-01 -5.823286771774291992e-01 6.872366070747375488e-01
-4.248679578304290771e-01 -5.874984860420227051e-01 6.887181997299194336e-01
-4.138552248477935791e-01 -5.951628088951110840e-01 6.888433098793029785e-01
-4.014429450035095215e-01 -6.051091551780700684e-01 6.875219345092773438e-01
-3.878676295280456543e-01 -6.170578598976135254e-01 6.846885085105895996e-01
-3.733992576599121094e-01 -6.306773424148559570e-01 6.803080439567565918e-01
-3.583318591117858887e-01 -6.456003785133361816e-01 6.743873953819274902e-01
-3.429782986640930176e-01 -6.614456176757812500e-01 6.669749021530151367e-01
-3.276548981666564941e-01 -6.778348684310913086e-01 6.581657528877258301e-01
-3.126721084117889404e-01 -6.944132447242736816e-01 6.480944156646728516e-01
-2.983218729496002197e-01 -7.108587622642517090e-01 6.369331479072570801e-01
-2.848674356937408447e-01 -7.268956899642944336e-01 6.248785257339477539e-01
-2.725331485271453857e-01 -7.422963380813598633e-01 6.121453046798706055e-01
-2.615010738372802734e-01 -7.568844556808471680e-01 5.989516973495483398e-01
-2.519060969352722168e-01 -7.705287933349609375e-01 5.855157971382141113e-01
-2.438377588987350464e-01 -7.831408977508544922e-01 5.720432996749877930e-01
-2.373406738042831421e-01 -7.946677803993225098e-01 5.587239861488342285e-01
-2.324189990758895874e-01 -8.050864338874816895e-01 5.457264184951782227e-01
-2.290390580892562866e-01 -8.143961429595947266e-01 5.331979990005493164e-01
-2.271365076303482056e-01 -8.226143717765808105e-01 5.212625861167907715e-01
-2.266188859939575195e-01 -8.297718763351440430e-01 5.100221037864685059e-01
-2.273705154657363892e-01 -8.359107375144958496e-01 4.995556771755218506e-01
-2.292578071355819702e-01 -8.410791754722595215e-01 4.899251461029052734e-01
-2.321338504552841187e-01 -8.453326225280761719e-01 4.811721444129943848e-01
-2.358407974243164062e-01 -8.487309813499450684e-01 4.733231067657470703e-01
-2.402141839265823364e-01 -8.513394594192504883e-01 4.663885235786437988e-01
-2.450868934392929077e-01 -8.532254099845886230e-01 4.603681862354278564e-01
-2.502917051315307617e-01 -8.544615507125854492e-01 4.552464783191680908e-01
-2.556669116020202637e-01 -8.551217913627624512e-01 4.510001242160797119e-01
-2.610567510128021240e-01 -8.552823662757873535e-01 4.475952386856079102e-01
-2.663153111934661865e-01 -8.550204634666442871e-01 4.449900686740875244e-01
-2.713088989257812500e-01 -8.544123172760009766e-01 4.431377649307250977e-01
-2.759189605712890625e-01 -8.535317778587341309e-01 4.419866502285003662e-01
-2.800423502922058105e-01 -8.524495959281921387e-01 4.414816200733184814e-01
-2.835936546325683594e-01 -8.512296676635742188e-01 4.415683746337890625e-01
-2.865064740180969238e-01 -8.499302864074707031e-01 4.421906769275665283e-01
-2.887316942214965820e-01 -8.485987782478332520e-01 4.432991147041320801e-01
-2.902379631996154785e-01 -8.472731709480285645e-01 4.448483586311340332e-01
-2.910113930702209473e-01 -8.459817767143249512e-01 4.467966258525848389e-01
-2.910545766353607178e-01 -8.447399735450744629e-01 4.491120278835296631e-01
-2.903827726840972900e-01 -8.435524106025695801e-01 4.517711699008941650e-01
-2.890205085277557373e-01 -8.424136638641357422e-01 4.547598063945770264e-01
-2.869992256164550781e-01 -8.413088321685791016e-01 4.580730199813842773e-01
-2.843520343303680420e-01 -8.402154445648193359e-01 4.617162048816680908e-01
-2.811102271080017090e-01 -8.391049504280090332e-01 4.657036066055297852e-01
-2.772991061210632324e-01 -8.379439711570739746e-01 4.700585901737213135e-01
-2.729327082633972168e-01 -8.366982936859130859e-01 4.748091697692871094e-01
-2.680120170116424561e-01 -8.353325128555297852e-01 4.799887239933013916e-01
-2.625226676464080811e-01 -8.338138461112976074e-01 4.856297373771667480e-01
-2.564326524734497070e-01 -8.321111202239990234e-01 4.917654991149902344e-01
-2.496916055679321289e-01 -8.301993608474731445e-01 4.984206557273864746e-01
-2.422382235527038574e-01 -8.280591368675231934e-01 5.056072473526000977e-01
-2.339981198310852051e-01 -8.256766200065612793e-01 5.133255124092102051e-01
-2.248932570219039917e-01 -8.230429291725158691e-01 5.215585827827453613e-01
-2.148522585630416870e-01 -8.201577067375183105e-01 5.302638411521911621e-01
-2.038199156522750854e-01 -8.170229792594909668e-01 5.393801331520080566e-01
-1.917683184146881104e-01 -8.136462569236755371e-01 5.488210320472717285e-01
-1.787078678607940674e-01 -8.100392222404479980e-01 5.584800243377685547e-01
-1.646960526704788208e-01 -8.062181472778320312e-01 5.682318806648254395e-01
-1.498441696166992188e-01 -8.022050857543945312e-01 5.779392719268798828e-01
-1.343190819025039673e-01 -7.980301976203918457e-01 5.874573588371276855e-01
-1.183383613824844360e-01 -7.937328815460205078e-01 5.966440439224243164e-01
-1.021631285548210144e-01 -7.893633246421813965e-01 6.053662300109863281e-01
-8.608257025480270386e-02 -7.849828600883483887e-01 6.135076284408569336e-01
-7.040227949619293213e-02 -7.806636095046997070e-01 6.209734082221984863e-01
-5.542328208684921265e-02 -7.764859795570373535e-01 6.276923418045043945e-01
-4.142821952700614929e-02 -7.725341916084289551e-01 6.336202621459960938e-01
-2.866850793361663818e-02 -7.688933610916137695e-01 6.387339830398559570e-01
-1.735337637364864349e-02 -7.656442523002624512e-01 6.430301070213317871e-01
-7.643193937838077545e-03 -7.628584504127502441e-01 6.465202569961547852e-01
3.487140347715467215e-04 -7.605978846549987793e-01 6.492231488227844238e-01
6.555871106684207916e-03 -7.589093446731567383e-01 6.511633396148681641e-01
1.095379423350095749e-02 -7.578266859054565430e-01 6.523639559745788574e-01
1.355627179145812988e-02 -7.573695778846740723e-01 6.528457999229431152e-01
1.440574135631322861e-02 -7.575439214706420898e-01 6.526253223419189453e-01
1.356886606663465500e-02 -7.583444714546203613e-01 6.517127752304077148e-01
1.112550310790538788e-02 -7.597560286521911621e-01 6.501131653785705566e-01
7.164580281823873520e-03 -7.617564797401428223e-01 6.478239297866821289e-01
1.778145786374807358e-03 -7.643156647682189941e-01 6.448397636413574219e-01
-4.944078624248504639e-03 -7.674002647399902344e-01 6.411492824554443359e-01
-1.292048208415508270e-02 -7.709724903106689453e-01 6.367372870445251465e-01
-2.207684889435768127e-02 -7.749937176704406738e-01 6.315831542015075684e-01
-3.235253319144248962e-02 -7.794226408004760742e-01 6.256626844406127930e-01
-4.369871318340301514e-02 -7.842178940773010254e-01 6.189449429512023926e-01
-5.607978254556655884e-02 -7.893360853195190430e-01 6.113947033882141113e-01
-6.947018951177597046e-02 -7.947339415550231934e-01 6.029692292213439941e-01
-8.385809510946273804e-02 -8.003664016723632812e-01 5.936172008514404297e-01
-9.923711419105529785e-02 -8.061853051185607910e-01 5.832814574241638184e-01
-1.156068369746208191e-01 -8.121402859687805176e-01 5.718943476676940918e-01
-1.329653561115264893e-01 -8.181751966476440430e-01 5.593830943107604980e-01
-1.513066589832305908e-01 -8.242286443710327148e-01 5.456678271293640137e-01
-1.706118583679199219e-01 -8.302317261695861816e-01 5.306664705276489258e-01
-1.908455789089202881e-01 -8.361085057258605957e-01 5.142961144447326660e-01
-2.119478136301040649e-01 -8.417754769325256348e-01 4.964796900749206543e-01
-2.338298410177230835e-01 -8.471423983573913574e-01 4.771511554718017578e-01
-2.563672959804534912e-01 -8.521143794059753418e-01 4.562639296054840088e-01
-2.793995440006256104e-01 -8.565950989723205566e-01 4.337980449199676514e-01
-3.027268648147583008e-01 -8.604928255081176758e-01 4.097665250301361084e-01
-3.261148035526275635e-01 -8.637251853942871094e-01 3.842238485813140869e-01
-3.492976427078247070e-01 -8.662268519401550293e-01 3.572704493999481201e-01
-3.719870746135711670e-01 -8.679566979408264160e-01 3.290543258190155029e-01
-3.938824236392974854e-01 -8.689043521881103516e-01 2.997695803642272949e-01
-4.146859943866729736e-01 -8.690942525863647461e-01 2.696495950222015381e-01
-4.341131448745727539e-01 -8.685873150825500488e-01 2.389598190784454346e-01
-4.519063830375671387e-01 -8.674817681312561035e-01 2.079810947179794312e-01
-4.678428471088409424e-01 -8.659064173698425293e-01 1.770001798868179321e-01
-4.817435145378112793e-01 -8.640152812004089355e-01 1.462902277708053589e-01
-4.934727549552917480e-01 -8.619775176048278809e-01 1.161011233925819397e-01
-5.029405951499938965e-01 -8.599670529365539551e-01 8.664540946483612061e-02
-5.100961327552795410e-01 -8.581534028053283691e-01 5.809259787201881409e-02
-5.149229764938354492e-01 -8.566914796829223633e-01 3.056362643837928772e-02
-5.174318552017211914e-01 -8.557144999504089355e-01 4.131212830543518066e-03
-5.176541805267333984e-01 -8.553277254104614258e-01 -2.117913588881492615e-02
-5.156355500221252441e-01 -8.556053042411804199e-01 -4.538247734308242798e-02
-5.114315748214721680e-01 -8.565866947174072266e-01 -6.853353232145309448e-02
-5.051046013832092285e-01 -8.582774400711059570e-01 -9.071464091539382935e-02
-4.967228174209594727e-01 -8.606483340263366699e-01 -1.120307892560958862e-01
-4.863605797290802002e-01 -8.636374473571777344e-01 -1.326038390398025513e-01
-4.741019904613494873e-01 -8.671515583992004395e-01 -1.525630801916122437e-01
-4.600425064563751221e-01 -8.710705041885375977e-01 -1.720380038022994995e-01
-4.442948698997497559e-01 -8.752497434616088867e-01 -1.911539435386657715e-01
-4.269924461841583252e-01 -8.795272111892700195e-01 -2.100220918655395508e-01
-4.082940816879272461e-01 -8.837277889251708984e-01 -2.287383079528808594e-01
-3.883876502513885498e-01 -8.876716494560241699e-01 -2.473744004964828491e-01
-3.674920797348022461e-01 -8.911820650100708008e-01 -2.659777104854583740e-01
-3.458571732044219971e-01 -8.940943479537963867e-01 -2.845665216445922852e-01
-3.237622380256652832e-01 -8.962635397911071777e-01 -3.031328320503234863e-01
-3.015102446079254150e-01 -8.975739479064941406e-01 -3.216404616832733154e-01
-2.794203460216522217e-01 -8.979437351226806641e-01 -3.400315344333648682e-01
-2.578187882900238037e-01 -8.973300457000732422e-01 -3.582293093204498291e-01
-2.370266020298004150e-01 -8.957301378250122070e-01 -3.761460483074188232e-01
-2.173484414815902710e-01 -8.931798338890075684e-01 -3.936870098114013672e-01
-1.990592777729034424e-01 -8.897474408149719238e-01 -4.107613861560821533e-01
-1.823974400758743286e-01 -8.855275511741638184e-01 -4.272845983505249023e-01
-1.675546765327453613e-01 -8.806310892105102539e-01 -4.431865513324737549e-01
-1.546726971864700317e-01 -8.751760721206665039e-01 -4.584137797355651855e-01
-1.438408493995666504e-01 -8.692768812179565430e-01 -4.729350209236145020e-01
-1.350978761911392212e-01 -8.630371689796447754e-01 -4.867396652698516846e-01
-1.284334212541580200e-01 -8.565405607223510742e-01 -4.998431503772735596e-01
-1.237952113151550293e-01 -8.498476147651672363e-01 -5.122827887535095215e-01
-1.210924834012985229e-01 -8.429914116859436035e-01 -5.241202116012573242e-01
-1.202036812901496887e-01 -8.359764218330383301e-01 -5.354384779930114746e-01
-1.209810823202133179e-01 -8.287776708602905273e-01 -5.463434457778930664e-01
-1.232590228319168091e-01 -8.213430643081665039e-01 -5.569585561752319336e-01
-1.268563568592071533e-01 -8.135933876037597656e-01 -5.674268603324890137e-01
-1.315851509571075439e-01 -8.054252862930297852e-01 -5.779061317443847656e-01
-1.372505724430084229e-01 -7.967113256454467773e-01 -5.885689854621887207e-01
-1.436580121517181396e-01 -7.873033285140991211e-01 -5.995963811874389648e-01
-1.506117135286331177e-01 -7.770310044288635254e-01 -6.111783385276794434e-01
-1.579217314720153809e-01 -7.657040953636169434e-01 -6.235046386718750000e-01
-1.653989553451538086e-01 -7.531112432479858398e-01 -6.367625594139099121e-01
-1.728598475456237793e-01 -7.390212416648864746e-01 -6.511275768280029297e-01
-1.801221817731857300e-01 -7.231823801994323730e-01 -6.667557954788208008e-01
-1.870085150003433228e-01 -7.053253650665283203e-01 -6.837719082832336426e-01
-1.933400481939315796e-01 -6.851646304130554199e-01 -7.022598981857299805e-01
-1.989418268203735352e-01 -6.624082326889038086e-01 -7.222447991371154785e-01
-2.036372423171997070e-01 -6.367645859718322754e-01 -7.436819076538085938e-01
-2.072543799877166748e-01 -6.079609990119934082e-01 -7.664392590522766113e-01
-2.096268236637115479e-01 -5.757623910903930664e-01 -7.902873158454895020e-01
-2.106029093265533447e-01 -5.399982333183288574e-01 -8.148915171623229980e-01
-2.100521922111511230e-01 -5.005903840065002441e-01 -8.398138284683227539e-01
-2.078783512115478516e-01 -4.575838744640350342e-01 -8.645250797271728516e-01
-2.040301114320755005e-01 -4.111684858798980713e-01 -8.884324431419372559e-01
-1.985124200582504272e-01 -3.616931140422821045e-01 -9.109175801277160645e-01
-1.913933306932449341e-01 -3.096620738506317139e-01 -9.313850402832031250e-01
-1.828053742647171021e-01 -2.557153701782226562e-01 -9.493112564086914062e-01
-1.729384362697601318e-01 -2.005867511034011841e-01 -9.642910957336425781e-01
-1.620285809040069580e-01 -1.450581401586532593e-01 -9.760659933090209961e-01
-1.503391414880752563e-01 -8.990243822336196899e-02 -9.845383763313293457e-01
-1.381419003009796143e-01 -3.583802655339241028e-02 -9.897637963294982910e-01
-1.257000416517257690e-01 1.650778576731681824e-02 -9.919309020042419434e-01
-1.132532283663749695e-01 6.661724299192428589e-02 -9.913303256034851074e-01
-1.010100618004798889e-01 1.140874624252319336e-01 -9.883223176002502441e-01
-8.914325386285781860e-02 1.586214452981948853e-01 -9.833070635795593262e-01
-7.779213041067123413e-02 2.000125348567962646e-01 -9.767002463340759277e-01
-6.706611812114715576e-02 2.381263375282287598e-01 -9.689158797264099121e-01
-5.705284699797630310e-02 2.728774249553680420e-01 -9.603556394577026367e-01
-4.782376065850257874e-02 3.042147159576416016e-01 -9.514022469520568848e-01
-3.944411873817443848e-02 3.321037590503692627e-01 -9.424178004264831543e-01
-3.197845444083213806e-02 3.565145134925842285e-01 -9.337424039840698242e-01
-2.550076693296432495e-02 3.774115145206451416e-01 -9.256944060325622559e-01
-2.009684406220912933e-02 3.947445154190063477e-01 -9.185710549354553223e-01
-1.587432622909545898e-02 4.084434509277343750e-01 -9.126455783843994141e-01
-1.296453922986984253e-02 4.184077084064483643e-01 -9.081668257713317871e-01
-1.152854319661855698e-02 4.245032072067260742e-01 -9.053529500961303711e-01
-1.175755821168422699e-02 4.265552759170532227e-01 -9.043851494789123535e-01
-1.387607026845216751e-02 4.243436157703399658e-01 -9.053949117660522461e-01
-1.813439466059207916e-02 4.176036715507507324e-01 -9.084482789039611816e-01
-2.480570599436759949e-02 4.060288071632385254e-01 -9.135235548019409180e-01
-3.416392207145690918e-02 3.892882764339447021e-01 -9.204821586608886719e-01
-4.646109044551849365e-02 3.670611083507537842e-01 -9.290357828140258789e-01
-6.188394129276275635e-02 3.390931785106658936e-01 -9.387152194976806641e-01
-8.050257712602615356e-02 3.052799701690673828e-01 -9.488537311553955078e-01
-1.022055596113204956e-01 2.657825350761413574e-01 -9.585998654365539551e-01
-1.266439110040664673e-01 2.211425006389617920e-01 -9.669836163520812988e-01
-1.531993746757507324e-01 1.723753511905670166e-01 -9.730451107025146484e-01
-1.810044497251510620e-01 1.209898516535758972e-01 -9.760116934776306152e-01
-2.090274244546890259e-01 6.888661533594131470e-02 -9.754804968833923340e-01
-2.362087070941925049e-01 1.815350539982318878e-02 -9.715327620506286621e-01
-2.616134881973266602e-01 -2.921352721750736237e-02 -9.647305011749267578e-01
-2.845500409603118896e-01 -7.155644893646240234e-02 -9.559869170188903809e-01
-3.046249449253082275e-01 -1.077094748616218567e-01 -9.463626742362976074e-01
-3.217321038246154785e-01 -1.370335668325424194e-01 -9.368619322776794434e-01
-3.360009193420410156e-01 -1.593559980392456055e-01 -9.282829165458679199e-01
-3.477249145507812500e-01 -1.748568415641784668e-01 -9.211474061012268066e-01
-3.573055267333984375e-01 -1.839605122804641724e-01 -9.156917333602905273e-01
-3.652023375034332275e-01 -1.872348785400390625e-01 -9.119048118591308594e-01
-3.719073832035064697e-01 -1.853278726339340210e-01 -9.095815420150756836e-01
-3.779233098030090332e-01 -1.789203286170959473e-01 -9.083839654922485352e-01
-3.837565481662750244e-01 -1.687003076076507568e-01 -9.078937768936157227e-01
-3.899052441120147705e-01 -1.553449183702468872e-01 -9.076573848724365234e-01
-3.968536257743835449e-01 -1.395059674978256226e-01 -9.072183966636657715e-01
-4.050607681274414062e-01 -1.218007504940032959e-01 -9.061403870582580566e-01
-4.149545729160308838e-01 -1.028048247098922729e-01 -9.040154218673706055e-01
-4.269163608551025391e-01 -8.303597569465637207e-02 -9.004706740379333496e-01
-4.412707686424255371e-01 -6.295869499444961548e-02 -8.951627612113952637e-01
-4.582716524600982666e-01 -4.296874254941940308e-02 -8.877729177474975586e-01
-4.780926406383514404e-01 -2.340170368552207947e-02 -8.779975771903991699e-01
-5.008102655410766602e-01 -4.523957613855600357e-03 -8.655452132225036621e-01
-5.263939499855041504e-01 1.345931459218263626e-02 -8.501342535018920898e-01
-5.546765327453613281e-01 3.074402920901775360e-02 -8.314979076385498047e-01
-5.823178887367248535e-01 4.597386717796325684e-02 -8.116602301597595215e-01
-6.057432293891906738e-01 5.706723034381866455e-02 -7.936111092567443848e-01
