-5.334878744535971329e-01 1.961828776520149198e-01 7.335252045964110179e-01
-5.275636661964732133e-01 1.876147961681565446e-01 7.132736131705237348e-01
-5.268555686581244402e-01 1.825760048453274609e-01 6.899170545579491609e-01
-5.312709094507839236e-01 1.810169728931533273e-01 6.640906843183684849e-01
-5.405927102507125381e-01 1.828120883402301333e-01 6.364762745426291168e-01
-5.544797417253065630e-01 1.877605170146865454e-01 6.077872088675471129e-01
-5.724701958324707185e-01 1.955890233665227296e-01 5.787523175868348746e-01
-5.939888973136140393e-01 2.059567101883835183e-01 5.500990396899911872e-01
-6.183578596293014540e-01 2.184615761929811772e-01 5.225364097363969229e-01
-6.448098981684655673e-01 2.326487341940820519e-01 4.967383554570543036e-01
-6.725049426051757928e-01 2.480200834360720419e-01 4.733277632169528570e-01
-7.005486353662396803e-01 2.640451923105807674e-01 4.528617289442956606e-01
-7.280127604270445474e-01 2.801731237290083776e-01 4.358183660189061115e-01
-7.539570138324812598e-01 2.958449222444757276e-01 4.225854904280765822e-01
-7.774516024298073757e-01 3.105064757196355218e-01 4.134514473082422925e-01
-7.976001389906699490e-01 3.236214624177705113e-01 4.085982833536574987e-01
-8.135622903833210628e-01 3.346840955788037975e-01 4.080974102107434720e-01
-8.245756317235033439e-01 3.432313806701061121e-01 4.119078478230895346e-01
-8.299761645372276675e-01 3.488546052773039419e-01 4.198770838112879655e-01
-8.292169721531890136e-01 3.512097894066609771e-01 4.317445339953450700e-01
-8.218845120303244212e-01 3.500268368699178678e-01 4.471475392152741146e-01
-8.077120830573907284e-01 3.451171479225920713e-01 4.656297844957758003e-01
-7.865900559282514859e-01 3.363794798379769468e-01 4.866519782613094591e-01
-7.585725164355285877e-01 3.238038743790838669e-01 5.096045806409519319e-01
-7.238800448314770541e-01 3.074735073678030450e-01 5.338223183317917231e-01
-6.828984381715044183e-01 2.875643562878186787e-01 5.586001674165301800e-01
-6.361732752884858844e-01 2.643426298457849932e-01 5.832104271034261878e-01
-5.844003261884384015e-01 2.381599598859525935e-01 6.069204520895845612e-01
-5.284119215056345409e-01 2.094464194745994656e-01 6.290105667301550962e-01
-4.691595238801319345e-01 1.787014986432967911e-01 6.487916589767643849e-01
-4.076928781034663274e-01 1.464832377056962953e-01 6.656219524281626887e-01
-3.451362529451246774e-01 1.133957833006938587e-01 6.789224819275699874e-01
-2.826624145557984358e-01 8.007569130353586750e-02 6.881908488737477070e-01
-2.214650783933255207e-01 4.717735042320425620e-02 6.930129020996043110e-01
-1.627306641175818025e-01 1.535793601690775903e-02 6.930720732165445153e-01
-1.076102187028203649e-01 -1.473767902982830828e-02 6.881561845647835574e-01
-5.719237280244247185e-02 -4.249163219538178160e-02 6.781616350528689718e-01
-1.247815355705597304e-02 -6.732699537499146902e-02 6.630949476023911826e-01
2.564160205357648645e-02 -8.872054980392121704e-02 6.430717295622475627e-01
5.640559710409751015e-02 -1.062140951334318989e-01 6.183131560369190538e-01
7.919767931176120712e-02 -1.194240310776191610e-01 5.891401374181517436e-01
9.355833236636179606e-02 -1.280490077608577859e-01 5.559653761208124267e-01
9.919183521939065051e-02 -1.318754977470506795e-01 5.192835524901483479e-01
9.596902432256550208e-02 -1.307811962254195326e-01 4.796599072530302044e-01
8.392574551564790930e-02 -1.247362062107884584e-01 4.377175107747260929e-01
6.325722268253568259e-02 -1.138020169323320230e-01 3.941235288406743642e-01
3.430869259731565007e-02 -9.812834078684085082e-02 3.495748085668381466e-01
-2.437241404147192855e-03 -7.794793809418537611e-02 3.047831142151739003e-01
-4.637599856169775242e-02 -5.356962442082559284e-02 2.604603412557943143e-01
-9.679854770563731114e-02 -2.536971474256285997e-02 2.173040283300629871e-01
-1.529104259398073040e-01 6.217794509640175993e-03 1.759834696092144324e-01
-2.138515922792353641e-01 4.071197424037608509e-02 1.371267035680836244e-01
-2.787164792197541208e-01 7.759629768310163933e-02 1.013086203663413204e-01
-3.465736494637562948e-01 1.163302183636639037e-01 6.904039281859471189e-02
-4.164845283703418888e-01 1.563606613526551947e-01 4.076039870784223945e-02
-4.875207613715877297e-01 1.971331215954534033e-01 1.682676623644546038e-02
-5.587798348537080795e-01 2.381020944838153630e-01 -2.488360465324513521e-03
-6.293986925187846637e-01 2.787406016711601042e-01 -1.700277258350802942e-02
-6.985651711374057937e-01 3.185486181250329341e-01 -2.662633313746204031e-02
-7.655271650160063723e-01 3.570602521457358347e-01 -3.136129622314362542e-02
-8.295995030664734537e-01 3.938495759770116456e-01 -3.130083262546159983e-02
-8.901685831810765004e-01 4.285350495147144390e-01 -2.662580964189375718e-02
-9.466948560158578996e-01 4.607825227314109595e-01 -1.759989655587759425e-02
-9.987132882705408443e-01 4.903068430564333502e-01 -4.563091891307330047e-03
-1.045831970285237666e+00 5.168721334641189769e-01 1.207620427103307803e-02
-1.087729069114301561e+00 5.402908479751905579e-01 3.185041972093938245e-02
-1.124148365888138823e+00 5.604217524714979470e-01 5.424315667276079916e-02
-1.154893649768362840e+00 5.771670138645271786e-01 7.870044029527370477e-02
-1.179822264638542340e+00 5.904686031313529648e-01 1.046426267845494695e-01
-1.198838118033634270e+00 6.003042256406324606e-01 1.314767060580295244e-01
-1.211884467647103003e+00 6.066829886185916010e-01 1.586087168356851151e-01
-1.218936801107932455e+00 6.096410049946745513e-01 1.854559790077627002e-01
-1.219996117839120098e+00 6.092371182167372057e-01 2.114588397460008817e-01
-1.215082903721769636e+00 6.055489154194342305e-01 2.360916291523603716e-01
-1.204232056972593501e+00 5.986691763097757857e-01 2.588725342648961480e-01
-1.187488976071346292e+00 5.887028797087632270e-01 2.793721307834668988e-01
-1.164906958912749646e+00 5.757648559542422051e-01 2.972203591797388245e-01
-1.136545991058079741e+00 5.599781317764328525e-01 3.121117925454098274e-01
-1.102472926940708309e+00 5.414729695323342584e-01 3.238091134004583149e-01
-1.062762996944357718e+00 5.203865603304348442e-01 3.321447900099401274e-01
-1.017502507918016663e+00 4.968632935026708330e-01 3.370210125135391088e-01
-9.667925452493036920e-01 4.710554946162582857e-01 3.384080093764679220e-01
-9.107534314387277785e-01 4.431245022354253771e-01 3.363409122302440935e-01
-8.495296505736741333e-01 4.132419391735638325e-01 3.309153714275810954e-01
-7.832949124766429572e-01 3.815910239811020066e-01 3.222821454940351105e-01
-7.122570075304290871e-01 3.483677614085047280e-01 3.106408946972096241e-01
-6.366620967004787968e-01 3.137818484695309995e-01 2.962334029128604329e-01
-5.567980949419082393e-01 2.780571394859476797e-01 2.793364364252753362e-01
-4.729968435227884238e-01 2.414315334211273589e-01 2.602544282355937488e-01
-3.856348284113054192e-01 2.041561821019448886e-01 2.393121548603991677e-01
-2.951322834438588338e-01 1.664939660672393740e-01 2.168475498958830627e-01
-2.019506112587792501e-01 1.287172387955517749e-01 1.932047754404642992e-01
-1.065881540800864141e-01 9.110489191583323598e-02 1.687276511731822803e-01
-9.574440620082525291e-03 5.393883784371333867e-02 1.437535237434486579e-01
8.853688672198077592e-02 1.750003946618269510e-02 1.186076460921266784e-01
1.871762058124548378e-01 -1.793576148853772909e-02 9.359812489843263861e-02
2.857668193608739471e-01 -5.210245505364596852e-02 6.901148171006916965e-02
3.837343238429637426e-01 -8.474795090915807072e-02 4.510885907873135592e-02
4.805161321759636173e-01 -1.156383921060077091e-01 2.212288978634772627e-02
5.755708454720489531e-01 -1.445620588178281318e-01 2.552380705913968482e-04
6.683871852193169483e-01 -1.713328435842992048e-01 -2.032518276102351917e-02
7.584922223295854637e-01 -1.957931981339252336e-01 -3.948331444082706088e-02
8.454586724422721300e-01 -2.178164733439758305e-01 -5.711838216418944902e-02
9.289110667049819137e-01 -2.373085980026754249e-01 -7.316365852532703828e-02
1.008530651925050092e+00 -2.542090670291472509e-01 -8.758558623843619440e-02
1.084058920363393463e+00 -2.684912341159980675e-01 -1.003822969552514294e-01
1.155299715249416437e+00 -2.801619254780283175e-01 -1.115815779450015921e-01
1.222119902770865574e+00 -2.892604081233238755e-01 -1.212383505914069598e-01
1.284448644714781596e+00 -2.958567574637531172e-01 -1.294317320136031679e-01
1.342275347623108184e+00 -3.000496779317779472e-01 -1.362617543423002842e-01
1.395646403578170602e+00 -3.019638392280541428e-01 -1.418458191397478918e-01
1.444660872704672139e+00 -3.017467991987564657e-01 -1.463149697898282198e-01
1.489465284604370554e+00 -2.995655894283822396e-01 -1.498100708128013159e-01
1.530247752472578826e+00 -2.956030405210587353e-01 -1.524779864044141786e-01
1.567231600279887838e+00 -2.900539231220201630e-01 -1.544678493024241872e-01
1.600668702692995105e+00 -2.831209813926034990e-01 -1.559275058236330169e-01
1.630832730560099808e+00 -2.750109387473800848e-01 -1.570002145560113471e-01
1.658012481660667836e+00 -2.659305586724460269e-01 -1.578216654215766068e-01
1.682505457331901155e+00 -2.560828433416452166e-01 -1.585173733294933940e-01
1.704611821396024851e+00 -2.456634491527516784e-01 -1.592004874416220461e-01
1.724628849537796826e+00 -2.348573931123293934e-01 -1.599700446237894425e-01
1.742845947181070221e+00 -2.238361180566304787e-01 -1.609096848583095596e-01
1.759540286185895752e+00 -2.127549761654344562e-01 -1.620868361450721051e-01
1.774973089524540582e+00 -2.017511768580814990e-01 -1.635523647862691388e-01
1.789386579314099945e+00 -1.909422273037038043e-01 -1.653406748281353589e-01
1.803001593476515563e+00 -1.804248743295852886e-01 -1.674702315247026119e-01
1.816015864783074640e+00 -1.702745383608097463e-01 -1.699444790744052414e-01
1.828602941313362429e+00 -1.605452144898281697e-01 -1.727531184977324774e-01
1.840911711996527922e+00 -1.512698035344308412e-01 -1.758737033913607417e-01
1.853066488664263378e+00 -1.424608279800371191e-01 -1.792735006865950609e-01
1.865167588225972395e+00 -1.341114842264813090e-01 -1.829115547195442337e-01
1.877292353357275179e+00 -1.261969818163998780e-01 -1.867408880620474443e-01
1.889496544918428000e+00 -1.186761200360842150e-01 -1.907107708953255099e-01
1.901816033714800458e+00 -1.114930523538643914e-01 -1.947689905499652152e-01
1.914268715501117324e+00 -1.045791914957187041e-01 -1.988640529348895403e-01
1.926856574680824608e+00 -9.785521336071921483e-02 -2.029472480447265248e-01
1.939567830401391912e+00 -9.123312483784788707e-02 -2.069745143208126248e-01
1.952379111460635919e+00 -8.461836680474170425e-02 -2.109080430390683492e-01
1.965257619185491134e+00 -7.791192831093017579e-02 -2.147175739771320091e-01
1.978163246609203396e+00 -7.101245112891016453e-02 -2.183813458048540768e-01
1.991050626692284942e+00 -6.381830531023655051e-02 -2.218866770458304272e-01
2.003871083692081445e+00 -5.622961583079520709e-02 -2.252301646948468572e-01
2.016574463737933698e+00 -4.815021839513557167e-02 -2.284174981740600130e-01
2.029110825211869695e+00 -3.948952087042254672e-02 -2.314628984991664029e-01
2.041431974091381996e+00 -3.016424749873944378e-02 -2.343882070346853252e-01
2.053492829970162248e+00 -2.010004574157392421e-02 -2.372216628348159106e-01
2.065252604911900214e+00 -9.232938515771916058e-03 -2.399964201344284564e-01
2.076675772947001786e+00 2.489393015257062875e-03 -2.427488680232952889e-01
2.087732805779704215e+00 1.510650854027497172e-02 -2.455168229619161535e-01
2.098400651907553982e+00 2.864430047445227015e-02 -2.483376709435442253e-01
2.108662943576347093e+00 4.311429075705098396e-02 -2.512465394473125113e-01
2.118509929211406462e+00 5.851314913401255147e-02 -2.542745797685771469e-01
2.127938145471005793e+00 7.482245454809326179e-02 -2.574474362970189389e-01
2.136949857922922025e+00 9.200872292120833296e-02 -2.607839685123162221e-01
2.145552309043546657e+00 1.100237194430740278e-01 -2.642952740883405260e-01
2.153756817280658264e+00 1.288050610469157475e-01 -2.679840413997776061e-01
2.161577773678597048e+00 1.482770986233361565e-01 -2.718442415454636607e-01
2.169031583844875044e+00 1.683520540770819807e-01 -2.758611560555812026e-01
2.176135602539518210e+00 1.889313781822168636e-01 -2.800117259887568433e-01
2.182907106146870557e+00 2.099072914751838048e-01 -2.842651982646877129e-01
2.189362344710860331e+00 2.311644695098384050e-01 -2.885840333480881315e-01
2.195515709218577971e+00 2.525818324852454055e-01 -2.929250256803687669e-01
2.201379041137240478e+00 2.740343963850013220e-01 -2.972405784541830021e-01
2.206961100869290426e+00 2.953951400045431441e-01 -3.014800708564650544e-01
2.212267201214489276e+00 3.165368423357579619e-01 -3.055912589574586447e-01
2.217299002108264361e+00 3.373338496299794764e-01 -3.095216583013595257e-01
2.222054454674014412e+00 3.576637412952620720e-01 -3.132198643464141341e-01
2.226527877327386218e+00 3.774088763411949654e-01 -3.166367760233170792e-01
2.230710145569190228e+00 3.964578128899307607e-01 -3.197266982914271916e-01
2.234588979885529625e+00 4.147065987913197138e-01 -3.224483098951118620e-01
2.238149320802332642e+00 4.320599318605238270e-01 -3.247654899293259678e-01
2.241373784273130720e+00 4.484321859254040699e-01 -3.266480009827018027e-01
2.244243192401317533e+00 4.637482945191578332e-01 -3.280720288753222746e-01
2.246737172747596212e+00 4.779444779584773872e-01 -3.290205798078985056e-01
2.248834814506765145e+00 4.909687947816169795e-01 -3.294837350433909018e-01
2.250515364514260153e+00 5.027814998555204529e-01 -3.294587622320517273e-01
2.251758943379886357e+00 5.133552004116296308e-01 -3.289500825234686343e-01
2.252547262272050155e+00 5.226748144988211386e-01 -3.279690932879334442e-01
2.252864322137184683e+00 5.307373490354362344e-01 -3.265338466625073433e-01
2.252697077701412809e+00 5.375515233982682828e-01 -3.246685850297144627e-01
2.252036047688490417e+00 5.431372675394688931e-01 -3.224031376715644215e-01
2.250875850987815507e+00 5.475251210524224588e-01 -3.197721885021598265e-01
2.249215647832202958e+00 5.507555534724167812e-01 -3.168144313807650381e-01
2.247059466170886921e+00 5.528782185705434227e-01 -3.135716355467135230e-01
2.244416395232196937e+00 5.539511473461173896e-01 -3.100876493175283577e-01
2.241300630209415612e+00 5.540398769857981520e-01 -3.064073760196475704e-01
2.237731355737669237e+00 5.532165083822440099e-01 -3.025757614726811151e-01
2.233732462923860407e+00 5.515586835723184089e-01 -2.986368352032417461e-01
2.229332104118756153e+00 5.491484753611116654e-01 -2.946328458354298130e-01
2.224562098783402053e+00 5.460711838520777572e-01 -2.906035236495637109e-01
2.219457210987382467e+00 5.424140393462016929e-01 -2.865854913018279770e-01
2.214054324395963391e+00 5.382648187695650011e-01 -2.826118307701689925e-01
2.208391545099380959e+00 5.337103937274400023e-01 -2.787118039181398776e-01
2.202507267045054729e+00 5.288352418624139295e-01 -2.749107164518839186e-01
2.196439239380716835e+00 5.237199668850064382e-01 -2.712299103802833233e-01
2.190223679204506890e+00 5.184398824864727695e-01 -2.676868682801030741e-01
2.183894475171082039e+00 5.130637180788214513e-01 -2.642954126475059451e-01
2.177482525039246664e+00 5.076524998638225483e-01 -2.610659837214788781e-01
2.171015243395719718e+00 5.022586522194559810e-01 -2.580059786406328493e-01
2.164516265546028606e+00 4.969253544761046415e-01 -2.551201338361014370e-01
2.158005359962222425e+00 4.916861766848661386e-01 -2.524109312961772544e-01
2.151498544293284354e+00 4.865650043797422608e-01 -2.498790074840196718e-01
2.145008380783921531e+00 4.815762482563202274e-01 -2.475235415140012440e-01
2.138544410324188405e+00 4.767253222665414625e-01 -2.453425984341416621e-01
2.132113673662874742e+00 4.720093627321593210e-01 -2.433334061162185091e-01
2.125721264930053866e+00 4.674181509213224950e-01 -2.414925503089571934e-01
2.119370866892207772e+00 4.629351937781472914e-01 -2.398160798330621346e-01
2.113065227914817434e+00 4.585389145036311009e-01 -2.382995210019524801e-01
2.106806553462255316e+00 4.542039055696345806e-01 -2.369378072689062864e-01
2.100596795971514830e+00 4.499021987178486448e-01 -2.357251372036830717e-01
2.094437834676353027e+00 4.456045092506922267e-01 -2.346547798253692529e-01
2.088331542811332486e+00 4.412814172516015820e-01 -2.337188494981491671e-01
2.082279745677878324e+00 4.369044561440953434e-01 -2.329080736155665632e-01
2.076284079879910038e+00 4.324470863202620197e-01 -2.322115763480581130e-01
2.070345770326007084e+00 4.278855357218386835e-01 -2.316167005644743371e-01
2.064465345661618212e+00 4.231994900111083480e-01 -2.311088874065016785e-01
2.058642313632182308e+00 4.183726142804373160e-01 -2.306716295549750828e-01
2.052874815441366074e+00 4.133928885078477777e-01 -2.302865099133606097e-01
2.047159273990223571e+00 4.082527418430609845e-01 -2.299333314779342663e-01
2.041490048227058818e+00 4.029489778859908222e-01 -2.295903373350668686e-01
2.035859108277607188e+00 3.974824962045441223e-01 -2.292345147402897187e-01
2.030255754635830190e+00 3.918578339713812420e-01 -2.288419763292940667e-01
2.024666415747795600e+00 3.860825711098964108e-01 -2.283884138385767482e-01
2.019074564653039250e+00 3.801666566112658630e-01 -2.278496214751829230e-01
2.013460791640626191e+00 3.741217193636074412e-01 -2.272020838070938353e-01
2.007803056913121331e+00 3.679604244457139184e-01 -2.264236164171360144e-01
2.002077130555546258e+00 3.616959284123606455e-01 -2.254940388097184112e-01
1.996257211625339645e+00 3.553414775120110058e-01 -2.243958510888832691e-01
1.990316705134136166e+00 3.489101811216344662e-01 -2.231148811362212991e-01
1.984229124300005864e+00 3.424149772155957727e-01 -2.216408682433780308e-01
1.977969075511854413e+00 3.358687876715036880e-01 -2.199679512051871122e-01
1.971513275096744788e+00 3.292848415816379548e-01 -2.180950317585503839e-01
1.964841540082638227e+00 3.226771270289801596e-01 -2.160259872707747386e-01
1.957937691236776745e+00 3.160609175760525913e-01 -2.137697112789392617e-01
1.950790309899418373e+00 3.094533115603578244e-01 -2.113399690795153552e-01
1.943393303543934580e+00 3.028737223957331803e-01 -2.087550684040216931e-01
1.935746256020025147e+00 2.963442651915318971e-01 -2.060373597173214832e-01
1.927854560158257735e+00 2.898899956411284395e-01 -2.032125928043310437e-01
1.919729347128565911e+00 2.835389691876224472e-01 -2.003091636403522280e-01
1.911387237522839788e+00 2.773221015118901844e-01 -1.973572889462589797e-01
1.902849945316295699e+00 2.712728245970574825e-01 -1.943881473498594858e-01
1.894143769099793095e+00 2.654265445761329612e-01 -1.914330257772888788e-01
1.885299005777127057e+00 2.598199176476299055e-01 -1.885225061124691237e-01
1.876349320792763287e+00 2.544899690128339387e-01 -1.856857200491725257e-01
1.867331106341537650e+00 2.494730875715843732e-01 -1.829496912401182562e-01
1.858282854679295104e+00 2.448039361686544513e-01 -1.803387756643840822e-01
1.849244566843749604e+00 2.405143236274321084e-01 -1.778742050735419578e-01
1.840257207540122453e+00 2.366320903841120649e-01 -1.755737348791889807e-01
1.831362206349140820e+00 2.331800627565181194e-01 -1.734513965247903300e-01
1.822600997702174652e+00 2.301751298808565882e-01 -1.715173544860262578e-01
1.814014590486957124e+00 2.276274923004387440e-01 -1.697778691425840536e-01
1.805643161551113041e+00 2.255401241865627737e-01 -1.682353683019311708e-01
1.797525670954740251e+00 2.239084828730573962e-01 -1.668886304683039057e-01
1.789699497051103982e+00 2.227204880074329374e-01 -1.657330807060441169e-01
1.782200086715656884e+00 2.219567775493375694e-01 -1.647611959733430165e-01
1.775060612361623269e+00 2.215912320329352925e-01 -1.639630122915592958e-01
1.768311624338424481e+00 2.215917453126348413e-01 -1.633267202646023764e-01
1.761980686817383734e+00 2.219212094931312107e-01 -1.628393271681214671e-01
1.756091989797949005e+00 2.225386724085847978e-01 -1.624873544794277758e-01
1.750665939639215685e+00 2.234006182814803898e-01 -1.622575322287805322e-01
1.745718741879547453e+00 2.244623172843155656e-01 -1.621374476202554205e-01
1.741261998536612232e+00 2.256791869676345597e-01 -1.621161054359847586e-01
1.737302346271844877e+00 2.270081069499175208e-01 -1.621843620533432728e-01
1.733841163588263568e+00 2.284086295130320077e-01 -1.623352028188712326e-01
1.730874375906521045e+00 2.298440350120840026e-01 -1.625638422351293744e-01
1.728392385448309421e+00 2.312821912705168015e-01 -1.628676365037269869e-01
1.726380146295966922e+00 2.326961871235988799e-01 -1.632458081539035211e-01
1.724817394512550894e+00 2.340647202875060506e-01 -1.636989930108519453e-01
1.723679031821292229e+00 2.353722295263799558e-01 -1.642286304068586167e-01
1.722935651359992937e+00 2.366087722338129085e-01 -1.648362269102651989e-01
1.722554185836655982e+00 2.377696618624815794e-01 -1.655225302738440873e-01
1.722498651531543024e+00 2.388548937118683824e-01 -1.662866541812172694e-01
1.722730955622768345e+00 2.398683985280339326e-01 -1.671251980614944233e-01
1.723211729164144446e+00 2.408171678326827825e-01 -1.680314106415022601e-01
1.723901144313806366e+00 2.417102933911181861e-01 -1.689944488988100735e-01
1.724759674011575372e+00 2.425579594853954357e-01 -1.699987834694429711e-01
1.725748757774882236e+00 2.433704243413777057e-01 -1.710237975911400587e-01
1.726831349519871939e+00 2.441570274521160377e-01 -1.720436204696852434e-01
1.727972339929609857e+00 2.449252615280212708e-01 -1.730272271184045696e-01
1.729138862206531568e+00 2.456799494941732664e-01 -1.739388237987426478e-01
1.730300501876354646e+00 2.464225671216008218e-01 -1.747385210981498016e-01
1.731429437031588359e+00 2.471507497048015534e-01 -1.753832773569638792e-01
1.732500535883659154e+00 2.478580153379420781e-01 -1.758280763702346483e-01
1.733491435348256005e+00 2.485337263572070521e-01 -1.760272875410597571e-01
1.734382618170177137e+00 2.491632947745736071e-01 -1.759361454637581590e-01
1.735157496530667975e+00 2.497286202995173399e-01 -1.755122795056930918e-01
1.735802498447938103e+00 2.502087353907139211e-01 -1.747172217459795063e-01
1.736307143394984820e+00 2.505806235391405123e-01 -1.735178228530664390e-01
1.736664088963023156e+00 2.508201740943960534e-01 -1.718875099109758720e-01
1.736869131437525304e+00 2.509032364399679249e-01 -1.698073289004526920e-01
1.736921148245578639e+00 2.508067356740077414e-01 -1.672667290491919312e-01
1.736821978284481593e+00 2.505098107015323872e-01 -1.642640657072492183e-01
1.736576245751094483e+00 2.499949343028078363e-01 -1.608068182024901260e-01
1.736191141384493264e+00 2.492489735483799096e-01 -1.569115342371626698e-01
1.735676179186468771e+00 2.482641482795325816e-01 -1.526035211257296409e-01
1.735042945894734956e+00 2.470388465511127729e-01 -1.479163080232923366e-01
1.734304856553418928e+00 2.455782607124053218e-01 -1.428909045994687932e-01
1.733476925728977047e+00 2.438948169375568520e-01 -1.375748824050548602e-01
1.732575562146410952e+00 2.420083829465769221e-01 -1.320213065101099870e-01
1.731618393458002503e+00 2.399462496352815777e-01 -1.262875468233573828e-01
1.730624124668735053e+00 2.377428883801381843e-01 -1.204340007695378356e-01
1.729612426925773105e+00 2.354394858193261664e-01 -1.145227620032371052e-01
1.728603843789062955e+00 2.330832550118821511e-01 -1.086162730413086919e-01
1.727619692501944471e+00 2.307265204082140087e-01 -1.027760013883975976e-01
1.726681931786845592e+00 2.284255763695518804e-01 -9.706117778727456347e-02
1.725812967678770127e+00 2.262393257408509550e-01 -9.152763248401997453e-02
1.725035374213649053e+00 2.242277165795177885e-01 -8.622676254195661694e-02
1.724371513535005729e+00 2.224500103901331516e-01 -8.120466062299330767e-02
1.723843047848388821e+00 2.209629304662286686e-01 -7.650143155058873601e-02
1.723470343472858435e+00 2.198187506598398566e-01 -7.215071500367316315e-02
1.723271776037207825e+00 2.190633922408780632e-01 -6.817942021712868061e-02
1.723262955808728236e+00 2.187346002013471902e-01 -6.460766372520772294e-02
1.723455901639951993e+00 2.188602706671829157e-01 -6.144888769027943148e-02
1.723858198703609457e+00 2.194569977471342859e-01 -5.871012713898829394e-02
1.724472177587575539e+00 2.205289009815470658e-01 -5.639239015090628804e-02
1.725294150444054875e+00 2.220667833568232552e-01 -5.449111464924241699e-02
1.726313734529807631e+00 2.240476545576626233e-01 -5.299666783466694397e-02
1.727513286544971605e+00 2.264346360761039512e-01 -5.189485923961197067e-02
1.728867466499199645e+00 2.291772475467650227e-01 -5.116744590756470978e-02
1.730342950647601796e+00 2.322120608956145804e-01 -5.079261750257643704e-02
1.731898317959616573e+00 2.354637013667793821e-01 -5.074545799168266730e-02
1.733484138589863388e+00 2.388461706234168980e-01 -5.099838645960979439e-02
1.735043292551832428e+00 2.422644656601884716e-01 -5.152158198686197094e-02
1.736511542391435459e+00 2.456164676389961665e-01 -5.228339771372641359e-02
1.737818375620093336e+00 2.487950748826029124e-01 -5.325076872480657281e-02
1.738888120351054889e+00 2.516905505720246072e-01 -5.438961764888110978e-02
1.739641321600013057e+00 2.541930461715952161e-01 -5.566526053159957799e-02
1.739996348970061835e+00 2.561952474892739695e-01 -5.704281308604216422e-02
1.739871192056706928e+00 2.575950750443025683e-01 -5.848759384651327359e-02
1.739185389758367783e+00 2.582983577620222571e-01 -5.996551728031911804e-02
1.737862034130460032e+00 2.582213909675489250e-01 -6.144346840563758710e-02
1.735829786994510071e+00 2.572932865109552880e-01 -6.288965156975553916e-02
1.733024845889522325e+00 2.554580250361241367e-01 -6.427390876595011349e-02
1.729392794217077922e+00 2.526761287085282359e-01 -6.556800601421070018e-02
1.724890270037744866e+00 2.489258873432780572e-01 -6.674588939556536094e-02
1.719486391367157418e+00 2.442040916268366224e-01 -6.778391478399002634e-02
1.713163884117111513e+00 2.385262529405823007e-01 -6.866105640515875186e-02
1.705919871092622886e+00 2.319263166527880948e-01 -6.935909920737576284e-02
1.697766294734640136e+00 2.244558998902735081e-01 -6.986281942417225943e-02
1.688729960597771473e+00 2.161831030765662409e-01 -7.016015625296459501e-02
1.678852201447543324e+00 2.071909568029834114e-01 -7.024237415607478829e-02
1.668188172830571414e+00 1.975755719836319590e-01 -7.010421027192403898e-02
1.656805799970685777e+00 1.874440612886472679e-01 -6.974399663498097313e-02
1.644784402922251365e+00 1.769122940585841075e-01 -6.916374372075151378e-02
1.632213032568893274e+00 1.661025382975329090e-01 -6.836917055782855412e-02
1.619188555527530937e+00 1.551410368334682766e-01 -6.736966722043945255e-02
1.605813532684847278e+00 1.441555633660701052e-01 -6.617817764938305203e-02
1.592193944352425339e+00 1.332730060276218487e-01 -6.481099384400315633e-02
1.578436823813702761e+00 1.226170268578873207e-01 -6.328745630799385846e-02
1.564647868525064212e+00 1.123058428230860883e-01 -6.162956059682050264e-02
1.550929102855446828e+00 1.024501680478231980e-01 -5.986147552597904931e-02
1.537376667612168735e+00 9.315134949623397886e-02 -5.800898331977509537e-02
1.524078810803645601e+00 8.449972189950559487e-02 -5.609885460056057704e-02
1.511114151928857341e+00 7.657320359952074496e-02 -5.415817272152424755e-02
1.498550286865965253e+00 6.943615105297513967e-02 -5.221362401237351208e-02
1.486442789413055854e+00 6.313848273970419644e-02 -5.029077275992708401e-02
1.474834648353369859e+00 5.771507338754428007e-02 -4.841334110949776365e-02
1.463756157984947626e+00 5.318541040340985654e-02 -4.660251441126439520e-02
1.453225258314707391e+00 4.955349881538347045e-02 -4.487629197507209122e-02
1.443248300740700651e+00 4.680799887583213942e-02 -4.324890088875964905e-02
1.433821197260908065e+00 4.492258128008080886e-02 -4.173028587591609551e-02
1.424930896561864557e+00 4.385648850156525363e-02 -4.032568274792378699e-02
1.416557119537882103e+00 4.355529552752358813e-02 -3.903528014043331634e-02
1.408674280845620519e+00 4.395186640100861436e-02 -3.785397594223929851e-02
1.401253520967032928e+00 4.496750182882240654e-02 -3.677123972894046772e-02
1.394264771654875279e+00 4.651326686714041952e-02 -3.577109662222814623e-02
1.387678774682357563e+00 4.849147805911135228e-02 -3.483224793382536794e-02
1.381468971247062250e+00 5.079732009539847382e-02 -3.392833944156469633e-02
1.375613180004566782e+00 5.332055649769307237e-02 -3.302838130948080458e-02
1.370094985794304554e+00 5.594729795973973213e-02 -3.209731656775600267e-02
1.364904766196888275e+00 5.856179475345356378e-02 -3.109672852898349646e-02
1.360040287149946625e+00 6.104822442494164947e-02 -2.998567149537846241e-02
1.355506803136405480e+00 6.329245074698938711e-02 -2.872160360085024636e-02
1.351316605379264679e+00 6.518373186785932083e-02 -2.726139664706933932e-02
1.347487975848794983e+00 6.661635445558643231e-02 -2.556239709806739854e-02
1.344043526339314676e+00 6.749117063909415570e-02 -2.358351564087647623e-02
1.341007928928010573e+00 6.771702050851838295e-02 -2.128632842793544422e-02
1.338405073564801206e+00 6.721203453264103234e-02 -1.863617855385264060e-02
1.336254716454780445e+00 6.590482283486902293e-02 -1.560326911874749048e-02
1.334568707537628018e+00 6.373556798122258227e-02 -1.216373932629317110e-02
1.333346908217879712e+00 6.065704399016755982e-02 -8.300715133985361177e-03
1.332572932138915922e+00 5.663558709606063973e-02 -4.005328613383141861e-03
1.332209858887292375e+00 5.165204274008197011e-02 7.222952252414571814e-04
1.332196079805827438e+00 4.570270750642755481e-02 5.872082168398199721e-03
1.332441437197542378e+00 3.880027561861517510e-02 1.142308245093146685e-02
1.332823814732720713e+00 3.097478975830959824e-02 1.734258062134836839e-02
1.333186327645217384e+00 2.227458625616189972e-02 2.358525895405949938e-02
1.333335246603888358e+00 1.276721439569178038e-02 3.009244353478748163e-02
1.333038771339916329e+00 2.540298697057467598e-03 3.679147169696772579e-02
1.332026751484747029e+00 -8.297697305098749795e-03 4.359522588779556063e-02
1.329991433016767699e+00 -1.961685672500126237e-02 5.040188288925608745e-02
1.326589288396608612e+00 -3.126540438415981865e-02 5.709492949413859375e-02
1.321443966013553517e+00 -4.306957912046899262e-02 6.354349673321772751e-02
1.314150369333684010e+00 -5.483385562655056222e-02 6.960306341232921912e-02
1.304279847737619846e+00 -6.634158722348168502e-02 7.511657349486214330e-02
1.291386449984497586e+00 -7.735613487864731463e-02 7.991599997413183221e-02
1.275014159663231839e+00 -8.762253709379630440e-02 8.382437264192059423e-02
1.254705002501544708e+00 -9.686976034509374445e-02 8.665827149074874225e-02
1.230007888858411169e+00 -1.048135516292093838e-01 8.823077288706784871e-02
1.200488030267017558e+00 -1.111598952962922493e-01 8.835482207445011227e-02
1.165736746666992563e+00 -1.156090566755774152e-01 8.684699135057817598e-02
1.125381463085084466e+00 -1.178601743449290279e-01 8.353156619865050037e-02
1.079095682297600112e+00 -1.176163407960703344e-01 7.824488133571172455e-02
1.026608711778911553e+00 -1.145900890121638316e-01 7.083980690164479177e-02
9.677149160987017495e-01 -1.085091822763847302e-01 6.119026470350564378e-02
9.022822583933024498e-01 -9.912258713897718898e-02 4.919563915340222082e-02
8.302598870858800550e-01 -8.620649372884840733e-02 3.478494051908509466e-02
7.516845184955980308e-01 -6.957023255259481287e-02 1.792057920440583152e-02
6.666853655827112979e-01 -4.906192351111021005e-02 -1.398384806717622737e-03
5.754873725030454912e-01 -2.457368280173903227e-02 -2.313364702478460169e-02
4.784125382594938136e-01 3.953792450455019016e-03 -4.720584088564894892e-02
3.758791520650399121e-01 3.652744306706461053e-02 -7.349361007915478083e-02
2.683988167723492246e-01 7.309904601238291499e-02 -1.018336661927231324e-01
1.565712030392875653e-01 1.135635522886539600e-01 -1.320219011751359861e-01
4.107655449579947216e-02 1.577586958672467232e-01 -1.638155898763424823e-01
-7.733394829590901909e-02 2.054659613774155458e-01 -1.969366775787702306e-01
-1.978497624481471151e-01 2.564129425083365721e-01 -2.310761035816436826e-01
-3.196141977481261609e-01 3.102770602373155495e-01 -2.658990671495727875e-01
-4.417388905860791248e-01 3.666905474579302271e-01 -3.010510999969099322e-01
-5.633190989512885105e-01 4.252465518291981272e-01 -3.361647741058130801e-01
-6.834493578147384785e-01 4.855061653592080417e-01 -3.708668478037019933e-01
-8.012390404943725564e-01 5.470061576211390220e-01 -4.047856368436204555e-01
-9.158273982734262963e-01 6.092671703675673900e-01 -4.375583904110206257e-01
-1.026397691672775725e+00 6.718021261367209673e-01 -4.688384557617855108e-01
-1.132190079717003250e+00 7.341246114223991537e-01 -4.983020309132405457e-01
-1.232512996093346747e+00 7.957570128219457750e-01 -5.256543307766966544e-01
-1.326752808852595722e+00 8.562382091904742198e-01 -5.506350228048211282e-01
-1.414381626212016130e+00 9.151306528849237898e-01 -5.730228171856011077e-01
-1.494963169232331524e+00 9.720267072550570209e-01 -5.926391209570378571e-01
-1.568156681886560655e+00 1.026554141116503116e+00 -6.093506870483628157e-01
-1.633718893012381157e+00 1.078380707977549813e+00 -6.230712118526842147e-01
-1.691504085066741547e+00 1.127217756983777575e+00 -6.337618607947058669e-01
-1.741462363068100760e+00 1.172822839854975152e+00 -6.414307304555478817e-01
-1.783636255258117309e+00 1.215001300696939790e+00 -6.461312862566550574e-01
-1.818155814059215558e+00 1.253606864360734985e+00 -6.479598439025835432e-01
-1.845232417403988689e+00 1.288541268695103437e+00 -6.470521888050803083e-01
-1.865151491956388075e+00 1.319753011568519430e+00 -6.435794495891528078e-01
