4.778353214263916016e+00 -4.429677963256835938e+00 3.613911151885986328e+00
4.655333995819091797e+00 -4.724996566772460938e+00 3.640926122665405273e+00
4.487243652343750000e+00 -4.992459297180175781e+00 3.644992113113403320e+00
4.276202678680419922e+00 -5.229227066040039062e+00 3.625349521636962891e+00
4.024908542633056641e+00 -5.432774543762207031e+00 3.581643581390380859e+00
3.736598014831542969e+00 -5.600901603698730469e+00 3.513912677764892578e+00
3.415014266967773438e+00 -5.731776714324951172e+00 3.422584056854248047e+00
3.064360141754150391e+00 -5.823941230773925781e+00 3.308450698852539062e+00
2.689247131347656250e+00 -5.876368999481201172e+00 3.172636032104492188e+00
2.294639348983764648e+00 -5.888462543487548828e+00 3.016596555709838867e+00
1.885788440704345703e+00 -5.860087394714355469e+00 2.842072486877441406e+00
1.468167543411254883e+00 -5.791599273681640625e+00 2.651061773300170898e+00
1.047393321990966797e+00 -5.683842658996582031e+00 2.445796728134155273e+00
6.291525363922119141e-01 -5.538193702697753906e+00 2.228705167770385742e+00
2.191204130649566650e-01 -5.356524467468261719e+00 2.002379417419433594e+00
-1.771252453327178955e-01 -5.141215324401855469e+00 1.769551634788513184e+00
-5.541819334030151367e-01 -4.895132541656494141e+00 1.533050894737243652e+00
-9.069074392318725586e-01 -4.621606349945068359e+00 1.295783162117004395e+00
-1.230496525764465332e+00 -4.324385166168212891e+00 1.060666799545288086e+00
-1.520558118820190430e+00 -4.007595539093017578e+00 8.306207656860351562e-01
-1.773181676864624023e+00 -3.675685882568359375e+00 6.085138320922851562e-01
-1.984998345375061035e+00 -3.333359479904174805e+00 3.971220254898071289e-01
-2.153238534927368164e+00 -2.985513210296630859e+00 1.990679353475570679e-01
-2.275768995285034180e+00 -2.637156486511230469e+00 1.680503785610198975e-02
-2.351129055023193359e+00 -2.293351173400878906e+00 -1.474543958902359009e-01
-2.378552913665771484e+00 -1.959123134613037109e+00 -2.917701005935668945e-01
-2.357979536056518555e+00 -1.639387845993041992e+00 -4.145207405090332031e-01
-2.290049552917480469e+00 -1.338891029357910156e+00 -5.144312381744384766e-01
-2.176093816757202148e+00 -1.062128305435180664e+00 -5.906153917312622070e-01
-2.018114089965820312e+00 -8.132808208465576172e-01 -6.425870656967163086e-01
-1.818741440773010254e+00 -5.961606502532958984e-01 -6.702851057052612305e-01
-1.581199288368225098e+00 -4.141557514667510986e-01 -6.740616559982299805e-01
-1.309250473976135254e+00 -2.701804935932159424e-01 -6.547088623046875000e-01
-1.007137179374694824e+00 -1.666288673877716064e-01 -6.134155988693237305e-01
-6.795165538787841797e-01 -1.053602993488311768e-01 -5.517579317092895508e-01
-3.313910663127899170e-01 -8.765247464179992676e-02 -4.716740846633911133e-01
3.196921944618225098e-02 -1.141979992389678955e-01 -3.754149675369262695e-01
4.050990641117095947e-01 -1.850753128528594971e-01 -2.655001878738403320e-01
7.824188470840454102e-01 -2.997629940509796143e-01 -1.446720510721206665e-01
1.158315300941467285e+00 -4.571349918842315674e-01 -1.584018766880035400e-02
1.527215242385864258e+00 -6.554644107818603516e-01 1.179810613393783569e-01
1.883665323257446289e+00 -8.924536705017089844e-01 2.537335157394409180e-01
2.222404241561889648e+00 -1.165249586105346680e+00 3.883646726608276367e-01
2.538432836532592773e+00 -1.470481634140014648e+00 5.188838243484497070e-01
2.827080011367797852e+00 -1.804292917251586914e+00 6.424239873886108398e-01
3.084066390991210938e+00 -2.162394285202026367e+00 7.562888860702514648e-01
3.305555343627929688e+00 -2.540102243423461914e+00 8.579901456832885742e-01
3.488206863403320312e+00 -2.932415008544921875e+00 9.452971220016479492e-01
3.629219293594360352e+00 -3.334050416946411133e+00 1.016264557838439941e+00
3.726366043090820312e+00 -3.739534139633178711e+00 1.069246888160705566e+00
3.778025150299072266e+00 -4.143262863159179688e+00 1.102941393852233887e+00
3.783200263977050781e+00 -4.539570808410644531e+00 1.116374850273132324e+00
3.741533517837524414e+00 -4.922819614410400391e+00 1.108928084373474121e+00
3.653312921524047852e+00 -5.287467002868652344e+00 1.080312848091125488e+00
3.519466400146484375e+00 -5.628149986267089844e+00 1.030578970909118652e+00
3.341550350189208984e+00 -5.939767837524414062e+00 9.600948095321655273e-01
3.121730089187622070e+00 -6.217550277709960938e+00 8.695267438888549805e-01
2.862749576568603516e+00 -6.457139015197753906e+00 7.598015069961547852e-01
2.567893505096435547e+00 -6.654661178588867188e+00 6.321076154708862305e-01
2.240941286087036133e+00 -6.806788444519042969e+00 4.878560304641723633e-01
1.886114239692687988e+00 -6.910810470581054688e+00 3.286303281784057617e-01
1.508014798164367676e+00 -6.964669227600097656e+00 1.561854928731918335e-01
1.111559510231018066e+00 -6.967027664184570312e+00 -2.759112417697906494e-02
7.019087076187133789e-01 -6.917273521423339844e+00 -2.207158952951431274e-01
2.843917906284332275e-01 -6.815577507019042969e+00 -4.211286306381225586e-01
-1.355712115764617920e-01 -6.662858009338378906e+00 -6.267141103744506836e-01
-5.525472164154052734e-01 -6.460823059082031250e+00 -8.353294134140014648e-01
-9.611692428588867188e-01 -6.211915493011474609e+00 -1.044815182685852051e+00
-1.356212019920349121e+00 -5.919295310974121094e+00 -1.253035902976989746e+00
-1.732662439346313477e+00 -5.586791038513183594e+00 -1.457864403724670410e+00
-2.085795879364013672e+00 -5.218835830688476562e+00 -1.657218575477600098e+00
-2.411231994628906250e+00 -4.820396423339843750e+00 -1.849058985710144043e+00
-2.704995870590209961e+00 -4.396881103515625000e+00 -2.031409740447998047e+00
-2.963567733764648438e+00 -3.954056978225708008e+00 -2.202358722686767578e+00
-3.183928012847900391e+00 -3.497944116592407227e+00 -2.360075712203979492e+00
-3.363584280014038086e+00 -3.034711599349975586e+00 -2.502825736999511719e+00
-3.500601530075073242e+00 -2.570572614669799805e+00 -2.628948211669921875e+00
-3.593617916107177734e+00 -2.111680030822753906e+00 -2.736917972564697266e+00
-3.641842842102050781e+00 -1.664021730422973633e+00 -2.825309991836547852e+00
-3.645065307617187500e+00 -1.233333706855773926e+00 -2.892827987670898438e+00
-3.603626489639282227e+00 -8.250019550323486328e-01 -2.938338994979858398e+00
-3.518411874771118164e+00 -4.439964592456817627e-01 -2.960844516754150391e+00
-3.390813827514648438e+00 -9.480026364326477051e-02 -2.959540367126464844e+00
-3.222697973251342773e+00 2.186463773250579834e-01 -2.933796167373657227e+00
-3.016365051269531250e+00 4.929756820201873779e-01 -2.883194208145141602e+00
-2.774499654769897461e+00 7.254296541213989258e-01 -2.807528018951416016e+00
-2.500127792358398438e+00 9.138647317886352539e-01 -2.706828117370605469e+00
-2.196557044982910156e+00 1.056767106056213379e+00 -2.581349372863769531e+00
-1.867333292961120605e+00 1.153225064277648926e+00 -2.431602478027343750e+00
-1.516182184219360352e+00 1.202925324440002441e+00 -2.258340358734130859e+00
-1.146962881088256836e+00 1.206124663352966309e+00 -2.062543869018554688e+00
-7.636176347732543945e-01 1.163610100746154785e+00 -1.845443606376647949e+00
-3.701276481151580811e-01 1.076669454574584961e+00 -1.608476281166076660e+00
2.952805161476135254e-02 9.470443725585937500e-01 -1.353297829627990723e+00
4.314099848270416260e-01 7.768933773040771484e-01 -1.081730484962463379e+00
8.316469192504882812e-01 5.687463283538818359e-01 -7.957669496536254883e-01
1.226468920707702637e+00 3.254632651805877686e-01 -4.975293874740600586e-01
1.612225413322448730e+00 5.018493533134460449e-02 -1.892515569925308228e-01
1.985407948493957520e+00 -2.536914646625518799e-01 1.267584413290023804e-01
2.342662334442138672e+00 -5.825698375701904297e-01 4.481374025344848633e-01
2.680805683135986328e+00 -9.326760768890380859e-01 7.724894285202026367e-01
2.996835231781005859e+00 -1.300100088119506836e+00 1.097419857978820801e+00
3.287939310073852539e+00 -1.680844306945800781e+00 1.420560002326965332e+00
3.551507472991943359e+00 -2.070814132690429688e+00 1.739571690559387207e+00
3.785140991210937500e+00 -2.465898752212524414e+00 2.052177429199218750e+00
3.986666202545166016e+00 -2.861963748931884766e+00 2.356183052062988281e+00
4.154143810272216797e+00 -3.254905223846435547e+00 2.649471521377563477e+00
4.285884380340576172e+00 -3.640668153762817383e+00 2.930038452148437500e+00
4.380470275878906250e+00 -4.015283107757568359e+00 3.195991277694702148e+00
4.436763286590576172e+00 -4.374895095825195312e+00 3.445558786392211914e+00
4.453928470611572266e+00 -4.715794563293457031e+00 3.677099227905273438e+00
4.431455135345458984e+00 -5.034461021423339844e+00 3.889106273651123047e+00
4.369171619415283203e+00 -5.327597618103027344e+00 4.080215930938720703e+00
4.267261028289794922e+00 -5.592149734497070312e+00 4.249213695526123047e+00
4.126280784606933594e+00 -5.825367927551269531e+00 4.395026683807373047e+00
3.947169303894042969e+00 -6.024812698364257812e+00 4.516750812530517578e+00
3.731255292892456055e+00 -6.188411712646484375e+00 4.613631725311279297e+00
3.480258941650390625e+00 -6.314482688903808594e+00 4.685072422027587891e+00
3.196280956268310547e+00 -6.401754379272460938e+00 4.730647563934326172e+00
2.881796121597290039e+00 -6.449388504028320312e+00 4.750098705291748047e+00
2.539626359939575195e+00 -6.457011222839355469e+00 4.743333816528320312e+00
2.172912359237670898e+00 -6.424715042114257812e+00 4.710432529449462891e+00
1.785072445869445801e+00 -6.353053569793701172e+00 4.651645660400390625e+00
1.379761219024658203e+00 -6.243063926696777344e+00 4.567390918731689453e+00
9.608093500137329102e-01 -6.096231460571289062e+00 4.458261489868164062e+00
5.321664810180664062e-01 -5.914485454559326172e+00 4.325015068054199219e+00
9.783568978309631348e-02 -5.700162410736083984e+00 4.168577194213867188e+00
-3.381924331188201904e-01 -5.455989837646484375e+00 3.990033864974975586e+00
-7.720092535018920898e-01 -5.185017585754394531e+00 3.790617704391479492e+00
-1.199855446815490723e+00 -4.890580177307128906e+00 3.571720123291015625e+00
-1.618180990219116211e+00 -4.576240539550781250e+00 3.334859132766723633e+00
-2.023707628250122070e+00 -4.245727062225341797e+00 3.081691980361938477e+00
-2.413475513458251953e+00 -3.902860641479492188e+00 2.813952922821044922e+00
-2.784890651702880859e+00 -3.551503419876098633e+00 2.533500909805297852e+00
-3.135752201080322266e+00 -3.195485353469848633e+00 2.242233991622924805e+00
-3.464283466339111328e+00 -2.838530778884887695e+00 1.942089438438415527e+00
-3.769138336181640625e+00 -2.484217405319213867e+00 1.635030031204223633e+00
-4.049408435821533203e+00 -2.135913372039794922e+00 1.322991490364074707e+00
-4.304614543914794922e+00 -1.796725034713745117e+00 1.007859706878662109e+00
-4.534689426422119141e+00 -1.469470858573913574e+00 6.914480924606323242e-01
-4.739957809448242188e+00 -1.156642436981201172e+00 3.754686117172241211e-01
-4.921098232269287109e+00 -8.603825569152832031e-01 6.149421632289886475e-02
-5.079111099243164062e+00 -5.824790000915527344e-01 -2.490459829568862915e-01
-5.215272903442382812e+00 -3.243558108806610107e-01 -5.549087524414062500e-01
-5.331097602844238281e+00 -8.707728981971740723e-02 -8.550300598144531250e-01
-5.428277969360351562e+00 1.286348998546600342e-01 -1.148552775382995605e+00
-5.508646965026855469e+00 3.223914802074432373e-01 -1.434821367263793945e+00
-5.574133396148681641e+00 4.941086471080780029e-01 -1.713390231132507324e+00
-5.626705646514892578e+00 6.439828872680664062e-01 -1.984015107154846191e+00
-5.668341159820556641e+00 7.724658250808715820e-01 -2.246634006500244141e+00
-5.700978755950927734e+00 8.802286386489868164e-01 -2.501375198364257812e+00
-5.726490974426269531e+00 9.681397676467895508e-01 -2.748506307601928711e+00
-5.746644496917724609e+00 1.037228584289550781e+00 -2.988439083099365234e+00
-5.763083934783935547e+00 1.088665723800659180e+00 -3.221689224243164062e+00
-5.777300834655761719e+00 1.123727798461914062e+00 -3.448842763900756836e+00
-5.790621280670166016e+00 1.143781065940856934e+00 -3.670535564422607422e+00
-5.804193019866943359e+00 1.150253534317016602e+00 -3.887432575225830078e+00
-5.818984508514404297e+00 1.144613981246948242e+00 -4.100178241729736328e+00
-5.835772037506103516e+00 1.128350496292114258e+00 -4.309386730194091797e+00
-5.855148792266845703e+00 1.102954864501953125e+00 -4.515616893768310547e+00
-5.877533435821533203e+00 1.069897055625915527e+00 -4.719350337982177734e+00
-5.903177738189697266e+00 1.030616044998168945e+00 -4.920988559722900391e+00
-5.932183742523193359e+00 9.864960908889770508e-01 -5.120839595794677734e+00
-5.964515686035156250e+00 9.388573169708251953e-01 -5.319104671478271484e+00
-6.000024318695068359e+00 8.889393806457519531e-01 -5.515882492065429688e+00
-6.038465976715087891e+00 8.378919363021850586e-01 -5.711185932159423828e+00
-6.079514980316162109e+00 7.867670059204101562e-01 -5.904929161071777344e+00
-6.122793674468994141e+00 7.365100383758544922e-01 -6.096936225891113281e+00
-6.167881488800048828e+00 6.879621744155883789e-01 -6.286963939666748047e+00
-6.214334487915039062e+00 6.418545246124267578e-01 -6.474687099456787109e+00
-6.261700630187988281e+00 5.988153219223022461e-01 -6.659740447998046875e+00
-6.309524536132812500e+00 5.593653917312622070e-01 -6.841691970825195312e+00
-6.357364177703857422e+00 5.239313840866088867e-01 -7.020072460174560547e+00
-6.404794692993164062e+00 4.928482472896575928e-01 -7.194385051727294922e+00
-6.451411724090576172e+00 4.663625061511993408e-01 -7.364096641540527344e+00
-6.496836662292480469e+00 4.446409642696380615e-01 -7.528663635253906250e+00
-6.540717601776123047e+00 4.277732074260711670e-01 -7.687530040740966797e+00
-6.582726001739501953e+00 4.157755076885223389e-01 -7.840133190155029297e+00
-6.622570514678955078e+00 4.085941612720489502e-01 -7.985923290252685547e+00
-6.659981250762939453e+00 4.061092436313629150e-01 -8.124362945556640625e+00
-6.694722175598144531e+00 4.081301987171173096e-01 -8.254937171936035156e+00
-6.726592540740966797e+00 4.144037067890167236e-01 -8.377185821533203125e+00
-6.755421161651611328e+00 4.246096312999725342e-01 -8.490682601928710938e+00
-6.781075000762939453e+00 4.383671581745147705e-01 -8.595082283020019531e+00
-6.803467750549316406e+00 4.552341401576995850e-01 -8.690107345581054688e+00
-6.822545051574707031e+00 4.747141301631927490e-01 -8.775581359863281250e+00
-6.838312625885009766e+00 4.962631165981292725e-01 -8.851426124572753906e+00
-6.850817203521728516e+00 5.192941427230834961e-01 -8.917677879333496094e+00
-6.860168457031250000e+00 5.431928634643554688e-01 -8.974493980407714844e+00
-6.866528511047363281e+00 5.673213005065917969e-01 -9.022159576416015625e+00
-6.870117187500000000e+00 5.910414457321166992e-01 -9.061076164245605469e+00
-6.871215343475341797e+00 6.137193441390991211e-01 -9.091776847839355469e+00
-6.870159626007080078e+00 6.347498893737792969e-01 -9.114888191223144531e+00
-6.867343902587890625e+00 6.535663604736328125e-01 -9.131155967712402344e+00
-6.863210201263427734e+00 6.696617603302001953e-01 -9.141393661499023438e+00
-6.858239650726318359e+00 6.825997829437255859e-01 -9.146477699279785156e+00
-6.852954387664794922e+00 6.920295953750610352e-01 -9.147324562072753906e+00
-6.847894191741943359e+00 6.976993083953857422e-01 -9.144865036010742188e+00
-6.843616962432861328e+00 6.994676589965820312e-01 -9.140009880065917969e+00
-6.840677738189697266e+00 6.973061561584472656e-01 -9.133632659912109375e+00
-6.839619159698486328e+00 6.913069486618041992e-01 -9.126526832580566406e+00
-6.840961933135986328e+00 6.816858053207397461e-01 -9.119395256042480469e+00
-6.845191478729248047e+00 6.687777042388916016e-01 -9.112820625305175781e+00
-6.852746963500976562e+00 6.530368328094482422e-01 -9.107242584228515625e+00
-6.864007472991943359e+00 6.350313425064086914e-01 -9.102941513061523438e+00
-6.879296302795410156e+00 6.154333353042602539e-01 -9.100024223327636719e+00
-6.898860454559326172e+00 5.950117111206054688e-01 -9.098429679870605469e+00
-6.922873020172119141e+00 5.746231079101562500e-01 -9.097912788391113281e+00
-6.951433181762695312e+00 5.551975965499877930e-01 -9.098044395446777344e+00
-6.984552860260009766e+00 5.377320051193237305e-01 -9.098244667053222656e+00
-7.022167205810546875e+00 5.232703685760498047e-01 -9.097774505615234375e+00
-7.064123630523681641e+00 5.128936767578125000e-01 -9.095761299133300781e+00
-7.110182762145996094e+00 5.077040195465087891e-01 -9.091246604919433594e+00
-7.160027027130126953e+00 5.088031291961669922e-01 -9.083178520202636719e+00
-7.213245868682861328e+00 5.172820091247558594e-01 -9.070488929748535156e+00
-7.269346714019775391e+00 5.341973304748535156e-01 -9.052092552185058594e+00
-7.327752590179443359e+00 5.605516433715820312e-01 -9.026943206787109375e+00
-7.387802600860595703e+00 5.972709655761718750e-01 -8.994076728820800781e+00
-7.448743820190429688e+00 6.451940536499023438e-01 -8.952630996704101562e+00
-7.509756565093994141e+00 7.050430774688720703e-01 -8.901878356933593750e+00
-7.569919109344482422e+00 7.774121761322021484e-01 -8.841269493103027344e+00
-7.628250122070312500e+00 8.627488613128662109e-01 -8.770428657531738281e+00
-7.683676242828369141e+00 9.613382816314697266e-01 -8.689188957214355469e+00
-7.735058307647705078e+00 1.073299169540405273e+00 -8.597585678100585938e+00
-7.781185150146484375e+00 1.198559284210205078e+00 -8.495866775512695312e+00
-7.820773601531982422e+00 1.336864233016967773e+00 -8.384466171264648438e+00
-7.852487087249755859e+00 1.487757444381713867e+00 -8.264009475708007812e+00
-7.874932765960693359e+00 1.650582313537597656e+00 -8.135279655456542969e+00
-7.886663913726806641e+00 1.824470758438110352e+00 -7.999195575714111328e+00
-7.886204242706298828e+00 2.008346080780029297e+00 -7.856788158416748047e+00
-7.872045040130615234e+00 2.200912475585937500e+00 -7.709156036376953125e+00
-7.842662334442138672e+00 2.400650262832641602e+00 -7.557437419891357422e+00
-7.796531200408935547e+00 2.605819940567016602e+00 -7.402775764465332031e+00
-7.732143402099609375e+00 2.814456462860107422e+00 -7.246282577514648438e+00
-7.648024559020996094e+00 3.024372339248657227e+00 -7.088997840881347656e+00
-7.542748928070068359e+00 3.233166456222534180e+00 -6.931863307952880859e+00
-7.414968013763427734e+00 3.438232183456420898e+00 -6.775681018829345703e+00
-7.263432025909423828e+00 3.636777400970458984e+00 -6.621102333068847656e+00
-7.087016582489013672e+00 3.825845956802368164e+00 -6.468571662902832031e+00
-6.884739398956298828e+00 4.002355575561523438e+00 -6.318332195281982422e+00
-6.655792236328125000e+00 4.163125991821289062e+00 -6.170394897460937500e+00
-6.399573802947998047e+00 4.304934024810791016e+00 -6.024540424346923828e+00
-6.115705966949462891e+00 4.424561500549316406e+00 -5.880295753479003906e+00
-5.804064750671386719e+00 4.518849849700927734e+00 -5.736952781677246094e+00
-5.464800834655761719e+00 4.584766387939453125e+00 -5.593573093414306641e+00
-5.098358631134033203e+00 4.619465827941894531e+00 -5.449003696441650391e+00
-4.705502986907958984e+00 4.620352268218994141e+00 -5.301902294158935547e+00
-4.287324428558349609e+00 4.585150241851806641e+00 -5.150778293609619141e+00
-3.845253467559814453e+00 4.511957168579101562e+00 -4.994024753570556641e+00
-3.381060123443603516e+00 4.399302005767822266e+00 -4.829960823059082031e+00
-2.896855354309082031e+00 4.246192932128906250e+00 -4.656884193420410156e+00
-2.395075321197509766e+00 4.052158355712890625e+00 -4.473121643066406250e+00
-1.878468632698059082e+00 3.817270517349243164e+00 -4.277081966400146484e+00
-1.350069522857666016e+00 3.542169809341430664e+00 -4.067308902740478516e+00
-8.131635189056396484e-01 3.228062391281127930e+00 -3.842521905899047852e+00
-2.712469995021820068e-01 2.876721620559692383e+00 -3.601665735244750977e+00
2.720167934894561768e-01 2.490462064743041992e+00 -3.343952417373657227e+00
8.128556013107299805e-01 2.072110176086425781e+00 -3.068876743316650391e+00
1.347440719604492188e+00 1.624957323074340820e+00 -2.776263236999511719e+00
1.871950387954711914e+00 1.152712106704711914e+00 -2.466259479522705078e+00
2.382629632949829102e+00 6.594340801239013672e-01 -2.139353513717651367e+00
2.875855922698974609e+00 1.494698226451873779e-01 -1.796369910240173340e+00
3.348191499710083008e+00 -3.726301491260528564e-01 -1.438454508781433105e+00
3.796450138092041016e+00 -9.021794795989990234e-01 -1.067065000534057617e+00
4.217736721038818359e+00 -1.434444189071655273e+00 -6.839426755905151367e-01
4.609498500823974609e+00 -1.964720010757446289e+00 -2.910848855972290039e-01
4.969565868377685547e+00 -2.488404273986816406e+00 1.092921346426010132e-01
5.296173095703125000e+00 -3.001088619232177734e+00 5.147823095321655273e-01
5.587979793548583984e+00 -3.498611927032470703e+00 9.228397607803344727e-01
5.844091415405273438e+00 -3.977131843566894531e+00 1.330808997154235840e+00
6.064049243927001953e+00 -4.433186054229736328e+00 1.735981106758117676e+00
6.247828006744384766e+00 -4.863730430603027344e+00 2.135626316070556641e+00
6.395820140838623047e+00 -5.266180038452148438e+00 2.527039051055908203e+00
6.508817672729492188e+00 -5.638440608978271484e+00 2.907587051391601562e+00
6.587975025177001953e+00 -5.978912353515625000e+00 3.274737358093261719e+00
6.634779930114746094e+00 -6.286506175994873047e+00 3.626115083694458008e+00
6.651008605957031250e+00 -6.560621261596679688e+00 3.959517240524291992e+00
6.638687610626220703e+00 -6.801136970520019531e+00 4.272953033447265625e+00
6.600049495697021484e+00 -7.008378028869628906e+00 4.564679622650146484e+00
6.537485599517822266e+00 -7.183081150054931641e+00 4.833210468292236328e+00
6.453498363494873047e+00 -7.326338768005371094e+00 5.077347278594970703e+00
6.350664138793945312e+00 -7.439560890197753906e+00 5.296205997467041016e+00
6.231590747833251953e+00 -7.524417400360107422e+00 5.489198207855224609e+00
6.098874568939208984e+00 -7.582778930664062500e+00 5.656077861785888672e+00
5.955072402954101562e+00 -7.616659641265869141e+00 5.796899318695068359e+00
5.802665233612060547e+00 -7.628173351287841797e+00 5.912055492401123047e+00
5.644039630889892578e+00 -7.619477748870849609e+00 6.002264499664306641e+00
5.481452465057373047e+00 -7.592729091644287109e+00 6.068519115447998047e+00
5.317025184631347656e+00 -7.550032615661621094e+00 6.112115383148193359e+00
5.152719974517822266e+00 -7.493436336517333984e+00 6.134596347808837891e+00
4.990327358245849609e+00 -7.424880981445312500e+00 6.137733459472656250e+00
4.831460952758789062e+00 -7.346189975738525391e+00 6.123485088348388672e+00
4.677544116973876953e+00 -7.259058475494384766e+00 6.093949317932128906e+00
4.529808521270751953e+00 -7.165046215057373047e+00 6.051303863525390625e+00
4.389287471771240234e+00 -7.065598964691162109e+00 5.997785091400146484e+00
4.256812095642089844e+00 -6.962020397186279297e+00 5.935587882995605469e+00
4.133008003234863281e+00 -6.855523109436035156e+00 5.866843700408935547e+00
4.018293380737304688e+00 -6.747228145599365234e+00 5.793543338775634766e+00
3.912882328033447266e+00 -6.638185977935791016e+00 5.717467308044433594e+00
3.816774845123291016e+00 -6.529393672943115234e+00 5.640182971954345703e+00
3.729764461517333984e+00 -6.421813488006591797e+00 5.562950611114501953e+00
3.651438236236572266e+00 -6.316385269165039062e+00 5.486722469329833984e+00
3.581174135208129883e+00 -6.214057922363281250e+00 5.412107944488525391e+00
3.518152713775634766e+00 -6.115752220153808594e+00 5.339362621307373047e+00
3.461361646652221680e+00 -6.022396087646484375e+00 5.268403530120849609e+00
3.409605026245117188e+00 -5.934906005859375000e+00 5.198806285858154297e+00
3.361518859863281250e+00 -5.854170799255371094e+00 5.129847049713134766e+00
3.315585374832153320e+00 -5.781028747558593750e+00 5.060527324676513672e+00
3.270157814025878906e+00 -5.716248512268066406e+00 4.989639282226562500e+00
3.223485946655273438e+00 -5.660494804382324219e+00 4.915816307067871094e+00
3.173744440078735352e+00 -5.614304065704345703e+00 4.837573051452636719e+00
3.119063377380371094e+00 -5.578051090240478516e+00 4.753397464752197266e+00
3.057568073272705078e+00 -5.551908493041992188e+00 4.661801338195800781e+00
2.987418413162231445e+00 -5.535825252532958984e+00 4.561367034912109375e+00
2.906845569610595703e+00 -5.529503345489501953e+00 4.450829029083251953e+00
2.814196586608886719e+00 -5.532375335693359375e+00 4.329093456268310547e+00
2.707974910736083984e+00 -5.543582916259765625e+00 4.195315837860107422e+00
2.586879014968872070e+00 -5.561980247497558594e+00 4.048889160156250000e+00
2.449842691421508789e+00 -5.586143016815185547e+00 3.889490604400634766e+00
2.296063184738159180e+00 -5.614359855651855469e+00 3.717089653015136719e+00
2.125035047531127930e+00 -5.644677639007568359e+00 3.531931877136230469e+00
1.936569094657897949e+00 -5.674921512603759766e+00 3.334530353546142578e+00
1.730804443359375000e+00 -5.702744483947753906e+00 3.125654220581054688e+00
1.508223772048950195e+00 -5.725657463073730469e+00 2.906289815902709961e+00
1.269643187522888184e+00 -5.741125106811523438e+00 2.677590847015380859e+00
1.016204237937927246e+00 -5.746595382690429688e+00 2.440868854522705078e+00
7.493550777435302734e-01 -5.739583492279052734e+00 2.197527885437011719e+00
4.708229601383209229e-01 -5.717757225036621094e+00 1.949029088020324707e+00
1.825746595859527588e-01 -5.678977966308593750e+00 1.696858048439025879e+00
-1.132228672504425049e-01 -5.621383666992187500e+00 1.442479252815246582e+00
-4.142529666423797607e-01 -5.543459892272949219e+00 1.187306523323059082e+00
-7.181016206741333008e-01 -5.444072246551513672e+00 9.326754808425903320e-01
-1.022310853004455566e+00 -5.322513103485107422e+00 6.798189878463745117e-01
-1.324437499046325684e+00 -5.178538322448730469e+00 4.298537969589233398e-01
-1.622107148170471191e+00 -5.012363433837890625e+00 1.837664693593978882e-01
-1.913064837455749512e+00 -4.824680805206298828e+00 -5.759753286838531494e-02
-2.195228099822998047e+00 -4.616630554199218750e+00 -2.935279607772827148e-01
-2.466728210449218750e+00 -4.389778137207031250e+00 -5.234516859054565430e-01
-2.725946426391601562e+00 -4.146067142486572266e+00 -7.469379901885986328e-01
-2.971547126770019531e+00 -3.887762784957885742e+00 -9.636689424514770508e-01
-3.202495813369750977e+00 -3.617394447326660156e+00 -1.173435807228088379e+00
-3.418077468872070312e+00 -3.337680578231811523e+00 -1.376142382621765137e+00
-3.617898702621459961e+00 -3.051448583602905273e+00 -1.571771025657653809e+00
-3.801884174346923828e+00 -2.761563062667846680e+00 -1.760371804237365723e+00
-3.970261573791503906e+00 -2.470843315124511719e+00 -1.942057251930236816e+00
-4.123547077178955078e+00 -2.181988477706909180e+00 -2.116977214813232422e+00
-4.262511730194091797e+00 -1.897512197494506836e+00 -2.285310268402099609e+00
-4.388145923614501953e+00 -1.619673252105712891e+00 -2.447250843048095703e+00
-4.501622200012207031e+00 -1.350427865982055664e+00 -2.602988958358764648e+00
-4.604247570037841797e+00 -1.091387510299682617e+00 -2.752724409103393555e+00
-4.697412014007568359e+00 -8.437819480895996094e-01 -2.896627187728881836e+00
-4.782541751861572266e+00 -6.084563732147216797e-01 -3.034861087799072266e+00
-4.861042499542236328e+00 -3.858470022678375244e-01 -3.167553663253784180e+00
-4.934254169464111328e+00 -1.760034859180450439e-01 -3.294821262359619141e+00
-5.003391265869140625e+00 2.139911055564880371e-02 -3.416737556457519531e+00
-5.069506168365478516e+00 2.070249617099761963e-01 -3.533365488052368164e+00
-5.133442401885986328e+00 3.818380534648895264e-01 -3.644727706909179688e+00
-5.195796012878417969e+00 5.470488071441650391e-01 -3.750835657119750977e+00
-5.256888389587402344e+00 7.040517330169677734e-01 -3.851669788360595703e+00
-5.316738605499267578e+00 8.543663024902343750e-01 -3.947200298309326172e+00
-5.375051021575927734e+00 9.995580911636352539e-01 -4.037380695343017578e+00
-5.431206703186035156e+00 1.141170263290405273e+00 -4.122159004211425781e+00
-5.484272480010986328e+00 1.280649065971374512e+00 -4.201466083526611328e+00
-5.532999515533447266e+00 1.419273734092712402e+00 -4.275245189666748047e+00
-5.575856685638427734e+00 1.558089256286621094e+00 -4.343416213989257812e+00
-5.611050128936767578e+00 1.697848677635192871e+00 -4.405903339385986328e+00
-5.636570930480957031e+00 1.838960886001586914e+00 -4.462620258331298828e+00
-5.650228023529052734e+00 1.981452226638793945e+00 -4.513470172882080078e+00
-5.649715423583984375e+00 2.124934911727905273e+00 -4.558325767517089844e+00
-5.632658958435058594e+00 2.268592357635498047e+00 -4.597045421600341797e+00
-5.596683502197265625e+00 2.411181211471557617e+00 -4.629442691802978516e+00
-5.539475917816162109e+00 2.551031351089477539e+00 -4.655299663543701172e+00
-5.458851814270019531e+00 2.686084747314453125e+00 -4.674339771270751953e+00
-5.352825641632080078e+00 2.813925981521606445e+00 -4.686237335205078125e+00
-5.219664573669433594e+00 2.931834936141967773e+00 -4.690608501434326172e+00
-5.057952404022216797e+00 3.036850452423095703e+00 -4.686995983123779297e+00
-4.866641044616699219e+00 3.125848531723022461e+00 -4.674892425537109375e+00
-4.645098209381103516e+00 3.195612192153930664e+00 -4.653718471527099609e+00
-4.393138408660888672e+00 3.242928743362426758e+00 -4.622831821441650391e+00
-4.111052036285400391e+00 3.264672517776489258e+00 -4.581534862518310547e+00
-3.799619913101196289e+00 3.257902383804321289e+00 -4.529091358184814453e+00
-3.460115432739257812e+00 3.219946622848510742e+00 -4.464715957641601562e+00
-3.094300270080566406e+00 3.148484468460083008e+00 -4.387606620788574219e+00
-2.704396724700927734e+00 3.041632175445556641e+00 -4.296962261199951172e+00
-2.293062210083007812e+00 2.898004293441772461e+00 -4.191983699798583984e+00
-1.863343954086303711e+00 2.716767549514770508e+00 -4.071915149688720703e+00
-1.418623805046081543e+00 2.497689723968505859e+00 -3.936064243316650391e+00
-9.625593423843383789e-01 2.241160392761230469e+00 -3.783821582794189453e+00
-4.990130364894866943e-01 1.948206663131713867e+00 -3.614692926406860352e+00
-3.197512030601501465e-02 1.620490550994873047e+00 -3.428323268890380859e+00
4.345113337039947510e-01 1.260276556015014648e+00 -3.224512815475463867e+00
8.964338302612304688e-01 8.704106807708740234e-01 -3.003250837326049805e+00
1.349888443946838379e+00 4.542562663555145264e-01 -2.764708757400512695e+00
1.791157245635986328e+00 1.564356684684753418e-02 -2.509266614913940430e+00
2.216778039932250977e+00 -4.412124454975128174e-01 -2.237508773803710938e+00
2.623610496520996094e+00 -9.117908477783203125e-01 -1.950212836265563965e+00
3.008886337280273438e+00 -1.391354322433471680e+00 -1.648347258567810059e+00
3.370259761810302734e+00 -1.875039815902709961e+00 -1.333047986030578613e+00
3.705834388732910156e+00 -2.357950925827026367e+00 -1.005607724189758301e+00
4.014186382293701172e+00 -2.835254192352294922e+00 -6.674381494522094727e-01
4.294368267059326172e+00 -3.302275657653808594e+00 -3.200608491897583008e-01
4.545904636383056641e+00 -3.754568815231323242e+00 3.492961823940277100e-02
4.768775463104248047e+00 -4.188013553619384766e+00 3.958741426467895508e-01
4.963383674621582031e+00 -4.598882198333740234e+00 7.610810995101928711e-01
5.130519866943359375e+00 -4.983893394470214844e+00 1.128830075263977051e+00
5.271308898925781250e+00 -5.340281963348388672e+00 1.497381806373596191e+00
5.387157917022705078e+00 -5.665827751159667969e+00 1.865001797676086426e+00
5.479696750640869141e+00 -5.958882808685302734e+00 2.229956626892089844e+00
5.550709724426269531e+00 -6.218399047851562500e+00 2.590508937835693359e+00
5.602077007293701172e+00 -6.443924903869628906e+00 2.944945812225341797e+00
5.635704517364501953e+00 -6.635588169097900391e+00 3.291559696197509766e+00
5.653463363647460938e+00 -6.794078826904296875e+00 3.628668785095214844e+00
5.657133579254150391e+00 -6.920609474182128906e+00 3.954615592956542969e+00
5.648348331451416016e+00 -7.016873836517333984e+00 4.267788410186767578e+00
5.628549098968505859e+00 -7.084965229034423828e+00 4.566620349884033203e+00
5.598944187164306641e+00 -7.127342700958251953e+00 4.849610805511474609e+00
5.560477256774902344e+00 -7.146718025207519531e+00 5.115349292755126953e+00
5.513811588287353516e+00 -7.146015167236328125e+00 5.362516403198242188e+00
5.459313869476318359e+00 -7.128240585327148438e+00 5.589911937713623047e+00
5.397048473358154297e+00 -7.096433639526367188e+00 5.796464443206787109e+00
5.326789379119873047e+00 -7.053576469421386719e+00 5.981254577636718750e+00
5.248033046722412109e+00 -7.002491950988769531e+00 6.143530368804931641e+00
5.160027027130126953e+00 -6.945792675018310547e+00 6.282706737518310547e+00
5.061797618865966797e+00 -6.885800838470458984e+00 6.398384571075439453e+00
4.952193737030029297e+00 -6.824490547180175781e+00 6.490358829498291016e+00
4.829937458038330078e+00 -6.763445854187011719e+00 6.558603763580322266e+00
4.693668842315673828e+00 -6.703823089599609375e+00 6.603284358978271484e+00
4.542012691497802734e+00 -6.646327018737792969e+00 6.624749660491943359e+00
4.373626232147216797e+00 -6.591194152832031250e+00 6.623515605926513672e+00
