1.470546303453644343e+00 -6.565503185347116855e-01 5.172466392838106053e+00
1.487744088981401980e+00 -6.343514805841872217e-01 5.247944155459784987e+00
1.523883961908447215e+00 -5.845227329822074713e-01 5.279659776809482175e+00
1.577886593415750438e+00 -5.068281303741896116e-01 5.268223821652827432e+00
1.648277860098793068e+00 -4.014665595737024750e-01 5.214981435146086142e+00
1.733247592859918917e+00 -2.690061432464350699e-01 5.121950632107401979e+00
1.830716826220548432e+00 -1.103212408795970489e-01 4.991750022436097112e+00
1.938409749521776693e+00 7.346276011654898075e-02 4.827517908024740123e+00
2.053925858070163368e+00 2.810134149450627672e-01 4.632825159244721824e+00
2.174807534023852185e+00 5.108221017471108460e-01 4.411585281890926247e+00
2.298598955123469789e+00 7.612214303893364287e-01 4.167965775269628637e+00
2.422893801634958599e+00 1.030390332435466627e+00 3.906304607968277054e+00
2.545371193683572564e+00 1.316349431382161539e+00 3.631034320764318313e+00
2.663821069469472391e+00 1.616950374700873994e+00 3.346614509283277084e+00
2.776161407501534395e+00 1.929863572547602324e+00 3.057472074234348192e+00
2.880450118391497227e+00 2.252569207559744768e+00 2.767947982988082867e+00
2.974894193315519075e+00 2.582355973783579728e+00 2.482249055491578371e+00
3.057858193034971972e+00 2.916330712611232556e+00 2.204403077106187325e+00
3.127873788832962632e+00 3.251440887513319833e+00 1.938215342095603644e+00
3.183651837295690790e+00 3.584511274901030387e+00 1.687224835426917480e+00
3.224098059242254344e+00 3.912295578717853495e+00 1.454658858990809156e+00
3.248332616007961082e+00 4.231542121766758591e+00 1.243385858917895215e+00
3.255712923526420166e+00 4.539070870158176341e+00 1.055867198644428573e+00
3.245858234540327292e+00 4.831857843150418219e+00 8.941094746624704825e-01
3.218674066342217088e+00 5.107122718198602307e+00 7.596196384680070635e-01
3.174374540241137410e+00 5.362415760873694204e+00 6.533655269227559570e-01
3.113501035084949464e+00 5.595700627367563129e+00 5.757443516966883612e-01
3.036935941816862439e+00 5.805429762857084341e+00 5.265615560305140219e-01
2.945910442228313553e+00 5.990608959868893635e+00 5.050225527939014025e-01
2.842005090175610427e+00 6.150847411479372084e+00 5.097399771173746208e-01
2.727141775130332402e+00 6.286389670902654991e+00 5.387585400464784957e-01
2.603565670082488737e+00 6.398126469455815091e+00 5.895982083998304590e-01
2.473816170065745723e+00 6.487582226616393832e+00 6.593150070848031730e-01
2.340686609188403544e+00 6.556878064077494628e+00 7.445778541799110695e-01
2.207173511801060695e+00 6.608670049225686682e+00 8.417591987011345811e-01
2.076416954970889961e+00 6.646063248445401861e+00 9.470363046847734001e-01
1.951634007329841269e+00 6.672503091529965680e+00 1.056498829636975056e+00
1.836047176882101617e+00 6.691646721950583299e+00 1.166257318094639617e+00
1.732809674757788798e+00 6.707218612074436592e+00 1.272546871772582966e+00
1.644929355623287792e+00 6.722856705597253679e+00 1.371820907197840000e+00
1.575193349469097948e+00 6.741957087107988578e+00 1.460831461904371631e+00
1.526095410021255372e+00 6.767525653731132351e+00 1.536694370366287643e+00
1.499767820029000109e+00 6.802044162880887868e+00 1.596939160088657994e+00
1.497919494501310567e+00 6.847356360945923370e+00 1.639544397517068930e+00
1.521781878055588288e+00 6.904578843052846082e+00 1.662959454674558968e+00
1.572064317046207416e+00 6.974040865298381853e+00 1.666113505954742280e+00
1.648920664390280511e+00 7.055256744018955750e+00 1.648412304082289115e+00
1.751928862611142446e+00 7.146933383063665879e+00 1.609723137442534258e+00
1.880085120821058275e+00 7.247014220741316848e+00 1.550348501150181857e+00
2.031814014636030841e+00 7.352759766559595178e+00 1.470989537497944033e+00
2.204995365402691032e+00 7.460863592916214593e+00 1.372701005900093252e+00
2.397008062025312913e+00 7.567600670754267789e+00 1.256839937784783867e+00
2.604789995197335450e+00 7.669002342883095125e+00 1.125010074790186776e+00
2.824912011126818445e+00 7.761049686065565112e+00 9.790040232831422884e-01
3.053662602672168269e+00 7.839875291866919227e+00 8.207448993759892675e-01
3.287139440586653638e+00 7.901962967695635776e+00 6.522287216601307946e-01
3.521344010697463833e+00 7.944335288713660681e+00 4.754678631064899186e-01
3.752276249301153221e+00 7.964719679238129402e+00 2.924351746263758045e-01
3.976026619764439829e+00 7.961684403605199911e+00 1.050086587718127157e-01
4.188863254846595829e+00 7.934736866277951606e+00 -8.508226884958458580e-02
4.387311711813327797e+00 7.884378605173381516e+00 -2.763065447654272089e-01
4.568224871414606980e+00 7.812114404875487139e+00 -4.673739018719765825e-01
4.728840822339726024e+00 7.720416377355536319e+00 -6.572662443176673364e-01
4.866827266126418472e+00 7.612646823225285075e+00 -8.452544750404975549e-01
4.980311885783385684e+00 7.492945848313040003e+00 -1.030898376396905070e+00
5.067898963994171169e+00 7.366091027282594794e+00 -1.214028843524998624e+00
5.128673106273845761e+00 7.237336713206668826e+00 -1.394713538370214501e+00
5.162191205325934007e+00 7.112239797277946529e+00 -1.573208408997722074e+00
5.168463879374293413e+00 6.996477105245178407e+00 -1.749898420506988073e+00
5.147927596857938326e+00 6.895657698103280886e+00 -1.925231407571835973e+00
5.101408600092546486e+00 6.815131882801067853e+00 -2.099649288360262656e+00
5.030079685559113223e+00 6.759798775616338240e+00 -2.273520933394212129e+00
4.935411032178667057e+00 6.733916396785413205e+00 -2.447080588031410819e+00
4.819116602809158323e+00 6.740921682850426144e+00 -2.620374765679982954e+00
4.683098099371528100e+00 6.783270541557828714e+00 -2.793219150670253725e+00
4.529388906401929482e+00 6.862308691342436262e+00 -2.965165855359038094e+00
4.360100678350095293e+00 6.978182553088118745e+00 -3.135480833615628349e+00
4.177375003586629276e+00 7.129796806982618307e+00 -3.303131151937687804e+00
3.983341977229251096e+00 7.314822094343320202e+00 -3.466781570095943010e+00
3.780086773512346898e+00 7.529752849488100530e+00 -3.624799443606802729e+00
3.569624558946006054e+00 7.770011398173712891e+00 -3.775266957170200222e+00
3.353883379345132809e+00 8.030090932638094259e+00 -3.916000411409325199e+00
3.134694080570914920e+00 8.303728064040722501e+00 -4.044577090511613626e+00
2.913785914425362389e+00 8.584096021007221466e+00 -4.158370386251754702e+00
2.692786159581554983e+00 8.864011401909580812e+00 -4.254593355711485003e+00
2.473221863493115791e+00 9.136149281969457192e+00 -4.330350403383456559e+00
2.256521815109282514e+00 9.393262609253566708e+00 -4.382696856696518317e+00
2.044017117378398751e+00 9.628402026780829459e+00 -4.408706717814007803e+00
1.836939112831622367e+00 9.835131442205650387e+00 -4.405549142337013002e+00
1.636413802372680859e+00 1.000773287702624437e+01 -4.370573687336769986e+00
1.443452236171311798e+00 1.014139210089915366e+01 -4.301403129230555678e+00
1.258936638917216078e+00 1.023235552131462711e+01 -4.196031095750694995e+00
1.083602339758690469e+00 1.027804940651069643e+01 -4.052920371719402226e+00
9.180160683048093073e-01 1.027715446518340592e+01 -3.871096822337661170e+00
7.625519299440391974e-01 1.022963159112657650e+01 -3.650233347834315634e+00
6.173672483046288573e-01 1.013669803407465153e+01 -3.390717999938810845e+00
4.823811470622741959e-01 1.000075709220053000e+01 -3.093700712188745428e+00
3.572589626998566859e-01 9.825287763094335602e+00 -2.761114585368267704e+00
2.414052969853384134e-01 9.614702661026900188e+00 -2.395670176917405580e+00
1.339678730510939220e-01 9.374182754519187810e+00 -2.000823824212149660e+00
3.385346374138224063e-02 9.109496900310848133e+00 -1.580722825571848178e+00
-6.024388737478968137e-02 8.826813711134754215e+00 -1.140131088153123251e+00
-1.498031118483825475e-01 8.532513409321289544e+00 -6.843388459733501517e-01
-2.364263113401036120e-01 8.233007684981938468e+00 -2.190596021011241845e-01
-3.217809676251831008e-01 7.934575294494893072e+00 2.496831004048533365e-01
-4.075369403188595085e-01 7.643219301153673761e+00 7.156768899956824637e-01
-4.953018144215659002e-01 7.364548644393674515e+00 1.172647801985342353e+00
-5.865586186408892067e-01 7.103683545103863572e+00 1.614391736448178349e+00
-6.826097094306808888e-01 6.865182390711837002e+00 2.034908535592668599e+00
-7.845298027041832656e-01 6.652987177775210981e+00 2.428537224809624639e+00
-8.931301704909204719e-01 6.470384636884092266e+00 2.790090780878744070e+00
-1.008935225612509257e+00 6.319980513877486494e+00 3.114988050447611290e+00
-1.132172102210192266e+00 6.203685026066039221e+00 3.399379179226343695e+00
-1.262773293839263733e+00 6.122707903291427556e+00 3.640259551761479972e+00
-1.400391870513147063e+00 6.077561443366542804e+00 3.835566411510701101e+00
-1.544428205149992905e+00 6.068069956190599079e+00 3.984252386765822607e+00
-1.694066465365335672e+00 6.093384290073574405e+00 4.086330960996043871e+00
-1.848318470949624981e+00 6.152000864358708299e+00 4.142890182569071378e+00
-2.006072093294107184e+00 6.241785366365961707e+00 4.156072439706523625e+00
-2.166141315231344233e+00 6.360001664695244195e+00 4.129019951656865750e+00
-2.327315312061458474e+00 6.503346640741254348e+00 4.065787779870277063e+00
-2.488404296550444261e+00 6.667991861153263145e+00 3.971228385376678105e+00
-2.648280343010635640e+00 6.849633384523710511e+00 3.850853412283473887e+00
-2.805912033978446463e+00 7.043551233360409114e+00 3.710678915711907333e+00
-2.960392512031889911e+00 7.244679807268646243e+00 3.557059792284758437e+00
-3.110961097570199119e+00 7.447689613723884605e+00 3.396518386178719151e+00
-3.257018774819974816e+00 7.647079225410388759e+00 3.235571692903721708e+00
-3.398137582833863579e+00 7.837274673368072264e+00 3.080561335453321448e+00
-3.534063617426998150e+00 8.012732293954398344e+00 2.937490392767741820e+00
-3.664713288110159173e+00 8.168041164500754903e+00 2.811871175790061628e+00
-3.790162746953610107e+00 8.298022621771860230e+00 2.708588141482257239e+00
-3.910630871834030575e+00 8.397825797325578989e+00 2.631780096386435730e+00
-4.026456666075929114e+00 8.463018523624601386e+00 2.584745376839388431e+00
-4.138072255117764442e+00 8.489672385679506661e+00 2.569872752895035362e+00
-4.245972712142555672e+00 8.474439835547942224e+00 2.588599708351516426e+00
-4.350683829239726741e+00 8.414620667229746331e+00 2.641398809585332685e+00
-4.452728876156182736e+00 8.308215032049268700e+00 2.727791974460332280e+00
-4.552595413471895114e+00 8.153960790811831671e+00 2.846391367699126818e+00
-4.650703280494878911e+00 7.951354257849872376e+00 2.994964587936815636e+00
-4.747374932262560243e+00 7.700654757041744070e+00 3.170521163227840944e+00
-4.842809360776468175e+00 7.402874431975767777e+00 3.369417132450803987e+00
-4.937060897548024130e+00 7.059755433955117176e+00 3.587474280911902014e+00
-5.030024264361347086e+00 6.673737053065775804e+00 3.820110120160343126e+00
-5.121427270113747987e+00 6.247915428610785860e+00 4.062474022662355466e+00
-5.210832336288635069e+00 5.785998036674498302e+00 4.309584375617244056e+00
-5.297647323791081497e+00 5.292254318974082494e+00 4.556461542422326261e+00
-5.381145022586255600e+00 4.771462919229125355e+00 4.798252012087831808e+00
-5.460489716946432814e+00 4.228855379496740952e+00 5.030340299739886056e+00
-5.534768957554306645e+00 3.670055943641426399e+00 5.248446485767014558e+00
-5.603028940455688556e+00 3.101017184974022012e+00 5.448708240942207404e+00
-5.664312196080462769e+00 2.527951284388568087e+00 5.627746679741955305e+00
-5.717696322736029124e+00 1.957256637584175563e+00 5.782715598016166858e+00
-5.762332306620426614e+00 1.395438873408802571e+00 5.911333639141532537e+00
-5.797480729599919336e+00 8.490245824198048297e-01 6.011898748463068820e+00
-5.822544074843541750e+00 3.244656920101228192e-01 6.083284342724649463e+00
-5.837093560034192663e+00 -1.719670702123548001e-01 6.124917500816384752e+00
-5.840889399359155298e+00 -6.343017417865220997e-01 6.136741209557798449e+00
-5.833893843473456187e+00 -1.056991806747791696e+00 6.119164565748413942e+00
-5.816276595252896975e+00 -1.435048214542848699e+00 6.073005929290038019e+00
-5.788412380701457138e+00 -1.764171954664158104e+00 5.999433911794537444e+00
-5.750870825164267508e+00 -2.040882263918997630e+00 5.899909981739714482e+00
-5.704399381837339966e+00 -2.262635577742079462e+00 5.776134865938074014e+00
-5.649900623764544605e+00 -2.427929907189068093e+00 5.629999283276087674e+00
-5.588405480710535222e+00 -2.536388473773514285e+00 5.463538305616649993e+00
-5.521043957078313191e+00 -2.588815790104556758e+00 5.278888262437422263e+00
-5.449014620039481116e+00 -2.587219588054370245e+00 5.078245666275832626e+00
-5.373553798434949513e+00 -2.534793423180433880e+00 4.863828525073093267e+00
-5.295905118254083277e+00 -2.435857434096419638e+00 4.637840846164079878e+00
-5.217289911935420577e+00 -2.295758225163380573e+00 4.402440962310762984e+00
-5.138879272291493550e+00 -2.120732415368234314e+00 4.159713964292545363e+00
-5.061768911046943487e+00 -1.917741144807134646e+00 3.911648408939399690e+00
-4.986958140834177655e+00 -1.694284082449455830e+00 3.660117606505347787e+00
-4.915333943778569470e+00 -1.458201287108216393e+00 3.406865941168953693e+00
-4.847660347949720006e+00 -1.217470430930803982e+00 3.153500570953531312e+00
-4.784572644561006172e+00 -9.800061177925363243e-01 2.901488423742525136e+00
-4.726575679911748651e+00 -7.534672732475296009e-01 2.652157928446899682e+00
-4.674045523940307589e+00 -5.450774631651652546e-01 2.406704785294939697e+00
-4.627233971475063434e+00 -3.614615704017122289e-01 2.166201412777859492e+00
-4.586275327710263028e+00 -2.085010768752685317e-01 1.931610192482967614e+00
-4.551194777962458637e+00 -9.120978733154186391e-02 1.703800724278961676e+00
-4.521917559827712374e+00 -1.363227011494632171e-02 1.483570797690164200e+00
-4.498278297235011713e+00 2.123182750214753708e-02 1.271670085598057387e+00
-4.480030152631550244e+00 1.147390531909682834e-02 1.068825160262126817e+00
-4.466853724106154999e+00 -4.370994310233610597e-02 8.757642344238201204e-01
-4.458365745236118727e+00 -1.440383477397459422e-01 6.932396150808393109e-01
-4.454127673250124708e+00 -2.881948000698738577e-01 5.220452497071513820e-01
-4.453654308906507708e+00 -4.739040622814717496e-01 3.630265609490155310e-01
-4.456422726184808170e+00 -6.980295179475413114e-01 2.170804498933856241e-01
-4.461881866883564030e+00 -9.566858703499503402e-01 8.514461324762320760e-02
-4.469463006391311666e+00 -1.245361466648077231e+00 -3.182344962436396696e-02
-4.478590882428358455e+00 -1.559044597050518455e+00 -1.328764538085507874e-01
-4.488694731584599751e+00 -1.892348613770156174e+00 -2.171144124996954583e-01
-4.499218091396850916e+00 -2.239631758193624478e+00 -2.837262902176756474e-01
-4.509626271269488562e+00 -2.595108970412113525e+00 -3.320333268298001350e-01
-4.519410862165856635e+00 -2.952954078102304702e+00 -3.615309207528983881e-01
-4.528091263599480776e+00 -3.307391195087145963e+00 -3.719259874332236926e-01
-4.535213705288663633e+00 -3.652774281616833374e+00 -3.631670140854498796e-01
-4.540348576512953649e+00 -3.983654553870232817e+00 -3.354645905350204793e-01
-4.543087093779870855e+00 -4.294837275772784402e+00 -2.893009179114642282e-01
-4.543038451719807469e+00 -4.581431840468533245e+00 -2.254276389112158940e-01
-4.539828612283885789e+00 -4.838900753688093026e+00 -1.448523496174114467e-01
-4.533101805364902148e+00 -5.063113344798841453e+00 -4.881529383946060785e-02
-4.522525606212741245e+00 -5.250408618061948474e+00 6.124128305298233432e-02
-4.507800046135661987e+00 -5.397668856291606865e+00 1.837081530002249441e-01
-4.488670610189497978e+00 -5.502401946540975253e+00 3.168456103868402818e-01
-4.464944314692748328e+00 -5.562826839989484462e+00 4.588190835425668967e-01
-4.436507501444028279e+00 -5.577954096322244482e+00 6.077322138919263317e-01
-4.403343638506973079e+00 -5.547652722268342274e+00 7.616566392562037491e-01
-4.365549308146915664e+00 -5.472695453530763920e+00 9.186586369670383112e-01
-4.323346641951169467e+00 -5.354776557469340226e+00 1.076823538226934440e+00
-4.277090670625432800e+00 -5.196498376856594881e+00 1.234279151723015389e+00
-4.227270406727312135e+00 -5.001324994284548353e+00 1.389219154461164507e+00
-4.174502990213934339e+00 -4.773503636676112549e+00 1.539926559436225029e+00
-4.119520812271737498e+00 -4.517956426058435504e+00 1.684796293027038150e+00
-4.063152083262419723e+00 -4.240146397018460078e+00 1.822355053141167636e+00
-4.006295782124374760e+00 -3.945922386313195585e+00 1.951276148226692708e+00
-3.949892277494753579e+00 -3.641347745195011587e+00 2.070386871870395940e+00
-3.894891089062364919e+00 -3.332518056455942901e+00 2.178666153208780543e+00
-3.842217276649180668e+00 -3.025373404583292292e+00 2.275230862523313302e+00
-3.792737916309987245e+00 -2.725511529019355006e+00 2.359310346824992966e+00
-3.747230145579843796e+00 -2.438009418553898300e+00 2.430210484466652332e+00
-3.706352297256438888e+00 -2.167262105839781405e+00 2.487270433269087366e+00
-3.670619579513953568e+00 -1.916847733638092244e+00 2.529816701507035859e+00
-3.640385594844278483e+00 -1.689426716014006402e+00 2.557119753510153526e+00
-3.615830817317986501e+00 -1.486680177081642240e+00 2.568358014963720848e+00
-3.596958966778226241e+00 -1.309289807949651774e+00 2.562593050109423842e+00
-3.583601918216276605e+00 -1.156958780692078248e+00 2.538758173770410131e+00
-3.575433327910153558e+00 -1.028471494798545383e+00 2.495661265308148025e+00
-3.571990660492232905e+00 -9.217881949839173972e-01 2.432001423000843321e+00
-3.572704912178596093e+00 -8.341686906668075441e-01 2.346398467540429689e+00
-3.576937048301427780e+00 -7.623180004383052211e-01 2.237433985701700934e+00
-3.584019831576441550e+00 -7.025462690191375259e-01 2.103702229916167177e+00
-3.593303182903825999e+00 -6.509357334723564481e-01 1.943868725503725248e+00
-3.604200632406860283e+00 -6.035083687964930554e-01 1.756734260317758034e+00
-3.616234061445228853e+00 -5.563885975136322326e-01 1.541302076686346778e+00
-3.629073917025454676e+00 -5.059558398478722907e-01 1.296846052052460951e+00
-3.642572346967319241e+00 -4.489818636509267380e-01 1.022977279854802468e+00
-3.656787235491976151e+00 -3.827483387380848368e-01 7.197062765277136842e-01
-3.671995889790502510e+00 -3.051410591858426669e-01 3.874984201305360920e-01
-3.688697964906865412e+00 -2.147187552916598741e-01 2.732084255365583442e-02
-3.707607877248528805e+00 -1.107556554908189078e-01 -3.593206129905276436e-01
-3.729637346168236167e+00 6.742402381165771459e-03 -7.703556755530222011e-01
-3.755868872438945960e+00 1.370483661557753141e-01 -1.203136649997822660e+00
-3.787521025975434164e+00 2.787508733965986529e-01 -1.654440031281870560e+00
-3.825906565611183030e+00 4.298171070881177114e-01 -2.120485017220696378e+00
-3.872384840974502751e+00 5.876795735999947867e-01 -2.596971087177970094e+00
-3.928310533266606619e+00 7.493427223786315317e-01 -3.079135895356025276e+00
-3.994981210824634754e+00 9.115034560057094781e-01 -3.561833286273692778e+00
-4.073586175543680632e+00 1.070678384484599954e+00 -4.039629899088400755e+00
-4.165158706911960884e+00 1.223330377442478412e+00 -4.506917983963103502e+00
-4.270533190415592983e+00 1.365987730086270391e+00 -4.958041544628938979e+00
-4.390307906588881259e+00 1.495351006271346428e+00 -5.387432322392810669e+00
-4.524813758789312246e+00 1.608384773749888863e+00 -5.789751308883674952e+00
-4.674089153215088110e+00 1.702393227395004871e+00 -6.160030657752119332e+00
-4.837861451343922425e+00 1.775079834275005597e+00 -6.493810285680249983e+00
-5.015535542017335757e+00 1.824591917283926668e+00 -6.787263120593626020e+00
-5.206190019141168079e+00 1.849551677777201419e+00 -7.037302979668053737e+00
-5.408581324094566156e+00 1.849075379277039355e+00 -7.241669839211796855e+00
-5.621156088297745157e+00 1.822782286512346195e+00 -7.398989000270566940e+00
-5.842071784715927585e+00 1.770794701672593341e+00 -7.508802914643143644e+00
-6.069225673562456791e+00 1.693730122312922415e+00 -7.571576478840386315e+00
-6.300291871186971093e+00 1.592686122333343279e+00 -7.588678012720603938e+00
-6.532766122450616386e+00 1.469218123750455574e+00 -7.562338854815646272e+00
-6.764017532995202586e+00 1.325309939838770656e+00 -7.495594612892908515e+00
-6.991346179462470722e+00 1.163336921694245518e+00 -7.392210856932181606e+00
-7.212045201669315730e+00 9.860217160251026902e-01 -7.256595739851936955e+00
-7.423465724816698419e+00 7.963829114465202919e-01 -7.093701766057294300e+00
-7.623082780075016274e+00 5.976770455260966841e-01 -6.908918668344924185e+00
-7.808560271241508310e+00 3.933344821910431111e-01 -6.707959201762276891e+00
-7.977812968085054912e+00 1.868896250892060074e-01 -6.496739687431873911e+00
-8.129063511885416204e+00 -1.809402653996382976e-02 -6.281257176820760790e+00
-8.260892497986281668e+00 -2.181033275176175179e-01 -6.067464961748131991e+00
-8.372279864009257722e+00 -4.097586869221535588e-01 -5.861147874655551426e+00
-8.462636101546388900e+00 -5.899001122715390455e-01 -5.667798701399895833e+00
-8.531822187226135057e+00 -7.556745097284830459e-01 -5.492497371229298153e+00
-8.580157435693738677e+00 -9.046211020260905844e-01 -5.339795545692733292e+00
-8.608414654088198503e+00 -1.034749770962921867e+00 -5.213610759712508091e+00
-8.617802221395018947e+00 -1.144605527683307811e+00 -5.117135893154177495e+00
-8.609933219799485116e+00 -1.233312011176937117e+00 -5.052770415075234389e+00
-8.586782430557827084e+00 -1.300588093229614994e+00 -5.022078657145971903e+00
-8.550632635065861464e+00 -1.346733967793738884e+00 -5.025777582526211873e+00
-8.504012053646331282e+00 -1.372586039827910165e+00 -5.063753360673561410e+00
-8.449624863856826096e+00 -1.379442968117449153e+00 -5.135103694690746678e+00
-8.390276684771261984e+00 -1.368967868548286004e+00 -5.238201603738815493e+00
-8.328796935475949681e+00 -1.343073854395133271e+00 -5.370775904389766708e+00
-8.267960203849627376e+00 -1.303801860668152290e+00 -5.530003549937033469e+00
-8.210409035787868959e+00 -1.253200604120410011e+00 -5.712609086440776807e+00
-8.158580624751733623e+00 -1.193217799720572625e+00 -5.914966756182717056e+00
-8.114639723031471519e+00 -1.125609462377350933e+00 -6.133201295175328305e+00
-8.080419885504960931e+00 -1.051871323384927948e+00 -6.363284246975960734e+00
-8.057374982044608558e+00 -9.731940171026146613e-01 -6.601123433797743800e+00
-8.046542676400944671e+00 -8.904419706756653285e-01 -6.842643808195101762e+00
-8.048521151230053405e+00 -8.041547632335526163e-01 -7.083858373254203755e+00
-8.063459767466392591e+00 -7.145690043553744042e-01 -7.320928672523093539e+00
-8.091063670171143585e+00 -6.216583900580736621e-01 -7.550215607224028957e+00
-8.130611703939276680e+00 -5.251894263425850307e-01 -7.768322423771568452e+00
-8.180986538220892612e+00 -4.247901790669008637e-01 -7.972131894081428527e+00
-8.240715786511859875e+00 -3.200288593305182228e-01 -8.158838844107052068e+00
-8.308023110971090475e+00 -2.104977429725005678e-01 -8.325977814627625762e+00
-8.380888547375080933e+00 -9.589628425388527222e-02 -8.471444547458039764e+00
-8.457117203305704933e+00 2.389365909005845140e-02 -8.593509658742210178e+00
-8.534414950191520077e+00 1.487471100370887367e-01 -8.690823181029278643e+00
-8.610468935812720659e+00 2.782545332591481180e-01 -8.762409220759998618e+00
-8.683029943347865043e+00 4.117017667909856904e-01 -8.807650667562301194e+00
-8.749992939064647146e+00 5.480708893751488064e-01 -8.826264906654564868e+00
-8.809471671313664487e+00 6.860600896153131734e-01 -8.818272743672304514e+00
-8.859863067278661575e+00 8.241201945828647846e-01 -8.783963661945357160e+00
-8.899897542730883515e+00 9.605054884541539550e-01 -8.723860563207304963e+00
-8.928672175787616183e+00 1.093336213697268189e+00 -8.638686390950606864e+00
-8.945664904206509505e+00 1.220669717472689264e+00 -8.529334104148782458e+00
-8.950729376418005145e+00 1.340576907782413230e+00 -8.396840835853300433e+00
-8.944071626196139491e+00 1.451220654197818982e+00 -8.242366691351316277e+00
-8.926211066538343175e+00 1.550932778695829795e+00 -8.067178254410650950e+00
-8.897929249970943033e+00 1.638286044743351377e+00 -7.872636541579674407e+00
-8.860210533781637920e+00 1.712157198222820309e+00 -7.660189194902405241e+00
-8.814179330823682434e+00 1.771777135637975231e+00 -7.431367147821417163e+00
-8.761038789931578918e+00 1.816764994233008190e+00 -7.187786331373699156e+00
-8.702015192526173948e+00 1.847144252237054474e+00 -6.931154618532220368e+00
-8.638311105360292785e+00 1.863340314219456895e+00 -6.663283043487962409e+00
-8.571068811807359467e+00 1.866159949868635648e+00 -6.386098884645171836e+00
-8.501344188293790793e+00 1.856753186266370648e+00 -6.101657151911275889e+00
-8.430090212493123403e+00 1.836558447747744349e+00 -5.812146854345854763e+00
-8.358148696669953637e+00 1.807232829341470115e+00 -5.519889236639130559e+00
-8.286248556187866043e+00 1.770571598576978323e+00 -5.227326522760309402e+00
-8.215008896809512962e+00 1.728423407033151005e+00 -4.937000876917620573e+00
-8.144945401256018513e+00 1.682608855296810813e+00 -4.651524022107699885e+00
-8.076478794336400924e+00 1.634849232346084147e+00 -4.373538642969417189e+00
-8.009944404795941608e+00 1.586709736590646624e+00 -4.105673663000096063e+00
-7.945602015018566000e+00 1.539558203227302080e+00 -3.850496384753240076e+00
-7.883645388267052745e+00 1.494537310854022971e+00 -3.610464710137710309e+00
-7.824211013629996714e+00 1.452546241932935578e+00 -3.387882048502950827e+00
-7.767385558800582679e+00 1.414227290643634394e+00 -3.184856383552074455e+00
-7.713211374491612204e+00 1.379953832954819104e+00 -3.003263683934628503e+00
-7.661689464770255142e+00 1.349817806065525261e+00 -2.844714823789737501e+00
-7.612779767917938756e+00 1.323616800832865037e+00 -2.710525041441788296e+00
-7.566399232231057148e+00 1.300842720263756247e+00 -2.601686027969998261e+00
-7.522418792974048252e+00 1.280675420856655533e+00 -2.518842407048776710e+00
-7.480660815954286669e+00 1.261985516908573635e+00 -2.462275491999833310e+00
-7.440898770721780409e+00 1.243350426798492725e+00 -2.431897038819793799e+00
-7.402860754242079899e+00 1.223086749627090075e+00 -2.427254361895464285e+00
-7.366238012804624979e+00 1.199300238844382749e+00 -2.447546409418652757e+00
-7.330698914375068931e+00 1.169952392755249093e+00 -2.491649183409021084e+00
-7.295908047752123871e+00 1.132940685206154985e+00 -2.558148821722343147e+00
-7.261549391267389630e+00 1.086187994986944627e+00 -2.645381421955315560e+00
-7.227351894399927090e+00 1.027735704896759472e+00 -2.751479219355655648e+00
-7.193115438543071782e+00 9.558343947128942197e-01 -2.874422218865003931e+00
-7.158735069450648858e+00 8.690266227004244115e-01 -3.012093128144728738e+00
-7.124221586729905908e+00 7.662181301626528329e-01 -3.162332547209711020e+00
-7.089716847178693548e+00 6.467361053324152120e-01 -3.322991551141952993e+00
-7.055502399087969501e+00 5.103746167223839336e-01 -3.491979628060859930e+00
-7.022000499232492920e+00 3.574273318074772110e-01 -3.667306399519355331e+00
-6.989767327043166389e+00 1.887067791289954999e-01 -3.847115259399440212e+00
-6.959479057162255344e+00 5.548748476085984052e-03 -4.029706562218326127e+00
-6.931911952501537577e+00 -1.901996219705549829e-01 -4.213548028208069063e+00
-6.907917684688654525e+00 -3.962090501266051223e-01 -4.397270953416859918e+00
-6.888394949628664499e+00 -6.097145356588848930e-01 -4.579652476606042022e+00
-6.874258415916127518e+00 -8.275772147578333016e-01 -4.759586054436674374e+00
-6.866406205988315747e+00 -1.046357897318768604e+00 -4.936043802707924755e+00
-6.865687388687080173e+00 -1.262397313678094157e+00 -5.108035074004432907e+00
-6.872871217746520323e+00 -1.471898432088835085e+00 -5.274565563927508194e+00
-6.888619916689080469e+00 -1.671008074495135221e+00 -5.434600654621410065e+00
-6.913466583547870137e+00 -1.855897516594490204e+00 -5.587035942317467807e+00
-6.947799356806697801e+00 -2.022843790337955916e+00 -5.730677173225180887e+00
-6.991852542016518512e+00 -2.168314504232089490e+00 -5.864231262696884883e+00
-7.045705003497447549e+00 -2.289058926812655770e+00 -5.986309726293419509e+00
-7.109285695494225621e+00 -2.382206819694344446e+00 -6.095445431453914154e+00
-7.182385737297551920e+00 -2.445374399177671076e+00 -6.190122573015671037e+00
-7.264676027582429363e+00 -2.476774170082875148e+00 -6.268818024131427968e+00
-7.355729126125160278e+00 -2.475322404068320381e+00 -6.330050265664339371e+00
-7.455044049457824507e+00 -2.440735483337749923e+00 -6.372430823903592056e+00
-7.562072704595049544e+00 -2.373605450798775607e+00 -6.394713117309686723e+00
-7.676246728619499748e+00 -2.275446361456502142e+00 -6.395834779716574658e+00
-7.797003304128186763e+00 -2.148705601733143844e+00 -6.374951308553223228e+00
-7.923808186493602967e+00 -1.996737193591158199e+00 -6.331460583682663845e+00
-8.056174066899828290e+00 -1.823736877983173299e+00 -6.265019009107888337e+00
-8.193672692887114195e+00 -1.634641611694499064e+00 -6.175550635643793917e+00
-8.335939739064530229e+00 -1.434998971117145139e+00 -6.063250634650378501e+00
-8.482672031719472372e+00 -1.230814275643978828e+00 -5.928584090243402827e+00
-8.633617228282920664e+00 -1.028384277903639621e+00 -5.772280654830659330e+00
-8.788556382399686839e+00 -8.341257416417272585e-01 -5.595325467535152697e+00
-8.947280053254194954e+00 -6.544054099631124721e-01 -5.398946776418124038e+00
-9.109558880749114351e+00 -4.953752037088552940e-01 -5.184600686658911606e+00
-9.275109922970122156e+00 -3.628137174505084994e-01 -4.953953387126013297e+00
-9.443560503396923878e+00 -2.619733543723556379e-01 -4.708861251557062033e+00
-9.614411739151746517e+00 -1.974325620965048933e-01 -4.451349265214650686e+00
-9.787004181226201638e+00 -1.729543218240321978e-01 -4.183587941201095894e+00
-9.960487949461347412e+00 -1.913543372083858773e-01 -3.907868113408803801e+00
-1.013379932419035967e+01 -2.543843045223670440e-01 -3.626572039758333865e+00
-1.030564506634776656e+01 -3.626365146163803566e-01 -3.342138717507620704e+00
-1.047449503893191824e+01 -5.154756625760185118e-01 -3.057021648674876246e+00
-1.063858328622742455e+01 -7.110027316614564441e-01 -2.773638491504876846e+00
-1.079591769797749379e+01 -9.460549658341607104e-01 -2.494313751641923371e+00
-1.094429850996991860e+01 -1.216245261366859731e+00 -2.221217465642895128e+00
-1.108134576739433541e+01 -1.516043271055846908e+00 -1.956304193420649762e+00
-1.120453531339658682e+01 -1.838898969260596816e+00 -1.701257089915876097e+00
-1.131124205359978419e+01 -2.177407455345329534e+00 -1.457441317946626125e+00
-1.139878854815973774e+01 -2.523511296179552055e+00 -1.225870081200532979e+00
-1.146449659563482193e+01 -2.868733852922265015e+00 -1.007185680696910168e+00
-1.150573938007325658e+01 -3.204434276834319473e+00 -8.016573788700108727e-01
-1.151999197830667221e+01 -3.522072699834491338e+00 -6.091971695915602281e-01
-1.150487871551245078e+01 -3.813473129452390697e+00 -4.293934458180627689e-01
-1.145821692903430034e+01 -4.071072089044493580e+00 -2.615610915728854846e-01
-1.137805763388342051e+01 -4.288142918802227754e+00 -1.048051802411939931e-01
-1.126272386463066155e+01 -4.458988156062905439e+00 4.190533896635017380e-02
-1.111084711812364745e+01 -4.579094806337696610e+00 1.796578877099999638e-01
-1.092140178679746221e+01 -4.645249135053324707e+00 3.095145399266718278e-01
-1.069373709565029706e+01 -4.655608818175291042e+00 4.324327042843936764e-01
-1.042760581413493526e+01 -4.609731207425974198e+00 5.491927774529676842e-01
-1.012318873323035007e+01 -4.508557485018263478e+00 6.603372136948296722e-01
-9.781113551191417343e+00 -4.354353877445279686e+00 7.661248398145011906e-01
-9.402466543166175583e+00 -4.150612959870111141e+00 8.665031615356587613e-01
-8.988795350702474707e+00 -3.901920242155746621e+00 9.611001206320443080e-01
-8.542101504251061073e+00 -3.613793106077550998e+00 1.049235588899355864e+00
-8.064821957393258245e+00 -3.292499965154889185e+00 1.129951882236950311e+00
-7.559799931148810437e+00 -2.944867042013620040e+00 1.202061574302298208e+00
-7.030246393281617046e+00 -2.578079165796292038e+00 1.264209818876286029e+00
-6.479694027400811684e+00 -2.199480322705162916e+00 1.314947458640028044e+00
-5.911945430082991670e+00 -1.816379470187107659e+00 1.352810701075731536e+00
-5.331016851332455175e+00 -1.435867204349347004e+00 1.376403164477692842e+00
-4.741078463135137255e+00 -1.064649289782084063e+00 1.384476485982679472e+00
-4.146392018631858356e+00 -7.089034562926039840e-01 1.376006234531785166e+00
-3.551246764159353031e+00 -3.741650855022272126e-01 1.350260337193414983e+00
-2.959894501937061939e+00 -6.524459143140633188e-02 1.306857404954533619e+00
-2.376484767277851073e+00 2.138248161040614548e-01 1.245812394790881461e+00
-1.805001212391024623e+00 4.598138341375784255e-01 1.167567349948078759e+00
-1.249200461104964743e+00 6.703046592234821466e-01 1.073005571949772641e+00
-7.125548405068600211e-01 8.436852634672281637e-01 9.634482275964766362e-01
-1.982004821238286252e-01 9.791338795768977921e-01 8.406330226333308397e-01
2.911076124210319471e-01 1.076594499812699723e+00 7.066754512289679102e-01
7.530318320807938282e-01 1.136742431264447184e+00 5.640144064983061423e-01
1.185677910598292417e+00 1.160938842220857303e+00 4.153452995099262690e-01
1.587609393501120625e+00 1.151174263019544952e+00 2.635447086516147785e-01
1.957850190075654861e+00 1.110002139357798123e+00 1.115906379916653951e-01
2.295875599041677706e+00 1.040464294284345836e+00 -3.751812501071621203e-02
2.601592848608723862e+00 9.460106411478640398e-01 -1.808409152335896941e-01
2.875312507083169766e+00 8.304156767309540665e-01 -3.155706897214828333e-01
3.117712117972780028e+00 6.976939642440300737e-01 -4.391055196950658934e-01
