1.635325253009796143e-01 -1.662439852952957153e-01 6.359502077102661133e-01
1.482068598270416260e-01 -1.707986146211624146e-01 6.185569167137145996e-01
1.439462453126907349e-01 -1.508548408746719360e-01 6.134309172630310059e-01
1.392247825860977173e-01 -1.988393515348434448e-01 6.224967241287231445e-01
1.613278985023498535e-01 -2.261308878660202026e-01 6.318286657333374023e-01
1.939210295677185059e-01 -2.212172895669937134e-01 6.907528638839721680e-01
2.064280807971954346e-01 -2.094052582979202271e-01 6.938148736953735352e-01
2.251458764076232910e-01 -2.415364533662796021e-01 6.864798069000244141e-01
2.099035531282424927e-01 -2.434563785791397095e-01 6.813413500785827637e-01
2.101288735866546631e-01 -2.301844507455825806e-01 6.885409355163574219e-01
2.154327183961868286e-01 -2.076144367456436157e-01 6.947099566459655762e-01
2.466281652450561523e-01 -1.873794347047805786e-01 6.965872049331665039e-01
2.106465697288513184e-01 -1.449887305498123169e-01 7.075120210647583008e-01
2.488569915294647217e-01 -1.658665984869003296e-01 6.960701346397399902e-01
2.266098260879516602e-01 -1.368538290262222290e-01 7.284174561500549316e-01
2.896050214767456055e-01 -1.367118805646896362e-01 7.823725342750549316e-01
2.748913466930389404e-01 -1.104747503995895386e-01 7.359701991081237793e-01
2.438801527023315430e-01 -6.579546630382537842e-02 7.409629821777343750e-01
2.643442451953887939e-01 -8.985888957977294922e-02 7.537136077880859375e-01
2.570722103118896484e-01 -1.100267618894577026e-01 7.469744682312011719e-01
2.766459286212921143e-01 -1.558841317892074585e-01 7.654212713241577148e-01
2.507583498954772949e-01 -1.713690012693405151e-01 7.332921028137207031e-01
2.203849852085113525e-01 -1.372832804918289185e-01 6.896536350250244141e-01
1.685700416564941406e-01 -1.172233372926712036e-01 6.467860341072082520e-01
1.770337074995040894e-01 -2.051199823617935181e-01 6.358572244644165039e-01
1.294763237237930298e-01 -2.010465115308761597e-01 6.004604697227478027e-01
9.049748629331588745e-02 -2.025686055421829224e-01 5.518791079521179199e-01
1.548024564981460571e-01 -2.364731580018997192e-01 5.935130119323730469e-01
1.499615758657455444e-01 -2.838512659072875977e-01 5.948008298873901367e-01
1.432704478502273560e-01 -3.148799538612365723e-01 6.038395166397094727e-01
1.831492781639099121e-01 -2.947260737419128418e-01 6.312074065208435059e-01
1.940011084079742432e-01 -3.637768030166625977e-01 6.399296522140502930e-01
2.043652832508087158e-01 -4.032636284828186035e-01 6.251357197761535645e-01
1.786910444498062134e-01 -4.193912744522094727e-01 6.143350005149841309e-01
1.853006482124328613e-01 -4.071611762046813965e-01 6.087501049041748047e-01
1.585949212312698364e-01 -4.149936437606811523e-01 6.108706593513488770e-01
1.613691300153732300e-01 -4.310196638107299805e-01 6.043574213981628418e-01
1.410547196865081787e-01 -4.816832542419433594e-01 5.728712677955627441e-01
1.089564263820648193e-01 -4.488191604614257812e-01 5.471667051315307617e-01
1.597132533788681030e-01 -4.586197733879089355e-01 6.083560585975646973e-01
1.518183052539825439e-01 -4.976275563240051270e-01 5.898907184600830078e-01
1.725400090217590332e-01 -4.703049659729003906e-01 6.137838959693908691e-01
1.430738568305969238e-01 -4.340437650680541992e-01 5.962961316108703613e-01
1.570907235145568848e-01 -3.185860514640808105e-01 6.018870472908020020e-01
1.518098413944244385e-01 -2.860049009323120117e-01 6.092775464057922363e-01
1.034410893917083740e-01 -2.713761329650878906e-01 5.633795261383056641e-01
9.965898096561431885e-02 -2.814024686813354492e-01 5.383283495903015137e-01
1.071971133351325989e-01 -2.843329906463623047e-01 5.226427316665649414e-01
6.778888404369354248e-02 -3.405885696411132812e-01 5.113124847412109375e-01
1.124221831560134888e-02 -3.633040785789489746e-01 4.491297602653503418e-01
4.466153681278228760e-03 -4.594700336456298828e-01 4.082942008972167969e-01
-7.856265455484390259e-02 -3.997968435287475586e-01 3.398928642272949219e-01
-1.003631427884101868e-01 -4.044736623764038086e-01 3.083863854408264160e-01
-1.676437556743621826e-01 -3.957804441452026367e-01 2.343928217887878418e-01
-1.533704102039337158e-01 -3.508889079093933105e-01 2.429144978523254395e-01
-1.467201411724090576e-01 -3.755522370338439941e-01 2.268488407135009766e-01
-1.766939461231231689e-01 -3.185456991195678711e-01 2.194197177886962891e-01
-1.966352462768554688e-01 -2.878903746604919434e-01 2.106248736381530762e-01
-2.294168174266815186e-01 -3.015458583831787109e-01 1.362373828887939453e-01
-2.519389390945434570e-01 -2.604339718818664551e-01 1.203939318656921387e-01
-2.773856818675994873e-01 -2.532996535301208496e-01 7.746368646621704102e-02
-2.938583195209503174e-01 -2.474317401647567749e-01 1.127147078514099121e-01
-2.823559641838073730e-01 -2.316417545080184937e-01 7.306861877441406250e-02
-3.236297965049743652e-01 -2.072017937898635864e-01 5.476260185241699219e-02
-3.188363611698150635e-01 -1.381044834852218628e-01 5.981725454330444336e-02
-3.125119507312774658e-01 -1.772626787424087524e-01 6.127887964248657227e-02
-3.120414912700653076e-01 -1.465501636266708374e-01 9.875720739364624023e-02
-3.292301595211029053e-01 -1.708982139825820923e-01 6.782966852188110352e-02
-2.662407457828521729e-01 -1.554706245660781860e-01 1.359866261482238770e-01
-3.193130791187286377e-01 -1.495218127965927124e-01 1.080267429351806641e-01
-2.944035828113555908e-01 -1.231698244810104370e-01 1.036635637283325195e-01
-3.292978107929229736e-01 -1.095047146081924438e-01 9.753876924514770508e-02
-3.851274847984313965e-01 -6.141830980777740479e-02 5.869460105895996094e-02
-3.330957293510437012e-01 -1.247480511665344238e-02 8.381634950637817383e-02
-4.074780046939849854e-01 1.023310124874114990e-01 1.800864934921264648e-02
-3.703926205635070801e-01 1.346185505390167236e-01 6.031239032745361328e-02
-4.703551232814788818e-01 2.106744349002838135e-01 1.130884885787963867e-02
-3.545948266983032227e-01 1.974113434553146362e-01 7.714056968688964844e-02
-3.865481913089752197e-01 2.226529866456985474e-01 4.291480779647827148e-02
-3.826391398906707764e-01 2.063681036233901978e-01 2.998071908950805664e-02
-3.617544472217559814e-01 1.748858988285064697e-01 3.258484601974487305e-02
-3.865368962287902832e-01 1.568057239055633545e-01 1.052844524383544922e-02
-3.773628473281860352e-01 1.874798834323883057e-01 -1.161032915115356445e-02
-4.555918276309967041e-01 2.177992463111877441e-01 -2.039194107055664062e-02
-4.848277866840362549e-01 2.660460174083709717e-01 -1.055715680122375488e-01
-4.889900982379913330e-01 2.464916855096817017e-01 -6.856548786163330078e-02
-4.393871724605560303e-01 1.970126628875732422e-01 -6.375366449356079102e-02
-4.490738213062286377e-01 2.266004532575607300e-01 -2.359396219253540039e-02
-4.686239063739776611e-01 2.476047426462173462e-01 -5.445927381515502930e-02
-4.908672869205474854e-01 3.135841488838195801e-01 -6.841832399368286133e-02
-4.874665439128875732e-01 3.154464364051818848e-01 -1.054192185401916504e-01
-5.302541851997375488e-01 3.190581500530242920e-01 -1.114481091499328613e-01
-5.385468602180480957e-01 3.690008521080017090e-01 -1.022409796714782715e-01
-5.084232687950134277e-01 3.787782490253448486e-01 -9.124273061752319336e-02
-4.677587449550628662e-01 4.032310843467712402e-01 -5.599993467330932617e-02
-4.477169811725616455e-01 3.690831959247589111e-01 -1.658952236175537109e-02
-4.641949236392974854e-01 3.971464633941650391e-01 -2.410274744033813477e-02
-4.425190985202789307e-01 4.162861108779907227e-01 -2.082347869873046875e-02
-5.557013750076293945e-01 5.196467041969299316e-01 -1.268417835235595703e-01
-5.955517888069152832e-01 5.577278733253479004e-01 -1.652612090110778809e-01
-5.984606742858886719e-01 5.660174489021301270e-01 -1.653957962989807129e-01
-5.763117671012878418e-01 5.544036626815795898e-01 -1.716334223747253418e-01
-5.398200154304504395e-01 5.316866040229797363e-01 -9.547418355941772461e-02
-4.954637587070465088e-01 4.551255106925964355e-01 -7.692503929138183594e-02
-5.015971660614013672e-01 4.793672561645507812e-01 -5.868619680404663086e-02
-4.610524475574493408e-01 4.549041390419006348e-01 -3.048539161682128906e-02
-4.964640438556671143e-01 4.877680540084838867e-01 -5.490219593048095703e-02
-4.740381538867950439e-01 4.688178896903991699e-01 -5.339205265045166016e-02
-4.621225893497467041e-01 4.253880381584167480e-01 -8.603870868682861328e-03
-4.110104143619537354e-01 4.222772121429443359e-01 2.516204118728637695e-02
-3.900668323040008545e-01 4.020469784736633301e-01 7.032006978988647461e-02
-3.465282320976257324e-01 4.187414050102233887e-01 8.779740333557128906e-02
-3.696541488170623779e-01 4.764799475669860840e-01 9.710603952407836914e-02
-3.408627808094024658e-01 5.420210957527160645e-01 9.285455942153930664e-02
-3.229536116123199463e-01 5.567340850830078125e-01 1.283291578292846680e-01
-2.667178511619567871e-01 6.128684282302856445e-01 1.829966902732849121e-01
-2.704230546951293945e-01 6.319676041603088379e-01 2.052399516105651855e-01
-2.251106202602386475e-01 6.412549614906311035e-01 2.317970991134643555e-01
-2.096399366855621338e-01 6.196941733360290527e-01 2.926170229911804199e-01
-2.084154486656188965e-01 7.029879093170166016e-01 2.912446558475494385e-01
-2.179009020328521729e-01 7.560530900955200195e-01 2.795020937919616699e-01
-2.098740935325622559e-01 7.320243120193481445e-01 2.617029845714569092e-01
-2.031434476375579834e-01 7.852510809898376465e-01 2.979013323783874512e-01
-1.714203357696533203e-01 8.170939683914184570e-01 3.335189521312713623e-01
-2.036929428577423096e-01 8.463435173034667969e-01 3.160139918327331543e-01
-1.057703271508216858e-01 7.725195884704589844e-01 3.692913651466369629e-01
-7.601941376924514771e-02 7.493144273757934570e-01 4.366315603256225586e-01
-1.763389259576797485e-02 7.379980087280273438e-01 4.856541156768798828e-01
-7.533214241266250610e-02 7.338674664497375488e-01 4.415591657161712646e-01
-4.366994649171829224e-02 6.794173717498779297e-01 4.543471932411193848e-01
-4.136086255311965942e-02 6.704338788986206055e-01 4.908588528633117676e-01
-1.685420423746109009e-02 6.137440204620361328e-01 4.680806100368499756e-01
-2.848639339208602905e-02 6.031744480133056641e-01 4.725739359855651855e-01
3.534071892499923706e-02 5.781596899032592773e-01 5.186541676521301270e-01
3.740191459655761719e-05 5.215358138084411621e-01 5.002900362014770508e-01
2.659037709236145020e-04 5.130734443664550781e-01 4.962945282459259033e-01
-3.028316050767898560e-02 5.082575678825378418e-01 4.728534221649169922e-01
3.121589124202728271e-02 4.990674257278442383e-01 4.988518953323364258e-01
-2.316907048225402832e-04 4.897460937500000000e-01 4.841466546058654785e-01
-2.726323157548904419e-02 5.159160494804382324e-01 4.302956759929656982e-01
-3.313929587602615356e-02 5.519602298736572266e-01 4.586974978446960449e-01
-6.107509136199951172e-03 5.295334458351135254e-01 5.023918151855468750e-01
1.192127168178558350e-02 4.656181931495666504e-01 5.317961573600769043e-01
6.508179008960723877e-02 4.366290569305419922e-01 5.538343191146850586e-01
5.788527801632881165e-02 4.445069432258605957e-01 5.479183793067932129e-01
9.405270963907241821e-02 3.593341112136840820e-01 5.760577917098999023e-01
1.054541692137718201e-01 2.630179524421691895e-01 6.011927723884582520e-01
1.319575309753417969e-01 2.107351720333099365e-01 6.343942880630493164e-01
1.345958262681961060e-01 1.761124134063720703e-01 6.429471373558044434e-01
1.599697917699813843e-01 1.394132375717163086e-01 6.502087116241455078e-01
1.415187567472457886e-01 1.684181392192840576e-01 6.382411718368530273e-01
1.331391632556915283e-01 1.555992066860198975e-01 6.239276528358459473e-01
1.194871440529823303e-01 1.631058454513549805e-01 5.954583883285522461e-01
1.426580846309661865e-01 5.599748343229293823e-02 6.122022867202758789e-01
1.885790973901748657e-01 3.982628881931304932e-02 6.735705733299255371e-01
1.746342480182647705e-01 1.655106246471405029e-02 6.761569380760192871e-01
1.931052803993225098e-01 -4.830539226531982422e-03 6.645075678825378418e-01
2.096067368984222412e-01 -1.446507871150970459e-02 6.883125305175781250e-01
2.179462611675262451e-01 -8.245758712291717529e-02 6.913750171661376953e-01
2.464285194873809814e-01 -1.061161905527114868e-01 7.367278337478637695e-01
2.384606003761291504e-01 -9.775067865848541260e-02 7.487469911575317383e-01
2.501298487186431885e-01 -1.180210858583450317e-01 7.292582392692565918e-01
2.351134419441223145e-01 -1.380057781934738159e-01 7.134945988655090332e-01
2.013703584671020508e-01 -9.963773190975189209e-02 6.913461685180664062e-01
2.119244933128356934e-01 -7.064938545227050781e-02 6.766436100006103516e-01
2.161601483821868896e-01 -8.166728913784027100e-02 6.673271656036376953e-01
1.404524892568588257e-01 -3.598017990589141846e-02 6.384826302528381348e-01
1.121329367160797119e-01 6.018474698066711426e-03 6.113281846046447754e-01
8.981679379940032959e-02 4.940639436244964600e-02 5.904872417449951172e-01
9.070561081171035767e-02 9.440211951732635498e-02 5.738618969917297363e-01
9.156484901905059814e-02 1.115986406803131104e-01 5.670079588890075684e-01
1.064575910568237305e-01 1.224093884229660034e-01 5.973673462867736816e-01
1.450944989919662476e-01 1.049301475286483765e-01 6.280769705772399902e-01
1.574739515781402588e-01 3.738968074321746826e-02 6.650963425636291504e-01
1.470285654067993164e-01 5.765855312347412109e-02 6.213157176971435547e-01
1.386583745479583740e-01 6.908042728900909424e-02 6.197224855422973633e-01
1.410999298095703125e-01 3.935659676790237427e-02 6.277909278869628906e-01
1.184802874922752380e-01 4.780939966440200806e-02 5.978705286979675293e-01
1.566494107246398926e-01 3.300373256206512451e-02 6.346213221549987793e-01
1.558042913675308228e-01 6.902015209197998047e-02 6.413941383361816406e-01
1.287580579519271851e-01 6.834511458873748779e-02 6.142992377281188965e-01
1.355273723602294922e-01 7.452166080474853516e-02 6.395227909088134766e-01
1.225128024816513062e-01 6.447918713092803955e-02 6.215319633483886719e-01
1.277471631765365601e-01 8.043858408927917480e-02 6.232814788818359375e-01
1.291426718235015869e-01 1.018576622009277344e-01 6.174110174179077148e-01
1.256755739450454712e-01 6.365755200386047363e-02 6.138838529586791992e-01
1.254328489303588867e-01 6.062643975019454956e-02 6.081432700157165527e-01
1.398679614067077637e-01 2.848394215106964111e-02 6.365962028503417969e-01
1.909706294536590576e-01 -2.629290521144866943e-02 6.753917336463928223e-01
2.040989100933074951e-01 -7.604308426380157471e-02 6.914926767349243164e-01
2.250025570392608643e-01 -7.611204683780670166e-02 7.160283923149108887e-01
2.416663169860839844e-01 -5.912195146083831787e-02 7.109609246253967285e-01
2.074603140354156494e-01 -7.258550822734832764e-02 6.956166625022888184e-01
2.175388932228088379e-01 -6.668792665004730225e-02 6.954706311225891113e-01
1.837941110134124756e-01 -7.904922962188720703e-02 6.590120196342468262e-01
1.661683320999145508e-01 -6.624634563922882080e-02 6.288591027259826660e-01
1.329312473535537720e-01 -8.097085356712341309e-02 6.048651337623596191e-01
1.105677485466003418e-01 -5.899703502655029297e-02 5.827438235282897949e-01
1.091145724058151245e-01 -8.722203969955444336e-02 5.877487063407897949e-01
1.211483478546142578e-01 -1.026269346475601196e-01 5.684125423431396484e-01
1.249803155660629272e-01 -1.216382533311843872e-01 5.841320753097534180e-01
1.118209734559059143e-01 -1.356575042009353638e-01 5.506446361541748047e-01
9.272228181362152100e-02 -1.769004613161087036e-01 5.530667304992675781e-01
6.237887591123580933e-02 -1.405051499605178833e-01 5.142243504524230957e-01
8.303902298212051392e-02 -1.741684824228286743e-01 5.220711231231689453e-01
8.219106495380401611e-02 -1.476038247346878052e-01 5.276877880096435547e-01
7.278342545032501221e-02 -1.490699499845504761e-01 5.502590537071228027e-01
8.968146145343780518e-02 -1.508211642503738403e-01 5.167344212532043457e-01
9.951624274253845215e-02 -1.979515105485916138e-01 5.478965640068054199e-01
8.843442052602767944e-02 -2.195695787668228149e-01 5.437256693840026855e-01
6.310158967971801758e-02 -1.381576210260391235e-01 5.155336260795593262e-01
6.988739222288131714e-02 -1.260536760091781616e-01 5.257788300514221191e-01
4.061909765005111694e-02 -3.226156532764434814e-02 4.983370900154113770e-01
7.925575971603393555e-02 -5.763144791126251221e-02 5.139344334602355957e-01
4.543264955282211304e-02 -1.394481956958770752e-02 4.860620498657226562e-01
5.938081443309783936e-02 8.632838726043701172e-04 5.174306035041809082e-01
7.884134352207183838e-02 -7.911026477813720703e-05 5.366252660751342773e-01
9.734442085027694702e-02 2.460129559040069580e-02 5.427934527397155762e-01
1.172699034214019775e-01 -4.670841991901397705e-02 5.797513127326965332e-01
1.125980690121650696e-01 -9.625248610973358154e-02 5.767155885696411133e-01
1.478793323040008545e-01 -1.244480162858963013e-01 5.985836386680603027e-01
1.374783515930175781e-01 -2.528931498527526855e-01 6.028133034706115723e-01
1.227260977029800415e-01 -2.725875377655029297e-01 5.726463794708251953e-01
9.715355932712554932e-02 -3.024270534515380859e-01 5.407814979553222656e-01
4.328070580959320068e-02 -2.769080400466918945e-01 4.707387089729309082e-01
2.618748694658279419e-02 -2.737771868705749512e-01 4.577274620532989502e-01
-1.855132728815078735e-02 -2.832315564155578613e-01 4.162935614585876465e-01
-9.166646748781204224e-02 -2.819615006446838379e-01 3.509042263031005859e-01
-1.128267124295234680e-01 -2.701545953750610352e-01 3.338682353496551514e-01
-8.031719177961349487e-02 -3.265845179557800293e-01 3.346779346466064453e-01
-1.255676150321960449e-01 -3.725268840789794922e-01 2.724168896675109863e-01
-1.812195479869842529e-01 -3.682997226715087891e-01 2.423137128353118896e-01
-1.615878939628601074e-01 -3.131093382835388184e-01 2.337111234664916992e-01
-2.013157904148101807e-01 -3.410728573799133301e-01 2.103446125984191895e-01
-2.544256746768951416e-01 -3.124457597732543945e-01 1.813669204711914062e-01
-2.609969079494476318e-01 -1.954049617052078247e-01 1.376329362392425537e-01
-2.472731769084930420e-01 -1.688047200441360474e-01 1.549879610538482666e-01
-2.541373670101165771e-01 -2.031110078096389771e-01 1.535212993621826172e-01
-2.941507995128631592e-01 -2.233856171369552612e-01 1.503371000289916992e-01
-2.401819229125976562e-01 -2.098765820264816284e-01 1.547091901302337646e-01
-2.455488145351409912e-01 -2.312590628862380981e-01 1.567391157150268555e-01
-2.922394573688507080e-01 -2.234942764043807983e-01 1.300762891769409180e-01
-3.127527534961700439e-01 -2.362207621335983276e-01 8.060854673385620117e-02
-3.278424441814422607e-01 -1.965530067682266235e-01 7.912474870681762695e-02
-3.010795414447784424e-01 -1.825632601976394653e-01 1.076444983482360840e-01
-2.750136852264404297e-01 -1.567561477422714233e-01 1.284356713294982910e-01
-2.737993299961090088e-01 -1.102068871259689331e-01 1.293696165084838867e-01
-2.668140530586242676e-01 -1.627397090196609497e-01 1.130364537239074707e-01
-2.517017424106597900e-01 -1.725006848573684692e-01 1.767561435699462891e-01
-2.342819869518280029e-01 -1.189439445734024048e-01 1.670790314674377441e-01
-2.443968057632446289e-01 -5.129884183406829834e-02 1.561421155929565430e-01
-2.382175624370574951e-01 -4.235695302486419678e-02 1.674011349678039551e-01
-2.991375327110290527e-01 2.306225895881652832e-02 1.471710205078125000e-01
-2.719382345676422119e-01 7.334364950656890869e-02 1.809005737304687500e-01
-2.627991735935211182e-01 1.121297851204872131e-01 1.518609821796417236e-01
-2.605763673782348633e-01 1.373784840106964111e-01 1.656120419502258301e-01
-2.752034962177276611e-01 1.597158610820770264e-01 1.533527970314025879e-01
-2.423011958599090576e-01 1.944422274827957153e-01 2.224089503288269043e-01
-1.737088263034820557e-01 2.156649380922317505e-01 2.658003568649291992e-01
-1.354187726974487305e-01 2.138113826513290405e-01 3.350534141063690186e-01
-1.164943650364875793e-01 2.225458472967147827e-01 3.447718918323516846e-01
-1.016338095068931580e-01 2.625095248222351074e-01 3.755710124969482422e-01
-2.394690364599227905e-02 2.474779486656188965e-01 4.426605105400085449e-01
-9.370036423206329346e-03 2.725523114204406738e-01 4.606117606163024902e-01
1.307425647974014282e-02 2.524864971637725830e-01 5.032837986946105957e-01
5.829577520489692688e-02 2.166308164596557617e-01 5.404648780822753906e-01
5.726604908704757690e-02 1.955163180828094482e-01 5.467378497123718262e-01
8.706367015838623047e-02 1.286661922931671143e-01 5.783916711807250977e-01
9.615267813205718994e-02 1.146588250994682312e-01 5.908723473548889160e-01
6.101376563310623169e-02 1.444387584924697876e-01 5.597457885742187500e-01
6.839196383953094482e-02 1.341499984264373779e-01 5.660390853881835938e-01
6.473992764949798584e-02 1.102523282170295715e-01 5.552917718887329102e-01
2.980677038431167603e-02 8.691741526126861572e-02 5.077037811279296875e-01
-2.921827137470245361e-03 1.223206818103790283e-01 4.756968617439270020e-01
-2.949679642915725708e-02 1.286038905382156372e-01 4.634201526641845703e-01
-5.671998113393783569e-02 1.208595857024192810e-01 4.188453555107116699e-01
-7.456416636705398560e-02 1.119513213634490967e-01 4.002633094787597656e-01
-6.878191977739334106e-02 1.334273815155029297e-01 3.870033323764801025e-01
-9.585767239332199097e-02 1.446341276168823242e-01 3.811533451080322266e-01
-1.213662400841712952e-01 1.939582377672195435e-01 3.447985053062438965e-01
-1.477663218975067139e-01 1.928616464138031006e-01 3.314087986946105957e-01
-1.175982430577278137e-01 2.431368380784988403e-01 3.307171463966369629e-01
-1.901183426380157471e-01 2.538354694843292236e-01 2.669132649898529053e-01
-2.598843276500701904e-01 3.395524919033050537e-01 2.033023834228515625e-01
-3.013193309307098389e-01 3.196960091590881348e-01 1.743340492248535156e-01
-2.821062207221984863e-01 3.333237171173095703e-01 1.835229396820068359e-01
-2.754553258419036865e-01 3.048951625823974609e-01 1.911228001117706299e-01
-3.358794748783111572e-01 3.476301431655883789e-01 1.181877553462982178e-01
-3.646698296070098877e-01 3.801299035549163818e-01 6.776142120361328125e-02
-4.479099810123443604e-01 4.464543461799621582e-01 2.248138189315795898e-02
-4.871886074542999268e-01 5.266685485839843750e-01 -4.472237825393676758e-02
-5.118145346641540527e-01 5.645869970321655273e-01 -5.775910615921020508e-02
-5.213633775711059570e-01 5.876203179359436035e-01 -9.659796953201293945e-02
-5.538347363471984863e-01 6.178492307662963867e-01 -1.053331494331359863e-01
-5.421885848045349121e-01 6.326845288276672363e-01 -1.183401942253112793e-01
-5.401964783668518066e-01 6.082255840301513672e-01 -7.563334703445434570e-02
-5.187158584594726562e-01 5.874592065811157227e-01 -6.941169500350952148e-02
-5.442597270011901855e-01 5.544351935386657715e-01 -8.066278696060180664e-02
-5.171614289283752441e-01 6.015164852142333984e-01 -1.069133877754211426e-01
-5.202085375785827637e-01 6.178096532821655273e-01 -8.322638273239135742e-02
-5.237370133399963379e-01 6.159315705299377441e-01 -7.877343893051147461e-02
-5.090327858924865723e-01 5.803958177566528320e-01 -4.853999614715576172e-02
-4.508652985095977783e-01 5.284545421600341797e-01 -3.392708301544189453e-02
-4.647347033023834229e-01 5.458275675773620605e-01 -3.629988431930541992e-02
-4.849436581134796143e-01 5.472099184989929199e-01 -4.805994033813476562e-02
-4.763015210628509521e-01 5.428515672683715820e-01 -1.499378681182861328e-02
-4.045899212360382080e-01 4.934279322624206543e-01 2.358001470565795898e-02
-3.613110482692718506e-01 4.272438287734985352e-01 9.343576431274414062e-02
-3.492383360862731934e-01 4.624105095863342285e-01 7.868009805679321289e-02
-3.526635766029357910e-01 4.713541865348815918e-01 1.104121804237365723e-01
-3.477903306484222412e-01 4.339177012443542480e-01 1.080252528190612793e-01
-2.971861064434051514e-01 3.848791718482971191e-01 1.513866782188415527e-01
-2.962324321269989014e-01 4.268441200256347656e-01 1.506427526473999023e-01
-3.101883232593536377e-01 4.310467243194580078e-01 1.423293054103851318e-01
-3.052017688751220703e-01 4.700871109962463379e-01 1.421563923358917236e-01
-2.586602270603179932e-01 4.691554307937622070e-01 2.017406225204467773e-01
-2.576701343059539795e-01 4.725361466407775879e-01 2.259131669998168945e-01
-2.206014692783355713e-01 4.296957850456237793e-01 2.154548168182373047e-01
-2.090348303318023682e-01 4.380147457122802734e-01 2.606339454650878906e-01
-1.653060019016265869e-01 4.440250992774963379e-01 2.819806933403015137e-01
-1.598487198352813721e-01 4.441913962364196777e-01 2.926356792449951172e-01
-1.154016777873039246e-01 4.172304272651672363e-01 3.235971927642822266e-01
-9.590283781290054321e-02 3.610739111900329590e-01 3.724413216114044189e-01
-6.520307809114456177e-02 3.806056380271911621e-01 4.230113327503204346e-01
-7.121173292398452759e-02 4.283336997032165527e-01 3.908451199531555176e-01
-3.583624213933944702e-02 4.364881515502929688e-01 4.279661774635314941e-01
-4.273853451013565063e-02 4.410340189933776855e-01 4.474298357963562012e-01
-3.714103251695632935e-02 4.966627955436706543e-01 4.739648699760437012e-01
-1.254146546125411987e-02 4.649855494499206543e-01 4.927038848400115967e-01
-1.050151139497756958e-02 4.992564916610717773e-01 5.049399137496948242e-01
8.484214544296264648e-03 4.847854375839233398e-01 5.322548747062683105e-01
7.430001348257064819e-02 4.508004784584045410e-01 5.928926467895507812e-01
9.432940185070037842e-02 3.076259791851043701e-01 6.284786462783813477e-01
1.183130145072937012e-01 2.795245647430419922e-01 5.834348797798156738e-01
1.308230906724929810e-01 2.401856780052185059e-01 6.378406286239624023e-01
1.334340125322341919e-01 2.348899394273757935e-01 6.172369122505187988e-01
8.492311835289001465e-02 2.800168991088867188e-01 6.008211970329284668e-01
8.833048492670059204e-02 3.061040043830871582e-01 5.928398966789245605e-01
8.568479865789413452e-02 2.959485650062561035e-01 5.750498771667480469e-01
7.618750631809234619e-02 3.287943899631500244e-01 5.541766285896301270e-01
2.113787084817886353e-02 4.116594791412353516e-01 5.414581298828125000e-01
3.825423866510391235e-02 4.427061676979064941e-01 5.380463600158691406e-01
1.961395889520645142e-02 5.043013095855712891e-01 5.359241962432861328e-01
2.985321730375289917e-02 4.989678263664245605e-01 5.185096859931945801e-01
1.787209510803222656e-02 5.181992053985595703e-01 5.331882238388061523e-01
4.380325973033905029e-02 4.861570596694946289e-01 5.380278825759887695e-01
3.718236833810806274e-02 4.476615190505981445e-01 5.769218206405639648e-01
8.808471262454986572e-02 4.110967516899108887e-01 5.984490513801574707e-01
1.031559109687805176e-01 3.631435036659240723e-01 6.133359670639038086e-01
1.175523772835731506e-01 2.430728077888488770e-01 6.091076135635375977e-01
1.132475733757019043e-01 1.641370952129364014e-01 6.059822440147399902e-01
1.062202975153923035e-01 1.471298485994338989e-01 5.993410348892211914e-01
9.648153185844421387e-02 1.611490696668624878e-01 5.983911752700805664e-01
9.989005327224731445e-02 1.561428904533386230e-01 5.991543531417846680e-01
9.775377064943313599e-02 1.625959724187850952e-01 5.984943509101867676e-01
9.939727932214736938e-02 1.652645468711853027e-01 5.991365313529968262e-01
1.023295000195503235e-01 1.477718651294708252e-01 6.019195318222045898e-01
1.134435087442398071e-01 1.585891395807266235e-01 6.065944433212280273e-01
1.139903292059898376e-01 1.641885638236999512e-01 6.086781024932861328e-01
1.300995796918869019e-01 1.780894696712493896e-01 6.259431242942810059e-01
1.138172671198844910e-01 1.895206868648529053e-01 6.138369441032409668e-01
1.365360021591186523e-01 1.823641955852508545e-01 6.358073353767395020e-01
1.268619000911712646e-01 2.027482092380523682e-01 6.338644623756408691e-01
1.240481063723564148e-01 1.975771486759185791e-01 6.415168642997741699e-01
1.367676109075546265e-01 1.965762674808502197e-01 6.306345462799072266e-01
1.425783187150955200e-01 1.811325848102569580e-01 6.409628987312316895e-01
1.588959693908691406e-01 1.370527744293212891e-01 6.691645979881286621e-01
1.737843155860900879e-01 6.716000288724899292e-02 6.666424274444580078e-01
2.159645259380340576e-01 3.326085209846496582e-02 7.234590053558349609e-01
2.273074686527252197e-01 -3.248542547225952148e-03 7.339784502983093262e-01
2.331666797399520874e-01 -3.942555189132690430e-02 7.430537939071655273e-01
2.441385090351104736e-01 -7.468600571155548096e-02 7.439162731170654297e-01
2.217703461647033691e-01 -7.570691406726837158e-02 7.328048348426818848e-01
2.351455092430114746e-01 -5.100414156913757324e-02 7.265195250511169434e-01
2.359156310558319092e-01 -7.540450990200042725e-02 7.377740144729614258e-01
2.248835116624832153e-01 -8.316661417484283447e-02 7.278869152069091797e-01
2.145982831716537476e-01 -7.205004990100860596e-02 7.034417390823364258e-01
2.203176915645599365e-01 -5.747459828853607178e-02 7.075404524803161621e-01
2.527027130126953125e-01 -8.561667799949645996e-02 7.466409802436828613e-01
2.318743467330932617e-01 -1.368139833211898804e-01 7.286133766174316406e-01
2.564959824085235596e-01 -1.328220516443252563e-01 7.419471144676208496e-01
2.885763645172119141e-01 -1.581832319498062134e-01 7.658350467681884766e-01
3.024267554283142090e-01 -1.956846266984939575e-01 7.655663490295410156e-01
2.762782871723175049e-01 -1.970617920160293579e-01 7.559931874275207520e-01
2.828241884708404541e-01 -1.959049850702285767e-01 7.614747285842895508e-01
3.018244504928588867e-01 -1.752999573945999146e-01 7.677913308143615723e-01
2.535996735095977783e-01 -1.360300630331039429e-01 7.423903942108154297e-01
2.411948740482330322e-01 -1.223808676004409790e-01 7.207626104354858398e-01
2.387359738349914551e-01 -1.155035644769668579e-01 7.168907523155212402e-01
2.439818382263183594e-01 -1.426165252923965454e-01 6.978492736816406250e-01
2.290749251842498779e-01 -2.120937258005142212e-01 7.086529731750488281e-01
2.147339582443237305e-01 -2.495781630277633667e-01 6.757180690765380859e-01
1.866403520107269287e-01 -2.987342476844787598e-01 6.555349230766296387e-01
1.943366527557373047e-01 -3.014643192291259766e-01 6.366442441940307617e-01
1.704739630222320557e-01 -3.028979301452636719e-01 6.222024559974670410e-01
1.622328460216522217e-01 -3.444283008575439453e-01 6.148136854171752930e-01
1.540883332490921021e-01 -2.976443767547607422e-01 6.073325276374816895e-01
1.083743050694465637e-01 -2.589828968048095703e-01 5.816989541053771973e-01
8.113417774438858032e-02 -2.117843478918075562e-01 5.398947000503540039e-01
6.270074844360351562e-02 -2.595071196556091309e-01 5.164281129837036133e-01
4.875776916742324829e-02 -2.457190603017807007e-01 4.897564947605133057e-01
2.797191590070724487e-02 -2.056524902582168579e-01 4.727513790130615234e-01
3.545547276735305786e-02 -1.830464154481887817e-01 4.552883505821228027e-01
-2.614472061395645142e-02 -1.669655591249465942e-01 4.262617826461791992e-01
-2.679523080587387085e-02 -1.946002095937728882e-01 4.092254638671875000e-01
-3.290448337793350220e-02 -1.897195130586624146e-01 4.066115319728851318e-01
-4.109369963407516479e-02 -1.806985586881637573e-01 3.983308374881744385e-01
-3.354104608297348022e-02 -1.449037641286849976e-01 3.885237276554107666e-01
-1.553668826818466187e-02 -1.089624613523483276e-01 4.086425304412841797e-01
1.028411090373992920e-02 -5.616378784179687500e-02 4.511573016643524170e-01
4.909418523311614990e-02 -4.732386767864227295e-02 5.014234781265258789e-01
4.081747680902481079e-02 -2.121366560459136963e-02 4.752783179283142090e-01
2.534368634223937988e-02 -1.837132871150970459e-02 4.704462289810180664e-01
-1.150576025247573853e-02 -7.897973060607910156e-03 4.443621635437011719e-01
-1.137395203113555908e-02 -3.075742721557617188e-02 4.275414943695068359e-01
-1.326158642768859863e-03 -1.041208952665328979e-01 4.347470402717590332e-01
-8.451081812381744385e-03 -1.940166503190994263e-01 4.309394955635070801e-01
-4.655562341213226318e-03 -2.173813432455062866e-01 4.278878271579742432e-01
-5.128331482410430908e-03 -2.465935498476028442e-01 4.045382440090179443e-01
-5.558982491493225098e-03 -2.279678434133529663e-01 4.149587154388427734e-01
-6.458354741334915161e-02 -2.216397672891616821e-01 3.686074912548065186e-01
-5.298886448144912720e-02 -2.380220741033554077e-01 3.718042075634002686e-01
-4.941066354513168335e-02 -2.821168303489685059e-01 3.461649417877197266e-01
-8.973360806703567505e-02 -2.322774678468704224e-01 3.162744641304016113e-01
-1.788090169429779053e-01 -1.930253654718399048e-01 2.649315595626831055e-01
-1.846606135368347168e-01 -1.638229638338088989e-01 2.240524590015411377e-01
-2.367705404758453369e-01 -2.794749140739440918e-01 1.798413991928100586e-01
-2.588734030723571777e-01 -2.155032008886337280e-01 1.253230571746826172e-01
-3.065002262592315674e-01 -2.058158367872238159e-01 1.196618080139160156e-01
-2.871809303760528564e-01 -2.060082703828811646e-01 7.626658678054809570e-02
-3.304456174373626709e-01 -2.304805964231491089e-01 7.188284397125244141e-02
-3.618665337562561035e-01 -1.791784018278121948e-01 4.551845788955688477e-02
-3.422352969646453857e-01 -1.457426100969314575e-01 1.192444562911987305e-02
-4.041410386562347412e-01 -1.417139917612075806e-01 -1.541996002197265625e-02
-4.088838398456573486e-01 -1.236371546983718872e-01 -4.461187124252319336e-02
-4.530291855335235596e-01 -1.304522305727005005e-01 -5.098634958267211914e-02
-4.641267955303192139e-01 -1.009756475687026978e-01 -6.438738107681274414e-02
-4.203956425189971924e-01 -1.276056617498397827e-01 -3.707373142242431641e-02
-4.470050036907196045e-01 -5.048732459545135498e-02 -8.214914798736572266e-02
-4.051488339900970459e-01 2.166521549224853516e-02 -1.005560159683227539e-02
-3.733305931091308594e-01 8.636512607336044312e-02 2.208107709884643555e-02
-4.138380587100982666e-01 1.546270549297332764e-01 -2.391940355300903320e-02
-4.101049602031707764e-01 1.579338014125823975e-01 -2.518171072006225586e-02
-4.587382376194000244e-01 1.856952607631683350e-01 -5.659359693527221680e-02
-4.415571391582489014e-01 1.444508135318756104e-01 -2.718031406402587891e-03
-3.854547441005706787e-01 5.924718827009201050e-02 3.208863735198974609e-02
-4.015373289585113525e-01 7.953376322984695435e-02 -6.411314010620117188e-03
-4.342092573642730713e-01 1.483129858970642090e-01 -3.416085243225097656e-02
-4.512334167957305908e-01 1.842701286077499390e-01 -7.643043994903564453e-03
-4.843886196613311768e-01 2.802269458770751953e-01 -7.645839452743530273e-02
-5.028322339057922363e-01 3.185127973556518555e-01 -1.028199195861816406e-01
-5.273058414459228516e-01 3.591492176055908203e-01 -1.040650010108947754e-01
-5.226536989212036133e-01 3.439877033233642578e-01 -1.083490252494812012e-01
-4.603513777256011963e-01 2.670008540153503418e-01 -2.094459533691406250e-02
-5.318300127983093262e-01 2.839218378067016602e-01 -9.564602375030517578e-02
-5.104069709777832031e-01 2.801141738891601562e-01 -1.183777451515197754e-01
-6.149606704711914062e-01 3.802749514579772949e-01 -2.014580965042114258e-01
-6.299961805343627930e-01 4.533105492591857910e-01 -2.252195477485656738e-01
-6.775123476982116699e-01 4.476009011268615723e-01 -2.222458720207214355e-01
-6.395304799079895020e-01 5.145561695098876953e-01 -2.397478222846984863e-01
-6.212611794471740723e-01 5.087786316871643066e-01 -1.958085298538208008e-01
-5.703393816947937012e-01 4.963901638984680176e-01 -1.536926627159118652e-01
-5.455937981605529785e-01 5.173019170761108398e-01 -9.777289628982543945e-02
-5.351827740669250488e-01 5.128933191299438477e-01 -1.492047309875488281e-01
-5.601975321769714355e-01 5.655360221862792969e-01 -1.206766366958618164e-01
-5.769204497337341309e-01 5.410655736923217773e-01 -2.102484107017517090e-01
-5.965573191642761230e-01 5.055058002471923828e-01 -1.621009707450866699e-01
-5.738605856895446777e-01 4.577393531799316406e-01 -1.571269631385803223e-01
-5.656921267509460449e-01 4.540972709655761719e-01 -1.372118592262268066e-01
-4.775954782962799072e-01 4.547277092933654785e-01 -9.232175350189208984e-02
-4.903745353221893311e-01 4.599308967590332031e-01 -9.053826332092285156e-02
-4.913755357265472412e-01 5.818446874618530273e-01 -5.502891540527343750e-02
-4.520913660526275635e-01 5.634311437606811523e-01 -1.259356737136840820e-02
-3.866325020790100098e-01 5.172032117843627930e-01 5.337357521057128906e-02
-2.973651289939880371e-01 4.737162590026855469e-01 1.424533724784851074e-01
-2.983724772930145264e-01 4.744044542312622070e-01 1.607484817504882812e-01
-2.460180819034576416e-01 4.733222723007202148e-01 1.991329789161682129e-01
-2.111312448978424072e-01 4.963823556900024414e-01 2.547308504581451416e-01
-1.993129253387451172e-01 4.782831072807312012e-01 2.765248119831085205e-01
-1.736867725849151611e-01 4.832254052162170410e-01 2.938219308853149414e-01
-1.629231870174407959e-01 4.369451999664306641e-01 3.216685354709625244e-01
-1.299208998680114746e-01 4.778832793235778809e-01 3.537683784961700439e-01
-1.352340579032897949e-01 4.963780045509338379e-01 3.455768823623657227e-01
-1.246139779686927795e-01 4.803056120872497559e-01 3.626718521118164062e-01
-9.202035516500473022e-02 4.845393896102905273e-01 4.009473323822021484e-01
-5.679035931825637817e-02 4.844415783882141113e-01 4.397643804550170898e-01
-3.575762361288070679e-02 4.952479004859924316e-01 4.764918088912963867e-01
-3.182948380708694458e-02 4.738446474075317383e-01 4.610722064971923828e-01
-1.068191975355148315e-02 4.718937873840332031e-01 5.049872994422912598e-01
3.458424657583236694e-02 4.192165732383728027e-01 5.320528745651245117e-01
7.882237434387207031e-03 4.189209938049316406e-01 5.084250569343566895e-01
9.404525160789489746e-02 4.021139144897460938e-01 5.876823663711547852e-01
8.147948235273361206e-02 4.448101520538330078e-01 6.098610162734985352e-01
1.223398000001907349e-01 4.579608440399169922e-01 6.329627037048339844e-01
1.068714261054992676e-01 4.503995180130004883e-01 6.430338621139526367e-01
1.297226548194885254e-01 4.002991020679473877e-01 6.302008032798767090e-01
1.410777270793914795e-01 3.322101235389709473e-01 6.517785191535949707e-01
1.729005426168441772e-01 2.918231487274169922e-01 6.758029460906982422e-01
1.391183435916900635e-01 3.052625656127929688e-01 6.419682502746582031e-01
1.417297273874282837e-01 3.037247061729431152e-01 6.400753855705261230e-01
1.481068432331085205e-01 2.944872379302978516e-01 6.521040201187133789e-01
1.431934833526611328e-01 2.939334511756896973e-01 6.494861245155334473e-01
1.710695922374725342e-01 2.399548888206481934e-01 6.704511642456054688e-01
1.670044064521789551e-01 2.199112027883529663e-01 6.763629913330078125e-01
1.612920463085174561e-01 2.247162163257598877e-01 6.775130033493041992e-01
1.763968765735626221e-01 2.020447850227355957e-01 6.738332509994506836e-01
1.432349979877471924e-01 1.578341871500015259e-01 6.542408466339111328e-01
1.795175373554229736e-01 1.495198011398315430e-01 6.636426448822021484e-01
1.670613139867782593e-01 1.398653984069824219e-01 6.786853075027465820e-01
1.459371149539947510e-01 1.444167792797088623e-01 6.416012048721313477e-01
1.309112310409545898e-01 1.357268840074539185e-01 6.234502792358398438e-01
1.154078319668769836e-01 1.515591740608215332e-01 6.102365851402282715e-01
1.139099597930908203e-01 1.551024019718170166e-01 6.182464957237243652e-01
1.051861941814422607e-01 9.494555741548538208e-02 6.153050661087036133e-01
1.060141101479530334e-01 9.455267339944839478e-02 6.025352478027343750e-01
9.489591419696807861e-02 1.363116800785064697e-01 5.897702574729919434e-01
9.596103429794311523e-02 1.249317228794097900e-01 5.811832547187805176e-01
7.263128459453582764e-02 1.485088914632797241e-01 5.660752058029174805e-01
7.239412516355514526e-02 1.598675549030303955e-01 5.624049901962280273e-01
7.560494542121887207e-02 1.781698614358901978e-01 5.577440261840820312e-01
3.903201967477798462e-02 2.049516141414642334e-01 5.388551950454711914e-01
3.952845185995101929e-02 2.061454951763153076e-01 5.290160775184631348e-01
6.781905144453048706e-02 1.911778897047042847e-01 5.629893541336059570e-01
1.888850331306457520e-01 1.743169873952865601e-01 6.987420320510864258e-01
3.032180666923522949e-01 1.781674027442932129e-01 8.020581603050231934e-01
3.405623733997344971e-01 1.212965399026870728e-01 8.668981790542602539e-01
3.782469928264617920e-01 1.024250090122222900e-01 8.860212564468383789e-01
4.071123003959655762e-01 -2.420678734779357910e-03 9.288784265518188477e-01
4.174659252166748047e-01 -2.876015007495880127e-02 9.184828400611877441e-01
4.512030184268951416e-01 -5.465914309024810791e-02 9.429921507835388184e-01
4.735562801361083984e-01 -7.701058685779571533e-02 9.764803647994995117e-01
4.400109350681304932e-01 -6.710897386074066162e-02 9.458067417144775391e-01
3.936721384525299072e-01 -2.928279340267181396e-02 9.159085750579833984e-01
3.529202044010162354e-01 1.923178136348724365e-02 8.696365356445312500e-01
4.002918601036071777e-01 1.981276273727416992e-02 9.036886692047119141e-01
3.743853271007537842e-01 -1.728786528110504150e-02 8.977918624877929688e-01
3.907626569271087646e-01 -4.639805853366851807e-02 9.146332740783691406e-01
3.943738937377929688e-01 -8.740019798278808594e-02 9.179164171218872070e-01
3.611426651477813721e-01 -1.269289702177047729e-01 8.550670146942138672e-01
3.667113482952117920e-01 -1.008808761835098267e-01 8.568202257156372070e-01
3.139447271823883057e-01 -7.293060421943664551e-02 8.284826278686523438e-01
2.719896435737609863e-01 -4.716025292873382568e-02 7.957915067672729492e-01
1.694252490997314453e-01 1.283048093318939209e-02 6.863656044006347656e-01
1.223293840885162354e-01 1.145470216870307922e-01 6.268186569213867188e-01
1.016167178750038147e-01 1.512488126754760742e-01 5.922140479087829590e-01
8.320959657430648804e-02 1.502196490764617920e-01 5.844383835792541504e-01
8.470551669597625732e-02 1.511883139610290527e-01 5.958720445632934570e-01
6.016895174980163574e-02 1.800072491168975830e-01 5.556458234786987305e-01
5.935868248343467712e-02 1.753665357828140259e-01 5.485744476318359375e-01
4.328276216983795166e-02 1.946018338203430176e-01 5.342811346054077148e-01
7.328955829143524170e-02 1.433899849653244019e-01 5.718644261360168457e-01
9.262868016958236694e-02 9.354675561189651489e-02 5.752807855606079102e-01
9.438561648130416870e-02 8.297362923622131348e-02 5.996781587600708008e-01
1.477244645357131958e-01 5.852384865283966064e-02 6.248127222061157227e-01
1.304848194122314453e-01 5.857035517692565918e-02 6.267142295837402344e-01
1.552679240703582764e-01 4.486818611621856689e-02 6.496991515159606934e-01
1.536190956830978394e-01 1.424343883991241455e-02 6.518422365188598633e-01
1.753778755664825439e-01 -5.000770092010498047e-03 6.668646931648254395e-01
1.979551315307617188e-01 -6.391923129558563232e-02 7.001107335090637207e-01
2.096431553363800049e-01 -1.414363235235214233e-01 6.878979206085205078e-01
2.007713019847869873e-01 -1.464180499315261841e-01 6.857047677040100098e-01
2.276693880558013916e-01 -1.803938597440719604e-01 7.170733809471130371e-01
2.303658425807952881e-01 -2.307970970869064331e-01 7.216212153434753418e-01
2.211232781410217285e-01 -2.546063661575317383e-01 6.814903020858764648e-01
2.028111070394515991e-01 -2.108940929174423218e-01 6.686351299285888672e-01
2.131499350070953369e-01 -2.443250268697738647e-01 6.765037178993225098e-01
2.040211260318756104e-01 -2.490902692079544067e-01 6.578857302665710449e-01
1.536189913749694824e-01 -2.343989163637161255e-01 6.421796679496765137e-01
1.552541404962539673e-01 -2.004306465387344360e-01 6.198286414146423340e-01
1.268817931413650513e-01 -1.912233084440231323e-01 5.830788016319274902e-01
8.707466721534729004e-02 -1.170497089624404907e-01 5.642043948173522949e-01
9.399552643299102783e-02 -1.357431262731552124e-01 5.478082895278930664e-01
7.052776217460632324e-02 -1.080211848020553589e-01 5.223911404609680176e-01
7.037571072578430176e-02 -9.810207784175872803e-02 5.253672599792480469e-01
7.880264520645141602e-02 -1.086783260107040405e-01 5.437848567962646484e-01
8.590482175350189209e-02 -7.652117311954498291e-02 5.395361185073852539e-01
9.851439297199249268e-02 -4.896377027034759521e-02 5.646096467971801758e-01
1.261788904666900635e-01 -3.538085520267486572e-02 5.637745857238769531e-01
1.219157353043556213e-01 -4.159565269947052002e-02 5.925918817520141602e-01
1.589975506067276001e-01 -5.305829644203186035e-02 6.458559632301330566e-01
1.890556812286376953e-01 -9.320686757564544678e-02 6.511406898498535156e-01
1.938403248786926270e-01 -9.104342758655548096e-02 6.557337641716003418e-01
1.623647063970565796e-01 -7.017187774181365967e-02 6.385060548782348633e-01
1.696259081363677979e-01 -6.583134829998016357e-02 6.584726572036743164e-01
1.573711037635803223e-01 -9.679104387760162354e-02 6.260594129562377930e-01
1.660060435533523560e-01 -8.682727813720703125e-02 6.452045440673828125e-01
1.711836606264114380e-01 -1.316958218812942505e-01 6.357733607292175293e-01
1.624359190464019775e-01 -1.276449412107467651e-01 6.223201751708984375e-01
1.493445932865142822e-01 -1.685432642698287964e-01 6.430369019508361816e-01
1.349873095750808716e-01 -1.909815222024917603e-01 5.971834659576416016e-01
1.391518265008926392e-01 -1.443668156862258911e-01 6.096115708351135254e-01
1.516590565443038940e-01 -1.082092076539993286e-01 6.207396984100341797e-01
1.356172412633895874e-01 -9.251804649829864502e-02 6.418395638465881348e-01
1.265338063240051270e-01 -8.759190142154693604e-02 6.117591261863708496e-01
1.200070530176162720e-01 -4.452310502529144287e-02 5.856735706329345703e-01
1.561799347400665283e-01 -7.527802884578704834e-02 6.043735146522521973e-01
1.445074081420898438e-01 -8.470800518989562988e-02 5.903273820877075195e-01
1.291193366050720215e-01 -1.175124794244766235e-01 5.954854488372802734e-01
1.227880567312240601e-01 -9.076048433780670166e-02 5.622271299362182617e-01
1.275057494640350342e-01 -7.551139593124389648e-02 5.554910898208618164e-01
7.650518417358398438e-02 -2.420428395271301270e-02 5.492883920669555664e-01
9.121915698051452637e-02 -1.580803096294403076e-02 5.524860620498657227e-01
8.533667773008346558e-02 2.576966583728790283e-02 5.596529841423034668e-01
7.728993892669677734e-02 2.996253967285156250e-02 5.396215319633483887e-01
6.415741890668869019e-02 4.033888131380081177e-02 5.313363075256347656e-01
4.915836453437805176e-02 8.163631707429885864e-02 5.143415927886962891e-01
1.373997330665588379e-01 1.750996708869934082e-02 5.857194066047668457e-01
1.202778294682502747e-01 1.609452068805694580e-02 5.968053340911865234e-01
1.546762287616729736e-01 -2.298596501350402832e-02 5.861726999282836914e-01
1.320103257894515991e-01 1.879730820655822754e-02 5.967718958854675293e-01
1.497881710529327393e-01 -1.315440237522125244e-02 6.169160008430480957e-01
1.473479866981506348e-01 -4.370683431625366211e-02 6.172715425491333008e-01
1.312822103500366211e-01 -2.448160946369171143e-02 6.269874572753906250e-01
1.291090548038482666e-01 -6.292644143104553223e-02 5.868023633956909180e-01
1.407863944768905640e-01 -1.081322878599166870e-01 5.992614030838012695e-01
1.491669118404388428e-01 -1.409083455801010132e-01 6.094329953193664551e-01
1.646591275930404663e-01 -1.875103265047073364e-01 6.258174777030944824e-01
1.350177079439163208e-01 -1.802767366170883179e-01 6.112981438636779785e-01
1.496847569942474365e-01 -1.899103075265884399e-01 6.137394905090332031e-01
1.590303778648376465e-01 -1.935438662767410278e-01 6.102517843246459961e-01
1.381129175424575806e-01 -1.184945851564407349e-01 6.201999187469482422e-01
1.636016219854354858e-01 -1.160011142492294312e-01 6.359144449234008789e-01
1.591977775096893311e-01 -1.197704523801803589e-01 6.111695766448974609e-01
1.769685447216033936e-01 -1.729766279458999634e-01 6.292815804481506348e-01
1.905651688575744629e-01 -1.816365569829940796e-01 6.669615507125854492e-01
1.991465091705322266e-01 -1.655819863080978394e-01 6.397213935852050781e-01
1.555739641189575195e-01 -1.435194760560989380e-01 6.144821643829345703e-01
1.890015304088592529e-01 -1.648340374231338501e-01 6.432693600654602051e-01
1.972676813602447510e-01 -1.681564599275588989e-01 6.499489545822143555e-01
1.585947424173355103e-01 -6.159467995166778564e-02 6.185075044631958008e-01
1.171834170818328857e-01 6.174340844154357910e-03 5.850398540496826172e-01
1.035829111933708191e-01 6.635186076164245605e-02 5.743615031242370605e-01
8.581157028675079346e-02 1.350985169410705566e-01 5.612443089485168457e-01
8.071631193161010742e-02 1.612877249717712402e-01 5.410017967224121094e-01
4.464836418628692627e-02 1.749714612960815430e-01 5.252974033355712891e-01
5.453662574291229248e-02 1.948111057281494141e-01 5.616459846496582031e-01
8.731066435575485229e-02 1.868523359298706055e-01 5.904138088226318359e-01
1.150082796812057495e-01 1.638997644186019897e-01 5.810982584953308105e-01
1.226134449243545532e-01 1.009517535567283630e-01 5.983828902244567871e-01
1.234057769179344177e-01 5.141720175743103027e-03 5.823244452476501465e-01
1.033393442630767822e-01 -6.534606218338012695e-02 5.992565155029296875e-01
1.178740635514259338e-01 -7.643263041973114014e-02 5.928615927696228027e-01
1.097959950566291809e-01 -9.339015185832977295e-02 5.630532503128051758e-01
8.252489566802978516e-02 -8.027364313602447510e-02 5.537745952606201172e-01
1.058530360460281372e-01 -1.043501049280166626e-01 5.613102912902832031e-01
1.013095304369926453e-01 -1.256388872861862183e-01 5.521827340126037598e-01
5.475042760372161865e-02 -1.292474716901779175e-01 5.166320204734802246e-01
2.939338237047195435e-02 -1.702492386102676392e-01 4.888247251510620117e-01
3.841688483953475952e-02 -2.180313020944595337e-01 4.990023374557495117e-01
1.395060867071151733e-02 -3.536680936813354492e-01 4.479328095912933350e-01
6.911061704158782959e-03 -3.498865365982055664e-01 4.290701150894165039e-01
-4.957854747772216797e-03 -4.212462902069091797e-01 4.131039381027221680e-01
-5.256938189268112183e-02 -4.598447680473327637e-01 3.607095181941986084e-01
-4.005234688520431519e-02 -4.866234064102172852e-01 3.764161467552185059e-01
-1.069606617093086243e-01 -4.056978821754455566e-01 2.771005630493164062e-01
-1.803011000156402588e-01 -3.560134172439575195e-01 2.246835827827453613e-01
-3.045854270458221436e-01 -3.224212527275085449e-01 1.102780699729919434e-01
-3.198976516723632812e-01 -3.614519238471984863e-01 7.245147228240966797e-02
-3.376726508140563965e-01 -4.116355180740356445e-01 3.472226858139038086e-02
-3.853791952133178711e-01 -3.604649901390075684e-01 -2.112406492233276367e-02
-4.709598720073699951e-01 -2.811908721923828125e-01 -3.809309005737304688e-02
-4.602183401584625244e-01 -3.233516216278076172e-01 -9.389930963516235352e-02
-4.411053359508514404e-01 -3.783543109893798828e-01 -2.824389934539794922e-02
-4.204653799533843994e-01 -3.475347161293029785e-01 -7.524204254150390625e-02
-4.231448471546173096e-01 -3.242202401161193848e-01 -5.023884773254394531e-02
-3.786634504795074463e-01 -3.197508454322814941e-01 -1.263588666915893555e-02
-4.355776011943817139e-01 -2.961021065711975098e-01 -3.275150060653686523e-02
-4.453483521938323975e-01 -2.262838929891586304e-01 -6.473082304000854492e-02
-5.507991909980773926e-01 -6.955368816852569580e-02 -1.152209043502807617e-01
-4.855168163776397705e-01 -5.842597782611846924e-02 -1.065858006477355957e-01
-6.347834467887878418e-01 -5.030781030654907227e-04 -1.871631145477294922e-01
-6.568076610565185547e-01 4.373277723789215088e-02 -2.708455920219421387e-01
-6.688323020935058594e-01 1.191540509462356567e-01 -2.698065638542175293e-01
-6.303501129150390625e-01 7.188258320093154907e-02 -2.727281451225280762e-01
-6.518521904945373535e-01 7.812237739562988281e-02 -2.509348392486572266e-01
-6.750422120094299316e-01 1.737003922462463379e-01 -2.951025366783142090e-01
-6.276374459266662598e-01 1.879462003707885742e-01 -2.178605198860168457e-01
-6.215080618858337402e-01 2.935752570629119873e-01 -2.369614243507385254e-01
-6.889908909797668457e-01 3.764296174049377441e-01 -2.519866824150085449e-01
-7.026246190071105957e-01 4.109476208686828613e-01 -3.252032399177551270e-01
-7.627719640731811523e-01 4.604706764221191406e-01 -3.672173619270324707e-01
-7.845137119293212891e-01 4.768355488777160645e-01 -4.249863028526306152e-01
-8.792288303375244141e-01 5.263898372650146484e-01 -4.251967072486877441e-01
-8.139621615409851074e-01 5.285503268241882324e-01 -4.418876767158508301e-01
-8.042678236961364746e-01 5.064088106155395508e-01 -3.776112794876098633e-01
-7.625833153724670410e-01 5.041553974151611328e-01 -3.701975345611572266e-01
-7.215604782104492188e-01 5.293812751770019531e-01 -2.823144197463989258e-01
-6.198441386222839355e-01 4.910650849342346191e-01 -2.578290104866027832e-01
-6.467437744140625000e-01 5.537498593330383301e-01 -2.340242862701416016e-01
-6.540238261222839355e-01 5.578356981277465820e-01 -2.189663648605346680e-01
-5.922138690948486328e-01 6.097666025161743164e-01 -1.823763251304626465e-01
-5.593416094779968262e-01 5.773857235908508301e-01 -1.611274480819702148e-01
-5.400476455688476562e-01 5.369507074356079102e-01 -1.175785660743713379e-01
-5.303530097007751465e-01 5.179466009140014648e-01 -1.104407310485839844e-01
-4.787485897541046143e-01 5.007726550102233887e-01 -7.435041666030883789e-02
-4.610101282596588135e-01 4.843103885650634766e-01 -3.033816814422607422e-02
-4.616347253322601318e-01 4.932477474212646484e-01 -1.601570844650268555e-02
-4.187845885753631592e-01 5.406644940376281738e-01 2.113348245620727539e-02
-3.439308702945709229e-01 4.738887548446655273e-01 7.846444845199584961e-02
-3.533502817153930664e-01 4.725747704505920410e-01 1.252982318401336670e-01
-3.049999177455902100e-01 4.617120027542114258e-01 1.549592614173889160e-01
-2.678582370281219482e-01 4.338693618774414062e-01 2.160464525222778320e-01
-1.871646940708160400e-01 3.975829482078552246e-01 2.893031835556030273e-01
-1.443365216255187988e-01 3.784223198890686035e-01 3.550285100936889648e-01
-1.008838191628456116e-01 3.433057665824890137e-01 3.853657841682434082e-01
-1.113526299595832825e-01 3.533915877342224121e-01 3.911485671997070312e-01
-6.501742452383041382e-02 3.592678308486938477e-01 4.077155888080596924e-01
-6.398019939661026001e-02 3.598854243755340576e-01 4.173534810543060303e-01
-1.007834747433662415e-01 3.868003487586975098e-01 3.966045081615447998e-01
-1.221320107579231262e-01 4.525345563888549805e-01 3.607661128044128418e-01
-1.333451569080352783e-01 4.468753933906555176e-01 3.478137850761413574e-01
-1.361863017082214355e-01 5.132001638412475586e-01 3.427937626838684082e-01
-1.563229262828826904e-01 5.504883527755737305e-01 3.360605239868164062e-01
-1.286496818065643311e-01 6.572098731994628906e-01 3.481248617172241211e-01
-1.326453089714050293e-01 6.657059788703918457e-01 3.599947690963745117e-01
-1.485489904880523682e-01 6.800975203514099121e-01 3.430924415588378906e-01
-9.777117520570755005e-02 6.449240446090698242e-01 4.128264188766479492e-01
-5.516847223043441772e-02 6.387091875076293945e-01 4.233815073966979980e-01
-5.945403128862380981e-02 5.892899632453918457e-01 4.735503792762756348e-01
-4.737897962331771851e-02 6.120229959487915039e-01 4.714564085006713867e-01
-3.236065059900283813e-02 6.216941475868225098e-01 4.754382967948913574e-01
-2.721918374300003052e-02 6.145904660224914551e-01 4.707637131214141846e-01
-3.473099321126937866e-02 5.476087927818298340e-01 4.616493582725524902e-01
-4.590050131082534790e-02 5.354173183441162109e-01 4.496111869812011719e-01
-5.043280869722366333e-02 5.638458132743835449e-01 4.703487455844879150e-01
-5.890820175409317017e-02 5.439584851264953613e-01 4.514654278755187988e-01
-6.952963769435882568e-03 5.377560257911682129e-01 4.816999137401580811e-01
-6.422996520996093750e-03 4.544947147369384766e-01 4.775483608245849609e-01
-3.107509762048721313e-02 4.322372078895568848e-01 4.602705240249633789e-01
-2.621490508317947388e-02 4.111466407775878906e-01 4.644967913627624512e-01
-3.146998584270477295e-03 3.684393167495727539e-01 4.896066188812255859e-01
-5.458891391754150391e-03 3.410836458206176758e-01 4.764034748077392578e-01
3.677687793970108032e-02 2.607998847961425781e-01 5.077745914459228516e-01
4.656433314085006714e-02 1.444387584924697876e-01 5.168465375900268555e-01
6.860593706369400024e-02 1.049704253673553467e-01 5.328450202941894531e-01
6.112282350659370422e-02 6.519503891468048096e-02 5.313647985458374023e-01
7.315801084041595459e-02 6.022040545940399170e-02 5.469369888305664062e-01
8.138792216777801514e-02 2.265587449073791504e-03 5.428158640861511230e-01
6.839855760335922241e-02 1.529383659362792969e-02 5.459291934967041016e-01
8.496785908937454224e-02 1.890361309051513672e-02 5.721001029014587402e-01
7.206588238477706909e-02 1.664474606513977051e-02 5.579544305801391602e-01
8.341637998819351196e-02 1.063585281372070312e-03 5.633311867713928223e-01
7.484719157218933105e-02 9.532034397125244141e-03 5.507309436798095703e-01
7.337760925292968750e-02 3.913942724466323853e-02 5.528240799903869629e-01
7.591456919908523560e-02 3.911380469799041748e-02 5.613195300102233887e-01
6.653472036123275757e-02 6.201802194118499756e-02 5.780610442161560059e-01
1.206321567296981812e-01 6.678228080272674561e-02 5.872936248779296875e-01
1.241792738437652588e-01 6.923881173133850098e-02 6.189619898796081543e-01
1.540230512619018555e-01 2.868719398975372314e-02 6.541247963905334473e-01
1.463821828365325928e-01 2.061261236667633057e-02 6.494927406311035156e-01
1.620078682899475098e-01 3.727877885103225708e-02 6.522946953773498535e-01
1.625261902809143066e-01 6.006448715925216675e-02 6.470074653625488281e-01
1.356709152460098267e-01 7.746268808841705322e-02 6.285431981086730957e-01
1.366643905639648438e-01 8.120235800743103027e-02 6.238080263137817383e-01
1.414001733064651489e-01 7.714304327964782715e-02 6.347148418426513672e-01
1.389444023370742798e-01 8.792783319950103760e-02 6.355969905853271484e-01
1.334357559680938721e-01 6.322649121284484863e-02 6.394959688186645508e-01
1.477870345115661621e-01 3.033122420310974121e-02 6.462022662162780762e-01
1.562270671129226685e-01 1.591035723686218262e-02 6.535025238990783691e-01
1.738513261079788208e-01 6.058737635612487793e-03 6.624560356140136719e-01
1.791740357875823975e-01 -9.081766009330749512e-03 6.721210479736328125e-01
1.807254552841186523e-01 -3.858111798763275146e-02 6.657419800758361816e-01
1.340067982673645020e-01 -3.233121335506439209e-02 6.139123439788818359e-01
1.329694986343383789e-01 -3.464229404926300049e-02 6.018857955932617188e-01
1.047891527414321899e-01 -6.079904735088348389e-02 5.668762326240539551e-01
8.239416778087615967e-02 -3.637750446796417236e-02 5.570663213729858398e-01
7.780947536230087280e-02 -8.180125057697296143e-02 5.414309501647949219e-01
8.228783309459686279e-02 -8.358271420001983643e-02 5.316388607025146484e-01
8.968404680490493774e-02 -1.269619017839431763e-01 5.600244402885437012e-01
1.052196472883224487e-01 -1.718567162752151489e-01 5.605593323707580566e-01
9.083391726016998291e-02 -1.618482321500778198e-01 5.520265698432922363e-01
1.013822630047798157e-01 -1.485603302717208862e-01 5.432425737380981445e-01
6.151707842946052551e-02 -1.607492119073867798e-01 5.203277468681335449e-01
8.696413040161132812e-02 -1.416530758142471313e-01 5.355907082557678223e-01
9.547947347164154053e-02 -1.644045859575271606e-01 5.655462741851806641e-01
9.609617292881011963e-02 -1.618270426988601685e-01 5.563058853149414062e-01
9.571354836225509644e-02 -1.348761469125747681e-01 5.467001199722290039e-01
8.100117743015289307e-02 -1.187334805727005005e-01 5.376560091972351074e-01
1.015575006604194641e-01 -1.171081811189651489e-01 5.802578926086425781e-01
1.147595867514610291e-01 -1.040533930063247681e-01 5.838304162025451660e-01
1.661420762538909912e-01 -1.057431250810623169e-01 6.419023871421813965e-01
1.580197364091873169e-01 -3.119045495986938477e-02 6.529900431632995605e-01
2.389847338199615479e-01 -7.129991054534912109e-02 7.077218890190124512e-01
2.225371897220611572e-01 -6.779506802558898926e-02 7.032428383827209473e-01
2.360087633132934570e-01 -1.445070654153823853e-01 7.048835754394531250e-01
2.197874784469604492e-01 -2.009787112474441528e-01 6.939322948455810547e-01
2.180057466030120850e-01 -2.223140746355056763e-01 6.769269108772277832e-01
2.255937755107879639e-01 -2.480965405702590942e-01 6.576772332191467285e-01
1.975884735584259033e-01 -2.327453047037124634e-01 6.472538113594055176e-01
2.068835198879241943e-01 -2.060238271951675415e-01 6.636854410171508789e-01
2.502444386482238770e-01 -2.529770731925964355e-01 7.083197832107543945e-01
2.060628831386566162e-01 -2.199940830469131470e-01 6.588307619094848633e-01
2.376952469348907471e-01 -2.302638441324234009e-01 6.829531788825988770e-01
2.790615260601043701e-01 -2.117457836866378784e-01 7.575858235359191895e-01
2.735572755336761475e-01 -2.488998025655746460e-01 7.335517406463623047e-01
3.011111319065093994e-01 -3.060420155525207520e-01 7.522743940353393555e-01
3.224611878395080566e-01 -2.959160208702087402e-01 7.950420379638671875e-01
3.511896133422851562e-01 -2.447626739740371704e-01 7.780717015266418457e-01
2.744816541671752930e-01 -2.553386092185974121e-01 7.587092518806457520e-01
2.354414165019989014e-01 -2.385235577821731567e-01 6.900821924209594727e-01
2.318732440471649170e-01 -2.202501446008682251e-01 6.958683133125305176e-01
2.263127714395523071e-01 -1.716497987508773804e-01 6.730844974517822266e-01
1.617834120988845825e-01 -9.742818772792816162e-02 6.346176266670227051e-01
2.163740992546081543e-01 -9.667454659938812256e-02 6.891080141067504883e-01
2.581072151660919189e-01 -7.473389804363250732e-02 7.014316320419311523e-01
2.047611474990844727e-01 -1.160030812025070190e-01 6.448419690132141113e-01
1.922849714756011963e-01 -1.178212910890579224e-01 6.535202264785766602e-01
1.871885657310485840e-01 -1.517895013093948364e-01 6.194269061088562012e-01
1.468790322542190552e-01 -1.240666061639785767e-01 6.318489313125610352e-01
1.693944334983825684e-01 -1.315136104822158813e-01 5.962631702423095703e-01
6.728662550449371338e-02 -1.004073172807693481e-01 5.340007543563842773e-01
7.546826452016830444e-02 -1.664703041315078735e-01 4.935455918312072754e-01
8.615300059318542480e-03 -2.166261225938796997e-01 4.570918679237365723e-01
1.086287945508956909e-02 -1.689625531435012817e-01 4.217493534088134766e-01
-2.068489044904708862e-02 -8.240580558776855469e-02 4.105373024940490723e-01
-4.762189835309982300e-02 -1.520599275827407837e-01 3.736919760704040527e-01
-4.360990971326828003e-02 -1.798085123300552368e-01 4.136607646942138672e-01
-1.875413209199905396e-02 -2.086424976587295532e-01 4.200834035873413086e-01
-1.823673397302627563e-02 -2.080709189176559448e-01 3.851464986801147461e-01
-1.242683082818984985e-02 -1.986708194017410278e-01 4.062692224979400635e-01
-6.802464276552200317e-02 -1.733758598566055298e-01 3.782763481140136719e-01
-7.550383359193801880e-02 -9.696687757968902588e-02 3.705370426177978516e-01
-1.473795175552368164e-01 1.552732288837432861e-02 3.073162734508514404e-01
-1.489463150501251221e-01 9.911717474460601807e-02 2.750689983367919922e-01
-1.962253749370574951e-01 1.745554208755493164e-01 2.510753870010375977e-01
-1.860755383968353271e-01 1.491685956716537476e-01 2.792975604534149170e-01
-1.481037437915802002e-01 1.215633153915405273e-01 2.963885962963104248e-01
-1.303157508373260498e-01 5.229405313730239868e-02 2.764926552772521973e-01
-1.341743469238281250e-01 4.161734133958816528e-02 3.044474422931671143e-01
-1.651083528995513916e-01 -8.589938282966613770e-03 2.696566581726074219e-01
-1.824065446853637695e-01 -3.861473500728607178e-02 2.348226010799407959e-01
-2.052353322505950928e-01 2.553911507129669189e-02 1.839986741542816162e-01
-2.561613619327545166e-01 5.681202560663223267e-02 1.842291057109832764e-01
-2.370763421058654785e-01 3.895136713981628418e-02 1.753781437873840332e-01
-2.546664178371429443e-01 5.838677287101745605e-03 1.783921718597412109e-01
-2.220962941646575928e-01 -4.221622645854949951e-02 1.985572278499603271e-01
-2.196960747241973877e-01 -5.739895999431610107e-02 2.115555405616760254e-01
-2.325932383537292480e-01 -8.363650739192962646e-02 1.819147169589996338e-01
-2.250502407550811768e-01 -8.125910162925720215e-02 1.625194549560546875e-01
-3.454021811485290527e-01 -1.887011528015136719e-02 7.654017210006713867e-02
-4.148168861865997314e-01 8.282642066478729248e-02 -8.144915103912353516e-03
-5.139175057411193848e-01 1.609084010124206543e-01 -1.181847453117370605e-01
-5.841856598854064941e-01 2.744162082672119141e-01 -1.697672009468078613e-01
-6.347489953041076660e-01 3.183843493461608887e-01 -2.289735078811645508e-01
-6.451917290687561035e-01 2.796835601329803467e-01 -2.162336111068725586e-01
-5.740813612937927246e-01 2.486490607261657715e-01 -1.580289006233215332e-01
-5.743613839149475098e-01 2.233931422233581543e-01 -1.782283186912536621e-01
-5.534058213233947754e-01 2.149797677993774414e-01 -1.346172690391540527e-01
-5.492002367973327637e-01 2.271263897418975830e-01 -1.419835090637207031e-01
-5.241047739982604980e-01 2.759836018085479736e-01 -1.245936751365661621e-01
-5.305223464965820312e-01 3.409548997879028320e-01 -1.005603671073913574e-01
-5.819677710533142090e-01 4.183126091957092285e-01 -1.293998956680297852e-01
-5.839946866035461426e-01 4.835684299468994141e-01 -1.723416447639465332e-01
-6.393420100212097168e-01 5.009488463401794434e-01 -1.698501706123352051e-01
-5.884674787521362305e-01 5.037173032760620117e-01 -1.572400331497192383e-01
-6.197376847267150879e-01 5.259993076324462891e-01 -1.835536360740661621e-01
-5.800687670707702637e-01 5.273551344871520996e-01 -1.806977987289428711e-01
-5.823075175285339355e-01 5.530673861503601074e-01 -1.186090111732482910e-01
-5.674004554748535156e-01 5.953837037086486816e-01 -1.377050280570983887e-01
-5.200503468513488770e-01 5.405556559562683105e-01 -7.832771539688110352e-02
-4.562593996524810791e-01 4.693645834922790527e-01 -4.000115394592285156e-02
-4.493157565593719482e-01 4.598513841629028320e-01 4.527390003204345703e-03
-4.004754126071929932e-01 5.161469578742980957e-01 2.381843328475952148e-02
-3.576897680759429932e-01 4.995734691619873047e-01 9.883415699005126953e-02
-2.784980237483978271e-01 4.825785160064697266e-01 1.902956068515777588e-01
-2.259745001792907715e-01 4.594513177871704102e-01 2.531909644603729248e-01
-1.795355081558227539e-01 4.451409578323364258e-01 2.636513411998748779e-01
-1.737455725669860840e-01 4.814453721046447754e-01 2.792824208736419678e-01
-1.766980886459350586e-01 4.431297779083251953e-01 3.102497160434722900e-01
-1.585634648799896240e-01 3.968854546546936035e-01 3.475515246391296387e-01
-8.025721460580825806e-02 3.221685886383056641e-01 3.994122743606567383e-01
-4.722983390092849731e-02 3.077981472015380859e-01 4.182610213756561279e-01
-3.428486734628677368e-02 2.518721222877502441e-01 4.391205310821533203e-01
-2.144081145524978638e-02 2.590480148792266846e-01 4.943370521068572998e-01
-3.586570173501968384e-02 3.019470572471618652e-01 4.524939656257629395e-01
-3.570834547281265259e-02 3.320518136024475098e-01 4.517752230167388916e-01
-2.056404203176498413e-02 3.620266914367675781e-01 4.705164730548858643e-01
-3.081700950860977173e-02 3.347914814949035645e-01 4.512856006622314453e-01
-2.379814535379409790e-02 4.045995473861694336e-01 4.936269223690032959e-01
-6.831742078065872192e-02 4.328895211219787598e-01 4.061145484447479248e-01
-7.890570908784866333e-02 4.804637432098388672e-01 4.171675741672515869e-01
-7.310479134321212769e-02 5.231341719627380371e-01 4.347749054431915283e-01
-1.393452584743499756e-01 5.770973563194274902e-01 3.585771918296813965e-01
-8.074588328599929810e-02 6.368851065635681152e-01 3.907461762428283691e-01
-1.034493073821067810e-01 6.427605748176574707e-01 3.798748850822448730e-01
-1.177573874592781067e-01 6.825366020202636719e-01 3.884755969047546387e-01
-1.010441705584526062e-01 6.891801357269287109e-01 4.171180725097656250e-01
-9.311231225728988647e-02 6.443775296211242676e-01 4.114004075527191162e-01
-5.442365258932113647e-02 6.346505880355834961e-01 4.453976154327392578e-01
-4.773364216089248657e-02 6.639049053192138672e-01 4.426446259021759033e-01
-4.583705216646194458e-02 6.732559800148010254e-01 4.520237743854522705e-01
-1.133784651756286621e-02 6.476262807846069336e-01 4.805943369865417480e-01
-9.945213794708251953e-03 5.971598029136657715e-01 5.059182643890380859e-01
1.290321350097656250e-03 5.939992666244506836e-01 5.148264169692993164e-01
2.176689356565475464e-02 5.565602183341979980e-01 5.379145741462707520e-01
2.577155828475952148e-02 5.632078647613525391e-01 5.411767363548278809e-01
2.161044627428054810e-02 5.376217961311340332e-01 5.414634346961975098e-01
7.065648585557937622e-02 4.799193739891052246e-01 5.724607110023498535e-01
6.985351443290710449e-02 4.450107216835021973e-01 5.852903127670288086e-01
6.969989836215972900e-02 3.738707900047302246e-01 5.837935209274291992e-01
6.326743215322494507e-02 3.480442762374877930e-01 5.791534185409545898e-01
6.483831256628036499e-02 3.292388319969177246e-01 5.690590739250183105e-01
7.071285694837570190e-02 3.139485418796539307e-01 5.825459361076354980e-01
9.109100699424743652e-02 2.548006772994995117e-01 5.913604497909545898e-01
8.941593021154403687e-02 2.610666155815124512e-01 5.951923727989196777e-01
8.375811576843261719e-02 2.403197586536407471e-01 5.880186557769775391e-01
8.270580321550369263e-02 2.215776890516281128e-01 5.917325019836425781e-01
8.700790256261825562e-02 1.943915784358978271e-01 5.882993936538696289e-01
7.434956729412078857e-02 1.795986741781234741e-01 5.732966661453247070e-01
7.680637389421463013e-02 1.885269731283187866e-01 5.761392712593078613e-01
6.663535535335540771e-02 2.006341665983200073e-01 5.666416883468627930e-01
7.113683223724365234e-02 1.984712630510330200e-01 5.704672932624816895e-01
6.542399525642395020e-02 1.815279424190521240e-01 5.722759962081909180e-01
8.247634023427963257e-02 1.899440437555313110e-01 5.760952234268188477e-01
6.523702293634414673e-02 1.822388321161270142e-01 5.764883160591125488e-01
8.304174244403839111e-02 1.892526000738143921e-01 5.925934910774230957e-01
8.271522819995880127e-02 1.967695206403732300e-01 5.836323499679565430e-01
7.763982564210891724e-02 1.989718973636627197e-01 5.774742364883422852e-01
7.974178344011306763e-02 1.961013078689575195e-01 5.857186913490295410e-01
8.414252847433090210e-02 1.855978071689605713e-01 5.900140404701232910e-01
1.075695306062698364e-01 1.731557846069335938e-01 5.945354700088500977e-01
1.143429353833198547e-01 1.086964979767799377e-01 6.141390800476074219e-01
1.343223005533218384e-01 1.042101532220840454e-01 6.363571286201477051e-01
1.597321927547454834e-01 8.994178473949432373e-02 6.313369274139404297e-01
1.898536682128906250e-01 7.028688490390777588e-02 6.761270761489868164e-01
1.696126759052276611e-01 9.363730251789093018e-02 6.587075591087341309e-01
2.373701632022857666e-01 1.092461794614791870e-01 7.500254511833190918e-01
2.333238422870635986e-01 1.103874221444129944e-01 7.556790113449096680e-01
3.462589979171752930e-01 6.324958801269531250e-02 9.060115814208984375e-01
5.129093527793884277e-01 1.692131161689758301e-03 1.064382076263427734e+00
6.020857691764831543e-01 -7.394802570343017578e-02 1.124113321304321289e+00
6.892006993293762207e-01 -1.599467247724533081e-01 1.211524486541748047e+00
6.980133056640625000e-01 -2.224465459585189819e-01 1.204129934310913086e+00
7.417660951614379883e-01 -3.030120730400085449e-01 1.256458282470703125e+00
7.520173192024230957e-01 -3.867332935333251953e-01 1.295586347579956055e+00
7.401096820831298828e-01 -3.943113684654235840e-01 1.263900637626647949e+00
7.019531130790710449e-01 -4.068677425384521484e-01 1.254473924636840820e+00
