-2.717593312263488770e-01 1.900799423456192017e-01 1.367895007133483887e+00
-3.462701141834259033e-01 1.624513119459152222e-01 1.345038175582885742e+00
-3.830737471580505371e-01 1.068560034036636353e-01 1.284327030181884766e+00
-3.931389451026916504e-01 6.058838963508605957e-02 1.208468198776245117e+00
-4.107861220836639404e-01 3.542183339595794678e-02 1.143050193786621094e+00
-4.259653389453887939e-01 1.352070271968841553e-02 1.075830221176147461e+00
-4.399958848953247070e-01 -5.970701575279235840e-03 1.008007645606994629e+00
-4.525584280490875244e-01 -2.264542877674102783e-02 9.411328434944152832e-01
-4.337558448314666748e-01 -5.260968208312988281e-02 8.659384846687316895e-01
-3.764648437500000000e-01 -5.021598935127258301e-02 7.592344284057617188e-01
-3.576042354106903076e-01 6.429356336593627930e-02 7.056189179420471191e-01
-3.649272620677947998e-01 2.318250387907028198e-01 6.392906904220581055e-01
-3.514744639396667480e-01 3.982920348644256592e-01 5.750806927680969238e-01
-2.776078581809997559e-01 5.555341243743896484e-01 5.149999856948852539e-01
-1.625778079032897949e-01 6.592511534690856934e-01 5.124506354331970215e-01
-9.289028495550155640e-02 6.622774004936218262e-01 5.135291218757629395e-01
-3.444949537515640259e-02 6.662504076957702637e-01 5.207818746566772461e-01
3.031962364912033081e-02 6.651610732078552246e-01 5.392972826957702637e-01
1.069781109690666199e-01 6.649751067161560059e-01 5.643361806869506836e-01
1.685890257358551025e-01 6.698192954063415527e-01 5.879692435264587402e-01
2.197197377681732178e-01 6.728278994560241699e-01 6.159303188323974609e-01
2.602568268775939941e-01 6.770238280296325684e-01 6.452946662902832031e-01
2.842617034912109375e-01 6.850347518920898438e-01 6.737838387489318848e-01
2.808322906494140625e-01 6.889190077781677246e-01 7.088488340377807617e-01
2.786392569541931152e-01 6.960272192955017090e-01 7.398408055305480957e-01
2.853090167045593262e-01 7.037639617919921875e-01 7.692225575447082520e-01
2.896044850349426270e-01 7.093374729156494141e-01 7.969189882278442383e-01
2.871265709400177002e-01 7.024232149124145508e-01 8.462449312210083008e-01
2.851370573043823242e-01 6.715503931045532227e-01 9.562347531318664551e-01
2.594740092754364014e-01 6.445431113243103027e-01 1.067486047744750977e+00
2.227304279804229736e-01 6.099610924720764160e-01 1.121726274490356445e+00
1.805051863193511963e-01 5.690013170242309570e-01 1.168017268180847168e+00
1.344197690486907959e-01 5.225773453712463379e-01 1.212728142738342285e+00
8.547680824995040894e-02 4.716609716415405273e-01 1.254745364189147949e+00
1.652218401432037354e-03 3.867267370223999023e-01 1.305858016014099121e+00
-1.642782092094421387e-01 2.655503153800964355e-01 1.331696987152099609e+00
-2.543926537036895752e-01 1.933909803628921509e-01 1.312227249145507812e+00
-3.286711871623992920e-01 1.561061888933181763e-01 1.321696877479553223e+00
-3.690447807312011719e-01 1.190907210111618042e-01 1.308661341667175293e+00
-3.811133503913879395e-01 1.008404493331909180e-01 1.292585730552673340e+00
-3.941603302955627441e-01 6.201395392417907715e-02 1.273432374000549316e+00
-4.053719341754913330e-01 2.889253199100494385e-02 1.245519161224365234e+00
-4.138602018356323242e-01 -2.167448401451110840e-03 1.209636926651000977e+00
-4.176378548145294189e-01 -2.793605625629425049e-02 1.165790081024169922e+00
-4.040214121341705322e-01 -5.239515006542205811e-02 1.116166114807128906e+00
-3.842115998268127441e-01 -8.005070686340332031e-02 1.062400579452514648e+00
-3.611521422863006592e-01 -1.092008799314498901e-01 1.004269123077392578e+00
-3.206788599491119385e-01 -1.928316205739974976e-01 9.292291402816772461e-01
-3.469384908676147461e-01 -1.505508869886398315e-01 6.380643248558044434e-01
-3.146884143352508545e-01 -6.330882012844085693e-02 3.706133663654327393e-01
-4.330843389034271240e-01 3.546209335327148438e-01 2.316332161426544189e-01
-5.067202448844909668e-01 5.543493032455444336e-01 2.799104750156402588e-01
-5.373501181602478027e-01 5.835443139076232910e-01 3.180259764194488525e-01
-5.505399703979492188e-01 6.340941190719604492e-01 3.572614490985870361e-01
-5.400233864784240723e-01 6.863160133361816406e-01 3.708600401878356934e-01
-4.884389042854309082e-01 7.220779657363891602e-01 3.647086024284362793e-01
-4.611068964004516602e-01 7.454196810722351074e-01 3.575919270515441895e-01
-2.925444245338439941e-01 7.525181174278259277e-01 3.646811544895172119e-01
-1.485846340656280518e-01 7.449824213981628418e-01 3.966668248176574707e-01
3.329084068536758423e-02 7.389890551567077637e-01 4.091567993164062500e-01
1.499228775501251221e-01 7.723889350891113281e-01 4.072907269001007080e-01
1.801150143146514893e-01 7.912436723709106445e-01 4.169156253337860107e-01
2.080731391906738281e-01 8.089337348937988281e-01 4.254723191261291504e-01
2.368923425674438477e-01 8.339398503303527832e-01 4.324550628662109375e-01
2.636339366436004639e-01 8.593864440917968750e-01 4.381623268127441406e-01
2.911365926265716553e-01 8.814198970794677734e-01 4.484179615974426270e-01
3.280166685581207275e-01 8.916919827461242676e-01 4.786802232265472412e-01
3.625150024890899658e-01 9.004418253898620605e-01 5.086956024169921875e-01
3.942571282386779785e-01 9.076385498046875000e-01 5.380161404609680176e-01
4.202138781547546387e-01 9.107669591903686523e-01 5.676693320274353027e-01
4.194208979606628418e-01 9.070679545402526855e-01 6.072117686271667480e-01
4.163557887077331543e-01 9.014092087745666504e-01 6.443673968315124512e-01
4.111499786376953125e-01 8.939052820205688477e-01 6.787101626396179199e-01
4.039514064788818359e-01 8.846744298934936523e-01 7.098765373229980469e-01
3.949208259582519531e-01 8.738375902175903320e-01 7.375641465187072754e-01
3.913969993591308594e-01 8.627870678901672363e-01 7.616961002349853516e-01
4.224601984024047852e-01 8.466423749923706055e-01 8.078444004058837891e-01
4.502533078193664551e-01 8.287434577941894531e-01 8.493115305900573730e-01
4.552605152130126953e-01 8.155573606491088867e-01 8.642892241477966309e-01
4.517546296119689941e-01 8.025318384170532227e-01 8.685145974159240723e-01
4.457122683525085449e-01 7.878376245498657227e-01 8.685252070426940918e-01
4.391803145408630371e-01 7.752753496170043945e-01 8.607866764068603516e-01
4.309328794479370117e-01 7.627108097076416016e-01 8.474056720733642578e-01
4.205524921417236328e-01 7.494457364082336426e-01 8.291704058647155762e-01
4.080815315246582031e-01 7.355898618698120117e-01 8.061406016349792480e-01
3.831707835197448730e-01 7.218899130821228027e-01 7.856240868568420410e-01
3.445714116096496582e-01 6.599891781806945801e-01 8.407691121101379395e-01
3.374251127243041992e-01 6.198835372924804688e-01 8.717637062072753906e-01
3.319817483425140381e-01 5.807564258575439453e-01 8.412423729896545410e-01
3.312295079231262207e-01 5.203331112861633301e-01 7.316393256187438965e-01
3.291213214397430420e-01 4.755397439002990723e-01 6.865918636322021484e-01
3.482397794723510742e-01 3.690414428710937500e-01 5.762556791305541992e-01
2.861223220825195312e-01 3.763161897659301758e-01 4.222616255283355713e-01
1.360482275485992432e-01 4.431768059730529785e-01 1.802836358547210693e-01
-2.056785672903060913e-02 4.012664556503295898e-01 -8.323996514081954956e-02
-6.283860653638839722e-02 3.879092335700988770e-01 -2.660052180290222168e-01
-1.107295677065849304e-01 4.164538383483886719e-01 -3.954721689224243164e-01
-1.527425646781921387e-01 4.091240167617797852e-01 -4.732392430305480957e-01
-1.985930204391479492e-01 4.009106755256652832e-01 -5.505032539367675781e-01
-2.405712604522705078e-01 3.934284448623657227e-01 -6.276488304138183594e-01
-2.832923531532287598e-01 3.787828683853149414e-01 -7.024677991867065430e-01
-2.991161942481994629e-01 3.404476046562194824e-01 -7.467036843299865723e-01
-3.126203417778015137e-01 2.895095944404602051e-01 -7.823704481124877930e-01
-3.207295536994934082e-01 2.436643093824386597e-01 -8.180641531944274902e-01
-3.237242102622985840e-01 2.029490321874618530e-01 -8.535413146018981934e-01
-3.295555710792541504e-01 1.621259301900863647e-01 -8.715850710868835449e-01
-3.355185389518737793e-01 1.232091039419174194e-01 -8.788886666297912598e-01
-3.382493853569030762e-01 8.863149583339691162e-02 -8.837316632270812988e-01
-3.380168676376342773e-01 5.830429494380950928e-02 -8.863815069198608398e-01
-3.351126909255981445e-01 3.208814561367034912e-02 -8.871273398399353027e-01
-3.298458456993103027e-01 9.795650839805603027e-03 -8.862739205360412598e-01
-3.225352764129638672e-01 -8.801117539405822754e-03 -8.841348886489868164e-01
-3.135039210319519043e-01 -2.396424114704132080e-02 -8.810240626335144043e-01
-3.030727505683898926e-01 -3.598369657993316650e-02 -8.772525191307067871e-01
-3.011065721511840820e-01 -5.527080595493316650e-02 -8.656421899795532227e-01
-2.997950911521911621e-01 -7.357557117938995361e-02 -8.528273701667785645e-01
-2.979573011398315430e-01 -8.968271315097808838e-02 -8.402176499366760254e-01
-2.893876433372497559e-01 -9.300620853900909424e-02 -8.265115618705749512e-01
-2.723599672317504883e-01 -8.430673182010650635e-02 -8.071470260620117188e-01
-2.536937594413757324e-01 -9.366263449192047119e-02 -8.009728789329528809e-01
-2.429386377334594727e-01 -1.074044853448867798e-01 -8.001173734664916992e-01
-2.036043405532836914e-01 -1.895522028207778931e-01 -8.096441626548767090e-01
-1.607354879379272461e-01 -2.978988289833068848e-01 -8.212556242942810059e-01
-1.209797188639640808e-01 -4.017990827560424805e-01 -8.325552940368652344e-01
-8.424561470746994019e-02 -5.017819404602050781e-01 -8.436542749404907227e-01
-5.039035528898239136e-02 -5.983802676200866699e-01 -8.546345829963684082e-01
-3.312700241804122925e-02 -6.611259579658508301e-01 -8.537828326225280762e-01
-1.790898293256759644e-02 -7.263442873954772949e-01 -8.560470938682556152e-01
3.531649708747863770e-04 -7.997106909751892090e-01 -8.545908331871032715e-01
3.260333091020584106e-02 -8.879793882369995117e-01 -8.197225928306579590e-01
4.668951779603958130e-02 -9.612255096435546875e-01 -7.798410058021545410e-01
5.775416642427444458e-02 -1.027349710464477539e+00 -7.537882924079895020e-01
6.739873439073562622e-02 -1.092278599739074707e+00 -7.298381924629211426e-01
7.578814774751663208e-02 -1.155843377113342285e+00 -7.071728110313415527e-01
8.308697491884231567e-02 -1.217855811119079590e+00 -6.849856972694396973e-01
8.945614844560623169e-02 -1.278113007545471191e+00 -6.624985337257385254e-01
9.703368693590164185e-02 -1.336779236793518066e+00 -6.452209949493408203e-01
1.068887189030647278e-01 -1.393810153007507324e+00 -6.353681087493896484e-01
1.405834555625915527e-01 -1.464373946189880371e+00 -5.632380843162536621e-01
1.844331622123718262e-01 -1.529602289199829102e+00 -4.724358916282653809e-01
2.234304547309875488e-01 -1.608849167823791504e+00 -4.068310260772705078e-01
2.532792687416076660e-01 -1.679039835929870605e+00 -3.745914995670318604e-01
2.796249985694885254e-01 -1.746899843215942383e+00 -3.424300551414489746e-01
2.730149626731872559e-01 -1.832997679710388184e+00 -2.526966035366058350e-01
2.819737792015075684e-01 -1.901148915290832520e+00 -1.578072905540466309e-01
3.038533329963684082e-01 -1.953360199928283691e+00 -8.377587050199508667e-02
3.251367211341857910e-01 -1.988701224327087402e+00 -6.751137226819992065e-02
3.488650918006896973e-01 -2.010128498077392578e+00 -5.789922922849655151e-02
3.704887032508850098e-01 -2.025611400604248047e+00 -4.724799841642379761e-02
3.899601101875305176e-01 -2.035039186477661133e+00 -3.554861992597579956e-02
4.062935709953308105e-01 -2.037805557250976562e+00 -2.397077530622482300e-02
4.162268042564392090e-01 -2.034676074981689453e+00 -1.615785807371139526e-02
4.121013283729553223e-01 -2.026641368865966797e+00 -2.083545178174972534e-02
4.048338532447814941e-01 -2.012744426727294922e+00 -2.557205408811569214e-02
3.945371508598327637e-01 -1.993128657341003418e+00 -3.030317276716232300e-02
3.813524842262268066e-01 -1.967994093894958496e+00 -3.496398776769638062e-02
3.654492497444152832e-01 -1.937593579292297363e+00 -3.948851674795150757e-02
3.470241427421569824e-01 -1.902234196662902832e+00 -4.381193965673446655e-02
3.262993693351745605e-01 -1.862273812294006348e+00 -4.787024110555648804e-02
3.377462029457092285e-01 -1.829140186309814453e+00 -5.309333652257919312e-02
3.496690988540649414e-01 -1.794651627540588379e+00 -5.933745950460433960e-02
3.614628911018371582e-01 -1.757891774177551270e+00 -6.562574952840805054e-02
3.730628490447998047e-01 -1.719282627105712891e+00 -7.190456241369247437e-02
3.844053745269775391e-01 -1.679260492324829102e+00 -7.811924070119857788e-02
3.819346427917480469e-01 -1.643389225006103516e+00 -8.976458758115768433e-02
3.630738854408264160e-01 -1.617131829261779785e+00 -1.103299781680107117e-01
3.766604661941528320e-01 -1.591636776924133301e+00 -1.113685294985771179e-01
3.921343684196472168e-01 -1.565686702728271484e+00 -1.112758740782737732e-01
4.088779687881469727e-01 -1.539006352424621582e+00 -1.112113669514656067e-01
4.267278909683227539e-01 -1.511908650398254395e+00 -1.111745461821556091e-01
4.455090761184692383e-01 -1.484700679779052734e+00 -1.111648306250572205e-01
4.650337100028991699e-01 -1.457677721977233887e+00 -1.111809238791465759e-01
4.864385724067687988e-01 -1.429626584053039551e+00 -1.118432357907295227e-01
5.108224749565124512e-01 -1.399352073669433594e+00 -1.137557104229927063e-01
5.355120897293090820e-01 -1.369865775108337402e+00 -1.157611384987831116e-01
5.602728724479675293e-01 -1.341420173645019531e+00 -1.178398653864860535e-01
5.722686648368835449e-01 -1.318255305290222168e+00 -1.188590154051780701e-01
5.833825469017028809e-01 -1.296713948249816895e+00 -1.198671385645866394e-01
5.942122340202331543e-01 -1.276703953742980957e+00 -1.209158971905708313e-01
6.087170243263244629e-01 -1.263353824615478516e+00 -1.121087744832038879e-01
6.097674965858459473e-01 -1.252630472183227539e+00 -1.160515174269676208e-01
6.099957823753356934e-01 -1.244001984596252441e+00 -1.199478879570960999e-01
6.094573736190795898e-01 -1.237390637397766113e+00 -1.237714663147926331e-01
6.082114577293395996e-01 -1.232701897621154785e+00 -1.274958252906799316e-01
6.063171029090881348e-01 -1.229823946952819824e+00 -1.310952007770538330e-01
6.038349270820617676e-01 -1.228635191917419434e+00 -1.345447003841400146e-01
6.008220314979553223e-01 -1.229004502296447754e+00 -1.378206014633178711e-01
5.973353981971740723e-01 -1.230794668197631836e+00 -1.409006118774414062e-01
5.934274792671203613e-01 -1.233867406845092773e+00 -1.437633037567138672e-01
5.891485810279846191e-01 -1.238084435462951660e+00 -1.463897228240966797e-01
5.845438838005065918e-01 -1.243310809135437012e+00 -1.487625241279602051e-01
5.817409753799438477e-01 -1.250264525413513184e+00 -1.527985632419586182e-01
5.797218680381774902e-01 -1.258392810821533203e+00 -1.575076878070831299e-01
5.772219300270080566e-01 -1.267050862312316895e+00 -1.616795063018798828e-01
5.742508769035339355e-01 -1.276125907897949219e+00 -1.652891337871551514e-01
5.708153843879699707e-01 -1.285513520240783691e+00 -1.683158874511718750e-01
5.669205784797668457e-01 -1.295120716094970703e+00 -1.707442998886108398e-01
5.625698566436767578e-01 -1.304866790771484375e+00 -1.725631654262542725e-01
5.577667951583862305e-01 -1.314681529998779297e+00 -1.737666130065917969e-01
5.525162220001220703e-01 -1.324507832527160645e+00 -1.743540763854980469e-01
5.468230843544006348e-01 -1.334297418594360352e+00 -1.743309199810028076e-01
5.406949520111083984e-01 -1.344014286994934082e+00 -1.737068295478820801e-01
5.341411828994750977e-01 -1.353629708290100098e+00 -1.724974811077117920e-01
5.271723270416259766e-01 -1.363124728202819824e+00 -1.707221269607543945e-01
5.198024511337280273e-01 -1.372484683990478516e+00 -1.684041619300842285e-01
5.120462179183959961e-01 -1.381701707839965820e+00 -1.655700504779815674e-01
5.039212107658386230e-01 -1.390770673751831055e+00 -1.622499525547027588e-01
4.954449534416198730e-01 -1.399687051773071289e+00 -1.584741771221160889e-01
4.866391420364379883e-01 -1.408447384834289551e+00 -1.542758941650390625e-01
4.775233268737792969e-01 -1.417044758796691895e+00 -1.496887505054473877e-01
4.681214690208435059e-01 -1.425470352172851562e+00 -1.447473466396331787e-01
4.584577679634094238e-01 -1.433709502220153809e+00 -1.394872665405273438e-01
4.521397948265075684e-01 -1.443200588226318359e+00 -1.372604966163635254e-01
4.460288882255554199e-01 -1.452625870704650879e+00 -1.351700425148010254e-01
4.400003552436828613e-01 -1.461888790130615234e+00 -1.331100165843963623e-01
4.340686202049255371e-01 -1.470938444137573242e+00 -1.311005949974060059e-01
4.282483458518981934e-01 -1.479716300964355469e+00 -1.291612684726715088e-01
4.225543737411499023e-01 -1.488154768943786621e+00 -1.273107826709747314e-01
4.170024394989013672e-01 -1.496181130409240723e+00 -1.255682408809661865e-01
4.116085171699523926e-01 -1.503714203834533691e+00 -1.239511892199516296e-01
4.063886404037475586e-01 -1.510669350624084473e+00 -1.224775835871696472e-01
4.013581275939941406e-01 -1.516959309577941895e+00 -1.211641654372215271e-01
3.965311646461486816e-01 -1.522493720054626465e+00 -1.200271770358085632e-01
3.919209241867065430e-01 -1.527186036109924316e+00 -1.190816089510917664e-01
3.875382542610168457e-01 -1.530950307846069336e+00 -1.183409020304679871e-01
3.833919167518615723e-01 -1.533707499504089355e+00 -1.178172156214714050e-01
3.794879913330078125e-01 -1.535384416580200195e+00 -1.175209507346153259e-01
3.758293986320495605e-01 -1.535919785499572754e+00 -1.174591109156608582e-01
3.740088939666748047e-01 -1.534101843833923340e+00 -1.171791180968284607e-01
3.734170198440551758e-01 -1.530368089675903320e+00 -1.188740953803062439e-01
3.727597594261169434e-01 -1.525599837303161621e+00 -1.210090741515159607e-01
3.720440268516540527e-01 -1.519776701927185059e+00 -1.236385330557823181e-01
3.712770938873291016e-01 -1.512893795967102051e+00 -1.268094182014465332e-01
3.704661726951599121e-01 -1.504959106445312500e+00 -1.305615305900573730e-01
3.696192502975463867e-01 -1.495997309684753418e+00 -1.349221765995025635e-01
3.687428832054138184e-01 -1.486049771308898926e+00 -1.399061083793640137e-01
3.678430914878845215e-01 -1.475172877311706543e+00 -1.455120444297790527e-01
3.669248223304748535e-01 -1.463440299034118652e+00 -1.517238318920135498e-01
3.659927845001220703e-01 -1.450941801071166992e+00 -1.585098505020141602e-01
3.643248677253723145e-01 -1.438320040702819824e+00 -1.643921434879302979e-01
3.604512214660644531e-01 -1.426785230636596680e+00 -1.664035618305206299e-01
3.564042448997497559e-01 -1.414968013763427734e+00 -1.684687137603759766e-01
3.522062301635742188e-01 -1.402999520301818848e+00 -1.705379784107208252e-01
3.478844165802001953e-01 -1.391017317771911621e+00 -1.725603044033050537e-01
3.433353900909423828e-01 -1.376284599304199219e+00 -1.736009120941162109e-01
3.387010693550109863e-01 -1.361247658729553223e+00 -1.743144989013671875e-01
3.340451717376708984e-01 -1.346621870994567871e+00 -1.748259067535400391e-01
3.294084668159484863e-01 -1.332589149475097656e+00 -1.750988662242889404e-01
3.248333930969238281e-01 -1.319331645965576172e+00 -1.751005053520202637e-01
3.203618526458740234e-01 -1.307026624679565430e+00 -1.748023331165313721e-01
3.160371780395507812e-01 -1.295849442481994629e+00 -1.741808056831359863e-01
3.118997812271118164e-01 -1.285965800285339355e+00 -1.732177436351776123e-01
3.079887032508850098e-01 -1.277534484863281250e+00 -1.719001829624176025e-01
3.043411970138549805e-01 -1.270703077316284180e+00 -1.702209413051605225e-01
3.009912967681884766e-01 -1.265605926513671875e+00 -1.681786179542541504e-01
2.979683876037597656e-01 -1.262362480163574219e+00 -1.657770872116088867e-01
2.952993512153625488e-01 -1.261075973510742188e+00 -1.630261540412902832e-01
2.930054068565368652e-01 -1.261831283569335938e+00 -1.599405705928802490e-01
2.912107706069946289e-01 -1.265326738357543945e+00 -1.568439304828643799e-01
2.904163599014282227e-01 -1.274487614631652832e+00 -1.551479101181030273e-01
2.877196669578552246e-01 -1.286964416503906250e+00 -1.540385186672210693e-01
2.737315297126770020e-01 -1.308990597724914551e+00 -1.577912271022796631e-01
2.612823247909545898e-01 -1.340108752250671387e+00 -1.647017002105712891e-01
2.388936281204223633e-01 -1.378546833992004395e+00 -2.103336453437805176e-01
2.149318456649780273e-01 -1.401184439659118652e+00 -2.762589454650878906e-01
1.908584237098693848e-01 -1.415883779525756836e+00 -3.398220241069793701e-01
1.579081416130065918e-01 -1.447996258735656738e+00 -4.031451642513275146e-01
1.228968575596809387e-01 -1.485624194145202637e+00 -4.668328166007995605e-01
8.808249980211257935e-02 -1.524666190147399902e+00 -5.310565233230590820e-01
7.313699275255203247e-02 -1.568527340888977051e+00 -5.727864503860473633e-01
8.030325919389724731e-02 -1.617265582084655762e+00 -5.893602371215820312e-01
8.738297969102859497e-02 -1.666259646415710449e+00 -6.066892743110656738e-01
9.404344111680984497e-02 -1.715052247047424316e+00 -6.250442862510681152e-01
9.996575862169265747e-02 -1.763182520866394043e+00 -6.446393728256225586e-01
1.018850281834602356e-01 -1.811696052551269531e+00 -6.649076342582702637e-01
1.038579419255256653e-01 -1.859432101249694824e+00 -6.915104389190673828e-01
1.153187230229377747e-01 -1.897301316261291504e+00 -7.138649821281433105e-01
1.299840807914733887e-01 -1.929642796516418457e+00 -7.334093451499938965e-01
1.365875601768493652e-01 -1.964104056358337402e+00 -7.406138181686401367e-01
1.408708691596984863e-01 -1.995805382728576660e+00 -7.521080374717712402e-01
1.427705883979797363e-01 -2.024478197097778320e+00 -7.676243185997009277e-01
1.422951817512512207e-01 -2.049903869628906250e+00 -7.867424488067626953e-01
1.395234465599060059e-01 -2.071918964385986328e+00 -8.088901042938232422e-01
1.346113085746765137e-01 -2.090420961380004883e+00 -8.333618044853210449e-01
1.277794241905212402e-01 -2.105366945266723633e+00 -8.593341708183288574e-01
1.193147376179695129e-01 -2.116779327392578125e+00 -8.858931064605712891e-01
1.095556691288948059e-01 -2.124741315841674805e+00 -9.120612740516662598e-01
9.651023894548416138e-02 -2.129616498947143555e+00 -9.311295151710510254e-01
8.209962397813796997e-02 -2.131467342376708984e+00 -9.456571936607360840e-01
6.840116530656814575e-02 -2.130396842956542969e+00 -9.585427641868591309e-01
5.593211203813552856e-02 -2.126693725585937500e+00 -9.690006375312805176e-01
4.519814997911453247e-02 -2.120691776275634766e+00 -9.762956500053405762e-01
3.666967898607254028e-02 -2.112749576568603516e+00 -9.797726273536682129e-01
3.076953440904617310e-02 -2.103250741958618164e+00 -9.788799881935119629e-01
2.785760909318923950e-02 -2.092589378356933594e+00 -9.731822609901428223e-01
2.850074321031570435e-02 -2.082096576690673828e+00 -9.601296782493591309e-01
3.225166350603103638e-02 -2.071253538131713867e+00 -9.416949152946472168e-01
3.559119254350662231e-02 -2.060678482055664062e+00 -9.095811247825622559e-01
4.494351893663406372e-02 -2.051088809967041016e+00 -8.787694573402404785e-01
5.621141940355300903e-02 -2.042563915252685547e+00 -8.407648205757141113e-01
6.842882186174392700e-02 -2.034672975540161133e+00 -8.003872036933898926e-01
7.818741351366043091e-02 -2.027581453323364258e+00 -7.630777955055236816e-01
8.954364806413650513e-02 -2.021762132644653320e+00 -7.227339744567871094e-01
1.025068238377571106e-01 -2.018076896667480469e+00 -6.783072352409362793e-01
1.165722087025642395e-01 -2.015757799148559570e+00 -6.326386928558349609e-01
1.314405798912048340e-01 -2.014778852462768555e+00 -5.867003798484802246e-01
1.467898488044738770e-01 -2.015071392059326172e+00 -5.414920449256896973e-01
1.622857451438903809e-01 -2.016526460647583008e+00 -4.980015158653259277e-01
1.775898337364196777e-01 -2.019001960754394531e+00 -4.571803212165832520e-01
1.923727393150329590e-01 -2.022329807281494141e+00 -4.199189543724060059e-01
2.063234448432922363e-01 -2.026323795318603516e+00 -3.870080709457397461e-01
2.191584706306457520e-01 -2.030789852142333984e+00 -3.591241240501403809e-01
2.306314110755920410e-01 -2.035529613494873047e+00 -3.367984294891357422e-01
2.405459284782409668e-01 -2.040358066558837891e+00 -3.204019069671630859e-01
2.487552762031555176e-01 -2.045102119445800781e+00 -3.101233243942260742e-01
2.551741003990173340e-01 -2.049615859985351562e+00 -3.059656023979187012e-01
2.597804665565490723e-01 -2.053780078887939453e+00 -3.077308535575866699e-01
2.626165747642517090e-01 -2.057514429092407227e+00 -3.150308430194854736e-01
2.637944817543029785e-01 -2.060779333114624023e+00 -3.272735476493835449e-01
2.635582089424133301e-01 -2.063761711120605469e+00 -3.433850705623626709e-01
2.620722651481628418e-01 -2.066318988800048828e+00 -3.627341985702514648e-01
2.596282362937927246e-01 -2.068542957305908203e+00 -3.842379450798034668e-01
2.530626654624938965e-01 -2.072363615036010742e+00 -4.211629629135131836e-01
2.463936209678649902e-01 -2.076088190078735352e+00 -4.571775794029235840e-01
2.402021288871765137e-01 -2.079840183258056641e+00 -4.902165532112121582e-01
2.349544167518615723e-01 -2.083842039108276367e+00 -5.187348127365112305e-01
2.320582270622253418e-01 -2.088709831237792969e+00 -5.420041680335998535e-01
2.318782210350036621e-01 -2.094669342041015625e+00 -5.584611296653747559e-01
2.333222031593322754e-01 -2.101391077041625977e+00 -5.653893947601318359e-01
2.367387413978576660e-01 -2.109125137329101562e+00 -5.614683628082275391e-01
2.424505352973937988e-01 -2.118119955062866211e+00 -5.455486774444580078e-01
2.507459521293640137e-01 -2.128612041473388672e+00 -5.166845917701721191e-01
2.622767090797424316e-01 -2.140981912612915039e+00 -4.745271801948547363e-01
2.796897292137145996e-01 -2.156385183334350586e+00 -4.207379817962646484e-01
3.011423945426940918e-01 -2.174204111099243164e+00 -3.534529209136962891e-01
3.266691565513610840e-01 -2.194542169570922852e+00 -2.727678418159484863e-01
3.412558436393737793e-01 -2.215415716171264648e+00 -2.336805760860443115e-01
3.434610962867736816e-01 -2.221401691436767578e+00 -2.241121232509613037e-01
3.457110524177551270e-01 -2.227432250976562500e+00 -2.140443027019500732e-01
3.480014204978942871e-01 -2.233814954757690430e+00 -2.035747766494750977e-01
3.502581715583801270e-01 -2.240229845046997070e+00 -1.930732429027557373e-01
3.524238467216491699e-01 -2.246501445770263672e+00 -1.828509867191314697e-01
3.528284430503845215e-01 -2.253040790557861328e+00 -1.792132556438446045e-01
3.525674939155578613e-01 -2.259387016296386719e+00 -1.781739294528961182e-01
3.521540760993957520e-01 -2.265256881713867188e+00 -1.779062151908874512e-01
3.516007065773010254e-01 -2.270525455474853516e+00 -1.784447431564331055e-01
3.509235978126525879e-01 -2.275067090988159180e+00 -1.798019409179687500e-01
3.501420617103576660e-01 -2.278762102127075195e+00 -1.819693446159362793e-01
3.492797017097473145e-01 -2.281497001647949219e+00 -1.849167346954345703e-01
3.483613133430480957e-01 -2.283170461654663086e+00 -1.885914802551269531e-01
3.474151492118835449e-01 -2.283693790435791016e+00 -1.929212212562561035e-01
3.464717268943786621e-01 -2.282995700836181641e+00 -1.978152394294738770e-01
3.455614447593688965e-01 -2.281024694442749023e+00 -2.031646072864532471e-01
3.447155356407165527e-01 -2.277749300003051758e+00 -2.088457643985748291e-01
3.439653515815734863e-01 -2.273162841796875000e+00 -2.147246003150939941e-01
3.433403372764587402e-01 -2.267284631729125977e+00 -2.206559777259826660e-01
3.428691029548645020e-01 -2.260156869888305664e+00 -2.264903485774993896e-01
3.425768017768859863e-01 -2.251847743988037109e+00 -2.320754826068878174e-01
3.424853682518005371e-01 -2.242451906204223633e+00 -2.372616827487945557e-01
3.426132798194885254e-01 -2.232087850570678711e+00 -2.419029772281646729e-01
3.403099179267883301e-01 -2.221731662750244141e+00 -2.557775080204010010e-01
3.377140164375305176e-01 -2.210876464843750000e+00 -2.708306312561035156e-01
3.317206501960754395e-01 -2.202424764633178711e+00 -3.021039068698883057e-01
3.237735629081726074e-01 -2.197043895721435547e+00 -3.502239286899566650e-01
3.202014565467834473e-01 -2.192712306976318359e+00 -3.984870910644531250e-01
3.169804215431213379e-01 -2.187815189361572266e+00 -4.421494603157043457e-01
3.141914010047912598e-01 -2.182369470596313477e+00 -4.800898432731628418e-01
3.119072318077087402e-01 -2.176404237747192383e+00 -5.112920403480529785e-01
3.101897835731506348e-01 -2.169960737228393555e+00 -5.348787903785705566e-01
3.130121827125549316e-01 -2.160214424133300781e+00 -5.479112863540649414e-01
3.236339688301086426e-01 -2.144866704940795898e+00 -5.480288863182067871e-01
3.318509459495544434e-01 -2.131484746932983398e+00 -5.406658649444580078e-01
3.374326825141906738e-01 -2.120319843292236328e+00 -5.258198976516723633e-01
3.401942849159240723e-01 -2.111589193344116211e+00 -5.036769509315490723e-01
3.399987816810607910e-01 -2.105463981628417969e+00 -4.746027588844299316e-01
3.367560505867004395e-01 -2.102073669433593750e+00 -4.391482472419738770e-01
3.304306864738464355e-01 -2.101505279541015625e+00 -3.980374634265899658e-01
3.260521292686462402e-01 -2.103469371795654297e+00 -3.535678386688232422e-01
3.368608355522155762e-01 -2.099264860153198242e+00 -3.005526065826416016e-01
3.483762145042419434e-01 -2.095772981643676758e+00 -2.436312437057495117e-01
3.531315922737121582e-01 -2.098845481872558594e+00 -2.181389927864074707e-01
3.559916615486145020e-01 -2.104370355606079102e+00 -2.010604143142700195e-01
3.585222363471984863e-01 -2.110873222351074219e+00 -1.849814057350158691e-01
3.606088757514953613e-01 -2.118217945098876953e+00 -1.704382300376892090e-01
3.582505583763122559e-01 -2.127473354339599609e+00 -1.724225282669067383e-01
3.540945649147033691e-01 -2.137607336044311523e+00 -1.811558306217193604e-01
3.491584658622741699e-01 -2.148087024688720703e+00 -1.929151415824890137e-01
3.434206843376159668e-01 -2.158689022064208984e+00 -2.078060507774353027e-01
3.368704915046691895e-01 -2.169174671173095703e+00 -2.258779108524322510e-01
3.295056223869323730e-01 -2.179285287857055664e+00 -2.471117973327636719e-01
3.213337063789367676e-01 -2.188740730285644531e+00 -2.714177668094635010e-01
3.154432177543640137e-01 -2.207429409027099609e+00 -2.741089463233947754e-01
3.089696764945983887e-01 -2.225410461425781250e+00 -2.780720889568328857e-01
3.016164898872375488e-01 -2.241201400756835938e+00 -2.856949269771575928e-01
2.933822274208068848e-01 -2.254226922988891602e+00 -2.970350682735443115e-01
2.842774987220764160e-01 -2.263875246047973633e+00 -3.120847344398498535e-01
2.743244767189025879e-01 -2.269500732421875000e+00 -3.307725191116333008e-01
2.528737187385559082e-01 -2.271416425704956055e+00 -3.274086117744445801e-01
2.254925370216369629e-01 -2.268407106399536133e+00 -3.149907290935516357e-01
1.856171488761901855e-01 -2.272392988204956055e+00 -3.732711374759674072e-01
1.528844237327575684e-01 -2.277822732925415039e+00 -4.410173892974853516e-01
1.202634051442146301e-01 -2.277417182922363281e+00 -5.193381905555725098e-01
8.822423964738845825e-02 -2.270207405090332031e+00 -6.078555583953857422e-01
5.119509249925613403e-02 -2.255174636840820312e+00 -7.149463295936584473e-01
-9.712748229503631592e-03 -2.226374387741088867e+00 -8.710835576057434082e-01
-9.294431656599044800e-02 -2.186116695404052734e+00 -1.073676228523254395e+00
-1.561977267265319824e-01 -2.121629714965820312e+00 -1.273909330368041992e+00
-1.689823269844055176e-01 -2.118659496307373047e+00 -1.340703845024108887e+00
-1.689304709434509277e-01 -2.116189479827880859e+00 -1.397411942481994629e+00
-1.755315661430358887e-01 -2.108400344848632812e+00 -1.447167038917541504e+00
-2.052547335624694824e-01 -2.096775531768798828e+00 -1.477192759513854980e+00
-1.213553473353385925e-01 -2.014043331146240234e+00 -1.467598795890808105e+00
3.847218304872512817e-02 -1.880816102027893066e+00 -1.430288910865783691e+00
2.614955306053161621e-01 -1.672833085060119629e+00 -1.282240629196166992e+00
3.731002807617187500e-01 -1.574872612953186035e+00 -9.034544825553894043e-01
4.715614318847656250e-01 -1.487353205680847168e+00 -5.188804268836975098e-01
4.941242337226867676e-01 -1.460278391838073730e+00 -4.388045668601989746e-01
5.198555588722229004e-01 -1.355131626129150391e+00 -3.831171989440917969e-01
5.801697969436645508e-01 -1.257295966148376465e+00 -3.515421152114868164e-01
5.744867324829101562e-01 -1.250637650489807129e+00 -3.863752186298370361e-01
5.535755157470703125e-01 -1.266912817955017090e+00 -5.698286890983581543e-01
6.562721133232116699e-01 -1.149026036262512207e+00 -8.616730570793151855e-01
7.856013178825378418e-01 -1.096948742866516113e+00 -1.220698714256286621e+00
9.208802580833435059e-01 -8.894407749176025391e-01 -1.235689759254455566e+00
1.082492232322692871e+00 -5.685133934020996094e-01 -1.158720493316650391e+00
1.212105274200439453e+00 -4.106238484382629395e-01 -1.105561017990112305e+00
1.293335795402526855e+00 -2.706186175346374512e-01 -1.071307063102722168e+00
1.284784197807312012e+00 -1.766040474176406860e-01 -9.938798546791076660e-01
1.234856009483337402e+00 -8.363492786884307861e-02 -8.687253594398498535e-01
1.298265695571899414e+00 1.619614213705062866e-01 -6.421456933021545410e-01
1.392054200172424316e+00 3.628033995628356934e-01 -3.576031327247619629e-01
1.468846440315246582e+00 4.789738655090332031e-01 -1.557119488716125488e-01
1.519128561019897461e+00 5.671525001525878906e-01 3.789902478456497192e-02
1.510898709297180176e+00 6.175454854965209961e-01 1.675096154212951660e-01
1.508354067802429199e+00 6.550658345222473145e-01 2.380109429359436035e-01
