8.859827518463134766e-01 8.600972890853881836e-01 3.175304532051086426e-01
8.863762617111206055e-01 8.874397277832031250e-01 3.378978371620178223e-01
8.996165990829467773e-01 9.294205904006958008e-01 3.624069094657897949e-01
9.401547312736511230e-01 1.000247001647949219e+00 3.981887996196746826e-01
1.022993803024291992e+00 1.078678488731384277e+00 4.213754534721374512e-01
1.110051870346069336e+00 1.153521299362182617e+00 4.398280382156372070e-01
1.195305347442626953e+00 1.224244832992553711e+00 4.554714560508728027e-01
1.276703119277954102e+00 1.289152622222900391e+00 4.679299592971801758e-01
1.352233886718750000e+00 1.346639275550842285e+00 4.768890738487243652e-01
1.419974923133850098e+00 1.395231008529663086e+00 4.821058511734008789e-01
1.478144645690917969e+00 1.433627009391784668e+00 4.834159612655639648e-01
1.525022029876708984e+00 1.460815310478210449e+00 4.803643524646759033e-01
1.559133648872375488e+00 1.476014494895935059e+00 4.726333618164062500e-01
1.587395906448364258e+00 1.482020974159240723e+00 4.599769711494445801e-01
1.609514117240905762e+00 1.478751778602600098e+00 4.425436556339263916e-01
1.616695404052734375e+00 1.462420344352722168e+00 4.217504262924194336e-01
1.608452677726745605e+00 1.433157801628112793e+00 3.980309367179870605e-01
1.584681749343872070e+00 1.391337871551513672e+00 3.718435764312744141e-01
1.546985268592834473e+00 1.332963228225708008e+00 3.403124809265136719e-01
1.510632514953613281e+00 1.285301923751831055e+00 3.152466416358947754e-01
1.474747300148010254e+00 1.246716380119323730e+00 2.961986660957336426e-01
1.458118796348571777e+00 1.208700060844421387e+00 2.745852470397949219e-01
1.428137183189392090e+00 1.163488864898681641e+00 2.545245289802551270e-01
1.384782910346984863e+00 1.111892580986022949e+00 2.366912066936492920e-01
1.332739591598510742e+00 1.055890202522277832e+00 2.199685573577880859e-01
1.273088932037353516e+00 9.967134594917297363e-01 2.047498822212219238e-01
1.207110762596130371e+00 9.356921911239624023e-01 1.914015114307403564e-01
1.142782092094421387e+00 8.770315647125244141e-01 1.793251037597656250e-01
1.096387028694152832e+00 8.284855484962463379e-01 1.667162477970123291e-01
1.046573877334594727e+00 7.822140455245971680e-01 1.575159132480621338e-01
9.943979978561401367e-01 7.390071749687194824e-01 1.517878770828247070e-01
9.409748315811157227e-01 6.992201209068298340e-01 1.492669284343719482e-01
8.864583373069763184e-01 6.639750003814697266e-01 1.509760618209838867e-01
8.314723372459411621e-01 6.342335343360900879e-01 1.574585884809494019e-01
7.887818217277526855e-01 6.152083873748779297e-01 1.661250740289688110e-01
7.591800093650817871e-01 6.082898974418640137e-01 1.771769821643829346e-01
7.373890876770019531e-01 6.111423969268798828e-01 1.908650398254394531e-01
7.198436260223388672e-01 6.220942735671997070e-01 2.083214819431304932e-01
7.053874135017395020e-01 6.395078897476196289e-01 2.292549014091491699e-01
6.943627595901489258e-01 6.631175875663757324e-01 2.532801628112792969e-01
6.870436668395996094e-01 6.925323009490966797e-01 2.799493372440338135e-01
7.171861529350280762e-01 7.729648351669311523e-01 3.254083096981048584e-01
7.527086138725280762e-01 8.559387922286987305e-01 3.701995909214019775e-01
7.945510149002075195e-01 9.383726716041564941e-01 4.139389395713806152e-01
9.038422107696533203e-01 1.050183296203613281e+00 4.526805281639099121e-01
1.043961882591247559e+00 1.175228238105773926e+00 4.867214560508728027e-01
1.188005328178405762e+00 1.299305319786071777e+00 5.176591277122497559e-01
1.333811879158020020e+00 1.422620773315429688e+00 5.468012690544128418e-01
1.478951692581176758e+00 1.542335867881774902e+00 5.729903578758239746e-01
1.621154785156250000e+00 1.656606793403625488e+00 5.958431959152221680e-01
1.758274197578430176e+00 1.763754248619079590e+00 6.150571703910827637e-01
1.888319730758666992e+00 1.862287282943725586e+00 6.304134130477905273e-01
2.004179477691650391e+00 1.948151946067810059e+00 6.403408050537109375e-01
2.108256816864013672e+00 2.022427082061767578e+00 6.457395553588867188e-01
2.201629400253295898e+00 2.085602760314941406e+00 6.471780538558959961e-01
2.283257246017456055e+00 2.137118339538574219e+00 6.447831392288208008e-01
2.363267183303833008e+00 2.181595802307128906e+00 6.372827291488647461e-01
2.439551830291748047e+00 2.218208551406860352e+00 6.251280307769775391e-01
2.502326488494873047e+00 2.242738723754882812e+00 6.098711490631103516e-01
2.551130056381225586e+00 2.255282640457153320e+00 5.918830633163452148e-01
2.585721969604492188e+00 2.256106138229370117e+00 5.715581774711608887e-01
2.606068849563598633e+00 2.245622158050537109e+00 5.493023395538330078e-01
2.612332582473754883e+00 2.224373817443847656e+00 5.255228281021118164e-01
2.604851245880126953e+00 2.193010330200195312e+00 5.006195306777954102e-01
2.578854084014892578e+00 2.147321939468383789e+00 4.735444784164428711e-01
2.533835887908935547e+00 2.087791442871093750e+00 4.447280168533325195e-01
2.473181724548339844e+00 2.013392925262451172e+00 4.123191833496093750e-01
2.394019365310668945e+00 1.931841850280761719e+00 3.845705389976501465e-01
2.305297374725341797e+00 1.844603061676025391e+00 3.572106957435607910e-01
2.208299875259399414e+00 1.752656221389770508e+00 3.303772807121276855e-01
2.104165077209472656e+00 1.656962633132934570e+00 3.042709827423095703e-01
2.010892629623413086e+00 1.581415772438049316e+00 2.874186635017395020e-01
1.943542003631591797e+00 1.523568391799926758e+00 2.749742865562438965e-01
1.881774544715881348e+00 1.464336037635803223e+00 2.614434361457824707e-01
1.813071131706237793e+00 1.400538086891174316e+00 2.478738427162170410e-01
1.740121960639953613e+00 1.334914565086364746e+00 2.349478304386138916e-01
1.663745045661926270e+00 1.268014788627624512e+00 2.226600050926208496e-01
1.584755420684814453e+00 1.200372338294982910e+00 2.109962701797485352e-01
1.503955721855163574e+00 1.132503986358642578e+00 1.999377310276031494e-01
1.422130465507507324e+00 1.064908862113952637e+00 1.894638538360595703e-01
1.340041160583496094e+00 9.980717301368713379e-01 1.795568764209747314e-01
1.271974205970764160e+00 9.382925033569335938e-01 1.682773828506469727e-01
1.222513914108276367e+00 8.876976370811462402e-01 1.550690829753875732e-01
1.173239827156066895e+00 8.401735424995422363e-01 1.437715888023376465e-01
1.124522686004638672e+00 7.945879101753234863e-01 1.334566473960876465e-01
1.076733350753784180e+00 7.509511113166809082e-01 1.239734888076782227e-01
1.030216693878173828e+00 7.095617651939392090e-01 1.153813302516937256e-01
9.852842092514038086e-01 6.707011461257934570e-01 1.077452898025512695e-01
9.422158598899841309e-01 6.346351504325866699e-01 1.011367440223693848e-01
9.012575149536132812e-01 6.016055941581726074e-01 9.562823176383972168e-02
8.626222610473632812e-01 5.718302130699157715e-01 9.129151701927185059e-02
8.394459486007690430e-01 5.510307550430297852e-01 8.364808559417724609e-02
8.116014599800109863e-01 5.248941183090209961e-01 7.527524232864379883e-02
7.848396897315979004e-01 5.010658502578735352e-01 6.829687952995300293e-02
7.614039778709411621e-01 4.808832108974456787e-01 6.262284517288208008e-02
7.421882748603820801e-01 4.647996723651885986e-01 5.818891897797584534e-02
7.238727211952209473e-01 4.513306319713592529e-01 5.547315254807472229e-02
7.057069540023803711e-01 4.388608932495117188e-01 5.346951261162757874e-02
6.843369007110595703e-01 4.203414320945739746e-01 4.778024926781654358e-02
6.609749197959899902e-01 4.050578773021697998e-01 4.655146971344947815e-02
6.369696259498596191e-01 3.928654491901397705e-01 4.870072379708290100e-02
6.141039729118347168e-01 3.835484683513641357e-01 5.276677384972572327e-02
5.924076437950134277e-01 3.769912421703338623e-01 5.864395573735237122e-02
5.719017386436462402e-01 3.730458915233612061e-01 6.620222330093383789e-02
5.525978207588195801e-01 3.715351521968841553e-01 7.529015839099884033e-02
5.344973802566528320e-01 3.722555339336395264e-01 8.573779463768005371e-02
5.175931453704833984e-01 3.749835193157196045e-01 9.736149013042449951e-02
5.018686652183532715e-01 3.794777393341064453e-01 1.099658906459808350e-01
4.842257797718048096e-01 3.827366530895233154e-01 1.222334802150726318e-01
4.660297632217407227e-01 3.857510983943939209e-01 1.344670653343200684e-01
4.493606388568878174e-01 3.901554346084594727e-01 1.472325772047042847e-01
4.341675043106079102e-01 3.956871628761291504e-01 1.603298038244247437e-01
4.203887879848480225e-01 4.020862281322479248e-01 1.735652834177017212e-01
4.079535603523254395e-01 4.091002345085144043e-01 1.867554038763046265e-01
3.992692530155181885e-01 4.176163673400878906e-01 1.993971467018127441e-01
3.951591849327087402e-01 4.274635314941406250e-01 2.104849517345428467e-01
3.957106769084930420e-01 4.366785585880279541e-01 2.186627835035324097e-01
3.965739309787750244e-01 4.458477199077606201e-01 2.267963588237762451e-01
4.014598727226257324e-01 4.581637978553771973e-01 2.379519045352935791e-01
4.058162271976470947e-01 4.692838788032531738e-01 2.482704520225524902e-01
4.094806909561157227e-01 4.790630042552947998e-01 2.577093839645385742e-01
4.123157858848571777e-01 4.873916804790496826e-01 2.662457227706909180e-01
4.113290011882781982e-01 4.934206902980804443e-01 2.744808197021484375e-01
4.043308198451995850e-01 4.965435266494750977e-01 2.828705012798309326e-01
3.958077430725097656e-01 4.979762732982635498e-01 2.904919981956481934e-01
3.858397006988525391e-01 4.977912008762359619e-01 2.973751425743103027e-01
3.740833699703216553e-01 4.958947896957397461e-01 3.036252260208129883e-01
3.618972897529602051e-01 4.924072623252868652e-01 3.082182705402374268e-01
3.569143712520599365e-01 4.912966489791870117e-01 3.084503710269927979e-01
3.511943221092224121e-01 4.894440770149230957e-01 3.082329332828521729e-01
3.448106646537780762e-01 4.869487583637237549e-01 3.076211214065551758e-01
3.391086757183074951e-01 4.844580888748168945e-01 3.067133426666259766e-01
3.365993797779083252e-01 4.820634424686431885e-01 3.049293458461761475e-01
3.337325751781463623e-01 4.793732762336730957e-01 3.029365241527557373e-01
3.305769264698028564e-01 4.764895737171173096e-01 3.007982671260833740e-01
3.272010385990142822e-01 4.735146164894104004e-01 2.985791862010955811e-01
3.238464295864105225e-01 4.705485403537750244e-01 2.964586019515991211e-01
3.209510147571563721e-01 4.676438271999359131e-01 2.947513163089752197e-01
3.180620074272155762e-01 4.649457037448883057e-01 2.931728363037109375e-01
3.152339160442352295e-01 4.625430405139923096e-01 2.917787730693817139e-01
3.125163316726684570e-01 4.605174958705902100e-01 2.906210124492645264e-01
3.099542260169982910e-01 4.589421451091766357e-01 2.897467315196990967e-01
3.075868785381317139e-01 4.578805863857269287e-01 2.891978919506072998e-01
3.054478764533996582e-01 4.573856592178344727e-01 2.890102565288543701e-01
3.035648465156555176e-01 4.574990868568420410e-01 2.892129123210906982e-01
3.019587695598602295e-01 4.582500457763671875e-01 2.898276746273040771e-01
3.006444871425628662e-01 4.596556723117828369e-01 2.908687889575958252e-01
2.996301651000976562e-01 4.617197215557098389e-01 2.923423647880554199e-01
2.989175021648406982e-01 4.644335508346557617e-01 2.942466735839843750e-01
2.985020279884338379e-01 4.677761793136596680e-01 2.965720295906066895e-01
2.986361086368560791e-01 4.718514978885650635e-01 2.991898953914642334e-01
2.990320026874542236e-01 4.764739573001861572e-01 3.021903932094573975e-01
2.996662557125091553e-01 4.815887510776519775e-01 3.055432736873626709e-01
3.004488646984100342e-01 4.870473146438598633e-01 3.091975748538970947e-01
3.013176023960113525e-01 4.927369654178619385e-01 3.131045699119567871e-01
3.023594319820404053e-01 4.987399578094482422e-01 3.172420561313629150e-01
3.035421073436737061e-01 5.049818158149719238e-01 3.215623497962951660e-01
3.048323094844818115e-01 5.113848447799682617e-01 3.260148167610168457e-01
3.061967492103576660e-01 5.178732872009277344e-01 3.305498063564300537e-01
3.076020777225494385e-01 5.243721008300781250e-01 3.351174592971801758e-01
3.090163469314575195e-01 5.308099985122680664e-01 3.396699130535125732e-01
3.104094266891479492e-01 5.371208786964416504e-01 3.441623449325561523e-01
3.117538988590240479e-01 5.432441234588623047e-01 3.485527634620666504e-01
3.130247890949249268e-01 5.491258502006530762e-01 3.528036177158355713e-01
3.144204616546630859e-01 5.549407005310058594e-01 3.569929301738739014e-01
3.158291578292846680e-01 5.605561733245849609e-01 3.610451519489288330e-01
3.170780539512634277e-01 5.657850503921508789e-01 3.648583590984344482e-01
3.181559741497039795e-01 5.706052780151367188e-01 3.684149384498596191e-01
3.190549015998840332e-01 5.750036239624023438e-01 3.717027306556701660e-01
3.197720050811767578e-01 5.789759755134582520e-01 3.747156262397766113e-01
3.203078508377075195e-01 5.825260877609252930e-01 3.774526119232177734e-01
3.206667006015777588e-01 5.856648683547973633e-01 3.799172341823577881e-01
3.204168975353240967e-01 5.881139039993286133e-01 3.820181787014007568e-01
3.198159933090209961e-01 5.900625586509704590e-01 3.838230967521667480e-01
3.214512765407562256e-01 5.918191671371459961e-01 3.850767612457275391e-01
3.234020471572875977e-01 5.933151841163635254e-01 3.860653638839721680e-01
3.251505494117736816e-01 5.945568680763244629e-01 3.868824541568756104e-01
3.267145752906799316e-01 5.955775976181030273e-01 3.875475823879241943e-01
3.281145989894866943e-01 5.964108705520629883e-01 3.880802989006042480e-01
3.293718695640563965e-01 5.970892906188964844e-01 3.884997665882110596e-01
3.305262625217437744e-01 5.977079272270202637e-01 3.888698816299438477e-01
3.317566514015197754e-01 5.988790392875671387e-01 3.896235227584838867e-01
3.328933715820312500e-01 5.999183654785156250e-01 3.902702331542968750e-01
3.339558243751525879e-01 6.008467078208923340e-01 3.908225297927856445e-01
3.349621891975402832e-01 6.016815304756164551e-01 3.912909030914306641e-01
3.359287679195404053e-01 6.024381518363952637e-01 3.916852176189422607e-01
3.368697762489318848e-01 6.031294465065002441e-01 3.920139074325561523e-01
3.377976417541503906e-01 6.037656664848327637e-01 3.922841250896453857e-01
3.387226462364196777e-01 6.043550372123718262e-01 3.925020694732666016e-01
3.396528065204620361e-01 6.049048304557800293e-01 3.926739394664764404e-01
3.405945003032684326e-01 6.054199934005737305e-01 3.928044140338897705e-01
3.415522575378417969e-01 6.059055924415588379e-01 3.928987085819244385e-01
3.425294160842895508e-01 6.063659191131591797e-01 3.929618000984191895e-01
3.435269296169281006e-01 6.068048477172851562e-01 3.929985165596008301e-01
3.445454239845275879e-01 6.072260141372680664e-01 3.930138349533081055e-01
3.455839753150939941e-01 6.076338291168212891e-01 3.930131793022155762e-01
3.466405272483825684e-01 6.080322265625000000e-01 3.930018544197082520e-01
3.477118611335754395e-01 6.084250211715698242e-01 3.929852247238159180e-01
3.487935662269592285e-01 6.088150143623352051e-01 3.929676413536071777e-01
3.498805761337280273e-01 6.092060804367065430e-01 3.929547071456909180e-01
3.509662151336669922e-01 6.095989942550659180e-01 3.929494023323059082e-01
3.520428836345672607e-01 6.099948287010192871e-01 3.929551839828491211e-01
3.531405329704284668e-01 6.104120612144470215e-01 3.929570019245147705e-01
3.542835116386413574e-01 6.108650565147399902e-01 3.929405212402343750e-01
3.553818762302398682e-01 6.113076806068420410e-01 3.929384052753448486e-01
3.564230501651763916e-01 6.117318868637084961e-01 3.929479122161865234e-01
3.573940396308898926e-01 6.121276617050170898e-01 3.929648995399475098e-01
3.582817912101745605e-01 6.124836206436157227e-01 3.929838240146636963e-01
3.590734302997589111e-01 6.127867102622985840e-01 3.929979503154754639e-01
3.597561717033386230e-01 6.130226254463195801e-01 3.929992020130157471e-01
3.603188097476959229e-01 6.131769418716430664e-01 3.929790258407592773e-01
3.607515394687652588e-01 6.132352352142333984e-01 3.929283022880554199e-01
3.610464632511138916e-01 6.131841540336608887e-01 3.928381204605102539e-01
3.611985445022583008e-01 6.130110621452331543e-01 3.926994204521179199e-01
3.612054288387298584e-01 6.127063035964965820e-01 3.925045132637023926e-01
3.610682189464569092e-01 6.122624874114990234e-01 3.922464847564697266e-01
3.607914745807647705e-01 6.116755008697509766e-01 3.919199705123901367e-01
3.603834211826324463e-01 6.109446287155151367e-01 3.915212154388427734e-01
3.598561584949493408e-01 6.100736856460571289e-01 3.910487890243530273e-01
3.592249453067779541e-01 6.090697050094604492e-01 3.905029892921447754e-01
3.585084974765777588e-01 6.079445481300354004e-01 3.898867368698120117e-01
3.577287793159484863e-01 6.067131161689758301e-01 3.892045021057128906e-01
3.569097518920898438e-01 6.053946018218994141e-01 3.884634971618652344e-01
3.561118543148040771e-01 6.041156649589538574e-01 3.877415955066680908e-01
3.553446531295776367e-01 6.028462052345275879e-01 3.870132267475128174e-01
3.546222448348999023e-01 6.015698909759521484e-01 3.862619102001190186e-01
3.539737761020660400e-01 6.003177165985107422e-01 3.855026364326477051e-01
3.534280955791473389e-01 5.991221666336059570e-01 3.847518861293792725e-01
3.530118167400360107e-01 5.980145931243896484e-01 3.840258419513702393e-01
3.527499735355377197e-01 5.970257520675659180e-01 3.833408951759338379e-01
3.526647090911865234e-01 5.961844921112060547e-01 3.827129602432250977e-01
3.527747988700866699e-01 5.955172181129455566e-01 3.821570277214050293e-01
3.530953824520111084e-01 5.950469970703125000e-01 3.816869854927062988e-01
3.536373376846313477e-01 5.947936177253723145e-01 3.813153505325317383e-01
3.544072508811950684e-01 5.947722792625427246e-01 3.810524642467498779e-01
3.554072082042694092e-01 5.949940085411071777e-01 3.809070587158203125e-01
3.566346168518066406e-01 5.954651832580566406e-01 3.808856010437011719e-01
3.580828607082366943e-01 5.961877703666687012e-01 3.809925019741058350e-01
3.597405850887298584e-01 5.971585512161254883e-01 3.812296688556671143e-01
3.615923225879669189e-01 5.983699560165405273e-01 3.815967738628387451e-01
3.636188805103302002e-01 5.998091101646423340e-01 3.820907473564147949e-01
3.657976388931274414e-01 6.014597415924072266e-01 3.827067017555236816e-01
3.681025207042694092e-01 6.033006906509399414e-01 3.834370374679565430e-01
3.705047070980072021e-01 6.053071022033691406e-01 3.842720687389373779e-01
3.729729354381561279e-01 6.074502468109130859e-01 3.851997256278991699e-01
3.754736483097076416e-01 6.096978783607482910e-01 3.862057924270629883e-01
3.779720962047576904e-01 6.120156645774841309e-01 3.872744441032409668e-01
3.804320991039276123e-01 6.143655776977539062e-01 3.883874714374542236e-01
3.828170001506805420e-01 6.167084574699401855e-01 3.895255327224731445e-01
3.850899040699005127e-01 6.190038919448852539e-01 3.906682729721069336e-01
3.872149884700775146e-01 6.212103366851806641e-01 3.917937278747558594e-01
3.891564011573791504e-01 6.232861876487731934e-01 3.928796350955963135e-01
3.908809721469879150e-01 6.251917481422424316e-01 3.939042687416076660e-01
3.923574090003967285e-01 6.268875002861022949e-01 3.948452472686767578e-01
3.935574293136596680e-01 6.283373832702636719e-01 3.956815004348754883e-01
3.944561779499053955e-01 6.295082569122314453e-01 3.963933289051055908e-01
3.950335681438446045e-01 6.303719878196716309e-01 3.969630897045135498e-01
3.952735066413879395e-01 6.309047341346740723e-01 3.973753452301025391e-01
3.951657414436340332e-01 6.310891509056091309e-01 3.976178169250488281e-01
3.947054743766784668e-01 6.309137940406799316e-01 3.976812064647674561e-01
3.938934206962585449e-01 6.303744316101074219e-01 3.975602984428405762e-01
3.927368223667144775e-01 6.294736862182617188e-01 3.972532451152801514e-01
3.912485837936401367e-01 6.282224059104919434e-01 3.967631757259368896e-01
3.894473314285278320e-01 6.266366839408874512e-01 3.960957825183868408e-01
3.873568177223205566e-01 6.247398853302001953e-01 3.952611088752746582e-01
3.850058913230895996e-01 6.225616931915283203e-01 3.942728936672210693e-01
3.824275135993957520e-01 6.201358437538146973e-01 3.931471705436706543e-01
3.796575963497161865e-01 6.175006031990051270e-01 3.919028043746948242e-01
3.767345249652862549e-01 6.146961450576782227e-01 3.905598521232604980e-01
3.736976683139801025e-01 6.117648482322692871e-01 3.891399204730987549e-01
3.705871105194091797e-01 6.087484359741210938e-01 3.876644074916839600e-01
3.674416840076446533e-01 6.056872606277465820e-01 3.861540555953979492e-01
3.642982244491577148e-01 6.026196479797363281e-01 3.846288025379180908e-01
3.611912727355957031e-01 5.995797514915466309e-01 3.831062316894531250e-01
3.581513166427612305e-01 5.965975522994995117e-01 3.816018998622894287e-01
3.552052378654479980e-01 5.936981439590454102e-01 3.801285624504089355e-01
3.523744344711303711e-01 5.909004807472229004e-01 3.786958456039428711e-01
3.496759235858917236e-01 5.882185697555541992e-01 3.773105144500732422e-01
3.471213579177856445e-01 5.856599211692810059e-01 3.759757876396179199e-01
3.447175323963165283e-01 5.832273364067077637e-01 3.746923506259918213e-01
3.425121605396270752e-01 5.808556675910949707e-01 3.734101653099060059e-01
3.406639099121093750e-01 5.783168673515319824e-01 3.719559311866760254e-01
3.389706015586853027e-01 5.758724808692932129e-01 3.705301880836486816e-01
3.374210596084594727e-01 5.735132694244384766e-01 3.691279590129852295e-01
3.360024392604827881e-01 5.712286829948425293e-01 3.677433133125305176e-01
3.346996605396270752e-01 5.690085887908935547e-01 3.663711547851562500e-01
3.334966301918029785e-01 5.668424963951110840e-01 3.650061488151550293e-01
3.323771655559539795e-01 5.647222399711608887e-01 3.636446297168731689e-01
3.313258588314056396e-01 5.626415014266967773e-01 3.622841835021972656e-01
3.303278684616088867e-01 5.605961084365844727e-01 3.609238862991333008e-01
3.294266760349273682e-01 5.586143136024475098e-01 3.595413863658905029e-01
3.285822570323944092e-01 5.566831827163696289e-01 3.581521511077880859e-01
3.277549445629119873e-01 5.547912716865539551e-01 3.567745089530944824e-01
3.269396424293518066e-01 5.529467463493347168e-01 3.554148674011230469e-01
3.261342942714691162e-01 5.511605739593505859e-01 3.540815711021423340e-01
3.253387212753295898e-01 5.494458079338073730e-01 3.527845442295074463e-01
3.245554268360137939e-01 5.478175282478332520e-01 3.515346944332122803e-01
3.237893283367156982e-01 5.462911725044250488e-01 3.503433465957641602e-01
3.230468630790710449e-01 5.448832511901855469e-01 3.492224812507629395e-01
3.223355114459991455e-01 5.436103343963623047e-01 3.481844067573547363e-01
3.216642141342163086e-01 5.424876809120178223e-01 3.472402095794677734e-01
3.210418522357940674e-01 5.415295362472534180e-01 3.464005291461944580e-01
3.204770386219024658e-01 5.407483577728271484e-01 3.456749916076660156e-01
3.199780285358428955e-01 5.401539802551269531e-01 3.450713753700256348e-01
3.195516467094421387e-01 5.397537946701049805e-01 3.445959091186523438e-01
3.192035257816314697e-01 5.395520925521850586e-01 3.442528247833251953e-01
3.189370036125183105e-01 5.395497679710388184e-01 3.440441191196441650e-01
3.187535405158996582e-01 5.397449135780334473e-01 3.439700007438659668e-01
3.186526298522949219e-01 5.401318073272705078e-01 3.440279066562652588e-01
3.186312019824981689e-01 5.407020449638366699e-01 3.442136645317077637e-01
3.186843991279602051e-01 5.414447188377380371e-01 3.445212543010711670e-01
3.188055455684661865e-01 5.423459410667419434e-01 3.449426293373107910e-01
3.189860880374908447e-01 5.433899760246276855e-01 3.454683721065521240e-01
3.192165195941925049e-01 5.445598363876342773e-01 3.460881710052490234e-01
3.194864690303802490e-01 5.458371043205261230e-01 3.467904925346374512e-01
3.197848498821258545e-01 5.472027659416198730e-01 3.475634157657623291e-01
3.201008141040802002e-01 5.486379861831665039e-01 3.483948111534118652e-01
3.204236030578613281e-01 5.501236319541931152e-01 3.492722809314727783e-01
3.207434415817260742e-01 5.516416430473327637e-01 3.501839935779571533e-01
3.210512697696685791e-01 5.531749725341796875e-01 3.511185646057128906e-01
3.213391900062561035e-01 5.547078847885131836e-01 3.520654141902923584e-01
3.216007947921752930e-01 5.562253594398498535e-01 3.530143499374389648e-01
3.218311369419097900e-01 5.577158331871032715e-01 3.539572954177856445e-01
3.220262825489044189e-01 5.591676831245422363e-01 3.548860549926757812e-01
3.221840560436248779e-01 5.605720877647399902e-01 3.557941317558288574e-01
3.223028779029846191e-01 5.619216561317443848e-01 3.566763103008270264e-01
3.223828375339508057e-01 5.632111430168151855e-01 3.575283288955688477e-01
3.224238455295562744e-01 5.644353628158569336e-01 3.583462238311767578e-01
3.224268853664398193e-01 5.655918121337890625e-01 3.591277003288269043e-01
3.223924636840820312e-01 5.666783452033996582e-01 3.598709702491760254e-01
3.223212659358978271e-01 5.676929950714111328e-01 3.605743348598480225e-01
3.222133219242095947e-01 5.686345696449279785e-01 3.612364828586578369e-01
3.220674395561218262e-01 5.695011615753173828e-01 3.618560433387756348e-01
3.218821585178375244e-01 5.702913403511047363e-01 3.624318838119506836e-01
3.216541707515716553e-01 5.710020065307617188e-01 3.629617691040039062e-01
3.213791251182556152e-01 5.716292858123779297e-01 3.634431958198547363e-01
3.210512697696685791e-01 5.721686482429504395e-01 3.638732433319091797e-01
3.206640481948852539e-01 5.726142525672912598e-01 3.642481565475463867e-01
3.204572200775146484e-01 5.731565952301025391e-01 3.646740615367889404e-01
3.204271495342254639e-01 5.737919211387634277e-01 3.651484847068786621e-01
3.203323483467102051e-01 5.743257403373718262e-01 3.655614256858825684e-01
3.201693594455718994e-01 5.747534036636352539e-01 3.659096360206604004e-01
3.199355006217956543e-01 5.750710964202880859e-01 3.661903440952301025e-01
3.196288645267486572e-01 5.752751231193542480e-01 3.664007484912872314e-01
3.192488551139831543e-01 5.753626823425292969e-01 3.665386736392974854e-01
3.187958002090454102e-01 5.753327012062072754e-01 3.666029274463653564e-01
3.182723224163055420e-01 5.751861333847045898e-01 3.665939569473266602e-01
3.176821172237396240e-01 5.749254226684570312e-01 3.665128946304321289e-01
3.170311748981475830e-01 5.745558738708496094e-01 3.663628995418548584e-01
3.163268864154815674e-01 5.740851759910583496e-01 3.661488294601440430e-01
3.155786693096160889e-01 5.735237002372741699e-01 3.658771812915802002e-01
3.147975206375122070e-01 5.728838443756103516e-01 3.655559122562408447e-01
3.139957189559936523e-01 5.721806883811950684e-01 3.651948869228363037e-01
3.131867349147796631e-01 5.714308023452758789e-01 3.648049533367156982e-01
3.123848438262939453e-01 5.706524848937988281e-01 3.643983006477355957e-01
3.116048872470855713e-01 5.698643326759338379e-01 3.639872670173645020e-01
3.108612895011901855e-01 5.690852403640747070e-01 3.635846376419067383e-01
3.101682960987091064e-01 5.683335065841674805e-01 3.632028996944427490e-01
3.095395565032958984e-01 5.676255226135253906e-01 3.628532886505126953e-01
3.089870810508728027e-01 5.669757723808288574e-01 3.625460267066955566e-01
3.085213005542755127e-01 5.663951635360717773e-01 3.622888922691345215e-01
3.081506192684173584e-01 5.658915638923645020e-01 3.620879650115966797e-01
3.078809976577758789e-01 5.654677748680114746e-01 3.619457185268402100e-01
3.077160418033599854e-01 5.651226043701171875e-01 3.618621230125427246e-01
3.076563179492950439e-01 5.648493170738220215e-01 3.618334531784057617e-01
3.076996207237243652e-01 5.646367073059082031e-01 3.618527650833129883e-01
3.078406155109405518e-01 5.644685626029968262e-01 3.619099259376525879e-01
3.080711960792541504e-01 5.643240809440612793e-01 3.619914352893829346e-01
3.083805441856384277e-01 5.641785264015197754e-01 3.620809018611907959e-01
3.087555170059204102e-01 5.640043020248413086e-01 3.621599078178405762e-01
3.091808259487152100e-01 5.637719631195068359e-01 3.622086346149444580e-01
3.096399009227752686e-01 5.634510517120361328e-01 3.622059226036071777e-01
3.101152479648590088e-01 5.630121231079101562e-01 3.621312379837036133e-01
3.105896115303039551e-01 5.624283552169799805e-01 3.619651794433593750e-01
3.110466897487640381e-01 5.616778135299682617e-01 3.616910874843597412e-01
3.114717900753021240e-01 5.607438683509826660e-01 3.612955808639526367e-01
3.118534684181213379e-01 5.596187114715576172e-01 3.607702255249023438e-01
3.121841847896575928e-01 5.583052039146423340e-01 3.601133227348327637e-01
3.124614357948303223e-01 5.568174123764038086e-01 3.593298792839050293e-01
3.126887679100036621e-01 5.551837086677551270e-01 3.584339022636413574e-01
3.128774762153625488e-01 5.534481406211853027e-01 3.574490249156951904e-01
3.130462467670440674e-01 5.516706705093383789e-01 3.564088344573974609e-01
3.132229149341583252e-01 5.499292612075805664e-01 3.553583621978759766e-01
3.134453594684600830e-01 5.483204722404479980e-01 3.543542921543121338e-01
3.137864470481872559e-01 5.469714999198913574e-01 3.534535169601440430e-01
3.143970966339111328e-01 5.460641980171203613e-01 3.526970446109771729e-01
3.152406811714172363e-01 5.456932187080383301e-01 3.522197306156158447e-01
3.164012730121612549e-01 5.460279583930969238e-01 3.521206974983215332e-01
3.179734647274017334e-01 5.472515821456909180e-01 3.525077104568481445e-01
3.200615048408508301e-01 5.495601296424865723e-01 3.534964621067047119e-01
3.227777183055877686e-01 5.531579256057739258e-01 3.552082777023315430e-01
3.262415230274200439e-01 5.582554936408996582e-01 3.577687144279479980e-01
3.305767178535461426e-01 5.650638937950134277e-01 3.613042235374450684e-01
3.359108567237854004e-01 5.737916827201843262e-01 3.659405708312988281e-01
3.423715233802795410e-01 5.846396684646606445e-01 3.717997074127197266e-01
3.500850796699523926e-01 5.977953076362609863e-01 3.789964020252227783e-01
3.591727912425994873e-01 6.134275794029235840e-01 3.876351714134216309e-01
3.737997114658355713e-01 6.471830606460571289e-01 4.099059104919433594e-01
3.960195183753967285e-01 6.967936158180236816e-01 4.432733058929443359e-01
4.355096220970153809e-01 7.589367032051086426e-01 4.832469224929809570e-01
4.905025959014892578e-01 8.297225832939147949e-01 5.272808074951171875e-01
5.642920732498168945e-01 9.116675257682800293e-01 5.689203143119812012e-01
6.875436305999755859e-01 1.020536303520202637e+00 5.963566899299621582e-01
8.163093924522399902e-01 1.132968664169311523e+00 6.241452097892761230e-01
9.406242370605468750e-01 1.237557053565979004e+00 6.481350064277648926e-01
1.071978092193603516e+00 1.347261071205139160e+00 6.729412674903869629e-01
1.209758996963500977e+00 1.461345076560974121e+00 6.982660293579101562e-01
1.353217601776123047e+00 1.578954815864562988e+00 7.237800955772399902e-01
1.501469612121582031e+00 1.699124574661254883e+00 7.491265535354614258e-01
1.653503179550170898e+00 1.820788025856018066e+00 7.739275693893432617e-01
1.800980329513549805e+00 1.938499450683593750e+00 7.970871329307556152e-01
1.945984244346618652e+00 2.054175138473510742e+00 8.196207284927368164e-01
2.059642553329467773e+00 2.151712894439697266e+00 8.398262262344360352e-01
2.170991897583007812e+00 2.244327783584594727e+00 8.561495542526245117e-01
2.280349493026733398e+00 2.333283901214599609e+00 8.703479766845703125e-01
2.386654615402221680e+00 2.417562246322631836e+00 8.821226954460144043e-01
2.488862991333007812e+00 2.496189594268798828e+00 8.912057876586914062e-01
2.585960626602172852e+00 2.568253993988037109e+00 8.973661661148071289e-01
2.667736530303955078e+00 2.622650146484375000e+00 8.965757489204406738e-01
2.739961862564086914e+00 2.666049242019653320e+00 8.914613723754882812e-01
2.804154157638549805e+00 2.700414180755615234e+00 8.828992247581481934e-01
2.859659194946289062e+00 2.725308418273925781e+00 8.708760738372802734e-01
2.905938148498535156e+00 2.740432500839233398e+00 8.554352521896362305e-01
2.942582845687866211e+00 2.745634078979492188e+00 8.366764783859252930e-01
2.969313144683837891e+00 2.740904092788696289e+00 8.147542476654052734e-01
2.980924367904663086e+00 2.721533298492431641e+00 7.878404855728149414e-01
2.966793775558471680e+00 2.688666343688964844e+00 7.627379894256591797e-01
2.937023162841796875e+00 2.646564960479736328e+00 7.384190559387207031e-01
2.896334648132324219e+00 2.594773292541503906e+00 7.117624878883361816e-01
2.845363140106201172e+00 2.534054279327392578e+00 6.831073760986328125e-01
2.784872531890869141e+00 2.465280055999755859e+00 6.528165936470031738e-01
2.715730190277099609e+00 2.389406919479370117e+00 6.212676763534545898e-01
2.647107601165771484e+00 2.311188697814941406e+00 5.877496004104614258e-01
2.576951980590820312e+00 2.225121498107910156e+00 5.501670837402343750e-01
2.499885559082031250e+00 2.133093595504760742e+00 5.118443965911865234e-01
