4.409294995530217420e-01 3.947535133732003487e+00 -9.729611483037160724e+00
2.169919270346099438e+00 7.970670576475754388e+00 -1.514412809473469679e+01
4.432320798562386699e+00 1.336756437521307816e+01 -2.252622787550535577e+01
7.212506153173762868e+00 2.042969656872139694e+01 -3.215878858553310238e+01
1.043448812225187794e+01 2.944712093130294761e+01 -4.426536180272137244e+01
1.395181608552343278e+01 4.068847744006461653e+01 -5.899201453108048554e+01
1.753952761788468706e+01 5.437895306566633735e+01 -7.639414861297223069e+01
2.088836145752657103e+01 7.067827926410348027e+01 -9.642937741674813878e+01
2.360182991171495814e+01 8.966102346963521086e+01 -1.189571724161830844e+02
2.519727633537013389e+01 1.113011777444914969e+02 -1.437456172336405871e+02
2.511238327822911742e+01 1.354624656924985402e+02 -1.704850530837038605e+02
2.271847748114896604e+01 1.618950512159379969e+02 -1.988076610605317001e+02
1.734134760278448084e+01 1.902386042195802247e+02 -2.283113304452676857e+02
8.289347996009382769e+00 2.200310623416362432e+02 -2.585857344221053609e+02
-5.112413149721305672e+00 2.507219778982981779e+02 -2.892384321873514637e+02
-2.348382687101957345e+01 2.816890981012554676e+02 -3.199189919236182504e+02
-4.735009032104062499e+01 3.122568228149955303e+02 -3.503395216832200276e+02
-7.710345471399796224e+01 3.417153938159209474e+02 -3.802905327489661431e+02
-1.129692092389823301e+02 3.693400043888503888e+02 -4.096516572878945226e+02
-1.549782976972728648e+02 3.944093580425055734e+02 -4.383973223076404793e+02
-2.029484213647538127e+02 4.162234383176520396e+02 -4.665979495002889053e+02
-2.564748905387700688e+02 4.341203026837042671e+02 -4.944174580883260433e+02
-3.149318124384146813e+02 4.474915820131574833e+02 -5.221076927259701961e+02
-3.774834304051958043e+02 4.557961622995370590e+02 -5.499999745853120885e+02
-4.431046980476605768e+02 4.585714307075472220e+02 -5.784935520193554339e+02
-5.106096611722659873e+02 4.554416307781175988e+02 -6.080405698946001394e+02
-5.786859874310623582e+02 4.461232922931577036e+02 -6.391273866102213788e+02
-6.459340057948252252e+02 4.304282047616122782e+02 -6.722525686855580034e+02
-7.109088854977162555e+02 4.082647365914058923e+02 -7.079024998930905213e+02
-7.721650306491931133e+02 3.796383150317025752e+02 -7.465260566997775413e+02
-8.283021873555595675e+02 3.446516326726709849e+02 -7.885100675740369525e+02
-8.780129014468834612e+02 3.035048196908599039e+02 -8.341571930802099359e+02
-9.201306800029998385e+02 2.564955595748677979e+02 -8.836674379735410412e+02
-9.536775340712524667e+02 2.040189434072841550e+02 -9.371238773250776148e+02
-9.779087121571992611e+02 1.465666882668347455e+02 -9.944825737995596455e+02
-9.923516597466492613e+02 8.472513722431762062e+01 -1.055566255353401630e+03
-9.968358487927276883e+02 1.917122241476683087e+01 -1.120061146766223374e+03
-9.915103355747057776e+02 -4.933460369287380587e+01 -1.187516360786851692e+03
-9.768467914430146948e+02 -1.199594397864300106e+02 -1.257345430958123870e+03
-9.536271449158222140e+02 -1.918136638791627888e+02 -1.328829904921550678e+03
-9.229165272750312852e+02 -2.639714002074441623e+02 -1.401125364207847042e+03
-8.860235628416191958e+02 -3.354951070765034729e+02 -1.473270679592965280e+03
-8.444509700178263074e+02 -4.054629860373160000e+02 -1.544201617692148375e+03
-7.998398954346685059e+02 -4.729974083873235600e+02 -1.612769977372146968e+03
-7.539114329252370226e+02 -5.372923714192609168e+02 -1.677769183060023352e+03
-7.084084381991281134e+02 -5.976381803740891883e+02 -1.737966669007799737e+03
-6.650401467116262211e+02 -6.534420141353765530e+02 -1.792142508239430299e+03
-6.254314263384037531e+02 -7.042435875997989569e+02 -1.839132747941981279e+03
-5.910779089968643802e+02 -7.497255773112659654e+02 -1.877875060863995714e+03
-5.633077660617252604e+02 -7.897187225940889448e+02 -1.907453823995143921e+03
-5.432504866229173786e+02 -8.242015567424421079e+02 -1.927141707739698631e+03
-5.318127370205488660e+02 -8.532946466167221615e+02 -1.936435298004454808e+03
-5.296613149044901547e+02 -8.772491739179652086e+02 -1.935083009374207222e+03
-5.372133312063856465e+02 -8.964298387968191264e+02 -1.923104280973977438e+03
-5.546338737202208904e+02 -9.112924633340588798e+02 -1.900799556995596276e+03
-5.818413236831624999e+02 -9.223572273033544207e+02 -1.868750862349964791e+03
-6.185201470131837596e+02 -9.301790132106448254e+02 -1.827813071313506953e+03
-6.641404579757950160e+02 -9.353167070254071405e+02 -1.779096360960623542e+03
-7.179831196194750191e+02 -9.383033858850367324e+02 -1.723940811210498168e+03
-7.791687677807235559e+02 -9.396191200379616930e+02 -1.663884526294073339e+03
-8.466890282666636267e+02 -9.396677321677939290e+02 -1.600626879361293049e+03
-9.194383210912978939e+02 -9.387584394215382417e+02 -1.535988472120877987e+03
-9.962449248611292205e+02 -9.370929281731926039e+02 -1.471869189039823596e+03
-1.075900362859365487e+03 -9.347580611600703833e+02 -1.410205370103676159e+03
-1.157186614434595867e+03 -9.317240718959510559e+02 -1.352926679507357903e+03
-1.238900988973622134e+03 -9.278478080916138424e+02 -1.301912822013040113e+03
-1.319878568315394205e+03 -9.228803986744660506e+02 -1.258950063155856014e+03
-1.399011966807563113e+03 -9.164786465299050633e+02 -1.225687691599777281e+03
-1.475267997349501002e+03 -9.082194974422759515e+02 -1.203594997838411246e+03
-1.547700882362400534e+03 -8.976171270911468127e+02 -1.193919712030841310e+03
-1.615461977606880737e+03 -8.841424731949507532e+02 -1.197648964672521970e+03
-1.677806456593489656e+03 -8.672452437330603061e+02 -1.215473821010469919e+03
-1.734097744562767275e+03 -8.463783599925468479e+02 -1.247758474369668875e+03
-1.783810414283042064e+03 -8.210243983794166525e+02 -1.294515264032428831e+03
-1.826531755068953771e+03 -7.907230210663637990e+02 -1.355386686591908074e+03
-1.861961649988671979e+03 -7.550978706612499991e+02 -1.429635461733002103e+03
-1.889910189678011193e+03 -7.138811654489297780e+02 -1.516143601438916448e+03
-1.910292798995094472e+03 -6.669343763628930901e+02 -1.613421417806449881e+03
-1.923123359018666633e+03 -6.142638201351076077e+02 -1.719627434512847685e+03
-1.928506456297319346e+03 -5.560305215549976765e+02 -1.832600034785317803e+03
-1.926630118457209846e+03 -4.925540251605400499e+02 -1.949901202972881038e+03
-1.917760096276066179e+03 -4.243099010675841782e+02 -2.068871927594258523e+03
-1.902236105248956846e+03 -3.519206595157163520e+02 -2.186697944914791151e+03
-1.880469737486610029e+03 -2.761399397820457580e+02 -2.300483690868296435e+03
-1.852943232133749689e+03 -1.978303384511372087e+02 -2.407331636249129588e+03
-1.820208064351658095e+03 -1.179360070454405331e+02 -2.504423644869660166e+03
-1.782882374052868272e+03 -3.745189489846177366e+01 -2.589100741361842211e+03
-1.741646493699624898e+03 4.260805910688850418e+01 -2.658937792234892186e+03
-1.697236089039815397e+03 1.212415323434929633e+02 -2.711810040245815344e+03
-1.650432610005780134e+03 1.974854814779874914e+02 -2.745949069396237519e+03
-1.602050926686568801e+03 2.704399292569660815e+02 -2.759986502239982656e+03
-1.552924322813379604e+03 3.392877517091754953e+02 -2.752984416149708977e+03
-1.503887434416265933e+03 4.033108554848154199e+02 -2.724452000316302019e+03
-1.455758080847522024e+03 4.619032193622199429e+02 -2.674348373463861208e+03
-1.409319051524239512e+03 5.145810535914212096e+02 -2.603071883883548708e+03
-1.365300741052249350e+03 5.609900632386141979e+02 -2.511436728009795843e+03
-1.324365174346231015e+03 6.009096606557119458e+02 -2.400638319058868092e+03
-1.287091606004494679e+03 6.342539571878957076e+02 -2.272209406171255068e+03
-1.253963685164463413e+03 6.610693993777570086e+02 -2.127969386989706891e+03
-1.225358246751140541e+03 6.815289761601509326e+02 -1.969969456340692886e+03
-1.201536087385700284e+03 6.959230418980805553e+02 -1.800436075601830908e+03
-1.182635452397287281e+03 7.046469868271772157e+02 -1.621714742894085248e+03
-1.168669202623969795e+03 7.081861993998218168e+02 -1.436215376283452542e+03
-1.159526597425584214e+03 7.070989358753786291e+02 -1.246360028824638448e+03
-1.154980287159687350e+03 7.019977927632215824e+02 -1.054533327339579046e+03
-1.154698535673427386e+03 6.935304636874878952e+02 -8.630360857316516103e+02
-1.158262016464759654e+03 6.823603832824792335e+02 -6.740429425694187557e+02
-1.165183859950571332e+03 6.691477612288765613e+02 -4.895653095395177843e+02
-1.174931110672690238e+03 6.545314410490464070e+02 -3.114210075720022814e+02
-1.186945537756650992e+03 6.391120085702145843e+02 -1.412115993719339713e+02
-1.200661894175538464e+03 6.234365788415691441e+02 1.969213451730024644e+01
-1.215522142494469790e+03 6.079855997206670963e+02 1.701565458651207337e+02
-1.230984680512653085e+03 5.931617625781791503e+02 3.092834651402588406e+02
-1.246528115069781052e+03 5.792807901564107169e+02 4.364008903784385893e+02
-1.261649694184764257e+03 5.665636674934505663e+02 5.510467225976019563e+02
-1.275859189799032492e+03 5.551299304196669482e+02 6.529468415457952233e+02
-1.288669764070901692e+03 5.449919067353274613e+02 7.419895336881127150e+02
-1.299587951101832232e+03 5.360501741377565850e+02 8.181989221032868045e+02
-1.308105130556315544e+03 5.280907973122657495e+02 8.817103576706085732e+02
-1.313692626323244895e+03 5.207850454808861969e+02 9.327505235694247858e+02
-1.315801833855786981e+03 5.136922853812733365e+02 9.716242161501206738e+02
-1.313869759437542598e+03 5.062666752591512704e+02 9.987084897908707717e+02
-1.307329378763430896e+03 4.978681998784644520e+02 1.014453381446454841e+03
-1.295623596004357751e+03 4.877784319350628266e+02 1.019387182180073978e+03
-1.278221458606255965e+03 4.752211008492357678e+02 1.014123538925357479e+03
-1.254635602775319057e+03 4.593871030851956903e+02 9.993676441352208712e+02
-1.224440387174595571e+03 4.394631087290529194e+02 9.759192840597347640e+02
-1.187290408366712199e+03 4.146625401131796025e+02 9.446713697585464615e+02
-1.142938809127454078e+03 3.842575004139628163e+02 9.066035499206841450e+02
-1.091254092231425375e+03 3.476102221180627794e+02 8.627713419973688360e+02
-1.032233499273409279e+03 3.042027464517008184e+02 8.142916733399383702e+02
-9.660109321761194678e+02 2.536637611067251328e+02 7.623257463639215530e+02
-8.928581036500565915e+02 1.957917154019305599e+02 7.080599588373315783e+02
-8.131788581691670288e+02 1.305734266617196226e+02 6.526855266365000716e+02
-7.274978733193340759e+02 5.819741324911615266e+01 5.973775766625685719e+02
-6.364457438727856697e+02 -2.093875133627238938e+01 5.432746725626193438e+02
-5.407425539540662385e+02 -1.062275774303152502e+02 4.914598154006207551e+02
-4.411815538621219730e+02 -1.968574868274074561e+02 4.429438290628891082e+02
-3.386137873430685659e+02 -2.918251737914456498e+02 3.986517202300547069e+02
-2.339337991312104066e+02 -3.899540664037647275e+02 3.594121722233671790e+02
-1.280660820240257749e+02 -4.899182976536501428e+02 3.259498492092375272e+02
-2.195171299054765512e+01 -5.902715349279269503e+02 2.988796933864305174e+02
8.346539011203792313e+01 -6.894799968850315963e+02 2.787019806564271676e+02
1.872530523691350481e+02 -7.859589569531610778e+02 2.657967252838534478e+02
2.885065220412880080e+02 -8.781119464321329815e+02 2.604162513311202929e+02
3.863652023513129166e+02 -9.643716994544630552e+02 2.626753922927155145e+02
4.800300326257265624e+02 -1.043241667680404589e+03 2.725396791639450385e+02
5.687808037850710434e+02 -1.113336777897879301e+03 2.898128173344753122e+02
6.519925291685138973e+02 -1.173422081750224152e+03 3.141255742529851887e+02
7.291500226053401548e+02 -1.222448027098732837e+03 3.449287767460555187e+02
7.998600486037299788e+02 -1.259581185461622226e+03 3.814933067298356946e+02
8.638607238378480133e+02 -1.284229354262055949e+03 4.229196521306212162e+02
9.210280888094956708e+02 -1.296060028596520851e+03 4.681586529631717895e+02
9.713797448756819222e+02 -1.295011333398175566e+03 5.160436439459440408e+02
1.015075148909807922e+03 -1.281294649809599832e+03 5.653324797853347263e+02
1.052411783119452821e+03 -1.255388398291530848e+03 6.147563557037551618e+02
1.083816231708234682e+03 -1.218022790389710735e+03 6.630713351371045974e+02
1.109829342005528360e+03 -1.170155835613139743e+03 7.091082953211775930e+02
1.131085128994595834e+03 -1.112941470931191589e+03 7.518175370318481328e+02
1.148283815843694583e+03 -1.047691323796203505e+03 7.903053141542286539e+02
1.162160261327708440e+03 -9.758322219006302021e+02 8.238607083952961148e+02
1.173449863201464041e+03 -8.988619667188958147e+02 8.519723463232653557e+02
1.182854698924128570e+03 -8.183059614424092842e+02 8.743352797849456692e+02
1.191013014617788258e+03 -7.356769972579540990e+02 8.908488981371474438e+02
1.198475032534618549e+03 -6.524399273137895534e+02 9.016070635320056681e+02
1.205687320098467808e+03 -5.699822278115798326e+02 9.068818099514264759e+02
1.212986722591892885e+03 -4.895907179852230229e+02 9.071019330947956405e+02
1.220603347833528460e+03 -4.124341283436299364e+02 9.028276388639828838e+02
1.228670662300828553e+03 -3.395508616795709713e+02 8.947222127386630746e+02
1.237239842055710824e+03 -2.718412057315085804e+02 8.835215811469688560e+02
1.246295466603519117e+03 -2.100633545192749807e+02 8.700027422197063061e+02
1.255770465060150173e+03 -1.548327141602285906e+02 8.549522750593541787e+02
1.265559514658890066e+03 -1.066239763599655817e+02 8.391363575049467727e+02
1.275531255428943723e+03 -6.577536180099707508e+01 8.232738290261995644e+02
1.285540275631225086e+03 -3.249440461776634947e+01 8.080137341602280685e+02
1.295439701221671839e+03 -6.864764460626531672e+00 7.939183854780544607e+02
1.305094538808802099e+03 1.114621166270148933e+01 7.814523264866959380e+02
1.314395040105182488e+03 2.167918984120262849e+01 7.709768712021248120e+02
1.323268702689466636e+03 2.497361435321488443e+01 7.627494153760139852e+02
1.331689347618401598e+03 2.135728288680900278e+01 7.569265720806445188e+02
1.339681962719162584e+03 1.123468089207966614e+01 7.535702999642840041e+02
1.347322437808340510e+03 -4.925505609161177745e+00 7.526563868812995679e+02
1.354731794819476590e+03 -2.660273773744950176e+01 7.540847670515859136e+02
1.362065064704627048e+03 -5.323557308325382564e+01 7.576911280481961057e+02
1.369495651802404609e+03 -8.423011996989743011e+01 7.632591695538096701e+02
1.377196773778460511e+03 -1.189655047727330270e+02 7.705328387953898073e+02
1.385322140701565559e+03 -1.567967101226018372e+02 7.792279755565809864e+02
1.393988223362335702e+03 -1.970559712512678630e+02 7.890430440732675379e+02
1.403260170770174682e+03 -2.390544471962372199e+02 7.996689433795152127e+02
1.413142699589424865e+03 -2.820858823401725317e+02 8.107981891362135229e+02
1.423576256232382548e+03 -3.254333917119087118e+02 8.221339477072058344e+02
1.434437790385800326e+03 -3.683795603031284713e+02 8.333993913843812607e+02
1.445544962281382141e+03 -4.102191437276804891e+02 8.443476270236358232e+02
1.456662662921606625e+03 -4.502731374444732637e+02 8.547721030487884946e+02
1.467511134251609519e+03 -4.879029312586808942e+02 8.645170275399932507e+02
1.477775371340627544e+03 -5.225235317566251751e+02 8.734870354449151364e+02
1.487115608426102881e+03 -5.536151957037371858e+02 8.816551756917647253e+02
1.495178482469679693e+03 -5.807331187122072151e+02 8.890682260859816779e+02
1.501608097866753951e+03 -6.035150079816096422e+02 8.958483674349283774e+02
1.506055975302382421e+03 -6.216864531036841299e+02 9.021904091290557517e+02
1.508188974077042076e+03 -6.350640594632155853e+02 9.083541176129251653e+02
1.507694706112762560e+03 -6.435563851451877326e+02 9.146517432362059026e+02
1.504284479095837696e+03 -6.471628427821813148e+02 9.214314726284628705e+02
1.497694203929116156e+03 -6.459708874364227995e+02 9.290581192803958857e+02
1.487683955887772754e+03 -6.401519907085956902e+02 9.378927684750035496e+02
1.474037083815538153e+03 -6.299570305704404518e+02 9.482731881801466898e+02
1.456559965784550286e+03 -6.157117021429346551e+02 9.604965529340170178e+02
1.435083669897180698e+03 -5.978123177870411382e+02 9.748055026225165420e+02
1.409468784837300063e+03 -5.767219488159659022e+02 9.913779711616521126e+02
1.379614378421185620e+03 -5.529663785868472132e+02 1.010320741506378226e+03
1.345471295415480654e+03 -5.271289382062327604e+02 1.031666407436592181e+03
1.307058858684175448e+03 -4.998431206783751577e+02 1.055373366521071830e+03
1.264482790700511941e+03 -4.717820074183518955e+02 1.081328556081690976e+03
1.217951312221624903e+03 -4.436440102991510344e+02 1.109352744067039794e+03
1.167786309497864750e+03 -4.161351539494588110e+02 1.139208209409156325e+03
1.114427239672585529e+03 -3.899489064630809025e+02 1.170608578397147767e+03
1.058426714860919901e+03 -3.657451355254489727e+02 1.203230433786320418e+03
1.000437958693253677e+03 -3.441298785606006732e+02 1.236726068609096956e+03
9.411952243150610684e+02 -3.256372522325802947e+02 1.270736437392108883e+03
8.814887819874296611e+02 -3.107142539130737759e+02 1.304903098295957761e+03
8.221363851373619127e+02 -2.997087659673849203e+02 1.338877932161176886e+03
7.639532932195537569e+02 -2.928609149896957433e+02 1.372329751580230322e+03
7.077229386738514449e+02 -2.902979816757315916e+02 1.404947492178969924e+03
6.541701506517629241e+02 -2.920331367741570716e+02 1.436440363180202667e+03
6.039385305256863603e+02 -2.979682778910768661e+02 1.466535993665517253e+03
5.575731593294869981e+02 -3.079011169116426458e+02 1.494978103004422337e+03
5.155093097316897683e+02 -3.215364131398011978e+02 1.521525388615070369e+03
4.780672410530576144e+02 -3.385008791630147584e+02 1.545953045117958254e+03
4.454525553809143048e+02 -3.583608521689373561e+02 1.568057607264594026e+03
4.177611150364165269e+02 -3.806414193097858742e+02 1.587664819843137366e+03
3.949872262963397134e+02 -4.048454549737945740e+02 1.604639304067076864e+03
3.770336300024282536e+02 -4.304710997267526977e+02 1.618894218845854994e+03
3.637217477433025579e+02 -4.570266003728357873e+02 1.630399030407122382e+03
3.548006533704115100e+02 -4.840419920979541075e+02 1.639183833125256797e+03
3.499534836084569633e+02 -5.110776151627504760e+02 1.645339241606713585e+03
3.488005106130949571e+02 -5.377297898802937652e+02 1.649011532655003521e+03
3.508987611209406623e+02 -5.636341471135716574e+02 1.650393336439658242e+03
3.557386904861359653e+02 -5.884671864170467188e+02 1.649710699743409577e+03
3.627388863962819414e+02 -6.119466084724423354e+02 1.647207752859278798e+03
3.712400760203410073e+02 -6.338308306216206347e+02 1.643130469990646361e+03
3.804998657190345739e+02 -6.539178873014233204e+02 1.637711036096355429e+03
3.896896842087330697e+02 -6.720437186184927896e+02 1.631154072860420229e+03
3.978953841762471484e+02 -6.880797299447631303e+02 1.623625527933353396e+03
4.041229268902180820e+02 -7.019295073300320382e+02 1.615244593731461009e+03
4.073104889497660679e+02 -7.135247025957620508e+02 1.606078749352601335e+03
4.063480513278321951e+02 -7.228203112324301856e+02 1.596141925151013083e+03
4.001049054546215302e+02 -7.297897700460280248e+02 1.585395776515822035e+03
3.874645486018985139e+02 -7.344204188425059101e+02 1.573754018794355488e+03
3.673654064977966982e+02 -7.367098465548307331e+02 1.561089665958369551e+03
3.388450659744577820e+02 -7.366634399322547324e+02 1.547244781770415784e+03
3.010853925951711858e+02 -7.342930926627947201e+02 1.532041945451764150e+03
2.534559498518049736e+02 -7.296166509975026884e+02 1.515296122989677997e+03
1.955532799767217966e+02 -7.226574526205388338e+02 1.496825248326493465e+03
1.272336477137781401e+02 -7.134433371545881073e+02 1.476457799183879843e+03
4.863679766896734691e+01 -7.020047015559657666e+02 1.454036100645368606e+03
-3.980164337084363524e+01 -6.883714184930206557e+02 1.429414912825997817e+03
-1.373510458492698376e+02 -6.725686362303423493e+02 1.402455793894764611e+03
-2.430010168808796323e+02 -6.546116087988549452e+02 1.373018466842411954e+03
-3.554909394459048713e+02 -6.344998347833610524e+02 1.340950797056548026e+03
-4.733524740378940692e+02 -6.122110343974250100e+02 1.306079052900406623e+03
-5.949624253765426829e+02 -5.876959020546973989e+02 1.268199987889541262e+03
-7.186023303073136503e+02 -5.608749857394326455e+02 1.227076035253372993e+03
-8.425205029093025360e+02 -5.316392108612990341e+02 1.182434628494416529e+03
-9.649922211789706807e+02 -4.998552930051091039e+02 1.133972436517127790e+03
-1.084374260422887119e+03 -4.653765494109454721e+02 1.081365110478751376e+03
-1.199150936603650734e+03 -4.280585979247069304e+02 1.024282835176328263e+03
-1.307970016613764983e+03 -3.877784433065630765e+02 9.624114120850640575e+02
-1.409668085369064784e+03 -3.444548148549041002e+02 8.954777741472962589e+02
-1.503286029522593481e+03 -2.980675120572061587e+02 8.232779300172651347e+02
-1.588075991324941469e+03 -2.486739144302626983e+02 7.457046525780108368e+02
-1.663501354838763291e+03 -1.964215235952024727e+02 6.627720294754842598e+02
-1.729231151783517817e+03 -1.415561347783965971e+02 5.746343820390034125e+02
-1.785129945724521122e+03 -8.442571529195402036e+01 4.815979075088550871e+02
-1.831243959119405872e+03 -2.548020742834461316e+01 3.841244351167113109e+02
-1.867784034194004107e+03 3.473260860702333730e+01 2.828276629823199073e+02
-1.895105978796821091e+03 9.557515736114771698e+01 1.784630417756270617e+02
-1.913688895089050675e+03 1.563319769793952219e+02 7.191303032192854516e+01
-1.924112152010177851e+03 2.162253318260061974e+02 -3.583033485352166281e+01
-1.927031709245595721e+03 2.744341632632084611e+02 -1.436838206835866458e+02
-1.923156513934440682e+03 3.301157569026148622e+02 -2.504911592682508399e+02
-1.913225622202845216e+03 3.824292072534767613e+02 -3.550405424189780206e+02
-1.897986521810530576e+03 4.305594633379682818e+02 -4.560816603184541691e+02
-1.878174929779115473e+03 4.737405500005190788e+02 -5.523429376875792514e+02
-1.854496247244144797e+03 5.112765943794171335e+02 -6.425497784417598268e+02
-1.827608942001579180e+03 5.425595489553394373e+02 -7.254445031055690833e+02
-1.798110329057632953e+03 5.670828824298100699e+02 -7.998083058407364661e+02
-1.766525386586109789e+03 5.844509239994183645e+02 -8.644850819907937876e+02
-1.733299301676267987e+03 5.943839968105550042e+02 -9.184065422664871221e+02
-1.698794421072791920e+03 5.967199299937949490e+02 -9.606177865462991576e+02
-1.663292189818765564e+03 5.914128560966489658e+02 -9.903025217614552957e+02
-1.627000357279087893e+03 5.785302569726831052e+02 -1.006807294756290389e+03
-1.590065087626539025e+03 5.582490388092705871e+02 -1.009664273160088214e+03
-1.552586755181481749e+03 5.308511310996882457e+02 -9.986120697308032277e+02
-1.514637490553071075e+03 4.967188321403770601e+02 -9.736138751450810105e+02
-1.476278270742009227e+03 4.563298910456331328e+02 -9.348719074984693407e+02
-1.437573550295494442e+03 4.102520931168517109e+02 -8.828370473735797077e+02
-1.398601961899090384e+03 3.591368856926929425e+02 -8.182125227202998303e+02
-1.359462312315213694e+03 3.037113689590102581e+02 -7.419506067959889606e+02
-1.320274816621845730e+03 2.447678524481608520e+02 -6.552415064618946872e+02
-1.281178085328676843e+03 1.831502759525509987e+02 -5.594939617486852512e+02
-1.242322709124523044e+03 1.197372392473798186e+02 -4.563075136355507766e+02
-1.203862462292951022e+03 5.542214706232215349e+01 -3.474369030024865879e+02
-1.165944375976500169e+03 -8.908198283004878704e+00 -2.347496738780059786e+02
-1.128699307089917511e+03 -7.239467375321277132e+01 -1.201787379407437584e+02
-1.092234945243258835e+03 -1.342246284180967564e+02 -5.672237027663868503e+00
-1.056633074014565409e+03 -1.936468192403250441e+02 1.068566818712058648e+02
-1.021952096576387362e+03 -2.499815867007051224e+02 2.155776611315156970e+02
-9.882344948373297484e+02 -3.026261661148632243e+02 3.187863923649215394e+02
-9.555175068505874378e+02 -3.510558154230239438e+02 4.149418243749760222e+02
-9.238444621144349185e+02 -3.948220439606162699e+02 5.026963762750078786e+02
-8.932742678690476623e+02 -4.335494991860943514e+02 5.809186537495284028e+02
-8.638874253444334954e+02 -4.669329769712829261e+02 6.487085092925753997e+02
-8.357882261340289460e+02 -4.947356801188640816e+02 7.054046841397182561e+02
-8.091038585039650570e+02 -5.167894231771063005e+02 7.505858209340412941e+02
-7.839816241176245057e+02 -5.329970523212725766e+02 7.840662267869122388e+02
-7.605852698271826284e+02 -5.433369038452026416e+02 8.058880969986203127e+02
-7.390908819839714852e+02 -5.478686610060458406e+02 8.163117480519035780e+02
-7.196822878568456190e+02 -5.467395696504661373e+02 8.158048080543476317e+02
-7.025456831835498406e+02 -5.401897607049470480e+02 8.050305653147383964e+02
-6.878632232710280050e+02 -5.285554681979333509e+02 7.848350938352950834e+02
-6.758054387781949117e+02 -5.122691880304786309e+02 7.562325493726953027e+02
-6.665224649495742142e+02 -4.918561829364746814e+02 7.203881955200822631e+02
-6.601341823599548206e+02 -4.679270906934823415e+02 6.785991315257815586e+02
-6.567194895300121971e+02 -4.411666986714519680e+02 6.322730747925620562e+02
-6.563051133598748947e+02 -4.123192504338297795e+02 5.829056578104177788e+02
-6.588546532397529063e+02 -3.821709828567129534e+02 5.320564824229136320e+02
-6.642589193121339122e+02 -3.515309074336380490e+02 4.813238053361478705e+02
-6.723289212701715769e+02 -3.212110533325463848e+02 4.323174911914370568e+02
-6.827929083190399524e+02 -2.920074113874277373e+02 3.866299729834145182e+02
-6.952985531804158654e+02 -2.646826194127344252e+02 3.458053944973180478e+02
-7.094207473868027591e+02 -2.399510070822631747e+02 3.113076569577738155e+02
-7.246746849481658046e+02 -2.184660623900868472e+02 2.844884905471476486e+02
-7.405331641300640513e+02 -2.008098975748389705e+02 2.665568069404585003e+02
-7.564465026383952591e+02 -1.874840885395297221e+02 2.585505109417463245e+02
-7.718632300222476488e+02 -1.789013882280534062e+02 2.613117114691995084e+02
-7.862498072543548915e+02 -1.753781510821045231e+02 2.754658841832310827e+02
-7.991079699006746750e+02 -1.771276925306908936e+02 3.014050917297622618e+02
-8.099887854898087198e+02 -1.842551402291748275e+02 3.392750421000437200e+02
-8.185030137128014758e+02 -1.967545652195125001e+02 3.889656757960301547e+02
-8.243277124272274250e+02 -2.145092861813664626e+02 4.501051190152652453e+02
-8.272091881450380697e+02 -2.372961693069789533e+02 5.220571660681498543e+02
-8.269624662863840285e+02 -2.647944234500408811e+02 6.039228719709203688e+02
-8.234676305107495864e+02 -2.965988166516783622e+02 6.945472632523737957e+02
-8.166636727688195379e+02 -3.322365884941207241e+02 7.925325696657534991e+02
-8.065407454548297892e+02 -3.711868467489942987e+02 8.962596704695081371e+02
-7.931317498878040624e+02 -4.129010349272679150e+02 1.003919442485724858e+03
-7.765040241157122409e+02 -4.568230884142715240e+02 1.113555139555290225e+03
-7.567516388855998457e+02 -5.024080592650672088e+02 1.223115724898139433e+03
-7.339886037317922955e+02 -5.491382124065980861e+02 1.330518442388608491e+03
-7.083431873362751503e+02 -5.965358178285118811e+02 1.433717313000710647e+03
-6.799536046649056971e+02 -6.441720317880301536e+02 1.530773093251004866e+03
-6.489655202790803514e+02 -6.916713814694899156e+02 1.619919716276565396e+03
-6.155320276415086482e+02 -7.387115161442094404e+02 1.699622387237734984e+03
-5.798167165227409896e+02 -7.850181631484531408e+02 1.768623339637987556e+03
-5.419999353233356487e+02 -8.303557141651406255e+02 1.825972722576036631e+03
-5.022874876507241311e+02 -8.745145722793763525e+02 1.871043893684720388e+03
-4.609201538261041833e+02 -9.172971484541228619e+02 1.903534027353312922e+03
-4.181820183382170626e+02 -9.585048930623904653e+02 1.923451962616378751e+03
-3.744057877374502823e+02 -9.979287107841415718e+02 1.931095531864682016e+03
-3.299739297996794676e+02 -1.035344494692166109e+03 1.927020522379490330e+03
-2.853152164838477347e+02 -1.070514533836361579e+03 1.912003282326190174e+03
-2.408968670147029911e+02 -1.103194506711061422e+03 1.886998934583890787e+03
-1.972128789132841007e+02 -1.133144916349229334e+03 1.853097153051498708e+03
-1.547692866226884121e+02 -1.160145263374644173e+03 1.811477438288266057e+03
-1.140670535597442665e+02 -1.184009009517166760e+03 1.763365842283995107e+03
-7.558328758954954196e+01 -1.204597452676242256e+03 1.709995142919965474e+03
-3.975173377492393456e+01 -1.221831003587714349e+03 1.652570413883051515e+03
-6.944090973838285663e+00 -1.235696951748540641e+03 1.592241555522816498e+03
2.254570695570764371e+01 -1.246253486261056423e+03 1.530083565722817184e+03
4.851203594644613304e+01 -1.253630343185571292e+03 1.467084331699779341e+03
7.084151422523618180e+01 -1.258026882193564916e+03 1.404138852803957889e+03
8.951032672407339419e+01 -1.259708558522899921e+03 1.342048258503940815e+03
1.045765120898480234e+02 -1.259002564910848378e+03 1.281521727029460408e+03
1.161698612264745236e+02 -1.256292913562902868e+03 1.223179358815320938e+03
1.244822585951426390e+02 -1.252014647391877361e+03 1.167554262393773342e+03
1.297605313882183964e+02 -1.246646501958316549e+03 1.115092651186001376e+03
1.323024531352203041e+02 -1.240701312302184988e+03 1.066151561740335865e+03
1.324549519516019984e+02 -1.234713694671984513e+03 1.020994677193144753e+03
1.306122876741490302e+02 -1.229224874607324637e+03 9.797874696084554671e+02
1.272114173464941018e+02 -1.224764855421703260e+03 9.425933188043227346e+02
1.227222302289749791e+02 -1.221832375273715570e+03 9.093723097139927631e+02
1.176317333809049899e+02 -1.220873327508732018e+03 8.799840155336676162e+02
1.124231432839475815e+02 -1.222258596666084259e+03 8.541948431950595477e+02
1.075524789332122282e+02 -1.226262586608361744e+03 8.316896589820239569e+02
1.034260260852223041e+02 -1.233043970201341381e+03 8.120866530807804793e+02
1.003817174580847222e+02 -1.242630264709775702e+03 7.949539311065602760e+02
9.867631472293089701e+01 -1.254907721666722864e+03 7.798262305433900110e+02
9.847887240155608879e+01 -1.269617730316814686e+03 7.662204250347347170e+02
9.986987744342377482e+01 -1.286360447854067161e+03 7.536489992557289952e+02
1.028449436535880750e+02 -1.304605693773573194e+03 7.416313057331080927e+02
1.073219039486109523e+02 -1.323710391330109815e+03 7.297029524904050959e+02
1.131503321908393218e+02 -1.342941182887488139e+03 7.174239169032903192e+02
1.201227178986456465e+02 -1.361500448629756647e+03 7.043858739519253049e+02
1.279866231383566628e+02 -1.378553920152633054e+03 6.902189147771352964e+02
1.364572101445786529e+02 -1.393258388070490128e+03 6.745975711888992237e+02
1.452296122348236622e+02 -1.404788497449902025e+03 6.572460267353427525e+02
1.539907786555074836e+02 -1.412362086814956911e+03 6.379425738466189841e+02
1.624306810722475802e+02 -1.415263802099983195e+03 6.165236120689534118e+02
1.702530530154292592e+02 -1.412866761816885628e+03 5.928875633595444015e+02
1.771859175879192208e+02 -1.404651907916789696e+03 5.669988596673856591e+02
1.829918395043695227e+02 -1.390224467198713910e+03 5.388916767341476088e+02
1.874772182164074366e+02 -1.369326829246054331e+03 5.086725818714163552e+02
1.904994371059422065e+02 -1.341847230746103605e+03 4.765210158469976705e+02
1.919706804999328824e+02 -1.307823911686476777e+03 4.426867013704647889e+02
1.918577420443577353e+02 -1.267444742812002687e+03 4.074836021539420585e+02
1.901778875635082500e+02 -1.221042545567800062e+03 3.712806879418570247e+02
1.869915217312745312e+02 -1.169086354571638594e+03 3.344902163033371494e+02
1.823928984289976825e+02 -1.112168780360340861e+03 2.975544241040838642e+02
1.765003130113011593e+02 -1.050989574592707186e+03 2.609315232417552011e+02
1.694470605520420463e+02 -9.863355986725428011e+02 2.250818412667052257e+02
1.613740212837925014e+02 -9.190576557432844993e+02 1.904548433025242105e+02
1.524242515191472194e+02 -8.500449808563454326e+02 1.574775135766732888e+02
1.427395956876467835e+02 -7.801985058327630895e+02 1.265441267075021585e+02
1.324591528874644837e+02 -7.104042853277898075e+02 9.800696915282829025e+01
1.217193871101051172e+02 -6.415086508979425162e+02 7.216735256852454938e+01
1.106556658984529804e+02 -5.742966469166968864e+02 4.926643028735231411e+01
9.940492998982199424e+01 -5.094749758744976589e+02 2.947579253918517850e+01
8.810894902165273379e+01 -4.476600356267998677e+02 1.288839170173849880e+01
7.691722941523266854e+01 -3.893708474836935807e+02 -4.890934590762867629e-01
6.598829333724097523e+01 -3.350260383214932176e+02 -1.074092490040459325e+01
5.548801297394265930e+01 -2.849437666789488048e+02 -1.804237487058986744e+01
4.558414638045542233e+01 -2.393435863208383694e+02 -2.265394689441450282e+01
3.643712345014046150e+01 -1.983495618946375316e+02 -2.490932491156519291e+01
2.818818218589149183e+01 -1.619942958852990387e+02 -2.519765989863265077e+01
2.094681046948562653e+01 -1.302237869273673141e+02 -2.394168941073905899e+01
1.477987231699125914e+01 -1.029032131959152139e+02 -2.157367357746920788e+01
9.704676669941363798e+00 -7.982384968174642381e+01 -1.851120344650496463e+01
5.687554026343605074e+00 -6.071138582543539997e+01 -1.513474959232689798e+01
2.648362155607173918e+00 -4.523589226720559964e+01 -1.176856796203753674e+01
4.700781623841976398e-01 -3.302358013490538724e+01 -8.666404657869406947e+00
-9.883235631114075659e-01 -2.367029600982095872e+01 -6.003309245874788758e+00
-1.877894692839618074e+00 -1.675640051772006700e+01 -3.874549717009585947e+00
-2.346666048511906411e+00 -1.186232517809457931e+01 -2.301896221785682428e+00
-2.529045812789263437e+00 -8.583791251867523897e+00 -1.246440370207892556e+00
-2.538501823622027587e+00 -6.545536933106859578e+00 -6.259867735172974790e-01
