-9.087585210800170898e-01 -1.275564730167388916e-01 3.973502814769744873e-01
-9.112933278083801270e-01 -1.110571250319480896e-01 3.964982628822326660e-01
-9.111431837081909180e-01 -9.331601113080978394e-02 4.013854563236236572e-01
-9.084004759788513184e-01 -8.661585301160812378e-02 4.090308547019958496e-01
-9.054208993911743164e-01 -8.047174662351608276e-02 4.168180525302886963e-01
-9.025564789772033691e-01 -7.204116135835647583e-02 4.245018362998962402e-01
-8.998118638992309570e-01 -6.211137771606445312e-02 4.318342208862304688e-01
-8.971019387245178223e-01 -5.121285095810890198e-02 4.388455450534820557e-01
-8.943661451339721680e-01 -3.988421335816383362e-02 4.455541074275970459e-01
-8.915621042251586914e-01 -2.863307483494281769e-02 4.519924521446228027e-01
-8.886716365814208984e-01 -1.792230084538459778e-02 4.581936597824096680e-01
-8.856993317604064941e-01 -8.161078207194805145e-03 4.641875624656677246e-01
-8.826724290847778320e-01 3.013747336808592081e-04 4.699884951114654541e-01
-8.796357512474060059e-01 7.174416445195674896e-03 4.755938649177551270e-01
-8.766468167304992676e-01 1.222489122301340103e-02 4.809792339801788330e-01
-8.737698197364807129e-01 1.527180429548025131e-02 4.860997796058654785e-01
-8.710712194442749023e-01 1.618246734142303467e-02 4.908901154994964600e-01
-8.686125278472900391e-01 1.487011741846799850e-02 4.952688813209533691e-01
-8.664482831954956055e-01 1.128904614597558975e-02 4.991391897201538086e-01
-8.646208643913269043e-01 5.437568295747041702e-03 5.023954510688781738e-01
-8.631594181060791016e-01 -2.643682295456528664e-03 5.049245953559875488e-01
-8.620779514312744141e-01 -1.286491937935352325e-02 5.066124796867370605e-01
-8.613775372505187988e-01 -2.508583106100559235e-02 5.073454976081848145e-01
-8.610474467277526855e-01 -3.910944610834121704e-02 5.070185661315917969e-01
-8.610700368881225586e-01 -5.467800050973892212e-02 5.055381059646606445e-01
-8.614266514778137207e-01 -7.146944850683212280e-02 5.028281807899475098e-01
-8.621045351028442383e-01 -8.909840136766433716e-02 4.988358616828918457e-01
-8.631053566932678223e-01 -1.071166917681694031e-01 4.935335218906402588e-01
-8.644505739212036133e-01 -1.250242888927459717e-01 4.869231879711151123e-01
-8.661887049674987793e-01 -1.422752439975738525e-01 4.790353775024414062e-01
-8.683964610099792480e-01 -1.582958549261093140e-01 4.699255526065826416e-01
-8.711749911308288574e-01 -1.725018024444580078e-01 4.596707224845886230e-01
-8.746421337127685547e-01 -1.843171566724777222e-01 4.483618438243865967e-01
-8.789157867431640625e-01 -1.932004988193511963e-01 4.360969960689544678e-01
-8.840937614440917969e-01 -1.986673623323440552e-01 4.229767918586730957e-01
-8.902263045310974121e-01 -2.003226429224014282e-01 4.091063439846038818e-01
-8.972896337509155273e-01 -1.978944242000579834e-01 3.946000933647155762e-01
-9.051613211631774902e-01 -1.912756115198135376e-01 3.796005547046661377e-01
-9.136088490486145020e-01 -1.805670261383056641e-01 3.642999231815338135e-01
-9.222941398620605469e-01 -1.661155074834823608e-01 3.489685654640197754e-01
-9.308039546012878418e-01 -1.485341638326644897e-01 3.339785039424896240e-01
-9.387004971504211426e-01 -1.286876052618026733e-01 3.198137879371643066e-01
-9.455839395523071289e-01 -1.076345667243003845e-01 3.070598840713500977e-01
-9.511484503746032715e-01 -8.652512729167938232e-02 2.963614165782928467e-01
-9.552118778228759766e-01 -6.646809726953506470e-02 2.883611917495727539e-01
-9.577111005783081055e-01 -4.840452224016189575e-02 2.836308777332305908e-01
-9.586686491966247559e-01 -3.300890699028968811e-02 2.826037406921386719e-01
-9.581462740898132324e-01 -2.064180932939052582e-02 2.855339646339416504e-01
-9.562047719955444336e-01 -1.135176979005336761e-02 2.924781143665313721e-01
-9.528826475143432617e-01 -4.919922910630702972e-03 3.032992482185363770e-01
-9.481934905052185059e-01 -9.269653237424790859e-04 3.176918923854827881e-01
-9.421404600143432617e-01 1.172647462226450443e-03 3.352161347866058350e-01
-9.347361326217651367e-01 1.981263281777501106e-03 3.553370535373687744e-01
-9.260209202766418457e-01 2.098457189276814461e-03 3.774663507938385010e-01
-9.160759449005126953e-01 2.077456330880522728e-03 4.009993970394134521e-01
-9.050264358520507812e-01 2.396045485511422157e-03 4.253485798835754395e-01
-8.930378556251525879e-01 3.440639935433864594e-03 4.499684572219848633e-01
-8.803057074546813965e-01 5.504269618541002274e-03 4.743748903274536133e-01
-8.670426607131958008e-01 8.793151006102561951e-03 4.981562495231628418e-01
-8.534653186798095703e-01 1.343532931059598923e-02 5.209763646125793457e-01
-8.397822380065917969e-01 1.949742808938026428e-02 5.425730943679809570e-01
-8.261835575103759766e-01 2.700187824666500092e-02 5.627536773681640625e-01
-8.128358721733093262e-01 3.593961894512176514e-02 5.813829302787780762e-01
-7.998767495155334473e-01 4.628854990005493164e-02 5.983766317367553711e-01
-7.874134182929992676e-01 5.802278593182563782e-02 6.136883497238159180e-01
-7.755221724510192871e-01 7.112587988376617432e-02 6.273009181022644043e-01
-7.642506361007690430e-01 8.559937775135040283e-02 6.392134428024291992e-01
-7.536165714263916016e-01 1.014730557799339294e-01 6.494346261024475098e-01
-7.436102032661437988e-01 1.188128441572189331e-01 6.579721570014953613e-01
-7.341933250427246094e-01 1.377320587635040283e-01 6.648234128952026367e-01
-7.252981662750244141e-01 1.583979427814483643e-01 6.699646115303039551e-01
-7.168246507644653320e-01 1.810495853424072266e-01 6.733375191688537598e-01
-7.086319923400878906e-01 2.060102969408035278e-01 6.748335361480712891e-01
-7.005272507667541504e-01 2.337133288383483887e-01 6.742696762084960938e-01
-6.922445297241210938e-01 2.647241652011871338e-01 6.713557839393615723e-01
-6.834113001823425293e-01 2.997799813747406006e-01 6.656432151794433594e-01
-6.734940409660339355e-01 3.398227989673614502e-01 6.564497351646423340e-01
-6.617066860198974609e-01 3.860451877117156982e-01 6.427389383316040039e-01
-6.468679308891296387e-01 4.398917853832244873e-01 6.229422688484191895e-01
-6.271643042564392090e-01 5.030039548873901367e-01 5.946863889694213867e-01
-5.998084545135498047e-01 5.769191980361938477e-01 5.544313788414001465e-01
-5.606032609939575195e-01 6.622796058654785156e-01 4.971013069152832031e-01
-5.037119388580322266e-01 7.570434212684631348e-01 4.161244034767150879e-01
-4.224907159805297852e-01 8.535147905349731445e-01 3.049819767475128174e-01
-3.130088448524475098e-01 9.358574748039245605e-01 1.618524938821792603e-01
-1.801658272743225098e-01 9.836290478706359863e-01 -3.766767214983701706e-03
-4.014842584729194641e-02 9.845405220985412598e-01 -1.704937219619750977e-01
8.771216869354248047e-02 9.445168972015380859e-01 -3.165348470211029053e-01
1.919994652271270752e-01 8.813911080360412598e-01 -4.316085875034332275e-01
2.713147103786468506e-01 8.118368387222290039e-01 -5.170196294784545898e-01
3.296107351779937744e-01 7.456426024436950684e-01 -5.791148543357849121e-01
3.719520568847656250e-01 6.867809295654296875e-01 -6.244866847991943359e-01
4.026792645454406738e-01 6.360022425651550293e-01 -6.582936644554138184e-01
4.250526726245880127e-01 5.926592946052551270e-01 -6.841675043106079102e-01
4.414074122905731201e-01 5.556458830833435059e-01 -7.045687437057495117e-01
4.534038901329040527e-01 5.238081812858581543e-01 -7.211447954177856445e-01
4.622345268726348877e-01 4.960937500000000000e-01 -7.350035309791564941e-01
4.687762260437011719e-01 4.715918004512786865e-01 -7.468935847282409668e-01
4.736943542957305908e-01 4.495317339897155762e-01 -7.573208808898925781e-01
4.775104820728302002e-01 4.292636513710021973e-01 -7.666266560554504395e-01
4.806508719921112061e-01 4.102404117584228516e-01 -7.750339508056640625e-01
4.834758341312408447e-01 3.919986486434936523e-01 -7.826801538467407227e-01
4.863007664680480957e-01 3.741455078125000000e-01 -7.896370887756347656e-01
4.894078671932220459e-01 3.563460111618041992e-01 -7.959254384040832520e-01
4.930553734302520752e-01 3.383167386054992676e-01 -8.015224337577819824e-01
4.974789619445800781e-01 3.198188245296478271e-01 -8.063687682151794434e-01
5.028935074806213379e-01 3.006552159786224365e-01 -8.103730678558349609e-01
5.094859004020690918e-01 2.806692719459533691e-01 -8.134180307388305664e-01
5.174126029014587402e-01 2.597464621067047119e-01 -8.153624534606933594e-01
5.267871022224426270e-01 2.378148287534713745e-01 -8.160511255264282227e-01
5.376729369163513184e-01 2.148509323596954346e-01 -8.153201341629028320e-01
5.500707030296325684e-01 1.908828616142272949e-01 -8.130103945732116699e-01
5.639104247093200684e-01 1.659939140081405640e-01 -8.089814782142639160e-01
5.790449380874633789e-01 1.403241306543350220e-01 -8.031289577484130859e-01
5.952520966529846191e-01 1.140679046511650085e-01 -7.954014539718627930e-01
6.122390627861022949e-01 8.746637403964996338e-02 -7.858199477195739746e-01
6.296601891517639160e-01 6.079505011439323425e-02 -7.744882106781005859e-01
6.471379399299621582e-01 3.434399142861366272e-02 -7.615990042686462402e-01
6.642902493476867676e-01 8.396047167479991913e-03 -7.474276423454284668e-01
6.807559728622436523e-01 -1.679607480764389038e-02 -7.323176860809326172e-01
6.962193846702575684e-01 -4.103003069758415222e-02 -7.166554331779479980e-01
7.104261517524719238e-01 -6.416969001293182373e-02 -7.008402347564697266e-01
7.231907844543457031e-01 -8.615122735500335693e-02 -6.852539181709289551e-01
7.343952655792236328e-01 -1.069837361574172974e-01 -6.702374219894409180e-01
7.439839839935302734e-01 -1.267406791448593140e-01 -6.560674309730529785e-01
7.519499659538269043e-01 -1.455501765012741089e-01 -6.429513096809387207e-01
7.583249211311340332e-01 -1.635797172784805298e-01 -6.310190558433532715e-01
7.631640434265136719e-01 -1.810223609209060669e-01 -6.203318238258361816e-01
7.665377855300903320e-01 -1.980844587087631226e-01 -6.108864545822143555e-01
7.685209512710571289e-01 -2.149749100208282471e-01 -6.026287674903869629e-01
7.691873311996459961e-01 -2.318962216377258301e-01 -5.954619646072387695e-01
7.686038613319396973e-01 -2.490401417016983032e-01 -5.892598628997802734e-01
7.668276429176330566e-01 -2.665813267230987549e-01 -5.838747024536132812e-01
7.639033198356628418e-01 -2.846773862838745117e-01 -5.791464447975158691e-01
7.598615288734436035e-01 -3.034653067588806152e-01 -5.749080777168273926e-01
7.547171711921691895e-01 -3.230624496936798096e-01 -5.709927082061767578e-01
7.484702467918395996e-01 -3.435643017292022705e-01 -5.672353506088256836e-01
7.411038279533386230e-01 -3.650452792644500732e-01 -5.634776949882507324e-01
7.325854301452636719e-01 -3.875577151775360107e-01 -5.595691204071044922e-01
7.228667736053466797e-01 -4.111295938491821289e-01 -5.553701519966125488e-01
7.118858695030212402e-01 -4.357636272907257080e-01 -5.507528185844421387e-01
6.995680332183837891e-01 -4.614357948303222656e-01 -5.456020236015319824e-01
6.858301758766174316e-01 -4.880911707878112793e-01 -5.398184657096862793e-01
6.705834269523620605e-01 -5.156424045562744141e-01 -5.333204865455627441e-01
6.537395119667053223e-01 -5.439663529396057129e-01 -5.260468125343322754e-01
6.352165937423706055e-01 -5.729038119316101074e-01 -5.179586410522460938e-01
6.149467825889587402e-01 -6.022579073905944824e-01 -5.090441107749938965e-01
5.928838253021240234e-01 -6.317964792251586914e-01 -4.993214309215545654e-01
5.690125226974487305e-01 -6.612548232078552246e-01 -4.888422489166259766e-01
5.433547496795654297e-01 -6.903434395790100098e-01 -4.776940345764160156e-01
5.159780383110046387e-01 -7.187550663948059082e-01 -4.660020172595977783e-01
4.869987368583679199e-01 -7.461777925491333008e-01 -4.539283514022827148e-01
4.565844535827636719e-01 -7.723072767257690430e-01 -4.416698217391967773e-01
4.249515831470489502e-01 -7.968601584434509277e-01 -4.294531643390655518e-01
3.923601508140563965e-01 -8.195879459381103516e-01 -4.175274074077606201e-01
3.591040968894958496e-01 -8.402869105339050293e-01 -4.061553478240966797e-01
3.255005478858947754e-01 -8.588059544563293457e-01 -3.956030607223510742e-01
2.918763756752014160e-01 -8.750500679016113281e-01 -3.861289322376251221e-01
2.585547864437103271e-01 -8.889801502227783203e-01 -3.779731094837188721e-01
2.258442640304565430e-01 -9.006077647209167480e-01 -3.713489770889282227e-01
1.940274834632873535e-01 -9.099882245063781738e-01 -3.664352297782897949e-01
1.633560210466384888e-01 -9.172114133834838867e-01 -3.633706271648406982e-01
1.340439170598983765e-01 -9.223920702934265137e-01 -3.622499704360961914e-01
1.062677800655364990e-01 -9.256613254547119141e-01 -3.631229698657989502e-01
8.016707003116607666e-02 -9.271579980850219727e-01 -3.659934997558593750e-01
5.584442242980003357e-02 -9.270238280296325684e-01 -3.708210289478302002e-01
3.337106853723526001e-02 -9.253988265991210938e-01 -3.775227367877960205e-01
1.278872601687908173e-02 -9.224204421043395996e-01 -3.859753608703613281e-01
-5.887160543352365494e-03 -9.182222485542297363e-01 -3.960217535495758057e-01
-2.266290970146656036e-02 -9.129362702369689941e-01 -4.074723422527313232e-01
-3.756474703550338745e-02 -9.066943526268005371e-01 -4.201122522354125977e-01
-5.063703656196594238e-02 -8.996291756629943848e-01 -4.337086081504821777e-01
-6.193858012557029724e-02 -8.918780088424682617e-01 -4.480147659778594971e-01
-7.154178619384765625e-02 -8.835821151733398438e-01 -4.627790749073028564e-01
-7.953064888715744019e-02 -8.748868107795715332e-01 -4.777531027793884277e-01
-8.599775284528732300e-02 -8.659404516220092773e-01 -4.926981627941131592e-01
-9.104437381029129028e-02 -8.568931818008422852e-01 -5.073904395103454590e-01
-9.477619081735610962e-02 -8.478927016258239746e-01 -5.216276645660400391e-01
-9.730207175016403198e-02 -8.390821814537048340e-01 -5.352320671081542969e-01
-9.873189777135848999e-02 -8.305959105491638184e-01 -5.480533242225646973e-01
-9.917458146810531616e-02 -8.225557804107666016e-01 -5.599700808525085449e-01
-9.873651713132858276e-02 -8.150693178176879883e-01 -5.708880424499511719e-01
-9.752096235752105713e-02 -8.082269430160522461e-01 -5.807400345802307129e-01
-9.562631696462631226e-02 -8.020992279052734375e-01 -5.894849300384521484e-01
-9.314645826816558838e-02 -7.967380881309509277e-01 -5.971032381057739258e-01
-9.017065912485122681e-02 -7.921746969223022461e-01 -6.035963296890258789e-01
-8.678396791219711304e-02 -7.884203791618347168e-01 -6.089841723442077637e-01
-8.306884020566940308e-02 -7.854675054550170898e-01 -6.133028268814086914e-01
-7.910427451133728027e-02 -7.832895517349243164e-01 -6.166034936904907227e-01
-7.496675103902816772e-02 -7.818435430526733398e-01 -6.189513206481933594e-01
-7.073130458593368530e-02 -7.810712456703186035e-01 -6.204230785369873047e-01
-6.647083908319473267e-02 -7.809006571769714355e-01 -6.211084723472595215e-01
-6.225609779357910156e-02 -7.812486290931701660e-01 -6.211076378822326660e-01
-5.815466493368148804e-02 -7.820232510566711426e-01 -6.205301284790039062e-01
-5.423080548644065857e-02 -7.831265926361083984e-01 -6.194931268692016602e-01
-5.054279789328575134e-02 -7.844563126564025879e-01 -6.181210875511169434e-01
-4.714407399296760559e-02 -7.859112024307250977e-01 -6.165395975112915039e-01
-4.408064484596252441e-02 -7.873907685279846191e-01 -6.148761510848999023e-01
-4.139084741473197937e-02 -7.888005971908569336e-01 -6.132538318634033203e-01
-3.910322114825248718e-02 -7.900542020797729492e-01 -6.117886900901794434e-01
-3.723826259374618530e-02 -7.910745739936828613e-01 -6.105852723121643066e-01
-3.580709919333457947e-02 -7.917965650558471680e-01 -6.097343564033508301e-01
-3.481248766183853149e-02 -7.921683788299560547e-01 -6.093088984489440918e-01
-3.424869850277900696e-02 -7.921517491340637207e-01 -6.093624234199523926e-01
-3.410370275378227234e-02 -7.917221784591674805e-01 -6.099286079406738281e-01
-3.435900807380676270e-02 -7.908698320388793945e-01 -6.110191345214843750e-01
-3.499219194054603577e-02 -7.895973920822143555e-01 -6.126267910003662109e-01
-3.597560152411460876e-02 -7.879206538200378418e-01 -6.147249937057495117e-01
-3.728033974766731262e-02 -7.858668565750122070e-01 -6.172711253166198730e-01
-3.887548297643661499e-02 -7.834721803665161133e-01 -6.202095746994018555e-01
-4.072849079966545105e-02 -7.807818055152893066e-01 -6.234748959541320801e-01
-4.280648380517959595e-02 -7.778467535972595215e-01 -6.269943714141845703e-01
-4.507759213447570801e-02 -7.747220396995544434e-01 -6.306931376457214355e-01
-4.750905930995941162e-02 -7.714654803276062012e-01 -6.344950199127197266e-01
-5.007037892937660217e-02 -7.681337594985961914e-01 -6.383286714553833008e-01
-5.273003503680229187e-02 -7.647825479507446289e-01 -6.421270966529846191e-01
-5.545925348997116089e-02 -7.614625096321105957e-01 -6.458320617675781250e-01
-5.822807550430297852e-02 -7.582191824913024902e-01 -6.493944525718688965e-01
-6.100943684577941895e-02 -7.550901770591735840e-01 -6.527761220932006836e-01
-6.377466768026351929e-02 -7.521047592163085938e-01 -6.559506654739379883e-01
-6.649682670831680298e-02 -7.492831945419311523e-01 -6.589027643203735352e-01
-6.914806365966796875e-02 -7.466359138488769531e-01 -6.616293191909790039e-01
-7.170142978429794312e-02 -7.441638112068176270e-01 -6.641378998756408691e-01
-7.412815093994140625e-02 -7.418580055236816406e-01 -6.664471030235290527e-01
-7.640094310045242310e-02 -7.397012114524841309e-01 -6.685842871665954590e-01
-7.849172502756118774e-02 -7.376680374145507812e-01 -6.705855131149291992e-01
-8.037156611680984497e-02 -7.357256412506103516e-01 -6.724940538406372070e-01
-8.201272785663604736e-02 -7.338348031044006348e-01 -6.743593811988830566e-01
-8.338665217161178589e-02 -7.319503426551818848e-01 -6.762361526489257812e-01
-8.446540683507919312e-02 -7.300228476524353027e-01 -6.781829595565795898e-01
-8.522148430347442627e-02 -7.279989719390869141e-01 -6.802608966827392578e-01
-8.562718331813812256e-02 -7.258218526840209961e-01 -6.825325489044189453e-01
-8.565548807382583618e-02 -7.234324812889099121e-01 -6.850609779357910156e-01
-8.528123050928115845e-02 -7.207703590393066406e-01 -6.879078745841979980e-01
-8.447919040918350220e-02 -7.177739739418029785e-01 -6.911323070526123047e-01
-8.322675526142120361e-02 -7.143821120262145996e-01 -6.947888135910034180e-01
-8.150269091129302979e-02 -7.105360627174377441e-01 -6.989247798919677734e-01
-7.928937673568725586e-02 -7.061790823936462402e-01 -7.035797238349914551e-01
-7.657194882631301880e-02 -7.012600302696228027e-01 -7.087814807891845703e-01
-7.333939522504806519e-02 -6.957346200942993164e-01 -7.145451307296752930e-01
-6.958530843257904053e-02 -6.895681619644165039e-01 -7.208700180053710938e-01
-6.530891358852386475e-02 -6.827387809753417969e-01 -7.277380228042602539e-01
-6.051307916641235352e-02 -6.752387881278991699e-01 -7.351127266883850098e-01
-5.520699173212051392e-02 -6.670789122581481934e-01 -7.429387569427490234e-01
-4.940504208207130432e-02 -6.582903861999511719e-01 -7.511410713195800781e-01
-4.312579333782196045e-02 -6.489252448081970215e-01 -7.596290111541748047e-01
-3.639324009418487549e-02 -6.390599608421325684e-01 -7.682954668998718262e-01
-2.923471480607986450e-02 -6.287907958030700684e-01 -7.770247459411621094e-01
-2.167976461350917816e-02 -6.182337403297424316e-01 -7.856951951980590820e-01
-1.375987287610769272e-02 -6.075220108032226562e-01 -7.941836714744567871e-01
-5.506640765815973282e-03 -5.967979431152343750e-01 -8.023727536201477051e-01
3.049295395612716675e-03 -5.862102508544921875e-01 -8.101531863212585449e-01
1.187898684293031693e-02 -5.759047269821166992e-01 -8.174304962158203125e-01
2.095773257315158844e-02 -5.660201907157897949e-01 -8.241248726844787598e-01
3.026193380355834961e-02 -5.566807985305786133e-01 -8.301751017570495605e-01
3.977455198764801025e-02 -5.479928851127624512e-01 -8.355368375778198242e-01
4.947844520211219788e-02 -5.400405526161193848e-01 -8.401833772659301758e-01
5.936140567064285278e-02 -5.328841209411621094e-01 -8.441035151481628418e-01
6.941004097461700439e-02 -5.265605449676513672e-01 -8.472993969917297363e-01
7.961413264274597168e-02 -5.210831761360168457e-01 -8.497846126556396484e-01
8.995973318815231323e-02 -5.164439678192138672e-01 -8.515825271606445312e-01
1.004329398274421692e-01 -5.126168131828308105e-01 -8.527234792709350586e-01
1.110165044665336609e-01 -5.095595717430114746e-01 -8.532434701919555664e-01
1.216904520988464355e-01 -5.072181224822998047e-01 -8.531830310821533203e-01
1.324302256107330322e-01 -5.055289864540100098e-01 -8.525859117507934570e-01
1.432090550661087036e-01 -5.044246315956115723e-01 -8.514969348907470703e-01
1.539954394102096558e-01 -5.038315057754516602e-01 -8.499642610549926758e-01
1.647550016641616821e-01 -5.036793351173400879e-01 -8.480347394943237305e-01
1.754497885704040527e-01 -5.038977861404418945e-01 -8.457567095756530762e-01
1.860398054122924805e-01 -5.044206976890563965e-01 -8.431779146194458008e-01
1.964819133281707764e-01 -5.051875114440917969e-01 -8.403453826904296875e-01
2.067325562238693237e-01 -5.061438083648681641e-01 -8.373053073883056641e-01
2.167448401451110840e-01 -5.072406530380249023e-01 -8.341034650802612305e-01
2.264730632305145264e-01 -5.084378123283386230e-01 -8.307833075523376465e-01
2.358690649271011353e-01 -5.097016692161560059e-01 -8.273875117301940918e-01
2.448860555887222290e-01 -5.110042095184326172e-01 -8.239572644233703613e-01
2.534758746623992920e-01 -5.123245716094970703e-01 -8.205325007438659668e-01
2.615916728973388672e-01 -5.136466622352600098e-01 -8.171516656875610352e-01
2.691863775253295898e-01 -5.149589776992797852e-01 -8.138525485992431641e-01
2.762143313884735107e-01 -5.162532329559326172e-01 -8.106715083122253418e-01
2.826304137706756592e-01 -5.175238251686096191e-01 -8.076441884040832520e-01
2.883915305137634277e-01 -5.187665820121765137e-01 -8.048052787780761719e-01
2.934556305408477783e-01 -5.199779868125915527e-01 -8.021886944770812988e-01
2.977835536003112793e-01 -5.211548805236816406e-01 -7.998265027999877930e-01
3.013384640216827393e-01 -5.222927331924438477e-01 -7.977501749992370605e-01
3.040872514247894287e-01 -5.233865976333618164e-01 -7.959883809089660645e-01
3.059999644756317139e-01 -5.244302749633789062e-01 -7.945671677589416504e-01
3.070532679557800293e-01 -5.254160165786743164e-01 -7.935088872909545898e-01
3.072278797626495361e-01 -5.263350009918212891e-01 -7.928319573402404785e-01
3.065127730369567871e-01 -5.271782279014587402e-01 -7.925484776496887207e-01
3.049040436744689941e-01 -5.279362797737121582e-01 -7.926644086837768555e-01
3.024075031280517578e-01 -5.286002159118652344e-01 -7.931781411170959473e-01
2.990379035472869873e-01 -5.291628837585449219e-01 -7.940799593925476074e-01
2.948212325572967529e-01 -5.296192765235900879e-01 -7.953514456748962402e-01
2.897935807704925537e-01 -5.299682617187500000e-01 -7.969650626182556152e-01
2.840029001235961914e-01 -5.302118659019470215e-01 -7.988852858543395996e-01
2.775069177150726318e-01 -5.303578972816467285e-01 -8.010683059692382812e-01
2.703732252120971680e-01 -5.304189324378967285e-01 -8.034638166427612305e-01
2.626774907112121582e-01 -5.304127335548400879e-01 -8.060166835784912109e-01
2.545024156570434570e-01 -5.303620696067810059e-01 -8.086684346199035645e-01
2.459350228309631348e-01 -5.302935242652893066e-01 -8.113598227500915527e-01
2.370653003454208374e-01 -5.302373766899108887e-01 -8.140321373939514160e-01
2.279837876558303833e-01 -5.302260518074035645e-01 -8.166295289993286133e-01
2.187796384096145630e-01 -5.302912592887878418e-01 -8.191010951995849609e-01
2.095389068126678467e-01 -5.304660797119140625e-01 -8.214007019996643066e-01
2.003432959318161011e-01 -5.307794213294982910e-01 -8.234900236129760742e-01
1.912689208984375000e-01 -5.312593579292297363e-01 -8.253360986709594727e-01
1.823853999376296997e-01 -5.319290757179260254e-01 -8.269141316413879395e-01
1.737554520368576050e-01 -5.328081846237182617e-01 -8.282055854797363281e-01
1.654343307018280029e-01 -5.339121222496032715e-01 -8.291980028152465820e-01
1.574694812297821045e-01 -5.352505445480346680e-01 -8.298856019973754883e-01
1.499009430408477783e-01 -5.368310213088989258e-01 -8.302662968635559082e-01
1.427613645792007446e-01 -5.386553406715393066e-01 -8.303430676460266113e-01
1.360757052898406982e-01 -5.407224893569946289e-01 -8.301220536231994629e-01
1.298608481884002686e-01 -5.430281162261962891e-01 -8.296123743057250977e-01
1.241272836923599243e-01 -5.455648899078369141e-01 -8.288252949714660645e-01
1.188771501183509827e-01 -5.483244657516479492e-01 -8.277732133865356445e-01
1.141055822372436523e-01 -5.512956976890563965e-01 -8.264701962471008301e-01
1.098003387451171875e-01 -5.544673204421997070e-01 -8.249301910400390625e-01
1.059418320655822754e-01 -5.578272342681884766e-01 -8.231676816940307617e-01
1.025028377771377563e-01 -5.613629817962646484e-01 -8.211970925331115723e-01
9.944885969161987305e-02 -5.650626420974731445e-01 -8.190323710441589355e-01
9.673836827278137207e-02 -5.689148306846618652e-01 -8.166870474815368652e-01
9.432321041822433472e-02 -5.729078054428100586e-01 -8.141742944717407227e-01
9.214811772108078003e-02 -5.770301222801208496e-01 -8.115078806877136230e-01
9.015306830406188965e-02 -5.812712907791137695e-01 -8.087002635002136230e-01
8.827322721481323242e-02 -5.856191515922546387e-01 -8.057654500007629395e-01
8.644054830074310303e-02 -5.900616049766540527e-01 -8.027174472808837891e-01
8.458590507507324219e-02 -5.945839881896972656e-01 -7.995718121528625488e-01
8.264061063528060913e-02 -5.991702675819396973e-01 -7.963451147079467773e-01
8.053760230541229248e-02 -6.038004159927368164e-01 -7.930565476417541504e-01
7.821557670831680298e-02 -6.084506511688232422e-01 -7.897278070449829102e-01
7.561957836151123047e-02 -6.130931377410888672e-01 -7.863831520080566406e-01
7.270304113626480103e-02 -6.176933646202087402e-01 -7.830512523651123047e-01
6.943029910326004028e-02 -6.222128272056579590e-01 -7.797632217407226562e-01
6.577742844820022583e-02 -6.266049742698669434e-01 -7.765561938285827637e-01
6.173301115632057190e-02 -6.308200955390930176e-01 -7.734695076942443848e-01
5.729905515909194946e-02 -6.348013281822204590e-01 -7.705478668212890625e-01
5.249033868312835693e-02 -6.384898424148559570e-01 -7.678381800651550293e-01
4.733393713831901550e-02 -6.418232917785644531e-01 -7.653903961181640625e-01
4.186886176466941833e-02 -6.447376012802124023e-01 -7.632564902305603027e-01
3.614326566457748413e-02 -6.471709609031677246e-01 -7.614876031875610352e-01
3.021419420838356018e-02 -6.490638256072998047e-01 -7.601337432861328125e-01
2.414439991116523743e-02 -6.503597497940063477e-01 -7.592424750328063965e-01
1.800160109996795654e-02 -6.510094404220581055e-01 -7.588561177253723145e-01
1.185622345656156540e-02 -6.509699821472167969e-01 -7.590109109878540039e-01
5.779653321951627731e-03 -6.502079963684082031e-01 -7.597343325614929199e-01
-1.571311295265331864e-04 -6.486995816230773926e-01 -7.610446214675903320e-01
-5.883966106921434402e-03 -6.464322209358215332e-01 -7.629487514495849609e-01
-1.133328769356012344e-02 -6.434062719345092773e-01 -7.654410004615783691e-01
-1.644112356007099152e-02 -6.396355628967285156e-01 -7.685025334358215332e-01
-2.114647254347801208e-02 -6.351487636566162109e-01 -7.721002697944641113e-01
-2.539365366101264954e-02 -6.299912929534912109e-01 -7.761868834495544434e-01
-2.913150191307067871e-02 -6.242240071296691895e-01 -7.807021141052246094e-01
-3.231534734368324280e-02 -6.179254651069641113e-01 -7.855722904205322266e-01
-3.490684553980827332e-02 -6.111922264099121094e-01 -7.907120585441589355e-01
-3.687524423003196716e-02 -6.041360497474670410e-01 -7.960276007652282715e-01
-3.819859400391578674e-02 -5.968854427337646484e-01 -8.014166951179504395e-01
-3.886421769857406616e-02 -5.895815491676330566e-01 -8.067733049392700195e-01
-3.887015208601951599e-02 -5.823758244514465332e-01 -8.119897842407226562e-01
-3.822532296180725098e-02 -5.754257440567016602e-01 -8.169602155685424805e-01
-3.695199638605117798e-02 -5.688906908035278320e-01 -8.215826153755187988e-01
-3.508447855710983276e-02 -5.629252195358276367e-01 -8.257628679275512695e-01
-3.267045319080352783e-02 -5.576738715171813965e-01 -8.294169306755065918e-01
-2.977027185261249542e-02 -5.532633662223815918e-01 -8.324742913246154785e-01
-2.645554207265377045e-02 -5.497981309890747070e-01 -8.348785042762756348e-01
-2.280808426439762115e-02 -5.473525524139404297e-01 -8.365913033485412598e-01
-1.891702599823474884e-02 -5.459682345390319824e-01 -8.375922441482543945e-01
-1.487602386623620987e-02 -5.456470251083374023e-01 -8.378830552101135254e-01
-1.077953167259693146e-02 -5.463535189628601074e-01 -8.374852538108825684e-01
-6.718329619616270065e-03 -5.480124354362487793e-01 -8.364432454109191895e-01
-2.776243025436997414e-03 -5.505105257034301758e-01 -8.348236083984375000e-01
9.757591178640723228e-04 -5.537027120590209961e-01 -8.327139019966125488e-01
4.482198972254991531e-03 -5.574151873588562012e-01 -8.302217721939086914e-01
7.707469630986452103e-03 -5.614534616470336914e-01 -8.274723291397094727e-01
1.063762977719306946e-02 -5.656099319458007812e-01 -8.246042728424072266e-01
1.328187808394432068e-02 -5.696705579757690430e-01 -8.217657804489135742e-01
1.567172817885875702e-02 -5.734234452247619629e-01 -8.191092610359191895e-01
1.786077208817005157e-02 -5.766632556915283203e-01 -8.167866468429565430e-01
1.992018148303031921e-02 -5.791977047920227051e-01 -8.149436712265014648e-01
2.193592488765716553e-02 -5.808511376380920410e-01 -8.137142062187194824e-01
2.400400117039680481e-02 -5.814658999443054199e-01 -8.132165670394897461e-01
2.622556127607822418e-02 -5.809026956558227539e-01 -8.135504126548767090e-01
2.870284207165241241e-02 -5.790411233901977539e-01 -8.147929310798645020e-01
3.153374418616294861e-02 -5.757774710655212402e-01 -8.169981241226196289e-01
3.480888530611991882e-02 -5.710217952728271484e-01 -8.201965689659118652e-01
3.860777616500854492e-02 -5.646979212760925293e-01 -8.243941664695739746e-01
4.299677163362503052e-02 -5.567392110824584961e-01 -8.295738697052001953e-01
4.802640527486801147e-02 -5.470872521400451660e-01 -8.356967568397521973e-01
5.373045429587364197e-02 -5.356920957565307617e-01 -8.427022695541381836e-01
6.012460589408874512e-02 -5.225102305412292480e-01 -8.505105376243591309e-01
6.720599532127380371e-02 -5.075061321258544922e-01 -8.590232133865356445e-01
7.495192438364028931e-02 -4.906539618968963623e-01 -8.681249618530273438e-01
8.332010358572006226e-02 -4.719378054141998291e-01 -8.776858448982238770e-01
9.224829077720642090e-02 -4.513562023639678955e-01 -8.875629305839538574e-01
1.016544252634048462e-01 -4.289251863956451416e-01 -8.976020812988281250e-01
1.114364787936210632e-01 -4.046806395053863525e-01 -9.076427817344665527e-01
1.214730739593505859e-01 -3.786815404891967773e-01 -9.175208806991577148e-01
1.316240280866622925e-01 -3.510147631168365479e-01 -9.270727038383483887e-01
1.417323201894760132e-01 -3.217935562133789062e-01 -9.361414909362792969e-01
1.516248434782028198e-01 -2.911595404148101807e-01 -9.445825219154357910e-01
1.611153334379196167e-01 -2.592808306217193604e-01 -9.522684812545776367e-01
1.700062602758407593e-01 -2.263465523719787598e-01 -9.590959548950195312e-01
1.780920475721359253e-01 -1.925603300333023071e-01 -9.649890065193176270e-01
1.851604878902435303e-01 -1.581321805715560913e-01 -9.699019789695739746e-01
1.909950971603393555e-01 -1.232660785317420959e-01 -9.738205075263977051e-01
1.953735947608947754e-01 -8.814863115549087524e-02 -9.767594337463378906e-01
1.980683207511901855e-01 -5.293609201908111572e-02 -9.787577390670776367e-01
1.988400518894195557e-01 -1.774295419454574585e-02 -9.798713326454162598e-01
1.974328309297561646e-01 1.736981980502605438e-02 -9.801625609397888184e-01
1.935633420944213867e-01 5.240255221724510193e-02 -9.796872735023498535e-01
1.869078874588012695e-01 8.742444217205047607e-02 -9.784795641899108887e-01
1.770860850811004639e-01 1.225774884223937988e-01 -9.765322804450988770e-01
1.636406928300857544e-01 1.580770462751388550e-01 -9.737727642059326172e-01
1.460133343935012817e-01 1.942070722579956055e-01 -9.700328111648559570e-01
1.235213577747344971e-01 2.313093245029449463e-01 -9.650070071220397949e-01
9.533199667930603027e-02 2.697588205337524414e-01 -9.581972360610961914e-01
6.045234203338623047e-02 3.099196851253509521e-01 -9.488388895988464355e-01
1.774178631603717804e-02 3.520659208297729492e-01 -9.358070492744445801e-01
-3.401390090584754944e-02 3.962508440017700195e-01 -9.175120592117309570e-01
-9.592145681381225586e-02 4.421070218086242676e-01 -8.918186426162719727e-01
-1.686317026615142822e-01 4.885754585266113281e-01 -8.560708761215209961e-01
-2.517854273319244385e-01 5.336320996284484863e-01 -8.073666691780090332e-01
-3.433522284030914307e-01 5.741777420043945312e-01 -7.432556748390197754e-01
-4.391996264457702637e-01 6.063811779022216797e-01 -6.628767251968383789e-01
-5.334346294403076172e-01 6.266459226608276367e-01 -5.681217312812805176e-01
-6.197916865348815918e-01 6.329234242439270020e-01 -4.639679789543151855e-01
-6.935181021690368652e-01 6.255597472190856934e-01 -3.573620617389678955e-01
-7.525795698165893555e-01 6.070572733879089355e-01 -2.551580071449279785e-01
-7.975612282752990723e-01 5.809718966484069824e-01 -1.623816341161727905e-01
-8.306565880775451660e-01 5.507668852806091309e-01 -8.164200186729431152e-02
-8.545764684677124023e-01 5.191494822502136230e-01 -1.352053415030241013e-02
-8.718334436416625977e-01 4.879393875598907471e-01 4.268004745244979858e-02
-8.844573497772216797e-01 4.582003355026245117e-01 8.824709057807922363e-02
-8.939154744148254395e-01 4.306368529796600342e-01 1.243666335940361023e-01
-9.002467989921569824e-01 4.084464907646179199e-01 1.507556736469268799e-01
-9.011251330375671387e-01 4.015004634857177734e-01 1.636182218790054321e-01
