-9.066186547279357910e-01 -1.243626028299331665e-01 4.032077789306640625e-01
-9.086682796478271484e-01 -1.074752509593963623e-01 4.034488797187805176e-01
-9.081968069076538086e-01 -8.889442682266235352e-02 4.089943766593933105e-01
-9.054049849510192871e-01 -8.020965754985809326e-02 4.169031381607055664e-01
-9.025700688362121582e-01 -7.205489277839660645e-02 4.244707822799682617e-01
-8.998120427131652832e-01 -6.211079657077789307e-02 4.318340122699737549e-01
-8.971021175384521484e-01 -5.121260136365890503e-02 4.388451874256134033e-01
-8.943662047386169434e-01 -3.988395631313323975e-02 4.455540180206298828e-01
-8.915624022483825684e-01 -2.863275445997714996e-02 4.519918262958526611e-01
-8.886716365814208984e-01 -1.792222075164318085e-02 4.581937789916992188e-01
-8.856993317604064941e-01 -8.160851895809173584e-03 4.641875326633453369e-01
-8.826723098754882812e-01 3.017508133780211210e-04 4.699887931346893311e-01
-8.796358704566955566e-01 7.174935657531023026e-03 4.755935072898864746e-01
-8.766468167304992676e-01 1.222539879381656647e-02 4.809790849685668945e-01
-8.737699985504150391e-01 1.527217030525207520e-02 4.860994219779968262e-01
-8.710712194442749023e-01 1.618289761245250702e-02 4.908900558948516846e-01
-8.686126470565795898e-01 1.487011555582284927e-02 4.952685236930847168e-01
-8.664484024047851562e-01 1.128925196826457977e-02 4.991389811038970947e-01
-8.646210432052612305e-01 5.437637679278850555e-03 5.023951530456542969e-01
-8.631592988967895508e-01 -2.643256215378642082e-03 5.049247145652770996e-01
-8.620780110359191895e-01 -1.286491937935352325e-02 5.066123008728027344e-01
-8.613775372505187988e-01 -2.508554607629776001e-02 5.073454976081848145e-01
-8.610474467277526855e-01 -3.910959139466285706e-02 5.070185661315917969e-01
-8.610700964927673340e-01 -5.467774718999862671e-02 5.055379867553710938e-01
-8.614268302917480469e-01 -7.146942615509033203e-02 5.028278827667236328e-01
-8.621046543121337891e-01 -8.909784257411956787e-02 4.988357126712799072e-01
-8.631054162979125977e-01 -1.071166992187500000e-01 4.935333430767059326e-01
-8.644505739212036133e-01 -1.250236332416534424e-01 4.869231879711151123e-01
-8.661888241767883301e-01 -1.422750502824783325e-01 4.790352582931518555e-01
-8.683965206146240234e-01 -1.582956463098526001e-01 4.699255526065826416e-01
-8.711752295494079590e-01 -1.725012063980102539e-01 4.596705734729766846e-01
-8.746422529220581055e-01 -1.843169629573822021e-01 4.483618438243865967e-01
-8.789159655570983887e-01 -1.932003200054168701e-01 4.360969364643096924e-01
-8.840938806533813477e-01 -1.986671835184097290e-01 4.229768812656402588e-01
-8.902265429496765137e-01 -2.003219872713088989e-01 4.091061055660247803e-01
-8.972896337509155273e-01 -1.978939920663833618e-01 3.946001231670379639e-01
-9.051615595817565918e-01 -1.912747174501419067e-01 3.796004354953765869e-01
-9.136089682579040527e-01 -1.805666089057922363e-01 3.642998933792114258e-01
-9.222941994667053223e-01 -1.661150902509689331e-01 3.489686846733093262e-01
-9.308040738105773926e-01 -1.485336720943450928e-01 3.339784443378448486e-01
-9.387005567550659180e-01 -1.286870390176773071e-01 3.198139071464538574e-01
-9.455838799476623535e-01 -1.076341792941093445e-01 3.070602416992187500e-01
-9.511485099792480469e-01 -8.652418106794357300e-02 2.963613867759704590e-01
-9.552118778228759766e-01 -6.646756082773208618e-02 2.883614003658294678e-01
-9.577111005783081055e-01 -4.840411245822906494e-02 2.836308479309082031e-01
-9.586686491966247559e-01 -3.300850465893745422e-02 2.826039791107177734e-01
-9.581463336944580078e-01 -2.064104564487934113e-02 2.855338454246520996e-01
-9.562047123908996582e-01 -1.135139260441064835e-02 2.924784719944000244e-01
-9.528826475143432617e-01 -4.919437225908041000e-03 3.032994568347930908e-01
-9.481935501098632812e-01 -9.263719548471271992e-04 3.176919221878051758e-01
-9.421404600143432617e-01 1.173455151729285717e-03 3.352160751819610596e-01
-9.347360134124755859e-01 1.982273999601602554e-03 3.553375303745269775e-01
-9.260209798812866211e-01 2.098783850669860840e-03 3.774662911891937256e-01
-9.160760045051574707e-01 2.077772514894604683e-03 4.009991884231567383e-01
-9.050265550613403320e-01 2.396044787019491196e-03 4.253483712673187256e-01
-8.930379152297973633e-01 3.440737258642911911e-03 4.499681890010833740e-01
-8.803058266639709473e-01 5.504751577973365784e-03 4.743745923042297363e-01
-8.670427203178405762e-01 8.793809451162815094e-03 4.981562197208404541e-01
-8.534654378890991211e-01 1.343569718301296234e-02 5.209763050079345703e-01
-8.397821784019470215e-01 1.949815079569816589e-02 5.425732135772705078e-01
-8.261837363243103027e-01 2.700204961001873016e-02 5.627534985542297363e-01
-8.128358721733093262e-01 3.594057261943817139e-02 5.813828110694885254e-01
-7.998768091201782227e-01 4.628915339708328247e-02 5.983765125274658203e-01
-7.874134182929992676e-01 5.802322179079055786e-02 6.136884093284606934e-01
-7.755222916603088379e-01 7.112599909305572510e-02 6.273006796836853027e-01
-7.642508745193481445e-01 8.559970557689666748e-02 6.392129659652709961e-01
-7.536167502403259277e-01 1.014735102653503418e-01 6.494342684745788574e-01
-7.436103820800781250e-01 1.188138499855995178e-01 6.579718589782714844e-01
-7.341935634613037109e-01 1.377323567867279053e-01 6.648229360580444336e-01
-7.252982258796691895e-01 1.583984792232513428e-01 6.699644923210144043e-01
-7.168251276016235352e-01 1.810495555400848389e-01 6.733370423316955566e-01
-7.086324095726013184e-01 2.060108631849288940e-01 6.748331189155578613e-01
-7.005277872085571289e-01 2.337132990360260010e-01 6.742691397666931152e-01
-6.922447681427001953e-01 2.647249698638916016e-01 6.713552474975585938e-01
-6.834115386009216309e-01 2.997798621654510498e-01 6.656429767608642578e-01
-6.734938621520996094e-01 3.398239016532897949e-01 6.564494371414184570e-01
-6.617072224617004395e-01 3.860448300838470459e-01 6.427387595176696777e-01
-6.468679308891296387e-01 4.398925602436065674e-01 6.229417920112609863e-01
-6.271651983261108398e-01 5.030035376548767090e-01 5.946858525276184082e-01
-5.998083353042602539e-01 5.769200325012207031e-01 5.544306039810180664e-01
-5.606048107147216797e-01 6.622784733772277832e-01 4.971010386943817139e-01
-5.037123560905456543e-01 7.570434808731079102e-01 4.161237180233001709e-01
-4.224915504455566406e-01 8.535144329071044922e-01 3.049820065498352051e-01
-3.130083084106445312e-01 9.358577132225036621e-01 1.618518084287643433e-01
-1.801667213439941406e-01 9.836289286613464355e-01 -3.766764421015977859e-03
-4.014796391129493713e-02 9.845404624938964844e-01 -1.704942584037780762e-01
8.771008253097534180e-02 9.445174336433410645e-01 -3.165338933467864990e-01
1.919990479946136475e-01 8.813912272453308105e-01 -4.316085278987884521e-01
2.713134288787841797e-01 8.118376135826110840e-01 -5.170190930366516113e-01
3.296104669570922852e-01 7.456429004669189453e-01 -5.791144371032714844e-01
3.719517588615417480e-01 6.867815852165222168e-01 -6.244861483573913574e-01
4.026789665222167969e-01 6.360027194023132324e-01 -6.582933068275451660e-01
4.250520765781402588e-01 5.926593542098999023e-01 -6.841678023338317871e-01
4.414070546627044678e-01 5.556461215019226074e-01 -7.045688033103942871e-01
4.534035027027130127e-01 5.238086581230163574e-01 -7.211447954177856445e-01
4.622342884540557861e-01 4.960940778255462646e-01 -7.350035905838012695e-01
4.687759280204772949e-01 4.715920388698577881e-01 -7.468935847282409668e-01
4.736937880516052246e-01 4.495319724082946777e-01 -7.573211193084716797e-01
4.775103926658630371e-01 4.292642474174499512e-01 -7.666264772415161133e-01
4.806504845619201660e-01 4.102406501770019531e-01 -7.750340700149536133e-01
4.834756553173065186e-01 3.919990658760070801e-01 -7.826799750328063965e-01
4.863003492355346680e-01 3.741456270217895508e-01 -7.896372675895690918e-01
4.894075989723205566e-01 3.563465476036071777e-01 -7.959254384040832520e-01
4.930551648139953613e-01 3.383170068264007568e-01 -8.015224337577819824e-01
4.974788129329681396e-01 3.198191225528717041e-01 -8.063687682151794434e-01
5.028930902481079102e-01 3.006554543972015381e-01 -8.103733062744140625e-01
5.094859004020690918e-01 2.806696891784667969e-01 -8.134178519248962402e-01
5.174122452735900879e-01 2.597467005252838135e-01 -8.153626322746276855e-01
5.267869830131530762e-01 2.378149479627609253e-01 -8.160511255264282227e-01
5.376727581024169922e-01 2.148510962724685669e-01 -8.153201937675476074e-01
5.500705242156982422e-01 1.908831298351287842e-01 -8.130104541778564453e-01
5.639101862907409668e-01 1.659941822290420532e-01 -8.089815974235534668e-01
5.790450572967529297e-01 1.403243541717529297e-01 -8.031287789344787598e-01
5.952518582344055176e-01 1.140681654214859009e-01 -7.954016327857971191e-01
6.122390627861022949e-01 8.746678382158279419e-02 -7.858198881149291992e-01
6.296599507331848145e-01 6.079524010419845581e-02 -7.744884490966796875e-01
6.471379399299621582e-01 3.434399142861366272e-02 -7.615990042686462402e-01
6.642901301383972168e-01 8.396050892770290375e-03 -7.474277019500732422e-01
6.807557940483093262e-01 -1.679577864706516266e-02 -7.323178648948669434e-01
6.962193250656127930e-01 -4.102991893887519836e-02 -7.166556119918823242e-01
7.104262113571166992e-01 -6.416952610015869141e-02 -7.008401751518249512e-01
7.231906652450561523e-01 -8.615101128816604614e-02 -6.852542161941528320e-01
7.343952655792236328e-01 -1.069833859801292419e-01 -6.702373623847961426e-01
7.439838647842407227e-01 -1.267405003309249878e-01 -6.560676693916320801e-01
7.519502043724060059e-01 -1.455499976873397827e-01 -6.429511308670043945e-01
7.583248615264892578e-01 -1.635795980691909790e-01 -6.310191154479980469e-01
7.631642222404479980e-01 -1.810220628976821899e-01 -6.203317642211914062e-01
7.665377259254455566e-01 -1.980842500925064087e-01 -6.108868122100830078e-01
7.685210108757019043e-01 -2.149746417999267578e-01 -6.026286482810974121e-01
7.691872119903564453e-01 -2.318961620330810547e-01 -5.954620838165283203e-01
7.686038017272949219e-01 -2.490400671958923340e-01 -5.892599821090698242e-01
7.668275833129882812e-01 -2.665813267230987549e-01 -5.838748216629028320e-01
7.639033198356628418e-01 -2.846773862838745117e-01 -5.791464447975158691e-01
7.598614692687988281e-01 -3.034653067588806152e-01 -5.749081373214721680e-01
7.547171711921691895e-01 -3.230621814727783203e-01 -5.709928870201110840e-01
7.484703660011291504e-01 -3.435641825199127197e-01 -5.672352313995361328e-01
7.411038875579833984e-01 -3.650451302528381348e-01 -5.634777545928955078e-01
7.325853109359741211e-01 -3.875575661659240723e-01 -5.595694184303283691e-01
7.228667736053466797e-01 -4.111293554306030273e-01 -5.553704500198364258e-01
7.118858098983764648e-01 -4.357635974884033203e-01 -5.507528781890869141e-01
6.995680928230285645e-01 -4.614356458187103271e-01 -5.456020832061767578e-01
6.858301162719726562e-01 -4.880910813808441162e-01 -5.398185849189758301e-01
6.705835461616516113e-01 -5.156424045562744141e-01 -5.333204269409179688e-01
6.537393927574157715e-01 -5.439664125442504883e-01 -5.260469317436218262e-01
6.352165937423706055e-01 -5.729036331176757812e-01 -5.179587602615356445e-01
6.149467229843139648e-01 -6.022577285766601562e-01 -5.090442895889282227e-01
5.928841233253479004e-01 -6.317963004112243652e-01 -4.993214309215545654e-01
5.690124630928039551e-01 -6.612549424171447754e-01 -4.888422191143035889e-01
5.433547496795654297e-01 -6.903434395790100098e-01 -4.776939749717712402e-01
5.159781575202941895e-01 -7.187551259994506836e-01 -4.660018980503082275e-01
4.869987666606903076e-01 -7.461777925491333008e-01 -4.539283215999603271e-01
4.565844237804412842e-01 -7.723071575164794922e-01 -4.416699707508087158e-01
4.249517023563385010e-01 -7.968600988388061523e-01 -4.294531941413879395e-01
3.923602104187011719e-01 -8.195878267288208008e-01 -4.175276458263397217e-01
3.591042160987854004e-01 -8.402868509292602539e-01 -4.061554372310638428e-01
3.255006670951843262e-01 -8.588058948516845703e-01 -3.956031799316406250e-01
2.918764352798461914e-01 -8.750500082969665527e-01 -3.861291110515594482e-01
2.585549056529998779e-01 -8.889800310134887695e-01 -3.779733777046203613e-01
2.258442491292953491e-01 -9.006076455116271973e-01 -3.713489174842834473e-01
1.940275579690933228e-01 -9.099881052970886230e-01 -3.664353489875793457e-01
1.633560061454772949e-01 -9.172112941741943359e-01 -3.633705973625183105e-01
1.340439766645431519e-01 -9.223921298980712891e-01 -3.622499704360961914e-01
1.062678918242454529e-01 -9.256613254547119141e-01 -3.631229698657989502e-01
8.016694337129592896e-02 -9.271579980850219727e-01 -3.659936487674713135e-01
5.584442988038063049e-02 -9.270238280296325684e-01 -3.708209395408630371e-01
3.337128460407257080e-02 -9.253987669944763184e-01 -3.775227367877960205e-01
1.278871111571788788e-02 -9.224203824996948242e-01 -3.859756290912628174e-01
-5.887123756110668182e-03 -9.182221889495849609e-01 -3.960219025611877441e-01
-2.266264148056507111e-02 -9.129362702369689941e-01 -4.074723422527313232e-01
-3.756471350789070129e-02 -9.066941738128662109e-01 -4.201125502586364746e-01
-5.063716322183609009e-02 -8.996292352676391602e-01 -4.337085485458374023e-01
-6.193866208195686340e-02 -8.918780684471130371e-01 -4.480144977569580078e-01
-7.154187560081481934e-02 -8.835819959640502930e-01 -4.627792537212371826e-01
-7.953047752380371094e-02 -8.748865723609924316e-01 -4.777534902095794678e-01
-8.599790185689926147e-02 -8.659404516220092773e-01 -4.926982522010803223e-01
-9.104424715042114258e-02 -8.568931221961975098e-01 -5.073904395103454590e-01
-9.477616846561431885e-02 -8.478927016258239746e-01 -5.216276645660400391e-01
-9.730199724435806274e-02 -8.390824198722839355e-01 -5.352318286895751953e-01
-9.873180836439132690e-02 -8.305957913398742676e-01 -5.480535030364990234e-01
-9.917449206113815308e-02 -8.225557208061218262e-01 -5.599700808525085449e-01
-9.873666614294052124e-02 -8.150693774223327637e-01 -5.708878636360168457e-01
-9.752094745635986328e-02 -8.082267642021179199e-01 -5.807402133941650391e-01
-9.562633931636810303e-02 -8.020990490913391113e-01 -5.894851684570312500e-01
-9.314645826816558838e-02 -7.967379093170166016e-01 -5.971033573150634766e-01
-9.017089009284973145e-02 -7.921746373176574707e-01 -6.035962700843811035e-01
-8.678406476974487305e-02 -7.884204983711242676e-01 -6.089841127395629883e-01
-8.306892961263656616e-02 -7.854672670364379883e-01 -6.133031249046325684e-01
-7.910417765378952026e-02 -7.832893133163452148e-01 -6.166037321090698242e-01
-7.496677339076995850e-02 -7.818436026573181152e-01 -6.189512014389038086e-01
-7.073133438825607300e-02 -7.810710072517395020e-01 -6.204233169555664062e-01
-6.647099554538726807e-02 -7.809005379676818848e-01 -6.211087107658386230e-01
-6.225585937500000000e-02 -7.812485694885253906e-01 -6.211077570915222168e-01
-5.815459415316581726e-02 -7.820231318473815918e-01 -6.205303668975830078e-01
-5.423056706786155701e-02 -7.831265330314636230e-01 -6.194931268692016602e-01
-5.054281279444694519e-02 -7.844562530517578125e-01 -6.181212067604064941e-01
-4.714433476328849792e-02 -7.859110236167907715e-01 -6.165398359298706055e-01
-4.408073052763938904e-02 -7.873908281326293945e-01 -6.148760914802551270e-01
-4.139067605137825012e-02 -7.888005971908569336e-01 -6.132538914680480957e-01
-3.910316899418830872e-02 -7.900541424751281738e-01 -6.117885112762451172e-01
-3.723793104290962219e-02 -7.910745739936828613e-01 -6.105852127075195312e-01
-3.580705076456069946e-02 -7.917965650558471680e-01 -6.097343564033508301e-01
-3.481256216764450073e-02 -7.921682596206665039e-01 -6.093089580535888672e-01
-3.424870222806930542e-02 -7.921513319015502930e-01 -6.093628406524658203e-01
-3.410362824797630310e-02 -7.917221784591674805e-01 -6.099286079406738281e-01
-3.435929864645004272e-02 -7.908695340156555176e-01 -6.110194325447082520e-01
-3.499206528067588806e-02 -7.895972728729248047e-01 -6.126268506050109863e-01
-3.597560897469520569e-02 -7.879206538200378418e-01 -6.147249937057495117e-01
-3.728033974766731262e-02 -7.858668565750122070e-01 -6.172711253166198730e-01
-3.887528181076049805e-02 -7.834721207618713379e-01 -6.202098131179809570e-01
-4.072845354676246643e-02 -7.807817459106445312e-01 -6.234750151634216309e-01
-4.280664771795272827e-02 -7.778465151786804199e-01 -6.269947886466979980e-01
-4.507760331034660339e-02 -7.747220396995544434e-01 -6.306931376457214355e-01
-4.750917851924896240e-02 -7.714654803276062012e-01 -6.344950795173645020e-01
-5.007019266486167908e-02 -7.681337594985961914e-01 -6.383287310600280762e-01
-5.272995680570602417e-02 -7.647823691368103027e-01 -6.421272158622741699e-01
-5.545913800597190857e-02 -7.614624500274658203e-01 -6.458321809768676758e-01
-5.822828039526939392e-02 -7.582190036773681641e-01 -6.493946909904479980e-01
-6.100932508707046509e-02 -7.550900578498840332e-01 -6.527763009071350098e-01
-6.377468258142471313e-02 -7.521046400070190430e-01 -6.559507846832275391e-01
-6.649691611528396606e-02 -7.492831945419311523e-01 -6.589027047157287598e-01
-6.914818286895751953e-02 -7.466358542442321777e-01 -6.616293787956237793e-01
-7.170127332210540771e-02 -7.441636919975280762e-01 -6.641380190849304199e-01
-7.412824779748916626e-02 -7.418577671051025391e-01 -6.664473414421081543e-01
-7.640082389116287231e-02 -7.397011518478393555e-01 -6.685844063758850098e-01
-7.849157601594924927e-02 -7.376677989959716797e-01 -6.705856919288635254e-01
-8.037167787551879883e-02 -7.357255816459655762e-01 -6.724939942359924316e-01
-8.201278001070022583e-02 -7.338346242904663086e-01 -6.743594408035278320e-01
-8.338683843612670898e-02 -7.319501638412475586e-01 -6.762363314628601074e-01
-8.446543663740158081e-02 -7.300227880477905273e-01 -6.781830787658691406e-01
-8.522142469882965088e-02 -7.279990911483764648e-01 -6.802606582641601562e-01
-8.562707155942916870e-02 -7.258216738700866699e-01 -6.825327277183532715e-01
-8.565562218427658081e-02 -7.234324216842651367e-01 -6.850610375404357910e-01
-8.528135716915130615e-02 -7.207701802253723145e-01 -6.879079341888427734e-01
-8.447937667369842529e-02 -7.177740335464477539e-01 -6.911321282386779785e-01
-8.322668075561523438e-02 -7.143821120262145996e-01 -6.947888135910034180e-01
-8.150289952754974365e-02 -7.105359435081481934e-01 -6.989248394966125488e-01
-7.928957790136337280e-02 -7.061790227890014648e-01 -7.035796642303466797e-01
-7.657192647457122803e-02 -7.012598514556884766e-01 -7.087815403938293457e-01
-7.333941757678985596e-02 -6.957343816757202148e-01 -7.145453095436096191e-01
-6.958555430173873901e-02 -6.895681619644165039e-01 -7.208700180053710938e-01
-6.530880182981491089e-02 -6.827387213706970215e-01 -7.277380824089050293e-01
-6.051314249634742737e-02 -6.752387285232543945e-01 -7.351126670837402344e-01
-5.520711094141006470e-02 -6.670787334442138672e-01 -7.429389357566833496e-01
-4.940523579716682434e-02 -6.582905054092407227e-01 -7.511410117149353027e-01
-4.312596097588539124e-02 -6.489253640174865723e-01 -7.596288323402404785e-01
-3.639327362179756165e-02 -6.390597224235534668e-01 -7.682955861091613770e-01
-2.923472411930561066e-02 -6.287904381752014160e-01 -7.770250439643859863e-01
-2.167996019124984741e-02 -6.182337999343872070e-01 -7.856952548027038574e-01
-1.375991292297840118e-02 -6.075215935707092285e-01 -7.941839694976806641e-01
-5.506762303411960602e-03 -5.967980623245239258e-01 -8.023726940155029297e-01
3.049176419153809547e-03 -5.862100720405578613e-01 -8.101533055305480957e-01
1.187898591160774231e-02 -5.759050250053405762e-01 -8.174302577972412109e-01
2.095729671418666840e-02 -5.660201907157897949e-01 -8.241249322891235352e-01
3.026213683187961578e-02 -5.566809177398681641e-01 -8.301749825477600098e-01
3.977434337139129639e-02 -5.479929447174072266e-01 -8.355367779731750488e-01
4.947851598262786865e-02 -5.400406122207641602e-01 -8.401833176612854004e-01
5.936119332909584045e-02 -5.328841805458068848e-01 -8.441035747528076172e-01
6.941037625074386597e-02 -5.265605449676513672e-01 -8.472993373870849609e-01
7.961374521255493164e-02 -5.210829377174377441e-01 -8.497847914695739746e-01
8.995983749628067017e-02 -5.164440870285034180e-01 -8.515824675559997559e-01
1.004328504204750061e-01 -5.126166343688964844e-01 -8.527234792709350586e-01
1.110164672136306763e-01 -5.095598101615905762e-01 -8.532433509826660156e-01
1.216901913285255432e-01 -5.072181224822998047e-01 -8.531830310821533203e-01
1.324303299188613892e-01 -5.055294632911682129e-01 -8.525856137275695801e-01
1.432089209556579590e-01 -5.044244527816772461e-01 -8.514970541000366211e-01
1.539955139160156250e-01 -5.038317441940307617e-01 -8.499641418457031250e-01
1.647548824548721313e-01 -5.036793947219848633e-01 -8.480347394943237305e-01
1.754499524831771851e-01 -5.038979053497314453e-01 -8.457565903663635254e-01
1.860396414995193481e-01 -5.044209361076354980e-01 -8.431777358055114746e-01
1.964821070432662964e-01 -5.051878690719604492e-01 -8.403451442718505859e-01
2.067323476076126099e-01 -5.061435103416442871e-01 -8.373054862022399902e-01
2.167449444532394409e-01 -5.072406530380249023e-01 -8.341034650802612305e-01
2.264729440212249756e-01 -5.084380507469177246e-01 -8.307831883430480957e-01
2.358691096305847168e-01 -5.097018480300903320e-01 -8.273872733116149902e-01
2.448857724666595459e-01 -5.110042095184326172e-01 -8.239572644233703613e-01
2.534758150577545166e-01 -5.123247504234313965e-01 -8.205324411392211914e-01
2.615914940834045410e-01 -5.136468410491943359e-01 -8.171516656875610352e-01
2.691864371299743652e-01 -5.149589776992797852e-01 -8.138525485992431641e-01
2.762141525745391846e-01 -5.162533521652221680e-01 -8.106714487075805664e-01
2.826304137706756592e-01 -5.175238847732543945e-01 -8.076441287994384766e-01
2.883913815021514893e-01 -5.187667608261108398e-01 -8.048052191734313965e-01
2.934555709362030029e-01 -5.199783444404602051e-01 -8.021885156631469727e-01
2.977835237979888916e-01 -5.211548209190368652e-01 -7.998266220092773438e-01
3.013384044170379639e-01 -5.222927927970886230e-01 -7.977502346038818359e-01
3.040870428085327148e-01 -5.233866572380065918e-01 -7.959883809089660645e-01
3.060000538825988770e-01 -5.244302153587341309e-01 -7.945671677589416504e-01
3.070532083511352539e-01 -5.254158973693847656e-01 -7.935089468955993652e-01
3.072279393672943115e-01 -5.263351798057556152e-01 -7.928317785263061523e-01
3.065126836299896240e-01 -5.271783471107482910e-01 -7.925484180450439453e-01
3.049039840698242188e-01 -5.279362797737121582e-01 -7.926644086837768555e-01
3.024072349071502686e-01 -5.286002755165100098e-01 -7.931782007217407227e-01
2.990378439426422119e-01 -5.291629433631896973e-01 -7.940798997879028320e-01
2.948210239410400391e-01 -5.296193957328796387e-01 -7.953513860702514648e-01
2.897934913635253906e-01 -5.299682617187500000e-01 -7.969650626182556152e-01
2.840029299259185791e-01 -5.302120447158813477e-01 -7.988852262496948242e-01
2.775069773197174072e-01 -5.303580760955810547e-01 -8.010681867599487305e-01
2.703730463981628418e-01 -5.304188728332519531e-01 -8.034638762474060059e-01
2.626774907112121582e-01 -5.304127931594848633e-01 -8.060166835784912109e-01
2.545022666454315186e-01 -5.303621292114257812e-01 -8.086683750152587891e-01
2.459350526332855225e-01 -5.302937030792236328e-01 -8.113597631454467773e-01
2.370652556419372559e-01 -5.302374958992004395e-01 -8.140321969985961914e-01
2.279839217662811279e-01 -5.302261114120483398e-01 -8.166294693946838379e-01
2.187795639038085938e-01 -5.302914381027221680e-01 -8.191010355949401855e-01
2.095389515161514282e-01 -5.304660201072692871e-01 -8.214007616043090820e-01
2.003432512283325195e-01 -5.307796597480773926e-01 -8.234898447990417480e-01
1.912688910961151123e-01 -5.312594771385192871e-01 -8.253360390663146973e-01
1.823852509260177612e-01 -5.319291353225708008e-01 -8.269141316413879395e-01
1.737555116415023804e-01 -5.328084230422973633e-01 -8.282054066658020020e-01
1.654342561960220337e-01 -5.339121222496032715e-01 -8.291980028152465820e-01
1.574694216251373291e-01 -5.352507829666137695e-01 -8.298855423927307129e-01
1.499009281396865845e-01 -5.368311405181884766e-01 -8.302662372589111328e-01
1.427613794803619385e-01 -5.386555194854736328e-01 -8.303429484367370605e-01
1.360755264759063721e-01 -5.407224893569946289e-01 -8.301220536231994629e-01
1.298609375953674316e-01 -5.430281758308410645e-01 -8.296122550964355469e-01
1.241270527243614197e-01 -5.455649495124816895e-01 -8.288252353668212891e-01
1.188770607113838196e-01 -5.483245253562927246e-01 -8.277732133865356445e-01
1.141055226325988770e-01 -5.512958765029907227e-01 -8.264700770378112793e-01
1.098003536462783813e-01 -5.544673204421997070e-01 -8.249301910400390625e-01
1.059417128562927246e-01 -5.578272938728332520e-01 -8.231676816940307617e-01
1.025027632713317871e-01 -5.613631606101989746e-01 -8.211970329284667969e-01
9.944883733987808228e-02 -5.650627017021179199e-01 -8.190323710441589355e-01
9.673829376697540283e-02 -5.689147710800170898e-01 -8.166871070861816406e-01
9.432305395603179932e-02 -5.729077458381652832e-01 -8.141743540763854980e-01
9.214803576469421387e-02 -5.770303010940551758e-01 -8.115076422691345215e-01
9.015303850173950195e-02 -5.812715888023376465e-01 -8.087000250816345215e-01
8.827317506074905396e-02 -5.856190919876098633e-01 -8.057655692100524902e-01
8.644056320190429688e-02 -5.900617241859436035e-01 -8.027173876762390137e-01
8.458601683378219604e-02 -5.945839881896972656e-01 -7.995718121528625488e-01
8.264040201902389526e-02 -5.991703867912292480e-01 -7.963449954986572266e-01
8.053754270076751709e-02 -6.038005352020263672e-01 -7.930564880371093750e-01
7.821555435657501221e-02 -6.084507107734680176e-01 -7.897278070449829102e-01
7.561948150396347046e-02 -6.130931377410888672e-01 -7.863832116127014160e-01
7.270290702581405640e-02 -6.176934838294982910e-01 -7.830511331558227539e-01
6.943023949861526489e-02 -6.222127676010131836e-01 -7.797632217407226562e-01
6.577727198600769043e-02 -6.266050338745117188e-01 -7.765561342239379883e-01
6.173302233219146729e-02 -6.308202147483825684e-01 -7.734694480895996094e-01
5.729901418089866638e-02 -6.348013877868652344e-01 -7.705478668212890625e-01
5.249015614390373230e-02 -6.384899616241455078e-01 -7.678381204605102539e-01
4.733379557728767395e-02 -6.418231129646301270e-01 -7.653905153274536133e-01
4.186880588531494141e-02 -6.447377204895019531e-01 -7.632563710212707520e-01
3.614334389567375183e-02 -6.471711397171020508e-01 -7.614875435829162598e-01
3.021402657032012939e-02 -6.490637063980102539e-01 -7.601338028907775879e-01
2.414438687264919281e-02 -6.503598690032958984e-01 -7.592424154281616211e-01
1.800148934125900269e-02 -6.510095596313476562e-01 -7.588560581207275391e-01
1.185612753033638000e-02 -6.509699821472167969e-01 -7.590108513832092285e-01
5.779587663710117340e-03 -6.502081155776977539e-01 -7.597341537475585938e-01
-1.572305336594581604e-04 -6.486993432044982910e-01 -7.610448002815246582e-01
-5.884000100195407867e-03 -6.464323401451110840e-01 -7.629486918449401855e-01
-1.133345440030097961e-02 -6.434062719345092773e-01 -7.654410004615783691e-01
-1.644126139581203461e-02 -6.396356821060180664e-01 -7.685024142265319824e-01
-2.114654891192913055e-02 -6.351488828659057617e-01 -7.721002101898193359e-01
-2.539362199604511261e-02 -6.299914121627807617e-01 -7.761868238449096680e-01
-2.913146652281284332e-02 -6.242240071296691895e-01 -7.807021141052246094e-01
-3.231545537710189819e-02 -6.179254055023193359e-01 -7.855723500251770020e-01
-3.490689024329185486e-02 -6.111922860145568848e-01 -7.907120585441589355e-01
-3.687535226345062256e-02 -6.041361093521118164e-01 -7.960274815559387207e-01
-3.819877654314041138e-02 -5.968856215476989746e-01 -8.014165759086608887e-01
-3.886429965496063232e-02 -5.895814299583435059e-01 -8.067733049392700195e-01
-3.887012600898742676e-02 -5.823760032653808594e-01 -8.119897246360778809e-01
-3.822539746761322021e-02 -5.754258632659912109e-01 -8.169601559638977051e-01
-3.695217147469520569e-02 -5.688906908035278320e-01 -8.215825557708740234e-01
-3.508447855710983276e-02 -5.629253387451171875e-01 -8.257627487182617188e-01
-3.267045319080352783e-02 -5.576739907264709473e-01 -8.294169306755065918e-01
-2.977023459970951080e-02 -5.532635450363159180e-01 -8.324741721153259277e-01
-2.645557746291160583e-02 -5.497981309890747070e-01 -8.348784446716308594e-01
-2.280812524259090424e-02 -5.473526120185852051e-01 -8.365912437438964844e-01
-1.891714334487915039e-02 -5.459682345390319824e-01 -8.375923037528991699e-01
-1.487613562494516373e-02 -5.456470251083374023e-01 -8.378830552101135254e-01
-1.077945623546838760e-02 -5.463535785675048828e-01 -8.374851942062377930e-01
-6.718405522406101227e-03 -5.480124354362487793e-01 -8.364431858062744141e-01
-2.776205306872725487e-03 -5.505104064941406250e-01 -8.348236680030822754e-01
9.757591178640723228e-04 -5.537026524543762207e-01 -8.327139019966125488e-01
4.482273478060960770e-03 -5.574151873588562012e-01 -8.302217721939086914e-01
7.707505021244287491e-03 -5.614535808563232422e-01 -8.274723291397094727e-01
1.063766703009605408e-02 -5.656100511550903320e-01 -8.246042132377624512e-01
1.328196749091148376e-02 -5.696708559989929199e-01 -8.217656016349792480e-01
1.567174680531024933e-02 -5.734236836433410645e-01 -8.191090822219848633e-01
1.786073669791221619e-02 -5.766634345054626465e-01 -8.167865276336669922e-01
1.992012932896614075e-02 -5.791980624198913574e-01 -8.149434924125671387e-01
2.193586900830268860e-02 -5.808510184288024902e-01 -8.137142658233642578e-01
2.400389872491359711e-02 -5.814657807350158691e-01 -8.132166862487792969e-01
2.622566372156143188e-02 -5.809027552604675293e-01 -8.135503530502319336e-01
2.870285883545875549e-02 -5.790411233901977539e-01 -8.147929310798645020e-01
3.153372928500175476e-02 -5.757774710655212402e-01 -8.169981241226196289e-01
3.480887785553932190e-02 -5.710218548774719238e-01 -8.201965689659118652e-01
3.860772028565406799e-02 -5.646979212760925293e-01 -8.243941068649291992e-01
4.299671947956085205e-02 -5.567388534545898438e-01 -8.295740485191345215e-01
4.802636057138442993e-02 -5.470875501632690430e-01 -8.356965780258178711e-01
5.373031273484230042e-02 -5.356920957565307617e-01 -8.427022695541381836e-01
6.012475490570068359e-02 -5.225102901458740234e-01 -8.505104184150695801e-01
6.720591336488723755e-02 -5.075062513351440430e-01 -8.590231537818908691e-01
7.495193183422088623e-02 -4.906539916992187500e-01 -8.681249022483825684e-01
8.331992477178573608e-02 -4.719378650188446045e-01 -8.776858448982238770e-01
9.224823862314224243e-02 -4.513559639453887939e-01 -8.875629305839538574e-01
1.016544252634048462e-01 -4.289250969886779785e-01 -8.976022005081176758e-01
1.114364415407180786e-01 -4.046806097030639648e-01 -9.076428413391113281e-01
1.214729696512222290e-01 -3.786817491054534912e-01 -9.175208210945129395e-01
1.316240131855010986e-01 -3.510148823261260986e-01 -9.270725846290588379e-01
1.417321562767028809e-01 -3.217935562133789062e-01 -9.361414909362792969e-01
1.516249030828475952e-01 -2.911598086357116699e-01 -9.445823431015014648e-01
1.611151844263076782e-01 -2.592809796333312988e-01 -9.522684812545776367e-01
1.700061857700347900e-01 -2.263464927673339844e-01 -9.590960144996643066e-01
1.780918836593627930e-01 -1.925604641437530518e-01 -9.649890065193176270e-01
1.851605772972106934e-01 -1.581322550773620605e-01 -9.699019789695739746e-01
1.909949183464050293e-01 -1.232661828398704529e-01 -9.738205075263977051e-01
1.953736245632171631e-01 -8.814857155084609985e-02 -9.767594337463378906e-01
1.980682611465454102e-01 -5.293612182140350342e-02 -9.787577390670776367e-01
1.988400816917419434e-01 -1.774280890822410583e-02 -9.798713326454162598e-01
1.974326819181442261e-01 1.736978068947792053e-02 -9.801625609397888184e-01
1.935632228851318359e-01 5.240237340331077576e-02 -9.796872735023498535e-01
1.869078129529953003e-01 8.742439746856689453e-02 -9.784796833992004395e-01
1.770861893892288208e-01 1.225774884223937988e-01 -9.765322208404541016e-01
1.636405587196350098e-01 1.580771207809448242e-01 -9.737727642059326172e-01
1.460133641958236694e-01 1.942071914672851562e-01 -9.700328111648559570e-01
1.235212758183479309e-01 2.313095033168792725e-01 -9.650069475173950195e-01
9.533201903104782104e-02 2.697588801383972168e-01 -9.581972360610961914e-01
6.045223399996757507e-02 3.099197447299957275e-01 -9.488388895988464355e-01
1.774163544178009033e-02 3.520657718181610107e-01 -9.358071088790893555e-01
-3.401390090584754944e-02 3.962510824203491211e-01 -9.175119400024414062e-01
-9.592141211032867432e-02 4.421069025993347168e-01 -8.918186426162719727e-01
-1.686315536499023438e-01 4.885755479335784912e-01 -8.560708761215209961e-01
-2.517853081226348877e-01 5.336319804191589355e-01 -8.073667287826538086e-01
-3.433522582054138184e-01 5.741779804229736328e-01 -7.432555556297302246e-01
-4.391997158527374268e-01 6.063811779022216797e-01 -6.628767251968383789e-01
-5.334344506263732910e-01 6.266462206840515137e-01 -5.681216716766357422e-01
-6.197919845581054688e-01 6.329231858253479004e-01 -4.639678895473480225e-01
-6.935176849365234375e-01 6.255602240562438965e-01 -3.573620021343231201e-01
-7.525797486305236816e-01 6.070567965507507324e-01 -2.551580965518951416e-01
-7.975609302520751953e-01 5.809721350669860840e-01 -1.623817086219787598e-01
-8.306569457054138184e-01 5.507664084434509277e-01 -8.164206892251968384e-02
-8.545762300491333008e-01 5.191498994827270508e-01 -1.352052390575408936e-02
-8.718338012695312500e-01 4.879387617111206055e-01 4.268018528819084167e-02
-8.844515681266784668e-01 4.582076668739318848e-01 8.826738595962524414e-02
-8.939363360404968262e-01 4.304945468902587891e-01 1.247083321213722229e-01
-9.013242125511169434e-01 4.051276445388793945e-01 1.532523632049560547e-01
-9.066345095634460449e-01 3.842439651489257812e-01 1.742710620164871216e-01
-9.079051613807678223e-01 3.765344619750976562e-01 1.842011958360671997e-01
