4.577358074905779617e+00
4.613837744069594571e+00
4.651001100462322846e+00
4.688333281747127046e+00
4.725358354333912381e+00
4.761643773064985652e+00
4.796803065205160088e+00
4.830496752518873116e+00
4.862431576536204503e+00
4.892358142710777180e+00
4.920067144817511284e+00
4.945384370019380249e+00
4.968164718829047644e+00
4.988285505819384902e+00
5.005639337991752313e+00
5.020126893676107649e+00
5.031649937035589382e+00
5.040104897830928188e+00
5.045377327384421129e+00
5.047337514646744516e+00
5.045837510528720316e+00
5.040709762146192041e+00
5.031767501806491794e+00
5.018806968833028570e+00
5.001611464571901422e+00
4.979957155406082414e+00
4.953620456146433426e+00
4.922386756698374555e+00
4.886060197541717720e+00
4.844474145962252010e+00
4.797501970940333926e+00
4.745067664570160382e+00
4.687155820508527526e+00
4.623820464361715565e+00
4.555192246527919764e+00
4.481483562177293933e+00
4.402991255037743024e+00
4.320096680624437191e+00
4.233263035728375812e+00
4.143029992388576943e+00
4.050005797938970531e+00
3.954857111747128062e+00
3.858296939207110476e+00
3.761071091342689687e+00
3.663943642252937227e+00
3.567681876244546579e+00
3.473041213394322924e+00
3.380750579670158462e+00
3.291498650149947025e+00
3.205921346925090010e+00
3.124590922198421161e+00
3.048006904448639531e+00
2.976589129543151913e+00
2.910673014381644386e+00
2.850507154496991102e+00
2.796253240334156676e+00
2.747988195398993749e+00
2.705708351959120073e+00
2.669335406385321185e+00
2.638723842663775354e+00
2.613669478332996565e+00
2.593918768163399502e+00
2.579178496176355306e+00
2.569125498479337466e+00
2.563416089602533976e+00
2.561694911415512976e+00
2.563602980352420513e+00
2.568784768182776901e+00
2.576894208442482626e+00
2.587599573279215193e+00
2.600587214164180150e+00
2.615564203610555527e+00
2.632259951397806219e+00
2.650426896125128273e+00
2.669840390667563401e+00
2.690297909779250318e+00
2.711617713509675731e+00
2.733637104939424578e+00
2.756210427112124162e+00
2.779206952907248063e+00
2.802508830016062547e+00
2.826009242149921885e+00
2.849610927942169081e+00
2.873225159361879388e+00
2.896771228714727808e+00
2.920176437386879265e+00
2.943376529260508967e+00
2.966316472354537215e+00
2.988951463965587863e+00
3.011248016268002203e+00
3.033184974035850523e+00
3.054754329302583837e+00
3.075961728936926765e+00
3.096826612554928637e+00
3.117381961434968929e+00
3.137673677663549654e+00
3.157759640771648169e+00
3.177708503424680142e+00
3.197598290756578532e+00
3.217514865708157590e+00
3.237550318447057318e+00
3.257801329370609622e+00
3.278367540627890708e+00
3.299349954848234567e+00
3.320849366907542954e+00
3.342964823383857809e+00
3.365792090375517631e+00
3.389422096757738423e+00
3.413939317490776837e+00
3.439420076826721129e+00
3.465930779811331686e+00
3.493526113494074714e+00
3.522247291121526569e+00
3.552120439764425708e+00
3.583155249804815590e+00
3.615344009291294736e+00
3.648661134542783291e+00
3.683063279515704114e+00
3.718490064497567804e+00
3.754865418830108492e+00
3.792099489280883695e+00
3.830091026933085896e+00
3.868730134455329317e+00
3.907901239781921721e+00
3.947486164527629349e+00
3.987367168364420955e+00
4.027429862222827950e+00
4.067565887884020626e+00
4.107675262485181555e+00
4.147668289778455808e+00
4.187466949278083383e+00
4.227005690046514275e+00
4.266231575866200387e+00
4.305103749637026134e+00
4.343592203474651470e+00
4.381675854807705051e+00
4.419339939158386521e+00
4.456572744209163162e+00
4.493361737091015051e+00
4.529689182550652227e+00
4.565527406475025529e+00
4.600833910108333313e+00
4.635546571495579471e+00
4.669579181723523043e+00
4.702817563429082526e+00
4.735116515511810675e+00
4.766297819719188311e+00
4.796149522432720858e+00
4.824426660690511959e+00
4.850853537826540496e+00
4.875127582929462910e+00
4.896924761769993140e+00
4.915906449841132009e+00
4.931727627073775544e+00
4.944046202124797951e+00
4.952533220796577318e+00
4.956883664099884790e+00
4.956827503094614507e+00
4.952140651131932358e+00
4.942655436911032041e+00
4.928270212196492750e+00
4.908957707778308865e+00
4.884771764241141234e+00
4.855852094252274043e+00
4.822426783425614261e+00
4.784812310289860093e+00
4.743410963762682897e+00
4.698705653717670572e+00
4.651252233573317518e+00
4.601669567825789287e+00
4.550627671672647701e+00
4.498834320983005064e+00
4.447020579848917521e+00
4.395925721553623156e+00
4.346282026653828900e+00
4.298799926019349016e+00
4.254153914819851501e+00
4.212969598972537533e+00
4.175812158933900342e+00
4.143176439493070795e+00
4.115478806144792223e+00
4.093050849909924516e+00
4.076134971383973848e+00
4.064881829867802665e+00
4.059349603991292632e+00
4.059504975837935348e+00
4.065225720717988267e+00
4.076304758486266167e+00
4.092455497908080275e+00
4.113318281151752132e+00
4.138467710909344177e+00
4.167420620523846431e+00
4.199644431867016081e+00
4.234565641325474417e+00
4.271578186932210919e+00
4.310051484150648093e+00
4.349337973741958407e+00
4.388780095030034190e+00
4.427716669767252533e+00
4.465488746143964072e+00
4.501445004414011741e+00
4.534946860060165896e+00
4.565373411854869445e+00
4.592126370885329933e+00
4.614635079098489356e+00
4.632361688765322505e+00
4.644806531858650445e+00
4.651513663499555307e+00
4.652076517363428643e+00
4.646143566535749336e+00
4.633423850578965109e+00
4.613692216977300475e+00
4.586794128175871066e+00
4.552649890334961036e+00
4.511258158266431728e+00
4.462698565715229826e+00
4.407133327867062356e+00
4.344807666313951877e+00
4.276048916025240842e+00
4.201264192611937176e+00
4.120936531748412790e+00
4.035619462113995581e+00
3.945930033822490302e+00
3.852540390225458466e+00
3.756168037549099115e+00
3.657565026734305835e+00
3.557506305806375391e+00
3.456777527078636503e+00
3.356162610096815602e+00
3.256431375996164945e+00
3.158327577836828493e+00
3.062557645441744913e+00
2.969780439823282769e+00
2.880598275709657763e+00
2.795549425556014267e+00
2.715102267516508405e+00
2.639651185883543416e+00
2.569514279260498579e+00
2.504932882313124942e+00
2.446072860166468299e+00
2.393027585019289472e+00
2.345822448671256222e+00
2.304420705476309283e+00
2.268730386750543282e+00
2.238611989753696907e+00
2.213886626177846928e+00
2.194344312573059064e+00
2.179752092407682973e+00
2.169861696076414326e+00
2.164416474845149541e+00
2.163157389535982578e+00
2.165827893248539748e+00
2.172177615579970134e+00
2.181964828049590466e+00
2.194957741238309445e+00
2.210934748575448250e+00
2.229683783720395773e+00
2.251000992253948674e+00
2.274688932746988801e+00
2.300554521738727320e+00
2.328406928039103541e+00
2.358055607168026313e+00
2.389308644304263929e+00
2.421971540051114591e+00
2.455846529705401959e+00
2.490732481895445716e+00
2.526425383217440146e+00
2.562719382462931517e+00
2.599408339930128431e+00
2.636287805354059266e+00
2.673157332864302571e+00
2.709823030256674148e+00
2.746100231476761078e+00
2.781816179872553363e+00
2.816812618359337161e+00
2.850948195472723157e+00
2.884100605061408640e+00
2.916168381329257819e+00
2.947072275600258084e+00
2.976756149389716555e+00
3.005187328646205636e+00
3.032356376285564092e+00
3.058276257049009850e+00
3.082980891547591362e+00
3.106523122726737363e+00
3.128972144380258946e+00
3.150410466776837559e+00
3.170930520284722665e+00
3.190631023008818623e+00
3.209613256348873289e+00
3.227977395639452851e+00
3.245819031200318339e+00
3.263225995924654566e+00
3.280275597519214603e+00
3.297032338442288157e+00
3.313546189854772450e+00
3.329851464243172465e+00
3.345966307674804963e+00
3.361892811947537307e+00
3.377617730389677941e+00
3.393113765404123239e+00
3.408341377015764451e+00
3.423251039601698853e+00
3.437785853508432243e+00
3.451884404479663715e+00
3.465483757536636844e+00
3.478522471990557197e+00
3.490943532175639241e+00
3.502697105371536335e+00
3.513743057102229450e+00
3.524053163010670620e+00
3.533612954233250392e+00
3.542423130816452215e+00
3.550500485913735904e+00
3.557878303362099981e+00
3.564606217527782839e+00
3.570749550764503510e+00
3.576388165314221990e+00
3.581614880373766852e+00
3.586533512042015204e+00
3.591256597165144449e+00
3.595902865316051855e+00
3.600594528126352500e+00
3.605454461281766498e+00
3.610603359829700487e+00
3.616156951141790366e+00
3.622223351891594056e+00
3.628900654217249944e+00
3.636274819040494322e+00
3.644417939929429640e+00
3.653386920055852194e+00
3.663222581699172142e+00
3.673949208213382445e+00
3.685574505233565556e+00
3.698089958162725566e+00
3.711471551938456681e+00
3.725680806015141400e+00
3.740666066485463404e+00
3.756363992900997761e+00
3.772701181399829018e+00
3.789595878121032602e+00
3.806959755335122875e+00
3.824699740077631471e+00
3.842719892493253742e+00
3.860923326730757665e+00
3.879214158382070732e+00
3.897499457680760671e+00
3.915691187853671984e+00
3.933708105984234482e+00
3.951477592945027872e+00
3.968937360888111332e+00
3.986036968828376104e+00
4.002739066543801627e+00
4.019020289314767069e+00
4.034871741359880915e+00
4.050299029512165916e+00
4.065321834240060994e+00
4.079973028539809476e+00
4.094297376953563550e+00
4.108349869317877712e+00
4.122193765162772472e+00
4.135898438914020758e+00
4.149537119975383881e+00
4.163184618502384637e+00
4.176915121039153078e+00
4.190800130120192257e+00
4.204906607270705976e+00
4.219295359300801351e+00
4.234019683175313631e+00
4.249124258543074184e+00
4.264644258687526168e+00
4.280604647098700255e+00
4.297019634320601078e+00
4.313892279509157213e+00
4.331214230304307300e+00
4.348965606644728865e+00
4.367115049422460871e+00
4.385619964736621412e+00
4.404426988654843278e+00
4.423472676355570954e+00
4.442684396432452942e+00
4.461981400461363378e+00
4.481276044278082793e+00
4.500475154911234732e+00
4.519481555584757615e+00
4.538195771603979800e+00
4.556517937421774356e+00
4.574349909815393467e+00
4.591597567259296575e+00
4.608173246491032771e+00
4.623998240990650821e+00
4.639005269911292473e+00
4.653140822758822459e+00
4.666367290265688084e+00
4.678664797026494959e+00
4.690032650685973969e+00
4.700490315073767356e+00
4.710077805698992925e+00
4.718855407269110458e+00
4.726902636341066000e+00
4.734316417134906807e+00
4.741208492475071701e+00
4.747702145162874920e+00
4.753928354651072219e+00
4.760021553816820905e+00
4.766115171944147910e+00
4.772337150598049860e+00
4.778805606516791649e+00
4.785624798564279025e+00
4.792881535662515624e+00
4.800642135896207918e+00
4.808950013065454776e+00
4.817823932210322901e+00
4.827256948736019737e+00
4.837216030502827557e+00
4.847642356387448892e+00
4.858452284298415691e+00
4.869538982710893471e+00
4.880774718901023768e+00
4.892013791056537997e+00
4.903096077890281457e+00
4.913851157410420889e+00
4.924102918203995927e+00
4.933674555881121471e+00
4.942393816388485739e+00
4.950098317132766823e+00
4.956640750607717472e+00
4.961893764372568683e+00
4.965754324317233070e+00
4.968147401258534934e+00
4.969028861190443180e+00
4.968387476539117387e+00
4.966246006419568815e+00
4.962661319998310283e+00
4.957723562090656344e+00
4.951554385932510627e+00
4.944304302505855730e+00
4.936149214341497782e+00
4.927286213457986008e+00
4.917928733842818367e+00
4.908301165887936079e+00
4.898633065284682786e+00
4.889153118173235946e+00
4.880083050347715279e+00
4.871631681906394284e+00
4.863989325414441289e+00
4.857322710054276627e+00
4.851770593659634478e+00
