-5.967873334884643555e-01 -1.442184485495090485e-02 -8.022698163986206055e-01
-6.043429374694824219e-01 1.007581222802400589e-02 -7.966605424880981445e-01
-6.212696433067321777e-01 4.532055556774139404e-02 -7.822851538658142090e-01
-6.305606961250305176e-01 9.522628784179687500e-02 -7.702760100364685059e-01
-6.353980302810668945e-01 1.488980799913406372e-01 -7.576929926872253418e-01
-6.358910799026489258e-01 2.060377150774002075e-01 -7.437680959701538086e-01
-6.318547129631042480e-01 2.661705911159515381e-01 -7.279511094093322754e-01
-6.229715347290039062e-01 3.279718458652496338e-01 -7.101695537567138672e-01
-6.091628670692443848e-01 3.897807002067565918e-01 -6.906458139419555664e-01
-5.906902551651000977e-01 4.497351348400115967e-01 -6.699427366256713867e-01
-5.681849122047424316e-01 5.059834718704223633e-01 -6.489580869674682617e-01
-5.425894856452941895e-01 5.569158792495727539e-01 -6.288413405418395996e-01
-5.150249600410461426e-01 6.013364791870117188e-01 -6.108550429344177246e-01
-4.866238236427307129e-01 6.385392546653747559e-01 -5.962086319923400879e-01
-4.583812355995178223e-01 6.682785153388977051e-01 -5.859100222587585449e-01
-4.310450255870819092e-01 6.906629204750061035e-01 -5.806762576103210449e-01
-4.050785899162292480e-01 7.060251235961914062e-01 -5.808957815170288086e-01
-3.806696832180023193e-01 7.148032188415527344e-01 -5.866402983665466309e-01
-3.577759265899658203e-01 7.174552083015441895e-01 -5.977076888084411621e-01
-3.361859917640686035e-01 7.144055366516113281e-01 -6.136804223060607910e-01
-3.155826628208160400e-01 7.060205340385437012e-01 -6.339894533157348633e-01
-2.956020832061767578e-01 6.925933957099914551e-01 -6.579769849777221680e-01
-2.758813798427581787e-01 6.743398308753967285e-01 -6.849490404129028320e-01
-2.561038136482238770e-01 6.513865590095520020e-01 -7.142173051834106445e-01
-2.360318452119827271e-01 6.237633228302001953e-01 -7.451230287551879883e-01
-2.155363857746124268e-01 5.913929939270019531e-01 -7.770447134971618652e-01
-1.946235001087188721e-01 5.540968179702758789e-01 -8.093814253807067871e-01
-1.734645962715148926e-01 5.116195678710937500e-01 -8.415197134017944336e-01
-1.524116545915603638e-01 4.636829793453216553e-01 -8.727936744689941406e-01
-1.320156753063201904e-01 4.100868403911590576e-01 -9.024414420127868652e-01
-1.130187213420867920e-01 3.508412539958953857e-01 -9.295898079872131348e-01
-9.631525725126266479e-02 2.863315641880035400e-01 -9.532773494720458984e-01
-8.287181705236434937e-02 2.174619436264038086e-01 -9.725443720817565918e-01
-7.360376417636871338e-02 1.457310616970062256e-01 -9.865825176239013672e-01
-6.922770291566848755e-02 7.317277789115905762e-02 -9.949136376380920410e-01
-7.012981921434402466e-02 2.144544851034879684e-03 -9.975355863571166992e-01
-7.630217075347900391e-02 -6.499483436346054077e-02 -9.949641823768615723e-01
-8.735452592372894287e-02 -1.262086480855941772e-01 -9.881500601768493652e-01
-1.026175022125244141e-01 -1.800167560577392578e-01 -9.782962203025817871e-01
-1.212752461433410645e-01 -2.255708426237106323e-01 -9.666488766670227051e-01
-1.425008177757263184e-01 -2.625907957553863525e-01 -9.543268084526062012e-01
-1.655471026897430420e-01 -2.912152111530303955e-01 -9.422249794006347656e-01
-1.898060292005538940e-01 -3.118349015712738037e-01 -9.309847950935363770e-01
-2.148142457008361816e-01 -3.249363005161285400e-01 -9.210164546966552734e-01
-2.402468025684356689e-01 -3.309925794601440430e-01 -9.125378727912902832e-01
-2.658834159374237061e-01 -3.303876221179962158e-01 -9.056213498115539551e-01
-2.915812730789184570e-01 -3.233779072761535645e-01 -9.002261161804199219e-01
-3.172304332256317139e-01 -3.100718855857849121e-01 -8.962255120277404785e-01
-3.427273929119110107e-01 -2.904345691204071045e-01 -8.934123516082763672e-01
-3.679346740245819092e-01 -2.642974555492401123e-01 -8.914992213249206543e-01
-3.926488757133483887e-01 -2.313885241746902466e-01 -8.901045322418212891e-01
-4.165627658367156982e-01 -1.913738697767257690e-01 -8.887358903884887695e-01
-4.392347335815429688e-01 -1.439252793788909912e-01 -8.867685198783874512e-01
-4.600554406642913818e-01 -8.881289511919021606e-02 -8.834371566772460938e-01
-4.782395362854003906e-01 -2.603180333971977234e-02 -8.778434991836547852e-01
-4.928391873836517334e-01 4.404738172888755798e-02 -8.690048456192016602e-01
-5.028098225593566895e-01 1.205258369445800781e-01 -8.559532165527343750e-01
-5.071290135383605957e-01 2.018675059080123901e-01 -8.378959298133850098e-01
-5.049734115600585938e-01 2.859032154083251953e-01 -8.144084811210632324e-01
-4.959037005901336670e-01 3.699851036071777344e-01 -7.856147885322570801e-01
-4.800040721893310547e-01 4.513086378574371338e-01 -7.522743344306945801e-01
-4.579110145568847656e-01 5.273054838180541992e-01 -7.157278656959533691e-01
-4.307114183902740479e-01 5.960021018981933594e-01 -6.776940226554870605e-01
-3.997426033020019531e-01 6.562106609344482422e-01 -6.399948000907897949e-01
-3.663718998432159424e-01 7.075338959693908691e-01 -6.042907834053039551e-01
-3.318207561969757080e-01 7.502135038375854492e-01 -5.719044208526611328e-01
-2.970604896545410156e-01 7.849187850952148438e-01 -5.437440872192382812e-01
-2.627873420715332031e-01 8.125335574150085449e-01 -5.203190445899963379e-01
-2.294412255287170410e-01 8.339990973472595215e-01 -5.017989277839660645e-01
-1.972573548555374146e-01 8.502075076103210449e-01 -4.880950152873992920e-01
-1.663136035203933716e-01 8.619508743286132812e-01 -4.789367318153381348e-01
-1.365853101015090942e-01 8.698990941047668457e-01 -4.739409089088439941e-01
-1.079764440655708313e-01 8.746035695075988770e-01 -4.726622998714447021e-01
-8.035469055175781250e-02 8.765049576759338379e-01 -4.746389091014862061e-01
-5.356412753462791443e-02 8.759495019912719727e-01 -4.794198274612426758e-01
-2.744801156222820282e-02 8.731986284255981445e-01 -4.865909814834594727e-01
-1.847532927058637142e-03 8.684403896331787109e-01 -4.957900941371917725e-01
2.338036149740219116e-02 8.617931604385375977e-01 -5.067207813262939453e-01
4.836688563227653503e-02 8.533124327659606934e-01 -5.191517472267150879e-01
7.321579009294509888e-02 8.429879546165466309e-01 -5.329266190528869629e-01
9.800702333450317383e-02 8.307465314865112305e-01 -5.479551553726196289e-01
1.227760910987854004e-01 8.164493441581726074e-01 -5.642131567001342773e-01
1.475169211626052856e-01 7.998928427696228027e-01 -5.817303061485290527e-01
1.721575260162353516e-01 7.808068394660949707e-01 -6.005851626396179199e-01
1.965592652559280396e-01 7.588571310043334961e-01 -6.208867430686950684e-01
2.204919308423995972e-01 7.336478829383850098e-01 -6.427628397941589355e-01
2.436293810606002808e-01 7.047308087348937988e-01 -6.663327217102050781e-01
2.655297219753265381e-01 6.716169118881225586e-01 -6.916825175285339355e-01
2.856355011463165283e-01 6.337999105453491211e-01 -7.188253998756408691e-01
3.032695353031158447e-01 5.907871723175048828e-01 -7.476617693901062012e-01
3.176573812961578369e-01 5.421515107154846191e-01 -7.779238224029541016e-01
3.279553651809692383e-01 4.875949025154113770e-01 -8.091331720352172852e-01
3.333225250244140625e-01 4.270318150520324707e-01 -8.405593037605285645e-01
3.330039083957672119e-01 3.606773912906646729e-01 -8.712176680564880371e-01
3.264528512954711914e-01 2.891292572021484375e-01 -8.999071121215820312e-01
3.134523034095764160e-01 2.134065926074981689e-01 -9.253136515617370605e-01
2.942194938659667969e-01 1.349274963140487671e-01 -9.461656212806701660e-01
2.694533169269561768e-01 5.539929494261741638e-02 -9.614186882972717285e-01
2.403003126382827759e-01 -2.336230687797069550e-02 -9.704174399375915527e-01
2.082462757825851440e-01 -9.964796900749206543e-02 -9.729870557785034180e-01
1.749414503574371338e-01 -1.720454394817352295e-01 -9.694306850433349609e-01
1.420333981513977051e-01 -2.395554631948471069e-01 -9.604371786117553711e-01
1.110163927078247070e-01 -3.016232550144195557e-01 -9.469417929649353027e-01
8.314306288957595825e-02 -3.580873608589172363e-01 -9.299788475036621094e-01
5.938474833965301514e-02 -4.090847671031951904e-01 -9.105619788169860840e-01
4.044356569647789001e-02 -4.549426138401031494e-01 -8.896018862724304199e-01
2.676297724246978760e-02 -4.960781037807464600e-01 -8.678653836250305176e-01
1.857026107609272003e-02 -5.329201817512512207e-01 -8.459616899490356445e-01
1.589937508106231689e-02 -5.658585429191589355e-01 -8.243489861488342285e-01
1.860956102609634399e-02 -5.952161550521850586e-01 -8.033501505851745605e-01
2.640455774962902069e-02 -6.212388873100280762e-01 -7.831762433052062988e-01
3.885108977556228638e-02 -6.441062092781066895e-01 -7.639487981796264648e-01
5.539190769195556641e-02 -6.639485359191894531e-01 -7.457237839698791504e-01
7.537647336721420288e-02 -6.808733344078063965e-01 -7.285121083259582520e-01
9.809359163045883179e-02 -6.949873566627502441e-01 -7.122991681098937988e-01
1.228142082691192627e-01 -7.064200639724731445e-01 -6.970561742782592773e-01
1.488339155912399292e-01 -7.153322696685791016e-01 -6.827504634857177734e-01
1.755180656909942627e-01 -7.219194173812866211e-01 -6.693472266197204590e-01
2.023319453001022339e-01 -7.264024615287780762e-01 -6.568114161491394043e-01
2.288641035556793213e-01 -7.290151119232177734e-01 -6.451032161712646484e-01
2.548381090164184570e-01 -7.299851775169372559e-01 -6.341759562492370605e-01
2.801120281219482422e-01 -7.295188307762145996e-01 -6.239708662033081055e-01
3.046649098396301270e-01 -7.277876138687133789e-01 -6.144139766693115234e-01
3.285869657993316650e-01 -7.249150276184082031e-01 -6.054161787033081055e-01
3.520584404468536377e-01 -7.209725975990295410e-01 -5.968695878982543945e-01
3.753294050693511963e-01 -7.159762382507324219e-01 -5.886475443840026855e-01
3.987038433551788330e-01 -7.098841071128845215e-01 -5.806029438972473145e-01
4.225180447101593018e-01 -7.025985717773437500e-01 -5.725677013397216797e-01
4.471194744110107422e-01 -6.939675807952880859e-01 -5.643518567085266113e-01
4.728443920612335205e-01 -6.837887763977050781e-01 -5.557436943054199219e-01
4.999908506870269775e-01 -6.718152761459350586e-01 -5.465101599693298340e-01
5.287855267524719238e-01 -6.577673554420471191e-01 -5.364027619361877441e-01
5.593504309654235840e-01 -6.413501501083374023e-01 -5.251637697219848633e-01
5.916603207588195801e-01 -6.222818493843078613e-01 -5.125460028648376465e-01
6.255106925964355469e-01 -6.003328561782836914e-01 -4.983339607715606689e-01
6.604912877082824707e-01 -5.753782391548156738e-01 -4.823807477951049805e-01
6.959909796714782715e-01 -5.474513769149780273e-01 -4.646434783935546875e-01
7.312305569648742676e-01 -5.167955160140991211e-01 -4.452239871025085449e-01
7.653380036354064941e-01 -4.838927686214447021e-01 -4.243884682655334473e-01
7.974507808685302734e-01 -4.494527280330657959e-01 -4.025722742080688477e-01
8.268272280693054199e-01 -4.143620729446411133e-01 -3.803429901599884033e-01
8.529329895973205566e-01 -3.795952796936035156e-01 -3.583470880985260010e-01
8.754930496215820312e-01 -3.461037278175354004e-01 -3.372301757335662842e-01
8.944814801216125488e-01 -3.147234618663787842e-01 -3.175722062587738037e-01
9.100797772407531738e-01 -2.861052453517913818e-01 -2.998307943344116211e-01
9.226062893867492676e-01 -2.606878578662872314e-01 -2.843226492404937744e-01
9.324506521224975586e-01 -2.386995106935501099e-01 -2.712164223194122314e-01
9.400141239166259766e-01 -2.201917171478271484e-01 -2.605553269386291504e-01
9.456744790077209473e-01 -2.050732821226119995e-01 -2.522792518138885498e-01
9.497623443603515625e-01 -1.931547075510025024e-01 -2.462575584650039673e-01
9.525561928749084473e-01 -1.841798424720764160e-01 -2.423104941844940186e-01
9.542822837829589844e-01 -1.778572350740432739e-01 -2.402334660291671753e-01
9.551216363906860352e-01 -1.738775074481964111e-01 -2.398110628128051758e-01
9.552177786827087402e-01 -1.719296574592590332e-01 -2.408299148082733154e-01
9.546861648559570312e-01 -1.717103123664855957e-01 -2.430841177701950073e-01
9.536199569702148438e-01 -1.729288995265960693e-01 -2.463828623294830322e-01
9.520977139472961426e-01 -1.753123998641967773e-01 -2.505502998828887939e-01
9.501866102218627930e-01 -1.786079555749893188e-01 -2.554303407669067383e-01
9.479470252990722656e-01 -1.825824677944183350e-01 -2.608833909034729004e-01
9.454334974288940430e-01 -1.870268732309341431e-01 -2.667888998985290527e-01
9.426972866058349609e-01 -1.917533576488494873e-01 -2.730431258678436279e-01
9.397853016853332520e-01 -1.965978741645812988e-01 -2.795585989952087402e-01
9.367415308952331543e-01 -2.014174312353134155e-01 -2.862626016139984131e-01
9.336066842079162598e-01 -2.060914188623428345e-01 -2.930951714515686035e-01
9.304178953170776367e-01 -2.105178236961364746e-01 -3.000081181526184082e-01
9.272080063819885254e-01 -2.146136909723281860e-01 -3.069630563259124756e-01
9.240065813064575195e-01 -2.183111608028411865e-01 -3.139299750328063965e-01
9.208394289016723633e-01 -2.215572148561477661e-01 -3.208845853805541992e-01
9.177288413047790527e-01 -2.243089079856872559e-01 -3.278097212314605713e-01
9.146941304206848145e-01 -2.265335917472839355e-01 -3.346898555755615234e-01
9.117518663406372070e-01 -2.282042503356933594e-01 -3.415133655071258545e-01
9.089171886444091797e-01 -2.292983680963516235e-01 -3.482697904109954834e-01
9.062038064002990723e-01 -2.297951877117156982e-01 -3.549490571022033691e-01
9.036244153976440430e-01 -2.296760231256484985e-01 -3.615410327911376953e-01
9.011916518211364746e-01 -2.289190143346786499e-01 -3.680349290370941162e-01
8.989180922508239746e-01 -2.275019735097885132e-01 -3.744181692600250244e-01
8.968165516853332520e-01 -2.253990471363067627e-01 -3.806774020195007324e-01
8.948997259140014648e-01 -2.225823104381561279e-01 -3.867966532707214355e-01
8.931806087493896484e-01 -2.190193384885787964e-01 -3.927581310272216797e-01
8.916718959808349609e-01 -2.146775424480438232e-01 -3.985407352447509766e-01
8.903864026069641113e-01 -2.095198780298233032e-01 -4.041206240653991699e-01
8.893345594406127930e-01 -2.035125344991683960e-01 -4.094712436199188232e-01
8.885269761085510254e-01 -1.966204047203063965e-01 -4.145603775978088379e-01
8.879718184471130371e-01 -1.888132393360137939e-01 -4.193515479564666748e-01
8.876752853393554688e-01 -1.800656765699386597e-01 -4.238029420375823975e-01
8.876411318778991699e-01 -1.703613996505737305e-01 -4.278670847415924072e-01
8.878714442253112793e-01 -1.596932113170623779e-01 -4.314885735511779785e-01
8.883659243583679199e-01 -1.480691581964492798e-01 -4.346050024032592773e-01
8.891227245330810547e-01 -1.355096846818923950e-01 -4.371474981307983398e-01
8.901380300521850586e-01 -1.220565736293792725e-01 -4.390404820442199707e-01
8.914085030555725098e-01 -1.077654436230659485e-01 -4.402016699314117432e-01
8.929305672645568848e-01 -9.271343797445297241e-02 -4.405443072319030762e-01
8.947006464004516602e-01 -7.699291408061981201e-02 -4.399804174900054932e-01
8.967152237892150879e-01 -6.071243062615394592e-02 -4.384241104125976562e-01
8.989709019660949707e-01 -4.399082437157630920e-02 -4.357936978340148926e-01
9.014629721641540527e-01 -2.695467695593833923e-02 -4.320160448551177979e-01
9.041833877563476562e-01 -9.730264544486999512e-03 -4.270336329936981201e-01
9.071186780929565430e-01 7.557781413197517395e-03 -4.208069741725921631e-01
9.102499485015869141e-01 2.479706145823001862e-02 -4.133159518241882324e-01
9.135482907295227051e-01 4.188805073499679565e-02 -4.045675098896026611e-01
9.169757962226867676e-01 5.875059589743614197e-02 -3.945930600166320801e-01
9.204841852188110352e-01 7.532468438148498535e-02 -3.834516406059265137e-01
9.240155816078186035e-01 9.157343208789825439e-02 -3.712270855903625488e-01
9.275047779083251953e-01 1.074797138571739197e-01 -3.580264449119567871e-01
9.308813214302062988e-01 1.230493709444999695e-01 -3.439750373363494873e-01
9.340715408325195312e-01 1.383033543825149536e-01 -3.292149007320404053e-01
9.370038509368896484e-01 1.532809287309646606e-01 -3.138929307460784912e-01
9.396094083786010742e-01 1.680329293012619019e-01 -2.981593906879425049e-01
9.418256878852844238e-01 1.826202273368835449e-01 -2.821600139141082764e-01
9.435970783233642578e-01 1.971099823713302612e-01 -2.660309076309204102e-01
9.448754191398620605e-01 2.115742713212966919e-01 -2.498934119939804077e-01
9.456213116645812988e-01 2.260843515396118164e-01 -2.338507771492004395e-01
9.458012580871582031e-01 2.407109141349792480e-01 -2.179869413375854492e-01
9.453884959220886230e-01 2.555168569087982178e-01 -2.023651003837585449e-01
9.443611502647399902e-01 2.705599963665008545e-01 -1.870276331901550293e-01
9.427017569541931152e-01 2.858830988407135010e-01 -1.720005869865417480e-01
9.403966665267944336e-01 3.015173971652984619e-01 -1.572941094636917114e-01
9.374365806579589844e-01 3.174755275249481201e-01 -1.429053097963333130e-01
9.338164925575256348e-01 3.337530791759490967e-01 -1.288237124681472778e-01
9.295384883880615234e-01 3.503221571445465088e-01 -1.150328069925308228e-01
9.246113300323486328e-01 3.671358227729797363e-01 -1.015141531825065613e-01
9.190546274185180664e-01 3.841224908828735352e-01 -8.825294673442840576e-02
9.128986597061157227e-01 4.011921882629394531e-01 -7.523787766695022583e-02
9.061896800994873047e-01 4.182322323322296143e-01 -6.246650964021682739e-02
8.989892601966857910e-01 4.351132512092590332e-01 -4.994755610823631287e-02
8.913780450820922852e-01 4.516897499561309814e-01 -3.770288825035095215e-02
8.834561109542846680e-01 4.678046107292175293e-01 -2.576895803213119507e-02
8.753446340560913086e-01 4.832909107208251953e-01 -1.419832650572061539e-02
8.671843409538269043e-01 4.979779422283172607e-01 -3.060887567698955536e-03
8.591364622116088867e-01 5.116908550262451172e-01 7.556222379207611084e-03
8.513795733451843262e-01 5.242564678192138672e-01 1.754795759916305542e-02
8.441099524497985840e-01 5.355003476142883301e-01 2.679125592112541199e-02
8.375360965728759766e-01 5.452504754066467285e-01 3.514369949698448181e-02
8.318798542022705078e-01 5.533304810523986816e-01 4.244203492999076843e-02
8.273732066154479980e-01 5.595549941062927246e-01 4.849498346447944641e-02
8.242583274841308594e-01 5.637203454971313477e-01 5.308167263865470886e-02
8.227869868278503418e-01 5.655905008316040039e-01 5.593736842274665833e-02
8.232243061065673828e-01 5.648740530014038086e-01 5.673724040389060974e-02
8.258458971977233887e-01 5.611996650695800781e-01 5.507763847708702087e-02
8.309413790702819824e-01 5.540689229965209961e-01 5.043732002377510071e-02
8.388078212738037109e-01 5.427953600883483887e-01 4.212761297821998596e-02
8.497329950332641602e-01 5.264030098915100098e-01 2.921644225716590881e-02
8.639474511146545410e-01 5.034743547439575195e-01 1.041084807366132736e-02
8.815084695816040039e-01 4.718931615352630615e-01 -1.611344143748283386e-02
9.020164012908935547e-01 4.284406006336212158e-01 -5.296257883310317993e-02
9.239488840103149414e-01 3.681552410125732422e-01 -1.038278117775917053e-01
9.431180357933044434e-01 2.835010290145874023e-01 -1.736537814140319824e-01
9.494087696075439453e-01 1.639621406793594360e-01 -2.678422033786773682e-01
9.216344356536865234e-01 -1.046596909873187542e-03 -3.880578279495239258e-01
8.271489143371582031e-01 -2.093396782875061035e-01 -5.215376615524291992e-01
6.463288664817810059e-01 -4.257904887199401855e-01 -6.332151889801025391e-01
4.118245840072631836e-01 -5.951741337776184082e-01 -6.900495290756225586e-01
1.859254390001296997e-01 -6.942427158355712891e-01 -6.953120231628417969e-01
3.016753355041146278e-03 -7.389382123947143555e-01 -6.737664341926574707e-01
-1.348271816968917847e-01 -7.526722550392150879e-01 -6.444424986839294434e-01
-2.368033230304718018e-01 -7.512156367301940918e-01 -6.161162257194519043e-01
-3.121381700038909912e-01 -7.431859970092773438e-01 -5.918143987655639648e-01
-3.675419986248016357e-01 -7.331122159957885742e-01 -5.722406506538391113e-01
-4.074811637401580811e-01 -7.234440445899963379e-01 -5.573040246963500977e-01
-4.348868429660797119e-01 -7.155505418777465820e-01 -5.466817617416381836e-01
-4.517368376255035400e-01 -7.101762890815734863e-01 -5.399846434593200684e-01
-4.594498276710510254e-01 -7.076452374458312988e-01 -5.367905497550964355e-01
-4.591501057147979736e-01 -7.079567909240722656e-01 -5.366361737251281738e-01
-4.518297314643859863e-01 -7.108523249626159668e-01 -5.390165448188781738e-01
-4.384502470493316650e-01 -7.158769965171813965e-01 -5.433981418609619141e-01
-4.199943542480468750e-01 -7.224505543708801270e-01 -5.492447614669799805e-01
-3.974786102771759033e-01 -7.299403548240661621e-01 -5.560554862022399902e-01
-3.719328939914703369e-01 -7.377301454544067383e-01 -5.634005665779113770e-01
-3.443683385848999023e-01 -7.452718615531921387e-01 -5.709467530250549316e-01
-3.157298266887664795e-01 -7.521203160285949707e-01 -5.784718990325927734e-01
-2.868623435497283936e-01 -7.579416632652282715e-01 -5.858620405197143555e-01
-2.584857940673828125e-01 -7.625060677528381348e-01 -5.931016802787780762e-01
-2.311862856149673462e-01 -7.656723856925964355e-01 -6.002488732337951660e-01
-2.054192423820495605e-01 -7.673608064651489258e-01 -6.074211001396179199e-01
-1.815267950296401978e-01 -7.675319910049438477e-01 -6.147704124450683594e-01
-1.597545295953750610e-01 -7.661643028259277344e-01 -6.224715113639831543e-01
-1.402751505374908447e-01 -7.632389664649963379e-01 -6.307053565979003906e-01
-1.232073828577995300e-01 -7.587245106697082520e-01 -6.396538615226745605e-01
-1.086351945996284485e-01 -7.525688409805297852e-01 -6.494908928871154785e-01
-9.662017226219177246e-02 -7.446904778480529785e-01 -6.603791713714599609e-01
-8.721652626991271973e-02 -7.349723577499389648e-01 -6.724648475646972656e-01
-8.047626167535781860e-02 -7.232562899589538574e-01 -6.858745813369750977e-01
-7.645653188228607178e-02 -7.093409895896911621e-01 -7.007067203521728516e-01
-7.522132247686386108e-02 -6.929749250411987305e-01 -7.170268893241882324e-01
-7.684244215488433838e-02 -6.738574504852294922e-01 -7.348546385765075684e-01
-8.139181882143020630e-02 -6.516386866569519043e-01 -7.541501522064208984e-01
-8.893772959709167480e-02 -6.259243488311767578e-01 -7.747959494590759277e-01
-9.952717274427413940e-02 -5.962905287742614746e-01 -7.965751290321350098e-01
-1.131704375147819519e-01 -5.623070597648620605e-01 -8.191478252410888672e-01
-1.298122704029083252e-01 -5.235763788223266602e-01 -8.420312404632568359e-01
-1.493062525987625122e-01 -4.797891378402709961e-01 -8.645865917205810547e-01
-1.713802367448806763e-01 -4.307947456836700439e-01 -8.860274553298950195e-01
-1.956160813570022583e-01 -3.766810595989227295e-01 -9.054533243179321289e-01
-2.214381992816925049e-01 -3.178468346595764160e-01 -9.219211339950561523e-01
-2.481302618980407715e-01 -2.550448775291442871e-01 -9.345499277114868164e-01
-2.748823761940002441e-01 -1.893714219331741333e-01 -9.426441788673400879e-01
-3.008635938167572021e-01 -1.221912205219268799e-01 -9.458068013191223145e-01
-3.253061771392822266e-01 -5.500102043151855469e-02 -9.440078139305114746e-01
-3.475841581821441650e-01 1.073873601853847504e-02 -9.375872611999511719e-01
-3.672598600387573242e-01 7.375705987215042114e-02 -9.271893501281738281e-01
-3.841009736061096191e-01 1.330880075693130493e-01 -9.136487245559692383e-01
-3.980568051338195801e-01 1.881133615970611572e-01 -8.978664278984069824e-01
-4.092203974723815918e-01 2.385528981685638428e-01 -8.806992173194885254e-01
-4.177787303924560547e-01 2.844088673591613770e-01 -8.628861904144287109e-01
-4.239716529846191406e-01 3.258987665176391602e-01 -8.450076580047607422e-01
-4.280532896518707275e-01 3.633808195590972900e-01 -8.274809718132019043e-01
-4.302722513675689697e-01 3.972961604595184326e-01 -8.105686306953430176e-01
-4.308545887470245361e-01 4.281207919120788574e-01 -7.944034337997436523e-01
-4.299979209899902344e-01 4.563358724117279053e-01 -7.790117859840393066e-01
-4.278666377067565918e-01 4.824017882347106934e-01 -7.643419504165649414e-01
-4.245928823947906494e-01 5.067517161369323730e-01 -7.502823472023010254e-01
-4.202756881713867188e-01 5.297775864601135254e-01 -7.366844415664672852e-01
-4.149837493896484375e-01 5.518293380737304688e-01 -7.233760952949523926e-01
-4.087567925453186035e-01 5.732077956199645996e-01 -7.101765275001525879e-01
-4.016082584857940674e-01 5.941647291183471680e-01 -6.969068050384521484e-01
-3.935262858867645264e-01 6.148952841758728027e-01 -6.834039092063903809e-01
-3.844798207283020020e-01 6.355387568473815918e-01 -6.695265173912048340e-01
-3.744221925735473633e-01 6.561726331710815430e-01 -6.551682949066162109e-01
-3.632963001728057861e-01 6.768155097961425781e-01 -6.402629017829895020e-01
-3.510426282882690430e-01 6.974249482154846191e-01 -6.247940063476562500e-01
-3.376060128211975098e-01 7.179068326950073242e-01 -6.087954640388488770e-01
-3.229403495788574219e-01 7.381188869476318359e-01 -5.923596620559692383e-01
-3.070168495178222656e-01 7.578847408294677734e-01 -5.756312608718872070e-01
-2.898244559764862061e-01 7.770052552223205566e-01 -5.588063597679138184e-01
-2.713718116283416748e-01 7.952754497528076172e-01 -5.421202182769775391e-01
-2.516856491565704346e-01 8.124926090240478516e-01 -5.258422493934631348e-01
-2.308029383420944214e-01 8.284752368927001953e-01 -5.102536082267761230e-01
-2.087671905755996704e-01 8.430649042129516602e-01 -4.956389367580413818e-01
-1.856193542480468750e-01 8.561350703239440918e-01 -4.822636842727661133e-01
-1.613913625478744507e-01 8.675906658172607422e-01 -4.703607261180877686e-01
-1.360997259616851807e-01 8.773663640022277832e-01 -4.601142704486846924e-01
-1.097437590360641479e-01 8.854200243949890137e-01 -4.516499340534210205e-01
-8.230525255203247070e-02 8.917298316955566406e-01 -4.450210034847259521e-01
-5.375278368592262268e-02 8.962848186492919922e-01 -4.402090907096862793e-01
-2.404709532856941223e-02 8.990831971168518066e-01 -4.371168911457061768e-01
6.848338991403579712e-03 9.001253843307495117e-01 -4.355770349502563477e-01
3.895986080169677734e-02 8.994156718254089355e-01 -4.353545904159545898e-01
7.229034602642059326e-02 8.969584703445434570e-01 -4.361646771430969238e-01
1.068127527832984924e-01 8.927627801895141602e-01 -4.376820921897888184e-01
1.424620598554611206e-01 8.868411183357238770e-01 -4.395649731159210205e-01
1.791320443153381348e-01 8.792138099670410156e-01 -4.414689540863037109e-01
2.166722863912582397e-01 8.699082732200622559e-01 -4.430718123912811279e-01
2.548950314521789551e-01 8.589634299278259277e-01 -4.440836906433105469e-01
2.935762107372283936e-01 8.464269638061523438e-01 -4.442683458328247070e-01
3.324669599533081055e-01 8.323596715927124023e-01 -4.434446096420288086e-01
3.713025748729705811e-01 8.168330192565917969e-01 -4.414955079555511475e-01
4.098130762577056885e-01 7.999315857887268066e-01 -4.383636713027954102e-01
4.477341175079345703e-01 7.817507386207580566e-01 -4.340506494045257568e-01
4.848181605339050293e-01 7.623998522758483887e-01 -4.285998344421386719e-01
5.208398103713989258e-01 7.420002222061157227e-01 -4.220919013023376465e-01
5.556050539016723633e-01 7.206858396530151367e-01 -4.146263301372528076e-01
5.889523029327392578e-01 6.986029744148254395e-01 -4.063115119934082031e-01
6.207574605941772461e-01 6.759089827537536621e-01 -3.972495794296264648e-01
6.509295701980590820e-01 6.527716517448425293e-01 -3.875304758548736572e-01
6.794136166572570801e-01 6.293666958808898926e-01 -3.772196769714355469e-01
7.061847448348999023e-01 6.058747172355651855e-01 -3.663590848445892334e-01
7.312471270561218262e-01 5.824764370918273926e-01 -3.549632132053375244e-01
7.546292543411254883e-01 5.593482255935668945e-01 -3.430223166942596436e-01
7.763826251029968262e-01 5.366528630256652832e-01 -3.305053412914276123e-01
7.965748310089111328e-01 5.145328044891357422e-01 -3.173711299896240234e-01
8.152900934219360352e-01 4.930993020534515381e-01 -3.035705983638763428e-01
8.326229453086853027e-01 4.724217951297760010e-01 -2.890615761280059814e-01
8.486771583557128906e-01 4.525166153907775879e-01 -2.738171219825744629e-01
8.635615706443786621e-01 4.333378970623016357e-01 -2.578365802764892578e-01
8.773906826972961426e-01 4.147655367851257324e-01 -2.411537468433380127e-01
8.902815580368041992e-01 3.965986073017120361e-01 -2.238489389419555664e-01
9.023556113243103027e-01 3.785446882247924805e-01 -2.060541212558746338e-01
9.137364029884338379e-01 3.602157831192016602e-01 -1.879638433456420898e-01
9.245508313179016113e-01 3.411182761192321777e-01 -1.698357313871383667e-01
9.349222183227539062e-01 3.206497728824615479e-01 -1.520008891820907593e-01
9.449644088745117188e-01 2.980851829051971436e-01 -1.348613798618316650e-01
9.547601342201232910e-01 2.725728452205657959e-01 -1.188997998833656311e-01
9.643324613571166992e-01 2.431144267320632935e-01 -1.046823635697364807e-01
9.735904932022094727e-01 2.085610032081604004e-01 -9.286520630121231079e-02
9.822525382041931152e-01 1.675984859466552734e-01 -8.420596271753311157e-02
9.897281527519226074e-01 1.187711358070373535e-01 -7.957132160663604736e-02
9.949605464935302734e-01 6.053539738059043884e-02 -7.993190735578536987e-02
9.962288737297058105e-01 -8.573541417717933655e-03 -8.633926510810852051e-02
9.909578561782836914e-01 -8.964110165834426880e-02 -9.983450174331665039e-02
9.756386876106262207e-01 -1.828211396932601929e-01 -1.212663352489471436e-01
9.460731148719787598e-01 -2.866180241107940674e-01 -1.509826332330703735e-01
8.981848359107971191e-01 -3.971780240535736084e-01 -1.884509027004241943e-01
8.294268846511840820e-01 -5.081691741943359375e-01 -2.319810390472412109e-01
7.402546405792236328e-01 -6.117732524871826172e-01 -2.788486778736114502e-01
6.346212625503540039e-01 -7.007364034652709961e-01 -3.259209692478179932e-01
5.188944935798645020e-01 -7.703642845153808594e-01 -3.705231547355651855e-01
3.997943699359893799e-01 -8.192895054817199707e-01 -4.110100567340850830e-01
2.826646864414215088e-01 -8.487991690635681152e-01 -4.468115866184234619e-01
1.708394587039947510e-01 -8.615384697914123535e-01 -4.780851602554321289e-01
6.590934842824935913e-02 -8.604114651679992676e-01 -5.053196549415588379e-01
-3.165822103619575500e-02 -8.480026125907897949e-01 -5.290456414222717285e-01
-1.219284906983375549e-01 -8.264177441596984863e-01 -5.496973395347595215e-01
-2.051133662462234497e-01 -7.973586320877075195e-01 -5.675805807113647461e-01
-2.813816070556640625e-01 -7.622644305229187012e-01 -5.829042196273803711e-01
-3.508140444755554199e-01 -7.224440574645996094e-01 -5.958222150802612305e-01
-4.134441316127777100e-01 -6.791439056396484375e-01 -6.064878106117248535e-01
-4.693348407745361328e-01 -6.335641741752624512e-01 -6.150782108306884766e-01
-5.186389684677124023e-01 -5.868257880210876465e-01 -6.218111515045166016e-01
-5.616388320922851562e-01 -5.399225950241088867e-01 -6.269333362579345703e-01
-5.987404584884643555e-01 -4.936779439449310303e-01 -6.307075023651123047e-01
-6.304523348808288574e-01 -4.487240016460418701e-01 -6.333850622177124023e-01
-6.573337316513061523e-01 -4.055046141147613525e-01 -6.351994276046752930e-01
-6.799601912498474121e-01 -3.642997741699218750e-01 -6.363487839698791504e-01
-6.988795995712280273e-01 -3.252625167369842529e-01 -6.370021104812622070e-01
-7.145938277244567871e-01 -2.884582877159118652e-01 -6.372970342636108398e-01
-7.275382876396179199e-01 -2.539025247097015381e-01 -6.373552083969116211e-01
-7.380843758583068848e-01 -2.215894907712936401e-01 -6.372829675674438477e-01
-7.465336322784423828e-01 -1.915171146392822266e-01 -6.371880769729614258e-01
-7.531306147575378418e-01 -1.636989861726760864e-01 -6.371788382530212402e-01
-7.580622434616088867e-01 -1.381758749485015869e-01 -6.373766660690307617e-01
-7.614707350730895996e-01 -1.150172278285026550e-01 -6.379132866859436035e-01
-7.634526491165161133e-01 -9.432504326105117798e-02 -6.389387845993041992e-01
-7.640694975852966309e-01 -7.622932642698287964e-02 -6.406145095825195312e-01
-7.633416652679443359e-01 -6.088916212320327759e-02 -6.431189775466918945e-01
-7.612544894218444824e-01 -4.848863556981086731e-02 -6.466378569602966309e-01
-7.577497363090515137e-01 -3.923581540584564209e-02 -6.513645648956298828e-01
-7.527260184288024902e-01 -3.335944935679435730e-02 -6.574881672859191895e-01
-7.460262775421142578e-01 -3.110781311988830566e-02 -6.651894450187683105e-01
-7.374359965324401855e-01 -3.274393826723098755e-02 -6.746228933334350586e-01
-7.266709208488464355e-01 -3.854110464453697205e-02 -6.859037280082702637e-01
-7.133739590644836426e-01 -4.877080395817756653e-02 -6.990845203399658203e-01
-6.971085667610168457e-01 -6.368666142225265503e-02 -7.141314744949340820e-01
-6.773691177368164062e-01 -8.349783718585968018e-02 -7.308893203735351562e-01
-6.535962820053100586e-01 -1.083302944898605347e-01 -7.490504384040832520e-01
-6.252176165580749512e-01 -1.381740123033523560e-01 -7.681216597557067871e-01
-5.917122364044189453e-01 -1.728232949972152710e-01 -7.874062657356262207e-01
-5.527012348175048828e-01 -2.118140608072280884e-01 -8.060125112533569336e-01
-5.081133842468261719e-01 -2.543508410453796387e-01 -8.228769898414611816e-01
-4.592202603816986084e-01 -2.985295355319976807e-01 -8.366581201553344727e-01
-4.138944745063781738e-01 -3.369725048542022705e-01 -8.456599712371826172e-01
-4.008787572383880615e-01 -3.651860952377319336e-01 -8.401995897293090820e-01
