6.169332027435302734e+00 -2.292067855596542358e-01 3.784771203994750977e+00
6.152462482452392578e+00 -2.485588341951370239e-01 3.785532951354980469e+00
6.150774955749511719e+00 -2.677657306194305420e-01 3.794882297515869141e+00
6.163569927215576172e+00 -2.864610254764556885e-01 3.812217950820922852e+00
6.189796924591064453e+00 -3.042846024036407471e-01 3.836741447448730469e+00
6.228073120117187500e+00 -3.208959400653839111e-01 3.867474079132080078e+00
6.276705265045166016e+00 -3.359791934490203857e-01 3.903275728225708008e+00
6.334736824035644531e+00 -3.507454693317413330e-01 3.944028377532958984e+00
6.400418758392333984e+00 -3.656221330165863037e-01 3.988860607147216797e+00
6.469685077667236328e+00 -3.779224753379821777e-01 4.034374237060546875e+00
6.539960384368896484e+00 -3.874039053916931152e-01 4.078982353210449219e+00
6.608605861663818359e+00 -3.938961923122406006e-01 4.121104240417480469e+00
6.672991275787353516e+00 -3.973029851913452148e-01 4.159201622009277344e+00
6.730552673339843750e+00 -3.976033031940460205e-01 4.191812515258789062e+00
6.778863906860351562e+00 -3.948577642440795898e-01 4.217596530914306641e+00
6.815686702728271484e+00 -3.891965448856353760e-01 4.235356330871582031e+00
6.839041233062744141e+00 -3.808209598064422607e-01 4.244079589843750000e+00
6.847247123718261719e+00 -3.699976801872253418e-01 4.242954730987548828e+00
6.838834285736083984e+00 -3.580642044544219971e-01 4.231943130493164062e+00
6.813014507293701172e+00 -3.443376719951629639e-01 4.210144042968750000e+00
6.769275188446044922e+00 -3.291966617107391357e-01 4.177461624145507812e+00
6.708137989044189453e+00 -3.139632046222686768e-01 4.134763717651367188e+00
6.631788730621337891e+00 -3.017789423465728760e-01 4.084581851959228516e+00
6.538757324218750000e+00 -2.897225618362426758e-01 4.024986743927001953e+00
6.430203914642333984e+00 -2.781324684619903564e-01 3.956824302673339844e+00
6.307707309722900391e+00 -2.673303782939910889e-01 3.881166696548461914e+00
6.173213481903076172e+00 -2.576178610324859619e-01 3.799284219741821289e+00
6.029013156890869141e+00 -2.492719143629074097e-01 3.712626934051513672e+00
5.877674579620361328e+00 -2.425354272127151489e-01 3.622785568237304688e+00
5.721997261047363281e+00 -2.376148849725723267e-01 3.531460523605346680e+00
5.564939022064208984e+00 -2.346783131361007690e-01 3.440421104431152344e+00
5.409553527832031250e+00 -2.338488250970840454e-01 3.351464509963989258e+00
5.258912563323974609e+00 -2.352068573236465454e-01 3.266376972198486328e+00
5.116042613983154297e+00 -2.387850135564804077e-01 3.186892271041870117e+00
4.983840942382812500e+00 -2.445712834596633911e-01 3.114644289016723633e+00
4.865026950836181641e+00 -2.525084912776947021e-01 3.051144599914550781e+00
4.762061595916748047e+00 -2.624945938587188721e-01 2.997733592987060547e+00
4.677109718322753906e+00 -2.743866443634033203e-01 2.955558538436889648e+00
4.610929965972900391e+00 -2.845767438411712646e-01 2.923080921173095703e+00
4.565897464752197266e+00 -2.959141135215759277e-01 2.903204441070556641e+00
4.543658733367919922e+00 -3.101709187030792236e-01 2.897832870483398438e+00
4.544831752777099609e+00 -3.271391987800598145e-01 2.907204866409301758e+00
4.572949886322021484e+00 -3.512798547744750977e-01 2.934975624084472656e+00
4.626581668853759766e+00 -3.806123733520507812e-01 2.979532718658447266e+00
4.703129291534423828e+00 -4.120576977729797363e-01 3.038178682327270508e+00
4.800295829772949219e+00 -4.413413405418395996e-01 3.107297658920288086e+00
4.916611671447753906e+00 -4.679938554763793945e-01 3.185825347900390625e+00
5.050949573516845703e+00 -4.936565160751342773e-01 3.274041891098022461e+00
5.201276302337646484e+00 -5.178931951522827148e-01 3.370580196380615234e+00
5.365349292755126953e+00 -5.402922630310058594e-01 3.473967313766479492e+00
5.541347980499267578e+00 -5.674157738685607910e-01 3.585777521133422852e+00
5.726357460021972656e+00 -5.938687920570373535e-01 3.702160358428955078e+00
5.917577266693115234e+00 -6.162503361701965332e-01 3.820139884948730469e+00
6.112453937530517578e+00 -6.341888904571533203e-01 3.938101291656494141e+00
6.308483123779296875e+00 -6.473915576934814453e-01 4.054496765136718750e+00
6.503259658813476562e+00 -6.556575298309326172e-01 4.167880058288574219e+00
6.694506168365478516e+00 -6.588773727416992188e-01 4.276918888092041016e+00
6.880114555358886719e+00 -6.570393443107604980e-01 4.380424976348876953e+00
7.058160781860351562e+00 -6.502301692962646484e-01 4.477360725402832031e+00
7.226932048797607422e+00 -6.386314034461975098e-01 4.566853046417236328e+00
7.384935379028320312e+00 -6.225180625915527344e-01 4.648197650909423828e+00
7.530910491943359375e+00 -6.022531986236572266e-01 4.720860958099365234e+00
7.663814067840576172e+00 -5.782762765884399414e-01 4.784472942352294922e+00
7.782831192016601562e+00 -5.510998964309692383e-01 4.838820934295654297e+00
7.888110637664794922e+00 -5.304856300354003906e-01 4.887962341308593750e+00
7.978706359863281250e+00 -5.106137990951538086e-01 4.929071426391601562e+00
8.056164741516113281e+00 -4.902611374855041504e-01 4.962096691131591797e+00
8.130529403686523438e+00 -4.704843759536743164e-01 4.990685939788818359e+00
8.187648773193359375e+00 -4.508725404739379883e-01 5.010215282440185547e+00
8.227497100830078125e+00 -4.318411648273468018e-01 5.020919799804687500e+00
8.250146865844726562e+00 -4.137837290763854980e-01 5.023070812225341797e+00
8.255742073059082031e+00 -3.970683217048645020e-01 5.016960144042968750e+00
8.244482994079589844e+00 -3.820209503173828125e-01 5.002890110015869141e+00
8.216600418090820312e+00 -3.689303994178771973e-01 4.981152534484863281e+00
8.172341346740722656e+00 -3.580392599105834961e-01 4.952025890350341797e+00
8.111969947814941406e+00 -3.495419025421142578e-01 4.915765285491943359e+00
8.035739898681640625e+00 -3.435883522033691406e-01 4.872599124908447266e+00
7.943908214569091797e+00 -3.402739763259887695e-01 4.822725772857666016e+00
7.836730957031250000e+00 -3.396550416946411133e-01 4.766324520111083984e+00
7.719620704650878906e+00 -3.420491218566894531e-01 4.705317974090576172e+00
7.601716041564941406e+00 -3.479586243629455566e-01 4.642890453338623047e+00
7.471998691558837891e+00 -3.566359579563140869e-01 4.575302124023437500e+00
7.330788135528564453e+00 -3.679816424846649170e-01 4.502696514129638672e+00
7.178452968597412109e+00 -3.818679749965667725e-01 4.425231456756591797e+00
7.015433788299560547e+00 -3.981479108333587646e-01 4.343098163604736328e+00
6.842254638671875000e+00 -4.166566729545593262e-01 4.256525993347167969e+00
6.659537792205810547e+00 -4.372155666351318359e-01 4.165793895721435547e+00
6.468009948730468750e+00 -4.596403837203979492e-01 4.071234703063964844e+00
6.268318653106689453e+00 -4.851357936859130859e-01 3.973994970321655273e+00
6.061588764190673828e+00 -5.122846961021423340e-01 3.873873233795166016e+00
5.848927021026611328e+00 -5.406230688095092773e-01 3.771239280700683594e+00
5.619923591613769531e+00 -5.844268798828125000e-01 3.668373584747314453e+00
5.383540153503417969e+00 -6.338791251182556152e-01 3.564756393432617188e+00
5.144948482513427734e+00 -6.839941740036010742e-01 3.460482120513916016e+00
4.895174026489257812e+00 -7.218832373619079590e-01 3.343660354614257812e+00
4.647899150848388672e+00 -7.435160279273986816e-01 3.219154119491577148e+00
4.484789848327636719e+00 -8.039882183074951172e-01 3.158987283706665039e+00
4.337200641632080078e+00 -8.655961751937866211e-01 3.106582164764404297e+00
4.193417549133300781e+00 -9.267371892929077148e-01 3.056272029876708984e+00
4.054262638092041016e+00 -9.871641397476196289e-01 3.008413076400756836e+00
3.940817832946777344e+00 -1.025918960571289062e+00 2.911518335342407227e+00
3.833183050155639648e+00 -1.065843701362609863e+00 2.806565284729003906e+00
3.727411270141601562e+00 -1.111918687820434570e+00 2.702182054519653320e+00
3.628207445144653320e+00 -1.156892538070678711e+00 2.603420257568359375e+00
3.535892724990844727e+00 -1.200657606124877930e+00 2.510572195053100586e+00
3.455294847488403320e+00 -1.240140438079833984e+00 2.429607868194580078e+00
3.425481081008911133e+00 -1.265064597129821777e+00 2.398399114608764648e+00
3.420532941818237305e+00 -1.284173250198364258e+00 2.385153293609619141e+00
3.417993068695068359e+00 -1.301455497741699219e+00 2.373733282089233398e+00
3.417021751403808594e+00 -1.318206787109375000e+00 2.363961458206176758e+00
3.417376279830932617e+00 -1.334637522697448730e+00 2.355588436126708984e+00
3.418233394622802734e+00 -1.351791620254516602e+00 2.347687005996704102e+00
3.420272827148437500e+00 -1.368496298789978027e+00 2.341095924377441406e+00
3.423371791839599609e+00 -1.384750366210937500e+00 2.335713148117065430e+00
3.427396535873413086e+00 -1.400553941726684570e+00 2.331427335739135742e+00
3.432213783264160156e+00 -1.415910720825195312e+00 2.328125000000000000e+00
3.437687873840332031e+00 -1.430827856063842773e+00 2.325690031051635742e+00
3.443685770034790039e+00 -1.445315241813659668e+00 2.324008226394653320e+00
3.450077772140502930e+00 -1.459386348724365234e+00 2.322965621948242188e+00
3.456740140914916992e+00 -1.473058938980102539e+00 2.322452068328857422e+00
3.463556528091430664e+00 -1.486354589462280273e+00 2.322361946105957031e+00
3.470419645309448242e+00 -1.499299764633178711e+00 2.322596073150634766e+00
3.477232217788696289e+00 -1.511924862861633301e+00 2.323061227798461914e+00
3.483907222747802734e+00 -1.524265050888061523e+00 2.323671102523803711e+00
3.490367174148559570e+00 -1.536359310150146484e+00 2.324345350265502930e+00
3.496545791625976562e+00 -1.548249840736389160e+00 2.325012207031250000e+00
3.502384424209594727e+00 -1.559983730316162109e+00 2.325603485107421875e+00
3.507834911346435547e+00 -1.571610450744628906e+00 2.326058149337768555e+00
3.512855768203735352e+00 -1.583182811737060547e+00 2.326318979263305664e+00
3.517413139343261719e+00 -1.594755887985229492e+00 2.326333284378051758e+00
3.521478891372680664e+00 -1.606386780738830566e+00 2.326051473617553711e+00
3.525028705596923828e+00 -1.618134975433349609e+00 2.325426578521728516e+00
3.528381109237670898e+00 -1.630315423011779785e+00 2.324496507644653320e+00
3.533590555191040039e+00 -1.644555091857910156e+00 2.323730230331420898e+00
3.538090705871582031e+00 -1.658988714218139648e+00 2.322453737258911133e+00
3.541869401931762695e+00 -1.673678874969482422e+00 2.320624589920043945e+00
3.545426845550537109e+00 -1.689614772796630859e+00 2.317513942718505859e+00
3.548345327377319336e+00 -1.706141591072082520e+00 2.313598394393920898e+00
3.547972202301025391e+00 -1.722549796104431152e+00 2.307285308837890625e+00
3.544509410858154297e+00 -1.738921403884887695e+00 2.298700809478759766e+00
3.539770603179931641e+00 -1.755690336227416992e+00 2.289058685302734375e+00
3.533682346343994141e+00 -1.772866606712341309e+00 2.278303623199462891e+00
3.525814056396484375e+00 -1.789836168289184570e+00 2.265907287597656250e+00
3.516364574432373047e+00 -1.807053089141845703e+00 2.252179861068725586e+00
3.505342245101928711e+00 -1.824632167816162109e+00 2.237179756164550781e+00
3.492689847946166992e+00 -1.842553734779357910e+00 2.220871686935424805e+00
3.477293968200683594e+00 -1.861545324325561523e+00 2.202585458755493164e+00
3.438955783843994141e+00 -1.888851523399353027e+00 2.195629835128784180e+00
3.386598825454711914e+00 -1.919949531555175781e+00 2.196673154830932617e+00
3.327801942825317383e+00 -1.955455064773559570e+00 2.198631286621093750e+00
3.263707160949707031e+00 -1.993683099746704102e+00 2.200889110565185547e+00
3.195505380630493164e+00 -2.032923698425292969e+00 2.202828884124755859e+00
3.123332023620605469e+00 -2.073071241378784180e+00 2.204428911209106445e+00
3.050922870635986328e+00 -2.115996599197387695e+00 2.206879615783691406e+00
2.977449178695678711e+00 -2.160942554473876953e+00 2.209786891937255859e+00
2.901374101638793945e+00 -2.206703186035156250e+00 2.212498426437377930e+00
2.825227499008178711e+00 -2.253219127655029297e+00 2.216812849044799805e+00
2.754289865493774414e+00 -2.300598382949829102e+00 2.226776838302612305e+00
2.692374229431152344e+00 -2.341395854949951172e+00 2.235162496566772461e+00
2.662372350692749023e+00 -2.361279249191284180e+00 2.239449262619018555e+00
2.631319046020507812e+00 -2.380223512649536133e+00 2.243431806564331055e+00
2.599289178848266602e+00 -2.396974563598632812e+00 2.247658729553222656e+00
2.566562175750732422e+00 -2.412974596023559570e+00 2.251212835311889648e+00
2.533309221267700195e+00 -2.428089380264282227e+00 2.254043817520141602e+00
2.499709844589233398e+00 -2.442193031311035156e+00 2.256107568740844727e+00
2.467570066452026367e+00 -2.455045700073242188e+00 2.257662057876586914e+00
2.445256471633911133e+00 -2.465942859649658203e+00 2.260146856307983398e+00
2.422952413558959961e+00 -2.475515604019165039e+00 2.261755704879760742e+00
2.400762796401977539e+00 -2.483685493469238281e+00 2.262470722198486328e+00
2.378797292709350586e+00 -2.490390062332153320e+00 2.262285709381103516e+00
2.357156991958618164e+00 -2.495580196380615234e+00 2.261205434799194336e+00
2.335946798324584961e+00 -2.499223709106445312e+00 2.259246110916137695e+00
2.315269231796264648e+00 -2.501305580139160156e+00 2.256436824798583984e+00
2.295220136642456055e+00 -2.501826524734497070e+00 2.252815961837768555e+00
2.275889635086059570e+00 -2.500802993774414062e+00 2.248428583145141602e+00
2.257365942001342773e+00 -2.498267889022827148e+00 2.243333101272583008e+00
2.239723920822143555e+00 -2.494268894195556641e+00 2.237591266632080078e+00
2.223031520843505859e+00 -2.488867998123168945e+00 2.231271982192993164e+00
2.207347154617309570e+00 -2.482140541076660156e+00 2.224449634552001953e+00
2.192718029022216797e+00 -2.474174976348876953e+00 2.217200517654418945e+00
2.179177522659301758e+00 -2.465069770812988281e+00 2.209604024887084961e+00
2.166751623153686523e+00 -2.454935550689697266e+00 2.201741456985473633e+00
2.155448198318481445e+00 -2.443891763687133789e+00 2.193692207336425781e+00
2.145267724990844727e+00 -2.432064533233642578e+00 2.185535907745361328e+00
2.136197805404663086e+00 -2.419588088989257812e+00 2.177350521087646484e+00
2.128214120864868164e+00 -2.406599283218383789e+00 2.169209241867065430e+00
2.121282815933227539e+00 -2.393238544464111328e+00 2.161183834075927734e+00
2.115361452102661133e+00 -2.379646778106689453e+00 2.153339862823486328e+00
2.110400438308715820e+00 -2.365962982177734375e+00 2.145738363265991211e+00
2.106342077255249023e+00 -2.352321863174438477e+00 2.138433456420898438e+00
2.103124380111694336e+00 -2.338851213455200195e+00 2.131473302841186523e+00
2.100683689117431641e+00 -2.325670242309570312e+00 2.124897003173828125e+00
2.098949909210205078e+00 -2.312885999679565430e+00 2.118737220764160156e+00
2.097855567932128906e+00 -2.300591707229614258e+00 2.113016366958618164e+00
2.097331285476684570e+00 -2.288865089416503906e+00 2.107748270034790039e+00
2.097309112548828125e+00 -2.277765274047851562e+00 2.102936744689941406e+00
2.097723722457885742e+00 -2.267335176467895508e+00 2.098577260971069336e+00
2.098513364791870117e+00 -2.257596969604492188e+00 2.094655513763427734e+00
2.099619150161743164e+00 -2.248555183410644531e+00 2.091148376464843750e+00
2.100986480712890625e+00 -2.240194320678710938e+00 2.088025808334350586e+00
2.102567911148071289e+00 -2.232484817504882812e+00 2.085251092910766602e+00
2.104320764541625977e+00 -2.225378990173339844e+00 2.082781076431274414e+00
2.106672525405883789e+00 -2.218739986419677734e+00 2.080756425857543945e+00
2.109602928161621094e+00 -2.212495803833007812e+00 2.079133272171020508e+00
2.112557172775268555e+00 -2.206656455993652344e+00 2.077648401260375977e+00
2.115512847900390625e+00 -2.201139450073242188e+00 2.076252222061157227e+00
2.118455648422241211e+00 -2.195856332778930664e+00 2.074897527694702148e+00
2.121377229690551758e+00 -2.190719842910766602e+00 2.073538303375244141e+00
2.124271631240844727e+00 -2.185642719268798828e+00 2.072135210037231445e+00
2.127136945724487305e+00 -2.180542469024658203e+00 2.070651531219482422e+00
2.129972219467163086e+00 -2.175340890884399414e+00 2.069054841995239258e+00
2.132777929306030273e+00 -2.169967412948608398e+00 2.067318916320800781e+00
2.135554075241088867e+00 -2.164359569549560547e+00 2.065419912338256836e+00
2.138298511505126953e+00 -2.158463954925537109e+00 2.063341379165649414e+00
2.141007900238037109e+00 -2.152237653732299805e+00 2.061068773269653320e+00
2.143673181533813477e+00 -2.145647525787353516e+00 2.058591842651367188e+00
2.146290540695190430e+00 -2.138674736022949219e+00 2.055905580520629883e+00
2.148844480514526367e+00 -2.131307125091552734e+00 2.053006172180175781e+00
2.151325464248657227e+00 -2.123545646667480469e+00 2.049894094467163086e+00
2.153717994689941406e+00 -2.115401506423950195e+00 2.046571493148803711e+00
2.156008958816528320e+00 -2.106893539428710938e+00 2.043043375015258789e+00
2.158185958862304688e+00 -2.098050594329833984e+00 2.039316892623901367e+00
2.160238504409790039e+00 -2.088907718658447266e+00 2.035401105880737305e+00
2.162158727645874023e+00 -2.079507112503051758e+00 2.031306505203247070e+00
2.163944005966186523e+00 -2.069893836975097656e+00 2.027045488357543945e+00
2.165597200393676758e+00 -2.060119390487670898e+00 2.022632837295532227e+00
2.167124271392822266e+00 -2.050237894058227539e+00 2.018085718154907227e+00
2.168543815612792969e+00 -2.040304660797119141e+00 2.013422966003417969e+00
2.169875860214233398e+00 -2.030379533767700195e+00 2.008667469024658203e+00
2.171150922775268555e+00 -2.020522117614746094e+00 2.003845214843750000e+00
2.174032926559448242e+00 -2.010687589645385742e+00 1.999247550964355469e+00
2.177014112472534180e+00 -2.001039505004882812e+00 1.994658470153808594e+00
2.179904699325561523e+00 -1.991655826568603516e+00 1.990078091621398926e+00
2.182777166366577148e+00 -1.982597351074218750e+00 1.985551238059997559e+00
2.185713529586791992e+00 -1.973926544189453125e+00 1.981127977371215820e+00
2.188802480697631836e+00 -1.965702772140502930e+00 1.976862311363220215e+00
2.192138433456420898e+00 -1.957987308502197266e+00 1.972813129425048828e+00
2.195815324783325195e+00 -1.950836181640625000e+00 1.969040393829345703e+00
2.199932813644409180e+00 -1.944306850433349609e+00 1.965607762336730957e+00
2.204588413238525391e+00 -1.938451290130615234e+00 1.962579250335693359e+00
2.209878683090209961e+00 -1.933317661285400391e+00 1.960018157958984375e+00
2.215895175933837891e+00 -1.928950786590576172e+00 1.957986712455749512e+00
2.222720384597778320e+00 -1.925385951995849609e+00 1.956541299819946289e+00
2.230430841445922852e+00 -1.922652721405029297e+00 1.955734372138977051e+00
2.239090681076049805e+00 -1.920769929885864258e+00 1.955609798431396484e+00
2.251175165176391602e+00 -1.918232560157775879e+00 1.955939054489135742e+00
2.270893573760986328e+00 -1.912434577941894531e+00 1.956295967102050781e+00
2.291369438171386719e+00 -1.907660961151123047e+00 1.957435607910156250e+00
2.312671899795532227e+00 -1.903805017471313477e+00 1.959361553192138672e+00
2.335634946823120117e+00 -1.899866580963134766e+00 1.962158918380737305e+00
2.359296798706054688e+00 -1.896830797195434570e+00 1.965678930282592773e+00
2.383601665496826172e+00 -1.894624710083007812e+00 1.969870805740356445e+00
2.408476591110229492e+00 -1.893162965774536133e+00 1.974668741226196289e+00
2.433831691741943359e+00 -1.892349004745483398e+00 1.979993820190429688e+00
2.459554910659790039e+00 -1.892081737518310547e+00 1.985755205154418945e+00
2.485520124435424805e+00 -1.892254590988159180e+00 1.991852521896362305e+00
2.511583089828491211e+00 -1.892759084701538086e+00 1.998179197311401367e+00
2.537588357925415039e+00 -1.893493890762329102e+00 2.004626035690307617e+00
2.563372135162353516e+00 -1.894361972808837891e+00 2.011082887649536133e+00
2.588761329650878906e+00 -1.895278334617614746e+00 2.017444849014282227e+00
2.613581895828247070e+00 -1.896169543266296387e+00 2.023611068725585938e+00
2.637663602828979492e+00 -1.896976232528686523e+00 2.029491186141967773e+00
2.660836219787597656e+00 -1.897657632827758789e+00 2.035006284713745117e+00
2.682945251464843750e+00 -1.898186445236206055e+00 2.040091514587402344e+00
2.703845977783203125e+00 -1.898552894592285156e+00 2.044697284698486328e+00
2.723413705825805664e+00 -1.898758888244628906e+00 2.048786878585815430e+00
2.741539239883422852e+00 -1.898822546005249023e+00 2.052342653274536133e+00
2.758136272430419922e+00 -1.898767471313476562e+00 2.055358648300170898e+00
2.773141860961914062e+00 -1.898629665374755859e+00 2.057845354080200195e+00
2.786515474319458008e+00 -1.898446679115295410e+00 2.059824466705322266e+00
2.798240184783935547e+00 -1.898258924484252930e+00 2.061328887939453125e+00
2.808322191238403320e+00 -1.898107290267944336e+00 2.062400102615356445e+00
2.816787004470825195e+00 -1.898027300834655762e+00 2.063085794448852539e+00
2.823683977127075195e+00 -1.898049354553222656e+00 2.063437223434448242e+00
2.829081058502197266e+00 -1.898197650909423828e+00 2.063508987426757812e+00
2.833062410354614258e+00 -1.898484349250793457e+00 2.063354253768920898e+00
2.835726976394653320e+00 -1.898911237716674805e+00 2.063021898269653320e+00
2.837187051773071289e+00 -1.899467706680297852e+00 2.062557935714721680e+00
2.837561368942260742e+00 -1.900130987167358398e+00 2.061999559402465820e+00
2.836976051330566406e+00 -1.900865793228149414e+00 2.061376571655273438e+00
2.835558176040649414e+00 -1.901622176170349121e+00 2.060707092285156250e+00
2.833434343338012695e+00 -1.902341604232788086e+00 2.059999704360961914e+00
2.830725431442260742e+00 -1.902952432632446289e+00 2.059251070022583008e+00
2.827545881271362305e+00 -1.903378367424011230e+00 2.058447599411010742e+00
2.823997259140014648e+00 -1.903531551361083984e+00 2.057561635971069336e+00
2.820169925689697266e+00 -1.903323411941528320e+00 2.056558370590209961e+00
2.816137313842773438e+00 -1.902662038803100586e+00 2.055391788482666016e+00
2.811959028244018555e+00 -1.901455640792846680e+00 2.054008960723876953e+00
2.807677507400512695e+00 -1.899616122245788574e+00 2.052351713180541992e+00
2.803315162658691406e+00 -1.897058725357055664e+00 2.050357103347778320e+00
2.798881053924560547e+00 -1.893707513809204102e+00 2.047960758209228516e+00
2.794367551803588867e+00 -1.889497518539428711e+00 2.045100450515747070e+00
2.789753675460815430e+00 -1.884374380111694336e+00 2.041716098785400391e+00
2.785005331039428711e+00 -1.878298759460449219e+00 2.037755012512207031e+00
2.780076742172241211e+00 -1.871251106262207031e+00 2.033171892166137695e+00
2.774916887283325195e+00 -1.863228082656860352e+00 2.027933120727539062e+00
2.769466161727905273e+00 -1.854248166084289551e+00 2.022018909454345703e+00
2.763664007186889648e+00 -1.844352960586547852e+00 2.015422821044921875e+00
2.757446289062500000e+00 -1.833605885505676270e+00 2.008154153823852539e+00
2.750749349594116211e+00 -1.822091937065124512e+00 2.000240564346313477e+00
2.743515729904174805e+00 -1.809919953346252441e+00 1.991724729537963867e+00
2.735692501068115234e+00 -1.797218322753906250e+00 1.982666969299316406e+00
2.727231264114379883e+00 -1.784134626388549805e+00 1.973143100738525391e+00
2.718092203140258789e+00 -1.770832657814025879e+00 1.963242888450622559e+00
2.708248138427734375e+00 -1.757490396499633789e+00 1.953070163726806641e+00
2.697681427001953125e+00 -1.744293212890625000e+00 1.942737817764282227e+00
2.686388254165649414e+00 -1.731433749198913574e+00 1.932367682456970215e+00
2.674010515213012695e+00 -1.719069480895996094e+00 1.921973943710327148e+00
2.658735990524291992e+00 -1.706835389137268066e+00 1.911067485809326172e+00
2.643758773803710938e+00 -1.694186091423034668e+00 1.900584936141967773e+00
2.627629518508911133e+00 -1.683023571968078613e+00 1.890830993652343750e+00
2.610998392105102539e+00 -1.673288464546203613e+00 1.881743550300598145e+00
2.594468593597412109e+00 -1.664923191070556641e+00 1.873271226882934570e+00
2.578185796737670898e+00 -1.658035516738891602e+00 1.865511894226074219e+00
2.562295675277709961e+00 -1.652704596519470215e+00 1.858549833297729492e+00
2.546701192855834961e+00 -1.649078845977783203e+00 1.852536916732788086e+00
2.530551671981811523e+00 -1.647590756416320801e+00 1.847871899604797363e+00
2.514985799789428711e+00 -1.647801756858825684e+00 1.844379663467407227e+00
2.500360727310180664e+00 -1.649562835693359375e+00 1.842152595520019531e+00
2.486492872238159180e+00 -1.652897715568542480e+00 1.841000318527221680e+00
2.473545312881469727e+00 -1.657654881477355957e+00 1.840873956680297852e+00
2.461677312850952148e+00 -1.663646578788757324e+00 1.841703653335571289e+00
2.451043367385864258e+00 -1.670648694038391113e+00 1.843395233154296875e+00
2.441789388656616211e+00 -1.678408265113830566e+00 1.845836877822875977e+00
2.434052228927612305e+00 -1.686646461486816406e+00 1.848897695541381836e+00
2.427955150604248047e+00 -1.695062994956970215e+00 1.852431535720825195e+00
2.423604726791381836e+00 -1.703344821929931641e+00 1.856280565261840820e+00
2.421088695526123047e+00 -1.711169838905334473e+00 1.860278129577636719e+00
2.420478105545043945e+00 -1.718217134475708008e+00 1.864252805709838867e+00
2.421818494796752930e+00 -1.724172115325927734e+00 1.868031978607177734e+00
2.425132751464843750e+00 -1.728735446929931641e+00 1.871446609497070312e+00
2.430419206619262695e+00 -1.731629133224487305e+00 1.874333858489990234e+00
2.437654256820678711e+00 -1.732601881027221680e+00 1.876542329788208008e+00
2.446785688400268555e+00 -1.731436848640441895e+00 1.877933740615844727e+00
2.457846879959106445e+00 -1.727789402008056641e+00 1.878394603729248047e+00
2.470841407775878906e+00 -1.721369624137878418e+00 1.877829074859619141e+00
2.485406398773193359e+00 -1.712469577789306641e+00 1.876142978668212891e+00
2.494457006454467773e+00 -1.703968286514282227e+00 1.875694394111633301e+00
2.502941131591796875e+00 -1.693720698356628418e+00 1.874682664871215820e+00
2.511499166488647461e+00 -1.681435108184814453e+00 1.872823834419250488e+00
2.520011663436889648e+00 -1.667181611061096191e+00 1.870122194290161133e+00
2.528367757797241211e+00 -1.651064872741699219e+00 1.866598606109619141e+00
2.536471843719482422e+00 -1.633223533630371094e+00 1.862293243408203125e+00
2.544240713119506836e+00 -1.613824725151062012e+00 1.857262849807739258e+00
2.551607370376586914e+00 -1.593062877655029297e+00 1.851579308509826660e+00
2.558520555496215820e+00 -1.571152806282043457e+00 1.845329046249389648e+00
2.564941883087158203e+00 -1.548325777053833008e+00 1.838610649108886719e+00
2.570848226547241211e+00 -1.524825692176818848e+00 1.831529736518859863e+00
2.576227426528930664e+00 -1.500902414321899414e+00 1.824200868606567383e+00
2.581078767776489258e+00 -1.476806759834289551e+00 1.816742181777954102e+00
2.585407733917236328e+00 -1.452784061431884766e+00 1.809273362159729004e+00
2.589535713195800781e+00 -1.428517222404479980e+00 1.800538659095764160e+00
2.593549489974975586e+00 -1.404094576835632324e+00 1.790320396423339844e+00
2.597052335739135742e+00 -1.380470514297485352e+00 1.780574083328247070e+00
2.600048780441284180e+00 -1.357837438583374023e+00 1.771420717239379883e+00
2.602541685104370117e+00 -1.336364030838012695e+00 1.762967109680175781e+00
2.604525566101074219e+00 -1.316189050674438477e+00 1.755301952362060547e+00
2.605987310409545898e+00 -1.297420859336853027e+00 1.748494863510131836e+00
2.606795787811279297e+00 -1.280191540718078613e+00 1.742910027503967285e+00
2.608565568923950195e+00 -1.264616847038269043e+00 1.739656925201416016e+00
2.609460592269897461e+00 -1.250559926033020020e+00 1.737115383148193359e+00
2.609053611755371094e+00 -1.237973451614379883e+00 1.734953284263610840e+00
2.607299327850341797e+00 -1.226804733276367188e+00 1.733143329620361328e+00
2.604154348373413086e+00 -1.216972827911376953e+00 1.731643438339233398e+00
2.599568605422973633e+00 -1.208368539810180664e+00 1.730393409729003906e+00
2.593490839004516602e+00 -1.200857877731323242e+00 1.729316592216491699e+00
2.586330890655517578e+00 -1.194316148757934570e+00 1.728706598281860352e+00
2.579067230224609375e+00 -1.188640117645263672e+00 1.729315042495727539e+00
2.570371389389038086e+00 -1.183546304702758789e+00 1.729967594146728516e+00
2.560119390487670898e+00 -1.178824901580810547e+00 1.730478525161743164e+00
2.548189163208007812e+00 -1.174258708953857422e+00 1.730654120445251465e+00
2.534467458724975586e+00 -1.169627070426940918e+00 1.730300188064575195e+00
2.518853425979614258e+00 -1.164709925651550293e+00 1.729225158691406250e+00
2.501260757446289062e+00 -1.159295320510864258e+00 1.727245807647705078e+00
2.481622695922851562e+00 -1.153181195259094238e+00 1.724190473556518555e+00
2.459899187088012695e+00 -1.146180987358093262e+00 1.719907402992248535e+00
2.436076641082763672e+00 -1.138127684593200684e+00 1.714265108108520508e+00
2.410175800323486328e+00 -1.128876328468322754e+00 1.707158088684082031e+00
2.382257223129272461e+00 -1.118307113647460938e+00 1.698512673377990723e+00
2.352419137954711914e+00 -1.106327652931213379e+00 1.688285350799560547e+00
2.320810556411743164e+00 -1.092874288558959961e+00 1.676470994949340820e+00
2.287629127502441406e+00 -1.077914714813232422e+00 1.663100481033325195e+00
2.253011703491210938e+00 -1.061503291130065918e+00 1.648572921752929688e+00
2.217275619506835938e+00 -1.043661117553710938e+00 1.632961034774780273e+00
2.181221961975097656e+00 -1.023777484893798828e+00 1.614592790603637695e+00
2.144921779632568359e+00 -1.002571940422058105e+00 1.595204114913940430e+00
2.108833789825439453e+00 -9.802006483078002930e-01 1.575099945068359375e+00
2.073484659194946289e+00 -9.568194150924682617e-01 1.554547309875488281e+00
2.039455175399780273e+00 -9.326119422912597656e-01 1.533847808837890625e+00
2.007371664047241211e+00 -9.077895283699035645e-01 1.513335704803466797e+00
1.981768012046813965e+00 -8.828607201576232910e-01 1.496582746505737305e+00
1.960090756416320801e+00 -8.578564524650573730e-01 1.481275081634521484e+00
1.942577362060546875e+00 -8.330237269401550293e-01 1.467413306236267090e+00
1.929942488670349121e+00 -8.086612224578857422e-01 1.455399751663208008e+00
1.922912240028381348e+00 -7.850849628448486328e-01 1.445648193359375000e+00
1.922203898429870605e+00 -7.626236677169799805e-01 1.438577771186828613e+00
1.928369045257568359e+00 -7.418821454048156738e-01 1.436247110366821289e+00
1.946016430854797363e+00 -7.231697440147399902e-01 1.437828302383422852e+00
1.973827838897705078e+00 -7.068536281585693359e-01 1.443639755249023438e+00
2.005524873733520508e+00 -6.941793560981750488e-01 1.458610057830810547e+00
2.036054611206054688e+00 -6.870427727699279785e-01 1.487612724304199219e+00
2.074969291687011719e+00 -6.845622062683105469e-01 1.523031473159790039e+00
2.123025178909301758e+00 -6.855028867721557617e-01 1.565121531486511230e+00
2.184268474578857422e+00 -6.969117522239685059e-01 1.608983993530273438e+00
2.255452632904052734e+00 -7.128788232803344727e-01 1.659166097640991211e+00
2.426065444946289062e+00 -7.086988091468811035e-01 1.790335297584533691e+00
2.659379482269287109e+00 -6.999160647392272949e-01 1.973463058471679688e+00
2.914216518402099609e+00 -6.908724308013916016e-01 2.162925004959106445e+00
3.229059457778930664e+00 -6.805794835090637207e-01 2.357560157775878906e+00
3.564289808273315430e+00 -7.032430768013000488e-01 2.560009002685546875e+00
3.915823698043823242e+00 -7.321248650550842285e-01 2.773931741714477539e+00
4.282309532165527344e+00 -7.653303146362304688e-01 2.998606920242309570e+00
4.613239765167236328e+00 -8.258404731750488281e-01 3.219235897064208984e+00
4.952087879180908203e+00 -8.913320302963256836e-01 3.447081327438354492e+00
5.299436092376708984e+00 -9.599267244338989258e-01 3.681383609771728516e+00
5.652970790863037109e+00 -1.031016349792480469e+00 3.920509576797485352e+00
6.010274410247802734e+00 -1.103945493698120117e+00 4.162744522094726562e+00
6.368855953216552734e+00 -1.178023457527160645e+00 4.406315803527832031e+00
6.726203441619873047e+00 -1.252540946006774902e+00 4.649432659149169922e+00
7.079831600189208984e+00 -1.326778411865234375e+00 4.890312194824218750e+00
7.427307605743408203e+00 -1.400021553039550781e+00 5.127208709716796875e+00
7.766305923461914062e+00 -1.471576571464538574e+00 5.358449459075927734e+00
8.094642639160156250e+00 -1.540780305862426758e+00 5.582457065582275391e+00
8.410312652587890625e+00 -1.607011556625366211e+00 5.797780036926269531e+00
8.711507797241210938e+00 -1.669707059860229492e+00 6.003109931945800781e+00
8.996655464172363281e+00 -1.728360891342163086e+00 6.197299957275390625e+00
9.264421463012695312e+00 -1.782541036605834961e+00 6.379377841949462891e+00
9.513734817504882812e+00 -1.831891417503356934e+00 6.548559188842773438e+00
9.743787765502929688e+00 -1.876128077507019043e+00 6.704245567321777344e+00
9.954032897949218750e+00 -1.915055274963378906e+00 6.846030235290527344e+00
1.014418983459472656e+01 -1.948551893234252930e+00 6.973694801330566406e+00
1.031422138214111328e+01 -1.976578235626220703e+00 7.087198734283447266e+00
1.046433258056640625e+01 -1.999166250228881836e+00 7.186675071716308594e+00
1.059494876861572266e+01 -2.016419172286987305e+00 7.272409915924072266e+00
1.070668792724609375e+01 -2.028503179550170898e+00 7.344839096069335938e+00
1.080035400390625000e+01 -2.035639762878417969e+00 7.404519557952880859e+00
1.087689399719238281e+01 -2.038098335266113281e+00 7.452116966247558594e+00
