-9.921442866325378418e-01 -3.921701014041900635e-02 1.187928095459938049e-01
-9.937556982040405273e-01 -4.523015767335891724e-02 1.019990518689155579e-01
-9.967586994171142578e-01 -3.163239732384681702e-02 7.396902143955230713e-02
-9.994199275970458984e-01 -4.232461564242839813e-03 3.379026800394058228e-02
-9.996274709701538086e-01 2.493192441761493683e-02 -1.110287010669708252e-02
-9.966972470283508301e-01 5.453131347894668579e-02 -6.017446145415306091e-02
-9.899799823760986328e-01 8.491412550210952759e-02 -1.128234341740608215e-01
-9.788836836814880371e-01 1.159953325986862183e-01 -1.683206260204315186e-01
-9.629530906677246094e-01 1.475349664688110352e-01 -2.257315069437026978e-01
-9.419677257537841797e-01 1.791377216577529907e-01 -2.839127779006958008e-01
-9.160202145576477051e-01 2.102796882390975952e-01 -3.415982127189636230e-01
-8.855590224266052246e-01 2.403655499219894409e-01 -3.975041508674621582e-01
-8.513754606246948242e-01 2.687953114509582520e-01 -4.504542052745819092e-01
-8.145270943641662598e-01 2.950164675712585449e-01 -4.995106160640716553e-01
-7.762280106544494629e-01 3.185596466064453125e-01 -5.440495014190673828e-01
-7.377237081527709961e-01 3.390654921531677246e-01 -5.837793350219726562e-01
-7.001904249191284180e-01 3.562614023685455322e-01 -6.187174320220947266e-01
-6.646664142608642578e-01 3.699423670768737793e-01 -6.491234302520751953e-01
-6.320339441299438477e-01 3.799588382244110107e-01 -6.753994822502136230e-01
-6.030113697052001953e-01 3.861829042434692383e-01 -6.980258226394653320e-01
-5.781775712966918945e-01 3.885069191455841064e-01 -7.174769043922424316e-01
-5.579704046249389648e-01 3.868290781974792480e-01 -7.341881990432739258e-01
-5.427061319351196289e-01 3.810529708862304688e-01 -7.485110163688659668e-01
-5.325767993927001953e-01 3.710885047912597656e-01 -7.606939673423767090e-01
-5.276712775230407715e-01 3.568378090858459473e-01 -7.708629965782165527e-01
-5.280020833015441895e-01 3.382041752338409424e-01 -7.789940834045410156e-01
-5.335441827774047852e-01 3.150939643383026123e-01 -7.848862409591674805e-01
-5.442767143249511719e-01 2.874437868595123291e-01 -7.881236672401428223e-01
-5.601934194564819336e-01 2.552351057529449463e-01 -7.880599498748779297e-01
-5.812882184982299805e-01 2.185516357421875000e-01 -7.837978601455688477e-01
-6.074779033660888672e-01 1.776628643274307251e-01 -7.742135524749755859e-01
-6.384720206260681152e-01 1.330954581499099731e-01 -7.580494880676269531e-01
-6.736369132995605469e-01 8.575432002544403076e-02 -7.340705394744873047e-01
-7.118839621543884277e-01 3.697117418050765991e-02 -7.013232707977294922e-01
-7.516736984252929688e-01 -1.149873901158571243e-02 -6.594349741935729980e-01
-7.911807298660278320e-01 -5.762194097042083740e-02 -6.088618040084838867e-01
-8.285850286483764648e-01 -9.937223792076110840e-02 -5.509736537933349609e-01
-8.624129295349121094e-01 -1.350242644548416138e-01 -4.878650605678558350e-01
-8.917271494865417480e-01 -1.634310483932495117e-01 -4.220342636108398438e-01
-9.161875844001770020e-01 -1.841054558753967285e-01 -3.559570312500000000e-01
-9.359255433082580566e-01 -1.971542090177536011e-01 -2.918452620506286621e-01
-9.513781666755676270e-01 -2.031384110450744629e-01 -2.315477430820465088e-01
-9.631502628326416016e-01 -2.028977125883102417e-01 -1.765619963407516479e-01
-9.719159007072448730e-01 -1.974089294672012329e-01 -1.280986070632934570e-01
-9.783626198768615723e-01 -1.876702159643173218e-01 -8.710046857595443726e-02
-9.831396937370300293e-01 -1.746233999729156494e-01 -5.424914881587028503e-02
-9.868122339248657227e-01 -1.590753048658370972e-01 -2.994376607239246368e-02
-9.898105859756469727e-01 -1.416662782430648804e-01 -1.434289850294589996e-02
-9.924007654190063477e-01 -1.228241175413131714e-01 -7.406752556562423706e-03
-9.946636557579040527e-01 -1.027820706367492676e-01 -8.943609893321990967e-03
-9.964919090270996094e-01 -8.157930523157119751e-02 -1.867130212485790253e-02
-9.975941181182861328e-01 -5.909486114978790283e-02 -3.624603524804115295e-02
-9.975047111511230469e-01 -3.509661182761192322e-02 -6.125871092081069946e-02
-9.956015348434448242e-01 -9.297449141740798950e-03 -9.322646260261535645e-02
-9.911331534385681152e-01 1.858863234519958496e-02 -1.315653026103973389e-01
-9.832645654678344727e-01 4.877815768122673035e-02 -1.755322962999343872e-01
-9.711394309997558594e-01 8.134751766920089722e-02 -2.242116034030914307e-01
-9.539672732353210449e-01 1.161876022815704346e-01 -2.764901816844940186e-01
-9.311240911483764648e-01 1.529694646596908569e-01 -3.310717642307281494e-01
-9.022524952888488770e-01 1.911409348249435425e-01 -3.865302801132202148e-01
-8.673433661460876465e-01 2.299702465534210205e-01 -4.413945972919464111e-01
-8.267776966094970703e-01 2.686100900173187256e-01 -4.942540526390075684e-01
-7.813211083412170410e-01 3.061746656894683838e-01 -5.438698530197143555e-01
-7.320474386215209961e-01 3.418378233909606934e-01 -5.892820954322814941e-01
-6.802490949630737305e-01 3.748940527439117432e-01 -6.298536062240600586e-01
-6.273064017295837402e-01 4.047968089580535889e-01 -6.653016805648803711e-01
-5.745711922645568848e-01 4.311822950839996338e-01 -6.956650614738464355e-01
-5.232680439949035645e-01 4.538608789443969727e-01 -7.212495207786560059e-01
-4.744260609149932861e-01 4.727876484394073486e-01 -7.425576448440551758e-01
-4.288436472415924072e-01 4.880348742008209229e-01 -7.602072358131408691e-01
-3.870768547058105469e-01 4.997593760490417480e-01 -7.748625874519348145e-01
-3.494433164596557617e-01 5.081614851951599121e-01 -7.871856093406677246e-01
-3.160383105278015137e-01 5.134635567665100098e-01 -7.977938652038574219e-01
-2.867429554462432861e-01 5.158779025077819824e-01 -8.072474002838134766e-01
-2.612672448158264160e-01 5.155851840972900391e-01 -8.160338997840881348e-01
-2.391695529222488403e-01 5.127224922180175781e-01 -8.245686888694763184e-01
-2.199304699897766113e-01 5.073691606521606445e-01 -8.331909179687500000e-01
-2.030163556337356567e-01 4.995496273040771484e-01 -8.421606421470642090e-01
-1.879617869853973389e-01 4.892430603504180908e-01 -8.516523241996765137e-01
-1.744470596313476562e-01 4.763984382152557373e-01 -8.617498874664306641e-01
-1.623526215553283691e-01 4.609453082084655762e-01 -8.724510669708251953e-01
-1.517858803272247314e-01 4.428078830242156982e-01 -8.836754560470581055e-01
-1.430707126855850220e-01 4.219099879264831543e-01 -8.952780365943908691e-01
-1.367136687040328979e-01 3.981680274009704590e-01 -9.070675969123840332e-01
-1.333284676074981689e-01 3.714836835861206055e-01 -9.188162684440612793e-01
-1.335723400115966797e-01 3.417216837406158447e-01 -9.302604794502258301e-01
-1.380474418401718140e-01 3.087161779403686523e-01 -9.410830736160278320e-01
-1.472108960151672363e-01 2.722719907760620117e-01 -9.508926868438720703e-01
-1.612910777330398560e-01 2.321993261575698853e-01 -9.592021107673645020e-01
-1.802079230546951294e-01 1.883778274059295654e-01 -9.654215574264526367e-01
-2.035489976406097412e-01 1.408119648694992065e-01 -9.688858985900878906e-01
-2.306163460016250610e-01 8.969198912382125854e-02 -9.689022302627563477e-01
-2.606065571308135986e-01 3.537840023636817932e-02 -9.647966623306274414e-01
-2.929125726222991943e-01 -2.166888862848281860e-02 -9.558936357498168945e-01
-3.274876773357391357e-01 -8.101598173379898071e-02 -9.413757324218750000e-01
-3.651757836341857910e-01 -1.423434317111968994e-01 -9.199918508529663086e-01
-4.078212082386016846e-01 -2.054462283849716187e-01 -8.896481394767761230e-01
-4.579888582229614258e-01 -2.699511647224426270e-01 -8.469784855842590332e-01
-5.181512236595153809e-01 -3.347523212432861328e-01 -7.870578765869140625e-01
-5.890432596206665039e-01 -3.971002399921417236e-01 -7.038035392761230469e-01
-6.674974560737609863e-01 -4.517759680747985840e-01 -5.919000506401062012e-01
-7.450012564659118652e-01 -4.915634691715240479e-01 -4.509307146072387695e-01
-8.097854852676391602e-01 -5.102597475051879883e-01 -2.896247208118438721e-01
-8.528645038604736328e-01 -5.069886445999145508e-01 -1.248383224010467529e-01
-8.728653788566589355e-01 -4.872505366802215576e-01 2.632060088217258453e-02
-8.747773170471191406e-01 -4.594355523586273193e-01 1.538949310779571533e-01
-8.653934001922607422e-01 -4.307474493980407715e-01 2.560292482376098633e-01
-8.501889109611511230e-01 -4.056332707405090332e-01 3.356194794178009033e-01
-8.325973153114318848e-01 -3.861831128597259521e-01 3.970445394515991211e-01
-8.144430518150329590e-01 -3.730156123638153076e-01 4.444568455219268799e-01
-7.965458631515502930e-01 -3.660276532173156738e-01 4.811844825744628906e-01
-7.791647315025329590e-01 -3.647924065589904785e-01 5.097340941429138184e-01
-7.622600793838500977e-01 -3.688093721866607666e-01 5.319203734397888184e-01
-7.456392049789428711e-01 -3.775754868984222412e-01 5.490527749061584473e-01
-7.290247678756713867e-01 -3.906488120555877686e-01 5.620642900466918945e-01
-7.120920419692993164e-01 -4.076349139213562012e-01 5.716282129287719727e-01
-6.945025324821472168e-01 -4.281763434410095215e-01 5.782138705253601074e-01
-6.759115457534790039e-01 -4.519318342208862305e-01 5.821521282196044922e-01
-6.560044288635253906e-01 -4.785385131835937500e-01 5.836600661277770996e-01
-6.345129609107971191e-01 -5.075808763504028320e-01 5.828850865364074707e-01
-6.112539768218994141e-01 -5.385751724243164062e-01 5.799183845520019531e-01
-5.861525535583496094e-01 -5.709541440010070801e-01 5.748360157012939453e-01
-5.592783689498901367e-01 -6.040748357772827148e-01 5.677158832550048828e-01
-5.308465361595153809e-01 -6.372501850128173828e-01 5.586717128753662109e-01
-5.012149810791015625e-01 -6.697975993156433105e-01 5.478637814521789551e-01
-4.708465635776519775e-01 -7.011018395423889160e-01 5.354994535446166992e-01
-4.402543604373931885e-01 -7.306692600250244141e-01 5.218222737312316895e-01
-4.099428057670593262e-01 -7.581623196601867676e-01 5.070866346359252930e-01
-3.803443610668182373e-01 -7.834095954895019531e-01 4.915358722209930420e-01
-3.517852127552032471e-01 -8.063924312591552734e-01 4.753717780113220215e-01
-3.244649767875671387e-01 -8.272034525871276855e-01 4.587557613849639893e-01
-2.984645366668701172e-01 -8.460085988044738770e-01 4.418014287948608398e-01
-2.737672626972198486e-01 -8.630038499832153320e-01 4.245891273021697998e-01
-2.502775788307189941e-01 -8.783875107765197754e-01 4.071812927722930908e-01
-2.278374731540679932e-01 -8.923476338386535645e-01 3.896225988864898682e-01
-2.062331289052963257e-01 -9.050574898719787598e-01 3.719394505023956299e-01
-1.851854175329208374e-01 -9.166731238365173340e-01 3.541422486305236816e-01
-1.643454730510711670e-01 -9.273428320884704590e-01 3.361929953098297119e-01
-1.433050185441970825e-01 -9.371941089630126953e-01 3.180106878280639648e-01
-1.216278076171875000e-01 -9.463167190551757812e-01 2.994850575923919678e-01
-9.889799356460571289e-02 -9.547474384307861328e-01 2.804933786392211914e-01
-7.479191571474075317e-02 -9.624477028846740723e-01 2.609606385231018066e-01
-4.914944991469383240e-02 -9.693057537078857422e-01 2.408955693244934082e-01
-2.201184257864952087e-02 -9.751533865928649902e-01 2.204343378543853760e-01
6.361125502735376358e-03 -9.798045754432678223e-01 1.998562812805175781e-01
3.550888597965240479e-02 -9.831032752990722656e-01 1.795747131109237671e-01
6.483795493841171265e-02 -9.849705696105957031e-01 1.600907444953918457e-01
9.370187669992446899e-02 -9.854300022125244141e-01 1.419426798820495605e-01
1.214868649840354919e-01 -9.846108555793762207e-01 1.256283968687057495e-01
1.476748138666152954e-01 -9.827235341072082520e-01 1.115641966462135315e-01
1.718898564577102661e-01 -9.800240397453308105e-01 1.000339686870574951e-01
1.939141899347305298e-01 -9.767714142799377441e-01 9.118577092885971069e-02
2.136700600385665894e-01 -9.731981158256530762e-01 8.503252267837524414e-02
2.312007248401641846e-01 -9.694890975952148438e-01 8.146894723176956177e-02
2.466389387845993042e-01 -9.657746553421020508e-01 8.030331134796142578e-02
2.601740360260009766e-01 -9.621349573135375977e-01 8.127606660127639771e-02
2.720302045345306396e-01 -9.586079120635986328e-01 8.408688753843307495e-02
2.824429869651794434e-01 -9.552008509635925293e-01 8.841565996408462524e-02
2.916432321071624756e-01 -9.519035816192626953e-01 9.393490850925445557e-02
2.998527586460113525e-01 -9.486957192420959473e-01 1.003227680921554565e-01
3.072743117809295654e-01 -9.455553293228149414e-01 1.072735115885734558e-01
3.140877485275268555e-01 -9.424647688865661621e-01 1.144953221082687378e-01
3.204517066478729248e-01 -9.394107460975646973e-01 1.217292621731758118e-01
3.265014886856079102e-01 -9.363889694213867188e-01 1.287336945533752441e-01
3.323550820350646973e-01 -9.333991408348083496e-01 1.353006809949874878e-01
3.381074666976928711e-01 -9.304478764533996582e-01 1.412449330091476440e-01
3.438390791416168213e-01 -9.275434613227844238e-01 1.464162915945053101e-01
3.496135473251342773e-01 -9.246964454650878906e-01 1.506882309913635254e-01
3.554803729057312012e-01 -9.219163060188293457e-01 1.539611071348190308e-01
3.614799976348876953e-01 -9.192090034484863281e-01 1.561633944511413574e-01
3.676415979862213135e-01 -9.165763854980468750e-01 1.572496294975280762e-01
3.739835917949676514e-01 -9.140158891677856445e-01 1.571983695030212402e-01
3.805204033851623535e-01 -9.115182757377624512e-01 1.560080945491790771e-01
3.872621953487396240e-01 -9.090676307678222656e-01 1.537011861801147461e-01
3.942085802555084229e-01 -9.066451191902160645e-01 1.503133922815322876e-01
4.013618230819702148e-01 -9.042238593101501465e-01 1.459038853645324707e-01
4.087176024913787842e-01 -9.017752408981323242e-01 1.405391097068786621e-01
4.162683784961700439e-01 -8.992686271667480469e-01 1.343002170324325562e-01
4.240058958530426025e-01 -8.966714739799499512e-01 1.272762864828109741e-01
4.319192469120025635e-01 -8.939515948295593262e-01 1.195672675967216492e-01
4.399869740009307861e-01 -8.910828232765197754e-01 1.112790405750274658e-01
4.481928348541259766e-01 -8.880390524864196777e-01 1.025176346302032471e-01
4.565059840679168701e-01 -8.848044276237487793e-01 9.339927136898040771e-02
4.648932814598083496e-01 -8.813686370849609375e-01 8.404477685689926147e-02
4.733107984066009521e-01 -8.777335286140441895e-01 7.457049190998077393e-02
4.817076027393341064e-01 -8.739101886749267578e-01 6.510678678750991821e-02
4.900223612785339355e-01 -8.699235320091247559e-01 5.577613413333892822e-02
4.981862902641296387e-01 -8.658106923103332520e-01 4.671396687626838684e-02
5.061197876930236816e-01 -8.616231679916381836e-01 3.805538639426231384e-02
5.137363672256469727e-01 -8.574257493019104004e-01 2.993513084948062897e-02
5.209421515464782715e-01 -8.532955646514892578e-01 2.249135449528694153e-02
5.276448726654052734e-01 -8.493171334266662598e-01 1.585438288748264313e-02
5.337420701980590820e-01 -8.455862998962402344e-01 1.015896443277597427e-02
5.391426682472229004e-01 -8.421963453292846680e-01 5.522114224731922150e-03
5.437576770782470703e-01 -8.392396569252014160e-01 2.058635232970118523e-03
5.475074648857116699e-01 -8.368008732795715332e-01 -1.485780958319082856e-04
5.503212213516235352e-01 -8.349523544311523438e-01 -1.025031669996678829e-03
5.521513819694519043e-01 -8.337436318397521973e-01 -5.336562171578407288e-04
5.529720187187194824e-01 -8.331987857818603516e-01 1.335095963440835476e-03
5.527749061584472656e-01 -8.333181738853454590e-01 4.551919177174568176e-03
5.515797138214111328e-01 -8.340730667114257812e-01 9.051872417330741882e-03
5.494332909584045410e-01 -8.354077339172363281e-01 1.472871471196413040e-02
5.464107990264892578e-01 -8.372428417205810547e-01 2.144289575517177582e-02
5.426158308982849121e-01 -8.394794464111328125e-01 2.902281470596790314e-02
5.381717085838317871e-01 -8.420110344886779785e-01 3.726489841938018799e-02
5.332206487655639648e-01 -8.447268605232238770e-01 4.595881327986717224e-02
5.279244780540466309e-01 -8.475170135498046875e-01 5.486928299069404602e-02
5.224461555480957031e-01 -8.502840399742126465e-01 6.377342343330383301e-02
5.169598460197448730e-01 -8.529388904571533203e-01 7.244113087654113770e-02
5.116312503814697266e-01 -8.554098010063171387e-01 8.066908270120620728e-02
5.066179633140563965e-01 -8.576414585113525391e-01 8.825784921646118164e-02
5.020664930343627930e-01 -8.595912456512451172e-01 9.503736346960067749e-02
4.981155395507812500e-01 -8.612257242202758789e-01 1.008519530296325684e-01
4.948815107345581055e-01 -8.625231981277465820e-01 1.055742427706718445e-01
4.924744367599487305e-01 -8.634632825851440430e-01 1.090872809290885925e-01
4.909859001636505127e-01 -8.640300035476684570e-01 1.112879514694213867e-01
4.905046820640563965e-01 -8.641991615295410156e-01 1.120931208133697510e-01
4.911128282546997070e-01 -8.639419674873352051e-01 1.114117130637168884e-01
4.928854107856750488e-01 -8.632187247276306152e-01 1.091665551066398621e-01
4.959040582180023193e-01 -8.619742393493652344e-01 1.052594780921936035e-01
5.002533197402954102e-01 -8.601325154304504395e-01 9.959281235933303833e-02
5.060261487960815430e-01 -8.575927019119262695e-01 9.204512089490890503e-02
5.133287906646728516e-01 -8.542200922966003418e-01 8.247207105159759521e-02
5.222772955894470215e-01 -8.498401641845703125e-01 7.069735229015350342e-02
5.329993367195129395e-01 -8.442265391349792480e-01 5.650927126407623291e-02
5.456332564353942871e-01 -8.370853662490844727e-01 3.965314105153083801e-02
5.603224635124206543e-01 -8.280370831489562988e-01 1.983395032584667206e-02
5.771936178207397461e-01 -8.166006803512573242e-01 -3.290738910436630249e-03
5.963454842567443848e-01 -8.021635413169860840e-01 -3.009655326604843140e-02
6.178059577941894531e-01 -7.839636206626892090e-01 -6.096528843045234680e-02
6.414877772331237793e-01 -7.610704302787780762e-01 -9.625614434480667114e-02
6.671106815338134766e-01 -7.323971986770629883e-01 -1.362270414829254150e-01
6.941299438476562500e-01 -6.967405080795288086e-01 -1.809316426515579224e-01
7.216509580612182617e-01 -6.529033184051513672e-01 -2.300808578729629517e-01
7.483923435211181641e-01 -5.999013185501098633e-01 -2.828910946846008301e-01
7.727363705635070801e-01 -5.372780561447143555e-01 -3.379507660865783691e-01
7.929245233535766602e-01 -4.654354155063629150e-01 -3.932436406612396240e-01
8.074066638946533203e-01 -3.858851492404937744e-01 -4.463039934635162354e-01
8.152305483818054199e-01 -3.012253046035766602e-01 -4.946336746215820312e-01
8.163477778434753418e-01 -2.147665172815322876e-01 -5.361452102661132812e-01
8.116269111633300781e-01 -1.299296170473098755e-01 -5.695437192916870117e-01
8.026232123374938965e-01 -4.962548613548278809e-02 -5.944185256958007812e-01
7.911988496780395508e-01 2.411643788218498230e-02 -6.110833287239074707e-01
7.791746258735656738e-01 9.023115783929824829e-02 -6.202784180641174316e-01
7.681142091751098633e-01 1.484740525484085083e-01 -6.228612065315246582e-01
7.592697143554687500e-01 1.991893947124481201e-01 -6.195425987243652344e-01
7.535962462425231934e-01 2.430956959724426270e-01 -6.107348799705505371e-01
7.518167495727539062e-01 2.811262607574462891e-01 -5.964391231536865234e-01
7.544800639152526855e-01 3.143778443336486816e-01 -5.761305093765258789e-01
7.619693279266357422e-01 3.440978229045867920e-01 -5.486341714859008789e-01
7.744246721267700195e-01 3.717302978038787842e-01 -5.119403600692749023e-01
7.914911508560180664e-01 3.990113139152526855e-01 -4.629597663879394531e-01
8.118260502815246582e-01 4.279531836509704590e-01 -3.972335457801818848e-01
8.321198821067810059e-01 4.606834948062896729e-01 -3.087835311889648438e-01
8.455040454864501953e-01 4.987524449825286865e-01 -1.907060295343399048e-01
8.397997617721557617e-01 5.415747761726379395e-01 -3.785710409283638000e-02
7.982046604156494141e-01 5.842485427856445312e-01 1.467070430517196655e-01
7.072925567626953125e-01 6.174959540367126465e-01 3.441452980041503906e-01
5.706915855407714844e-01 6.332470178604125977e-01 5.227898955345153809e-01
4.112548232078552246e-01 6.315935850143432617e-01 6.572359204292297363e-01
2.548468708992004395e-01 6.195316910743713379e-01 7.424510121345520020e-01
1.164572462439537048e-01 6.042684316635131836e-01 7.882241606712341309e-01
1.101273737731389701e-04 5.897893905639648438e-01 8.075570464134216309e-01
-9.579384326934814453e-02 5.773470997810363770e-01 8.108599781990051270e-01
-1.745930016040802002e-01 5.667760372161865234e-01 8.051597476005554199e-01
-2.396412938833236694e-01 5.574021935462951660e-01 7.949055433273315430e-01
-2.938190400600433350e-01 5.484515428543090820e-01 7.828609347343444824e-01
-3.394694924354553223e-01 5.392244458198547363e-01 7.707123756408691406e-01
-3.784578740596771240e-01 5.291363596916198730e-01 7.594631910324096680e-01
-4.122784733772277832e-01 5.177349448204040527e-01 7.496511936187744141e-01
-4.421002268791198730e-01 5.047039985656738281e-01 7.414993047714233398e-01
-4.688488543033599854e-01 4.898535907268524170e-01 7.349994778633117676e-01
-4.932404756546020508e-01 4.731222987174987793e-01 7.299787998199462891e-01
-5.158315896987915039e-01 4.545704722404479980e-01 7.261429429054260254e-01
-5.370596647262573242e-01 4.343498051166534424e-01 7.231233119964599609e-01
-5.572656393051147461e-01 4.127060174942016602e-01 7.205058932304382324e-01
-5.767329931259155273e-01 3.899354934692382812e-01 7.178645133972167969e-01
-5.956984162330627441e-01 3.663740158081054688e-01 7.147821187973022461e-01
-6.143662929534912109e-01 3.423805236816406250e-01 7.108654379844665527e-01
-6.329187750816345215e-01 3.182983398437500000e-01 7.057619690895080566e-01
-6.515047550201416016e-01 2.944614291191101074e-01 6.991667151451110840e-01
-6.702473163604736328e-01 2.711803317070007324e-01 6.908181309700012207e-01
-6.892379522323608398e-01 2.487382143735885620e-01 6.805000305175781250e-01
-7.085245847702026367e-01 2.273951023817062378e-01 6.680451631546020508e-01
-7.281124591827392578e-01 2.073844671249389648e-01 6.533328294754028320e-01
-7.479714751243591309e-01 1.889103502035140991e-01 6.362795233726501465e-01
-7.680200934410095215e-01 1.721612215042114258e-01 6.168513894081115723e-01
-7.881365418434143066e-01 1.573011577129364014e-01 5.950605273246765137e-01
-8.081642389297485352e-01 1.444598585367202759e-01 5.709657669067382812e-01
-8.279189467430114746e-01 1.337385326623916626e-01 5.446689724922180176e-01
-8.471920490264892578e-01 1.251919865608215332e-01 5.163261294364929199e-01
-8.657649159431457520e-01 1.188386678695678711e-01 4.861362278461456299e-01
-8.834180235862731934e-01 1.146432235836982727e-01 4.543450772762298584e-01
-8.999489545822143555e-01 1.125138998031616211e-01 4.212274551391601562e-01
-9.151733517646789551e-01 1.123181954026222229e-01 3.870948255062103271e-01
-9.289456009864807129e-01 1.138773337006568909e-01 3.522670567035675049e-01
-9.411580562591552734e-01 1.169738322496414185e-01 3.170782327651977539e-01
-9.517514109611511230e-01 1.213765069842338562e-01 2.818455994129180908e-01
-9.607127904891967773e-01 1.268365085124969482e-01 2.468672245740890503e-01
-9.680732488632202148e-01 1.331058591604232788e-01 2.124076038599014282e-01
-9.739011526107788086e-01 1.399584561586380005e-01 1.786846816539764404e-01
-9.782934784889221191e-01 1.471890509128570557e-01 1.458677500486373901e-01
-9.813656210899353027e-01 1.546284556388854980e-01 1.140683963894844055e-01
-9.832425117492675781e-01 1.621388047933578491e-01 8.333878964185714722e-02
-9.840459227561950684e-01 1.696209609508514404e-01 5.368641018867492676e-02
-9.838883280754089355e-01 1.770187616348266602e-01 2.506049349904060364e-02
-9.828664660453796387e-01 1.843002885580062866e-01 -2.627261448651552200e-03
-9.810547828674316406e-01 1.914713978767395020e-01 -2.949965000152587891e-02
-9.785054922103881836e-01 1.985541582107543945e-01 -5.570684000849723816e-02
-9.752441644668579102e-01 2.055967152118682861e-01 -8.141843229532241821e-02
-9.712726473808288574e-01 2.126483321189880371e-01 -1.068181172013282776e-01
-9.665678739547729492e-01 2.197762280702590942e-01 -1.320795714855194092e-01
-9.610833525657653809e-01 2.270449548959732056e-01 -1.573829352855682373e-01
-9.547525644302368164e-01 2.345191985368728638e-01 -1.828887164592742920e-01
-9.474910497665405273e-01 2.422583103179931641e-01 -2.087382823228836060e-01
-9.391986131668090820e-01 2.503151297569274902e-01 -2.350494712591171265e-01
-9.297645688056945801e-01 2.587268352508544922e-01 -2.619126737117767334e-01
-9.190729856491088867e-01 2.675221860408782959e-01 -2.893727123737335205e-01
-9.070034623146057129e-01 2.767072618007659912e-01 -3.174551725387573242e-01
-8.934409618377685547e-01 2.862754166126251221e-01 -3.461353182792663574e-01
-8.782764673233032227e-01 2.961982488632202148e-01 -3.753625452518463135e-01
-8.614131808280944824e-01 3.064241409301757812e-01 -4.050575792789459229e-01
-8.427693247795104980e-01 3.168887794017791748e-01 -4.351107776165008545e-01
-8.222747445106506348e-01 3.275093138217926025e-01 -4.654050767421722412e-01
-7.998788952827453613e-01 3.381893038749694824e-01 -4.958041310310363770e-01
-7.755428552627563477e-01 3.488173782825469971e-01 -5.261746048927307129e-01
-7.492449283599853516e-01 3.592773973941802979e-01 -5.563738346099853516e-01
-7.209759950637817383e-01 3.694453537464141846e-01 -5.862625241279602051e-01
-6.907441020011901855e-01 3.791842758655548096e-01 -6.157044172286987305e-01
-6.585870981216430664e-01 3.883447647094726562e-01 -6.445551514625549316e-01
-6.245819330215454102e-01 3.967553675174713135e-01 -6.726682186126708984e-01
-5.888644456863403320e-01 4.042181670665740967e-01 -6.998902559280395508e-01
-5.516450405120849609e-01 4.105051159858703613e-01 -7.260670065879821777e-01
-5.132289528846740723e-01 4.153455793857574463e-01 -7.510553598403930664e-01
-4.740338623523712158e-01 4.184502065181732178e-01 -7.747201919555664062e-01
-4.345664978027343750e-01 4.195018112659454346e-01 -7.969757318496704102e-01
-3.954160809516906738e-01 4.181862771511077881e-01 -8.177813887596130371e-01
-3.571780025959014893e-01 4.142045974731445312e-01 -8.371728658676147461e-01
-3.204010426998138428e-01 4.072875976562500000e-01 -8.552544116973876953e-01
-2.854798436164855957e-01 3.972103893756866455e-01 -8.721956014633178711e-01
-2.525818347930908203e-01 3.837713003158569336e-01 -8.882128596305847168e-01
-2.216012477874755859e-01 3.667991757392883301e-01 -9.035215973854064941e-01
-1.921394169330596924e-01 3.461242318153381348e-01 -9.183030128479003906e-01
-1.635587513446807861e-01 3.215830028057098389e-01 -9.326483011245727539e-01
-1.350659728050231934e-01 2.930220067501068115e-01 -9.465175271034240723e-01
-1.058413311839103699e-01 2.603264153003692627e-01 -9.597020149230957031e-01
-7.517155259847640991e-02 2.234530597925186157e-01 -9.718117117881774902e-01
-4.256913438439369202e-02 1.824726462364196777e-01 -9.822889566421508789e-01
-7.864370942115783691e-03 1.376196891069412231e-01 -9.904539585113525391e-01
2.878852188587188721e-02 8.930562436580657959e-02 -9.955881237983703613e-01
6.693125516176223755e-02 3.812642768025398254e-02 -9.970288872718811035e-01
1.058825999498367310e-01 -1.515741739422082901e-02 -9.942631125450134277e-01
1.448608338832855225e-01 -6.968158483505249023e-02 -9.869953393936157227e-01
1.830803304910659790e-01 -1.245264187455177307e-01 -9.751793742179870605e-01
2.198601961135864258e-01 -1.787875294685363770e-01 -9.590080976486206055e-01
2.546782493591308594e-01 -2.316136509180068970e-01 -9.388791322708129883e-01
2.872043251991271973e-01 -2.822431921958923340e-01 -9.153428077697753906e-01
3.172960579395294189e-01 -3.300150930881500244e-01 -8.890518546104431152e-01
3.449956774711608887e-01 -3.743740022182464600e-01 -8.607102632522583008e-01
3.704870641231536865e-01 -4.148688018321990967e-01 -8.310374617576599121e-01
3.940757215023040771e-01 -4.511353969573974609e-01 -8.007378578186035156e-01
4.161575138568878174e-01 -4.828889667987823486e-01 -7.704746723175048828e-01
4.371865391731262207e-01 -5.099112391471862793e-01 -7.408497929573059082e-01
4.576538205146789551e-01 -5.320239067077636719e-01 -7.123928666114807129e-01
4.780705869197845459e-01 -5.490713119506835938e-01 -6.855430603027343750e-01
4.989470243453979492e-01 -5.608921647071838379e-01 -6.606449484825134277e-01
5.207771658897399902e-01 -5.672974586486816406e-01 -6.379379034042358398e-01
5.440174341201782227e-01 -5.680416226387023926e-01 -6.175546646118164062e-01
5.690746307373046875e-01 -5.628032088279724121e-01 -5.995052456855773926e-01
5.962725877761840820e-01 -5.511788725852966309e-01 -5.836614370346069336e-01
6.258144378662109375e-01 -5.326686501502990723e-01 -5.697545409202575684e-01
6.577383875846862793e-01 -5.067083239555358887e-01 -5.573390722274780273e-01
6.918592453002929688e-01 -4.727098047733306885e-01 -5.457804203033447266e-01
7.277014851570129395e-01 -4.301518797874450684e-01 -5.342470407485961914e-01
7.644565701484680176e-01 -3.787234425544738770e-01 -5.217037200927734375e-01
8.009586334228515625e-01 -3.184758722782135010e-01 -5.069894790649414062e-01
8.357562422752380371e-01 -2.500085830688476562e-01 -4.888836443424224854e-01
8.672362565994262695e-01 -1.745985150337219238e-01 -4.662796258926391602e-01
8.938648700714111328e-01 -9.420377016067504883e-02 -4.383278489112854004e-01
9.144209027290344238e-01 -1.131592039018869400e-02 -4.046063423156738281e-01
9.282082319259643555e-01 7.132640480995178223e-02 -3.651604056358337402e-01
9.351255297660827637e-01 1.510906219482421875e-01 -3.204869925975799561e-01
9.356016516685485840e-01 2.257791608572006226e-01 -2.714284062385559082e-01
9.304305315017700195e-01 2.938228249549865723e-01 -2.190140485763549805e-01
9.205654263496398926e-01 3.543539941310882568e-01 -1.642939746379852295e-01
9.069278240203857422e-01 4.071500599384307861e-01 -1.082164794206619263e-01
8.902291655540466309e-01 4.525927305221557617e-01 -5.149639397859573364e-02
8.708345890045166016e-01 4.915454685688018799e-01 5.496187135577201843e-03
8.486242294311523438e-01 5.252489447593688965e-01 6.285280734300613403e-02
8.228077292442321777e-01 5.552399754524230957e-01 1.212269738316535950e-01
7.917072176933288574e-01 5.832105278968811035e-01 1.818381994962692261e-01
7.524676918983459473e-01 6.107944846153259277e-01 2.464192956686019897e-01
7.006855010986328125e-01 6.392306685447692871e-01 3.168973922729492188e-01
6.301525831222534180e-01 6.687215566635131836e-01 3.946127295494079590e-01
5.332292914390563965e-01 6.973955035209655762e-01 4.788591265678405762e-01
4.030751883983612061e-01 7.202045917510986328e-01 5.646554827690124512e-01
2.389350831508636475e-01 7.291975617408752441e-01 6.412339806556701660e-01
5.203767493367195129e-02 7.172948122024536133e-01 6.948238611221313477e-01
-1.356715261936187744e-01 6.841481924057006836e-01 7.166132926940917969e-01
-3.029001355171203613e-01 6.373340487480163574e-01 7.085596323013305664e-01
-4.391690194606781006e-01 5.869010686874389648e-01 6.802042126655578613e-01
-5.447136759757995605e-01 5.399740338325500488e-01 6.416503190994262695e-01
-6.249144077301025391e-01 4.996205270290374756e-01 5.998843312263488770e-01
-6.859512329101562500e-01 4.661891162395477295e-01 5.586935877799987793e-01
-7.329944372177124023e-01 4.387927949428558350e-01 5.197885632514953613e-01
-7.699068784713745117e-01 4.161813557147979736e-01 4.837731420993804932e-01
-7.994324564933776855e-01 3.971365988254547119e-01 4.507663547992706299e-01
-8.235048651695251465e-01 3.806180953979492188e-01 4.206775724887847900e-01
-8.434816002845764160e-01 3.657765090465545654e-01 3.933781981468200684e-01
-8.603281974792480469e-01 3.519327044486999512e-01 3.687530755996704102e-01
-8.747526407241821289e-01 3.385299742221832275e-01 3.467065691947937012e-01
-8.872666358947753906e-01 3.251260221004486084e-01 3.271865844726562500e-01
-8.982587456703186035e-01 3.113353848457336426e-01 3.101637661457061768e-01
-9.080206751823425293e-01 2.968161106109619141e-01 2.956323027610778809e-01
-9.167687296867370605e-01 2.812610268592834473e-01 2.835973501205444336e-01
-9.246585369110107422e-01 2.643740773200988770e-01 2.740674614906311035e-01
-9.317883253097534180e-01 2.458795756101608276e-01 2.670464217662811279e-01
-9.382019042968750000e-01 2.255096286535263062e-01 2.625311911106109619e-01
-9.438902735710144043e-01 2.030170857906341553e-01 2.604900002479553223e-01
-9.487894773483276367e-01 1.781747937202453613e-01 2.608685791492462158e-01
-9.527769684791564941e-01 1.508028954267501831e-01 2.635802924633026123e-01
-9.556826949119567871e-01 1.207631155848503113e-01 2.684899568557739258e-01
-9.572885036468505859e-01 8.798232674598693848e-02 2.754227221012115479e-01
-9.573419690132141113e-01 5.247959122061729431e-02 2.841519415378570557e-01
-9.555733799934387207e-01 1.434981264173984528e-02 2.944039106369018555e-01
-9.517284035682678223e-01 -2.619152516126632690e-02 3.058218657970428467e-01
-9.456126093864440918e-01 -6.877169013023376465e-02 3.179423213005065918e-01
-9.367070198059082031e-01 -1.109849512577056885e-01 3.320576548576354980e-01
-9.285047054290771484e-01 -1.414216309785842896e-01 3.433349132537841797e-01
