9.273442625999450684e-01 -4.202832281589508057e-01 1.957217603921890259e-01
9.195443987846374512e-01 -3.822908103466033936e-01 2.111598700284957886e-01
9.361041784286499023e-01 -3.032880723476409912e-01 1.762372702360153198e-01
9.510756134986877441e-01 -2.093736827373504639e-01 1.426640301942825317e-01
9.622955918312072754e-01 -1.074295341968536377e-01 9.730352461338043213e-02
9.528301954269409180e-01 -2.045634388923645020e-02 1.815639436244964600e-02
9.616925120353698730e-01 1.020000278949737549e-01 -1.338566094636917114e-01
9.692422747611999512e-01 2.310431003570556641e-01 -2.722144722938537598e-01
9.490191936492919922e-01 3.724000155925750732e-01 -4.192793965339660645e-01
9.493203759193420410e-01 4.958813488483428955e-01 -5.253835916519165039e-01
9.639226794242858887e-01 5.424247384071350098e-01 -5.571470260620117188e-01
9.443601369857788086e-01 5.783180594444274902e-01 -5.706246495246887207e-01
9.260553121566772461e-01 6.107044219970703125e-01 -5.795468688011169434e-01
9.188597202301025391e-01 6.308612823486328125e-01 -5.945439338684082031e-01
9.313776493072509766e-01 6.495743989944458008e-01 -6.154429316520690918e-01
9.444853067398071289e-01 6.570175886154174805e-01 -6.350454092025756836e-01
9.612515568733215332e-01 6.531764268875122070e-01 -6.445310711860656738e-01
9.739197492599487305e-01 6.422672867774963379e-01 -6.469680666923522949e-01
9.850263595581054688e-01 6.237656474113464355e-01 -6.485170125961303711e-01
9.965756535530090332e-01 5.977922677993774414e-01 -6.491646170616149902e-01
1.008163094520568848e+00 5.616658329963684082e-01 -6.493494510650634766e-01
1.016381502151489258e+00 5.176436305046081543e-01 -6.522897481918334961e-01
1.022823929786682129e+00 4.723917245864868164e-01 -6.458292603492736816e-01
1.033659100532531738e+00 3.975022435188293457e-01 -6.307486295700073242e-01
1.046126961708068848e+00 2.960616648197174072e-01 -6.129882931709289551e-01
1.083803534507751465e+00 1.280395537614822388e-01 -5.353058576583862305e-01
1.068784475326538086e+00 1.622763276100158691e-02 -4.646592736244201660e-01
1.062112927436828613e+00 -6.959745287895202637e-02 -4.035402536392211914e-01
1.054340720176696777e+00 -1.266046762466430664e-01 -3.389953374862670898e-01
1.037749052047729492e+00 -2.048023641109466553e-01 -2.456368505954742432e-01
1.018967509269714355e+00 -2.775909602642059326e-01 -1.454395353794097900e-01
9.988020658493041992e-01 -3.230752646923065186e-01 -6.571897119283676147e-02
9.956482648849487305e-01 -3.542830646038055420e-01 -2.740111947059631348e-02
9.938980937004089355e-01 -3.997902572154998779e-01 1.874129474163055420e-02
1.002351045608520508e+00 -4.490108788013458252e-01 5.282519757747650146e-02
1.006034374237060547e+00 -4.623207747936248779e-01 6.903412938117980957e-02
1.010436534881591797e+00 -4.553238451480865479e-01 7.501801848411560059e-02
1.034584164619445801e+00 -2.741561233997344971e-01 1.833443492650985718e-01
1.023649096488952637e+00 -1.973907053470611572e-01 2.322484999895095825e-01
1.038377165794372559e+00 -9.201794862747192383e-02 2.719868421554565430e-01
1.064596891403198242e+00 3.580784797668457031e-02 3.210272192955017090e-01
1.103505015373229980e+00 1.954803764820098877e-01 3.617928028106689453e-01
1.123425245285034180e+00 3.375113904476165771e-01 3.548582792282104492e-01
1.090653777122497559e+00 4.720614850521087646e-01 3.295077085494995117e-01
1.052275538444519043e+00 6.196190118789672852e-01 2.956411242485046387e-01
1.026227593421936035e+00 7.301769256591796875e-01 2.766607999801635742e-01
1.042663574218750000e+00 8.081406354904174805e-01 2.577018141746520996e-01
1.064448237419128418e+00 8.665351867675781250e-01 2.335894256830215454e-01
1.092316389083862305e+00 9.030965566635131836e-01 2.026633769273757935e-01
1.117948055267333984e+00 9.543387889862060547e-01 1.579629033803939819e-01
1.111362338066101074e+00 1.022931933403015137e+00 7.551886141300201416e-02
1.037105679512023926e+00 1.135743618011474609e+00 -1.821104139089584351e-01
1.007827401161193848e+00 1.167882680892944336e+00 -2.713725566864013672e-01
1.009123086929321289e+00 1.186227202415466309e+00 -3.284855484962463379e-01
1.005641460418701172e+00 1.191013336181640625e+00 -3.856977224349975586e-01
9.962407946586608887e-01 1.188771963119506836e+00 -4.378747344017028809e-01
9.880870580673217773e-01 1.194909453392028809e+00 -4.810070991516113281e-01
9.708628654479980469e-01 1.201084017753601074e+00 -5.015410780906677246e-01
9.888626933097839355e-01 1.198600053787231445e+00 -5.526800751686096191e-01
9.852194190025329590e-01 1.194784641265869141e+00 -5.860461592674255371e-01
9.857866764068603516e-01 1.189398646354675293e+00 -6.098208427429199219e-01
9.781522750854492188e-01 1.201501488685607910e+00 -6.458671092987060547e-01
9.549185633659362793e-01 1.207156181335449219e+00 -6.784123182296752930e-01
9.326301217079162598e-01 1.209143042564392090e+00 -6.972560882568359375e-01
9.122539162635803223e-01 1.206904530525207520e+00 -7.132833003997802734e-01
8.893268704414367676e-01 1.200090169906616211e+00 -7.271549105644226074e-01
8.448499441146850586e-01 1.178948283195495605e+00 -7.494562268257141113e-01
8.224696516990661621e-01 1.158561348915100098e+00 -7.685402631759643555e-01
8.288097381591796875e-01 1.141324639320373535e+00 -7.844640612602233887e-01
8.265134096145629883e-01 1.126081824302673340e+00 -7.987849116325378418e-01
8.165908455848693848e-01 1.112106919288635254e+00 -8.112203478813171387e-01
8.079912662506103516e-01 1.096451282501220703e+00 -8.174545764923095703e-01
8.085122704505920410e-01 1.076476693153381348e+00 -8.214181661605834961e-01
8.067373037338256836e-01 1.056353688240051270e+00 -8.230946063995361328e-01
8.025730252265930176e-01 1.036898136138916016e+00 -8.221576809883117676e-01
7.960188984870910645e-01 1.015053868293762207e+00 -8.195928335189819336e-01
7.897213697433471680e-01 9.922509193420410156e-01 -8.141283988952636719e-01
7.856230139732360840e-01 9.695761203765869141e-01 -8.048206567764282227e-01
7.790840268135070801e-01 9.451369047164916992e-01 -7.935709953308105469e-01
7.603161931037902832e-01 9.286552667617797852e-01 -7.766849398612976074e-01
7.454326748847961426e-01 9.173278808593750000e-01 -7.522749304771423340e-01
6.531574726104736328e-01 8.656210899353027344e-01 -7.606951594352722168e-01
5.099663734436035156e-01 7.945094704627990723e-01 -7.650595307350158691e-01
3.422335386276245117e-01 7.172048091888427734e-01 -7.526874542236328125e-01
1.506611406803131104e-01 6.589390635490417480e-01 -7.343201637268066406e-01
-7.276102155447006226e-02 5.964022874832153320e-01 -7.001902461051940918e-01
-3.527889847755432129e-01 4.403902292251586914e-01 -6.634050607681274414e-01
-5.711731910705566406e-01 3.554259240627288818e-01 -5.972560644149780273e-01
-6.463057994842529297e-01 3.037580549716949463e-01 -5.553545355796813965e-01
-6.730400919914245605e-01 2.788208723068237305e-01 -5.033369064331054688e-01
-6.990938186645507812e-01 2.546549141407012939e-01 -4.508575201034545898e-01
-7.287465333938598633e-01 2.394637465476989746e-01 -4.200376868247985840e-01
-7.583041787147521973e-01 2.269157469272613525e-01 -3.941183388233184814e-01
-7.860919237136840820e-01 2.150156199932098389e-01 -3.683752417564392090e-01
-8.112074732780456543e-01 1.975990831851959229e-01 -3.535016775131225586e-01
-8.421733379364013672e-01 1.744514554738998413e-01 -3.445114195346832275e-01
-8.780139684677124023e-01 1.386759430170059204e-01 -3.398310542106628418e-01
-9.079185724258422852e-01 1.079057753086090088e-01 -3.273386359214782715e-01
-9.344737529754638672e-01 8.048407733440399170e-02 -3.097533583641052246e-01
-9.714447855949401855e-01 5.071958899497985840e-02 -2.707049250602722168e-01
-1.004654526710510254e+00 2.527394890785217285e-02 -2.356900572776794434e-01
-1.028907179832458496e+00 -1.804739236831665039e-02 -1.831726580858230591e-01
-1.003339409828186035e+00 -4.329386353492736816e-02 -1.308359950780868530e-01
-9.760332703590393066e-01 -6.669905781745910645e-02 -9.036231786012649536e-02
-9.706292748451232910e-01 -8.445459604263305664e-02 -4.362122714519500732e-02
-9.753618836402893066e-01 -1.200556159019470215e-01 -3.851994872093200684e-03
-9.842393994331359863e-01 -1.594460010528564453e-01 3.344549238681793213e-02
-9.895541071891784668e-01 -1.783545315265655518e-01 4.487821459770202637e-02
-9.793100953102111816e-01 -2.968431413173675537e-01 1.240556687116622925e-01
-9.837532639503479004e-01 -5.724889039993286133e-01 3.040507435798645020e-01
-9.346644282341003418e-01 -7.169182300567626953e-01 4.905605316162109375e-01
-8.182022571563720703e-01 -7.406527996063232422e-01 5.470424294471740723e-01
-7.249082326889038086e-01 -9.081723690032958984e-01 5.893685817718505859e-01
-6.998608708381652832e-01 -1.047027111053466797e+00 5.857442617416381836e-01
-6.845322251319885254e-01 -1.128199338912963867e+00 6.083710193634033203e-01
-6.762847900390625000e-01 -1.200633287429809570e+00 6.329786777496337891e-01
-6.792006492614746094e-01 -1.266936421394348145e+00 6.565736532211303711e-01
-7.092485427856445312e-01 -1.334863185882568359e+00 6.843321323394775391e-01
-7.516402006149291992e-01 -1.396034121513366699e+00 7.114368677139282227e-01
-7.958435416221618652e-01 -1.454468727111816406e+00 7.371557950973510742e-01
-8.436858057975769043e-01 -1.508924722671508789e+00 7.571097612380981445e-01
-9.069753885269165039e-01 -1.556966423988342285e+00 7.583127021789550781e-01
-9.702728390693664551e-01 -1.619233608245849609e+00 7.672122716903686523e-01
-9.869031310081481934e-01 -1.684747815132141113e+00 7.720676660537719727e-01
-9.835982918739318848e-01 -1.748354196548461914e+00 7.840441465377807617e-01
-9.660672545433044434e-01 -1.811330318450927734e+00 8.016244173049926758e-01
-9.434984326362609863e-01 -1.869077205657958984e+00 8.173320889472961426e-01
-9.160733222961425781e-01 -1.940493822097778320e+00 8.542575836181640625e-01
-8.888426423072814941e-01 -2.010188102722167969e+00 8.897322416305541992e-01
-8.537299633026123047e-01 -2.080934286117553711e+00 9.267514944076538086e-01
-8.114651441574096680e-01 -2.152426719665527344e+00 9.653141498565673828e-01
-7.802644371986389160e-01 -2.221008062362670898e+00 9.872057437896728516e-01
-7.467192411422729492e-01 -2.289324522018432617e+00 1.006688714027404785e+00
-7.093000411987304688e-01 -2.357568025588989258e+00 1.025993585586547852e+00
-6.681796908378601074e-01 -2.425479173660278320e+00 1.045042753219604492e+00
-6.211360096931457520e-01 -2.491245746612548828e+00 1.063982725143432617e+00
-5.671483278274536133e-01 -2.553686141967773438e+00 1.082829833030700684e+00
-5.131865143775939941e-01 -2.613907098770141602e+00 1.101265430450439453e+00
-4.580174088478088379e-01 -2.671545028686523438e+00 1.119104862213134766e+00
-4.001767039299011230e-01 -2.726237535476684570e+00 1.136151313781738281e+00
-4.042282104492187500e-01 -2.816610336303710938e+00 1.150310993194580078e+00
-4.079960584640502930e-01 -2.899435281753540039e+00 1.161617517471313477e+00
-4.102641344070434570e-01 -2.972649097442626953e+00 1.170308709144592285e+00
-4.117259979248046875e-01 -3.040023803710937500e+00 1.177016258239746094e+00
-4.134234189987182617e-01 -3.101531028747558594e+00 1.186092853546142578e+00
-4.183300733566284180e-01 -3.160383224487304688e+00 1.210036516189575195e+00
-4.221339821815490723e-01 -3.210966110229492188e+00 1.230700254440307617e+00
-4.248074293136596680e-01 -3.252871274948120117e+00 1.247916698455810547e+00
-4.263411760330200195e-01 -3.285827398300170898e+00 1.261572599411010742e+00
-4.267445802688598633e-01 -3.309702157974243164e+00 1.271610021591186523e+00
-4.260458946228027344e-01 -3.324508666992187500e+00 1.278028726577758789e+00
-4.243339896202087402e-01 -3.330370187759399414e+00 1.280862927436828613e+00
-4.221379756927490234e-01 -3.327204942703247070e+00 1.279969573020935059e+00
-4.190273880958557129e-01 -3.315873384475708008e+00 1.275801777839660645e+00
-4.150927662849426270e-01 -3.296940565109252930e+00 1.268580198287963867e+00
-4.104373455047607422e-01 -3.271083593368530273e+00 1.258571028709411621e+00
-4.051750898361206055e-01 -3.239076137542724609e+00 1.246078729629516602e+00
-3.994271755218505859e-01 -3.201766490936279297e+00 1.231438159942626953e+00
-3.933001756668090820e-01 -3.152736663818359375e+00 1.211907029151916504e+00
-3.869390487670898438e-01 -3.099739313125610352e+00 1.190742254257202148e+00
-3.804717659950256348e-01 -3.044291496276855469e+00 1.168560266494750977e+00
-3.740203976631164551e-01 -2.987398624420166016e+00 1.145762562751770020e+00
-3.676997423171997070e-01 -2.930023908615112305e+00 1.122733950614929199e+00
-3.607594966888427734e-01 -2.868661403656005859e+00 1.098141551017761230e+00
-3.534543514251708984e-01 -2.804964303970336914e+00 1.072634100914001465e+00
-3.466589450836181641e-01 -2.743767023086547852e+00 1.048082113265991211e+00
-3.396652936935424805e-01 -2.687034845352172852e+00 1.025463461875915527e+00
-3.337618708610534668e-01 -2.637940883636474609e+00 1.005859494209289551e+00
-3.285713195800781250e-01 -2.592630386352539062e+00 9.877136945724487305e-01
-3.241205215454101562e-01 -2.551389694213867188e+00 9.711420536041259766e-01
-3.206236958503723145e-01 -2.515372276306152344e+00 9.565893411636352539e-01
-3.184509277343750000e-01 -2.486448049545288086e+00 9.447729587554931641e-01
-3.169789910316467285e-01 -2.461669206619262695e+00 9.345705509185791016e-01
-3.161726593971252441e-01 -2.440889358520507812e+00 9.259272813796997070e-01
-3.159859180450439453e-01 -2.423884391784667969e+00 9.187574386596679688e-01
-3.163632154464721680e-01 -2.410361051559448242e+00 9.129482507705688477e-01
-3.172409534454345703e-01 -2.399967432022094727e+00 9.083634614944458008e-01
-3.182896971702575684e-01 -2.391052484512329102e+00 9.043705463409423828e-01
-3.199595808982849121e-01 -2.390892744064331055e+00 9.039617776870727539e-01
-3.222802877426147461e-01 -2.392087459564208984e+00 9.039942026138305664e-01
-3.251536488533020020e-01 -2.393815279006958008e+00 9.041397571563720703e-01
-3.281724452972412109e-01 -2.395964622497558594e+00 9.044342041015625000e-01
-3.312569260597229004e-01 -2.398180246353149414e+00 9.047434329986572266e-01
-3.343298435211181641e-01 -2.400123596191406250e+00 9.049396514892578125e-01
-3.360248208045959473e-01 -2.394165992736816406e+00 9.020682573318481445e-01
-3.373332023620605469e-01 -2.386018753051757812e+00 8.983477354049682617e-01
-3.385096788406372070e-01 -2.377228021621704102e+00 8.943811655044555664e-01
-3.395103812217712402e-01 -2.367647886276245117e+00 8.901162147521972656e-01
-3.408712148666381836e-01 -2.358718872070312500e+00 8.879172801971435547e-01
-3.424468040466308594e-01 -2.350595235824584961e+00 8.872497081756591797e-01
-3.436413407325744629e-01 -2.341297626495361328e+00 8.857209682464599609e-01
-3.444325327873229980e-01 -2.330771207809448242e+00 8.833056688308715820e-01
-3.448042869567871094e-01 -2.318993091583251953e+00 8.799867630004882812e-01
-3.450052738189697266e-01 -2.308432817459106445e+00 8.775413036346435547e-01
-3.448630571365356445e-01 -2.297521352767944336e+00 8.748018741607666016e-01
-3.443151712417602539e-01 -2.285706758499145508e+00 8.713265657424926758e-01
-3.433731198310852051e-01 -2.273105859756469727e+00 8.671514987945556641e-01
-3.420551419258117676e-01 -2.259862661361694336e+00 8.623243570327758789e-01
-3.403719663619995117e-01 -2.246232986450195312e+00 8.570997714996337891e-01
-3.383300900459289551e-01 -2.232563018798828125e+00 8.518881797790527344e-01
-3.359999060630798340e-01 -2.218789339065551758e+00 8.462036848068237305e-01
-3.334187269210815430e-01 -2.205127477645874023e+00 8.401350975036621094e-01
-3.306268453598022461e-01 -2.191801786422729492e+00 8.337781429290771484e-01
-3.276666998863220215e-01 -2.179043769836425781e+00 8.272339701652526855e-01
-3.245825767517089844e-01 -2.167089223861694336e+00 8.206068277359008789e-01
-3.214195370674133301e-01 -2.156169414520263672e+00 8.140016794204711914e-01
-3.182229995727539062e-01 -2.146515130996704102e+00 8.075215816497802734e-01
-3.151929974555969238e-01 -2.137956142425537109e+00 8.023769855499267578e-01
-3.126118183135986328e-01 -2.131218910217285156e+00 8.004953861236572266e-01
-3.104850053787231445e-01 -2.129821538925170898e+00 8.015848994255065918e-01
-3.085126280784606934e-01 -2.130652666091918945e+00 8.033338785171508789e-01
-3.067255616188049316e-01 -2.133791446685791016e+00 8.057781457901000977e-01
-3.051518201828002930e-01 -2.139285326004028320e+00 8.089391589164733887e-01
-3.038360476493835449e-01 -2.147319316864013672e+00 8.128815889358520508e-01
-3.030992746353149414e-01 -2.160597085952758789e+00 8.184875249862670898e-01
-3.026224374771118164e-01 -2.175969123840332031e+00 8.247320652008056641e-01
-3.024146556854248047e-01 -2.193277120590209961e+00 8.315640687942504883e-01
-3.024809956550598145e-01 -2.212319850921630859e+00 8.389194011688232422e-01
-3.028219342231750488e-01 -2.232853889465332031e+00 8.467223644256591797e-01
-3.034335374832153320e-01 -2.254596471786499023e+00 8.548866510391235352e-01
-3.043074607849121094e-01 -2.277229547500610352e+00 8.633172512054443359e-01
-3.054303526878356934e-01 -2.300400257110595703e+00 8.719129562377929688e-01
-3.067845702171325684e-01 -2.323729038238525391e+00 8.805671930313110352e-01
-3.083479404449462891e-01 -2.346814155578613281e+00 8.891708850860595703e-01
-3.100938200950622559e-01 -2.369239330291748047e+00 8.976137638092041016e-01
-3.119913339614868164e-01 -2.390578508377075195e+00 9.057859182357788086e-01
-3.140062689781188965e-01 -2.410409927368164062e+00 9.135816097259521484e-01
-3.161005973815917969e-01 -2.428318023681640625e+00 9.208991527557373047e-01
-3.182334303855895996e-01 -2.443905115127563477e+00 9.276421070098876953e-01
-3.203620314598083496e-01 -2.456803798675537109e+00 9.337246417999267578e-01
-3.224417567253112793e-01 -2.466680765151977539e+00 9.390680789947509766e-01
-3.244274258613586426e-01 -2.473247528076171875e+00 9.436072111129760742e-01
-3.262742757797241211e-01 -2.476270914077758789e+00 9.472879171371459961e-01
-3.272020816802978516e-01 -2.471395254135131836e+00 9.452358484268188477e-01
-3.273764848709106445e-01 -2.459685325622558594e+00 9.387876987457275391e-01
-3.273217678070068359e-01 -2.444293260574340820e+00 9.316334724426269531e-01
-3.270199298858642578e-01 -2.425339460372924805e+00 9.238924980163574219e-01
-3.264568448066711426e-01 -2.403007745742797852e+00 9.156936407089233398e-01
-3.256218433380126953e-01 -2.377535581588745117e+00 9.071705341339111328e-01
-3.246198892593383789e-01 -2.350047588348388672e+00 8.989782333374023438e-01
-3.236107230186462402e-01 -2.322094202041625977e+00 8.920079469680786133e-01
-3.222779035568237305e-01 -2.291646957397460938e+00 8.849103450775146484e-01
-3.206189870834350586e-01 -2.259031057357788086e+00 8.777728080749511719e-01
-3.186368942260742188e-01 -2.224599599838256836e+00 8.706798553466796875e-01
-3.163402676582336426e-01 -2.188722133636474609e+00 8.637125492095947266e-01
-3.137432932853698730e-01 -2.151784420013427734e+00 8.569488525390625000e-01
-3.108661770820617676e-01 -2.114180326461791992e+00 8.504632711410522461e-01
-3.077346682548522949e-01 -2.076307058334350586e+00 8.443262577056884766e-01
-3.043802380561828613e-01 -2.038558959960937500e+00 8.386056423187255859e-01
-3.008393645286560059e-01 -2.001323938369750977e+00 8.333654403686523438e-01
-2.971560955047607422e-01 -1.963475942611694336e+00 8.286299705505371094e-01
-2.933859825134277344e-01 -1.919850349426269531e+00 8.243229389190673828e-01
-2.899351119995117188e-01 -1.881619215011596680e+00 8.224241733551025391e-01
-2.867176532745361328e-01 -1.848360776901245117e+00 8.223534822463989258e-01
-2.836200594902038574e-01 -1.819465160369873047e+00 8.233924508094787598e-01
-2.806886434555053711e-01 -1.794999837875366211e+00 8.255426287651062012e-01
-2.781853079795837402e-01 -1.775419712066650391e+00 8.295109868049621582e-01
-2.764025926589965820e-01 -1.761194467544555664e+00 8.361022472381591797e-01
-2.749182581901550293e-01 -1.751276254653930664e+00 8.437645435333251953e-01
-2.737551927566528320e-01 -1.745497465133666992e+00 8.524183034896850586e-01
-2.729302048683166504e-01 -1.743645191192626953e+00 8.619706630706787109e-01
-2.724525332450866699e-01 -1.745463371276855469e+00 8.723154067993164062e-01
-2.723243832588195801e-01 -1.750663042068481445e+00 8.833346366882324219e-01
-2.725398540496826172e-01 -1.758924484252929688e+00 8.949007987976074219e-01
-2.730849385261535645e-01 -1.769905090332031250e+00 9.068775177001953125e-01
-2.740836739540100098e-01 -1.783360481262207031e+00 9.180816411972045898e-01
-2.760911583900451660e-01 -1.799379825592041016e+00 9.241728782653808594e-01
-2.788599133491516113e-01 -1.815621137619018555e+00 9.306514263153076172e-01
-2.818877696990966797e-01 -1.833497285842895508e+00 9.380273818969726562e-01
-2.848393321037292480e-01 -1.852110147476196289e+00 9.453787803649902344e-01
-2.877107858657836914e-01 -1.871373653411865234e+00 9.528163671493530273e-01
-2.904516458511352539e-01 -1.890957355499267578e+00 9.601966142654418945e-01
-2.930124998092651367e-01 -1.910548448562622070e+00 9.673808813095092773e-01
-2.953463792800903320e-01 -1.929851055145263672e+00 9.742356538772583008e-01
-2.974089980125427246e-01 -1.948497772216796875e+00 9.806277751922607422e-01
-2.991564869880676270e-01 -1.965864896774291992e+00 9.864037036895751953e-01
-3.005659580230712891e-01 -1.982255458831787109e+00 9.915283918380737305e-01
-3.016135096549987793e-01 -1.997478961944580078e+00 9.959249496459960938e-01
-3.022833466529846191e-01 -2.011368513107299805e+00 9.995343685150146484e-01
-3.025684952735900879e-01 -2.023786783218383789e+00 1.002318620681762695e+00
-3.024709820747375488e-01 -2.034620523452758789e+00 1.004259109497070312e+00
-3.024964332580566406e-01 -2.042953968048095703e+00 1.005440115928649902e+00
-3.024309277534484863e-01 -2.049133777618408203e+00 1.005847692489624023e+00
-3.020794391632080078e-01 -2.053523540496826172e+00 1.005490541458129883e+00
-3.014696240425109863e-01 -2.056157350540161133e+00 1.004430294036865234e+00
-3.006366491317749023e-01 -2.057105064392089844e+00 1.002747535705566406e+00
-2.996217608451843262e-01 -2.056474685668945312e+00 1.000538110733032227e+00
-2.984710931777954102e-01 -2.054405689239501953e+00 9.979101419448852539e-01
-2.972345352172851562e-01 -2.051069974899291992e+00 9.949822425842285156e-01
-2.959644794464111328e-01 -2.046668529510498047e+00 9.918787479400634766e-01
-2.947142124176025391e-01 -2.041420221328735352e+00 9.887261390686035156e-01
-2.935535311698913574e-01 -2.034645557403564453e+00 9.855155944824218750e-01
-2.925214767456054688e-01 -2.027194261550903320e+00 9.824560880661010742e-01
-2.916480898857116699e-01 -2.020202159881591797e+00 9.797902107238769531e-01
-2.909740209579467773e-01 -2.013970613479614258e+00 9.776259660720825195e-01
-2.905338406562805176e-01 -2.008776426315307617e+00 9.760551452636718750e-01
-2.903555631637573242e-01 -2.004859924316406250e+00 9.751489162445068359e-01
-2.904960513114929199e-01 -2.000737667083740234e+00 9.747405052185058594e-01
-2.910012006759643555e-01 -1.996936321258544922e+00 9.751615524291992188e-01
-2.918122410774230957e-01 -1.994038105010986328e+00 9.761611223220825195e-01
-2.929227352142333984e-01 -1.992100715637207031e+00 9.777122735977172852e-01
-2.943177223205566406e-01 -1.991141080856323242e+00 9.797669649124145508e-01
-2.959749698638916016e-01 -1.991143465042114258e+00 9.822618961334228516e-01
-2.978644371032714844e-01 -1.992055654525756836e+00 9.851152896881103516e-01
-2.998791933059692383e-01 -1.993494510650634766e+00 9.879122972488403320e-01
-3.020309805870056152e-01 -1.995588541030883789e+00 9.907885789871215820e-01
-3.042944669723510742e-01 -1.998307228088378906e+00 9.937243461608886719e-01
-3.066244721412658691e-01 -2.001536130905151367e+00 9.966167211532592773e-01
-3.083462119102478027e-01 -1.993076086044311523e+00 9.986038208007812500e-01
-3.098930716514587402e-01 -1.980957984924316406e+00 1.000494956970214844e+00
-3.114019036293029785e-01 -1.969302415847778320e+00 1.002199530601501465e+00
-3.128272891044616699e-01 -1.958138465881347656e+00 1.003579378128051758e+00
-3.279669284820556641e-01 -1.955954790115356445e+00 1.004147052764892578e+00
-3.444704413414001465e-01 -1.955290555953979492e+00 1.004220485687255859e+00
-3.588458895683288574e-01 -1.954093933105468750e+00 1.003863811492919922e+00
-3.708990216255187988e-01 -1.952332496643066406e+00 1.003056049346923828e+00
-3.804727196693420410e-01 -1.950004100799560547e+00 1.001791477203369141e+00
-3.874467611312866211e-01 -1.947132349014282227e+00 1.000078678131103516e+00
-3.917412161827087402e-01 -1.943772315979003906e+00 9.979420900344848633e-01
-3.933147788047790527e-01 -1.940003871917724609e+00 9.954196214675903320e-01
-3.925592303276062012e-01 -1.936671257019042969e+00 9.926309585571289062e-01
-3.898578882217407227e-01 -1.934557676315307617e+00 9.896990060806274414e-01
-3.844212889671325684e-01 -1.932170867919921875e+00 9.865475893020629883e-01
-3.766464591026306152e-01 -1.929252386093139648e+00 9.832713603973388672e-01
-3.706181645393371582e-01 -1.925390005111694336e+00 9.794145822525024414e-01
-3.632946014404296875e-01 -1.921549797058105469e+00 9.754643440246582031e-01
-3.554529547691345215e-01 -1.919603347778320312e+00 9.726207256317138672e-01
-3.450766205787658691e-01 -1.917855739593505859e+00 9.696645736694335938e-01
-3.323918581008911133e-01 -1.916506052017211914e+00 9.666862487792968750e-01
-3.173187375068664551e-01 -1.915323495864868164e+00 9.635081291198730469e-01
-3.066745400428771973e-01 -1.918641328811645508e+00 9.602100849151611328e-01
-3.054019212722778320e-01 -1.929572105407714844e+00 9.568667411804199219e-01
-3.042248487472534180e-01 -1.942483425140380859e+00 9.540126323699951172e-01
-3.032679557800292969e-01 -1.958361148834228516e+00 9.526265859603881836e-01
-3.019545078277587891e-01 -1.977956056594848633e+00 9.519608020782470703e-01
-3.009501099586486816e-01 -1.998839378356933594e+00 9.520629644393920898e-01
-3.008376359939575195e-01 -2.018737077713012695e+00 9.529361724853515625e-01
-3.009703159332275391e-01 -2.039864540100097656e+00 9.546189308166503906e-01
-3.013344407081604004e-01 -2.062057971954345703e+00 9.571089744567871094e-01
-3.019124865531921387e-01 -2.085134983062744141e+00 9.603910446166992188e-01
-3.026825189590454102e-01 -2.108896732330322266e+00 9.644368886947631836e-01
-3.036189079284667969e-01 -2.133132934570312500e+00 9.692051410675048828e-01
-3.046931028366088867e-01 -2.157623052597045898e+00 9.746429920196533203e-01
-3.058742880821228027e-01 -2.182145833969116211e+00 9.806882143020629883e-01
-3.071166276931762695e-01 -2.206676244735717773e+00 9.874747991561889648e-01
-3.083941936492919922e-01 -2.230878114700317383e+00 9.947998523712158203e-01
-3.096891641616821289e-01 -2.254312753677368164e+00 1.002341032028198242e+00
-3.124551773071289062e-01 -2.269694328308105469e+00 1.012057781219482422e+00
-3.157612681388854980e-01 -2.281117439270019531e+00 1.022601127624511719e+00
-3.190016746520996094e-01 -2.291146516799926758e+00 1.033071875572204590e+00
-3.220944404602050781e-01 -2.300249576568603516e+00 1.043885111808776855e+00
-3.250157833099365234e-01 -2.308069705963134766e+00 1.054584026336669922e+00
-3.276903629302978516e-01 -2.314068078994750977e+00 1.064660191535949707e+00
-3.305356502532958984e-01 -2.317332744598388672e+00 1.073975443840026855e+00
-3.334329128265380859e-01 -2.318751335144042969e+00 1.082854032516479492e+00
-3.359981179237365723e-01 -2.318995475769042969e+00 1.091144800186157227e+00
-3.386249542236328125e-01 -2.324368953704833984e+00 1.100371599197387695e+00
-3.419976830482482910e-01 -2.329370021820068359e+00 1.111999273300170898e+00
-3.449437618255615234e-01 -2.332292795181274414e+00 1.122751951217651367e+00
-3.476794958114624023e-01 -2.335875034332275391e+00 1.134916067123413086e+00
-3.505400419235229492e-01 -2.344000339508056641e+00 1.151790857315063477e+00
-3.528942465782165527e-01 -2.350841999053955078e+00 1.167888045310974121e+00
-3.547090291976928711e-01 -2.356493234634399414e+00 1.183050870895385742e+00
-3.813291192054748535e-01 -2.385441303253173828e+00 1.201509714126586914e+00
-4.064399600028991699e-01 -2.412669897079467773e+00 1.218667268753051758e+00
-4.339475631713867188e-01 -2.436797857284545898e+00 1.234260320663452148e+00
-4.586854577064514160e-01 -2.458184003829956055e+00 1.247958183288574219e+00
-4.727776646614074707e-01 -2.478680849075317383e+00 1.258925557136535645e+00
-4.828757047653198242e-01 -2.496457338333129883e+00 1.267823815345764160e+00
-4.902632832527160645e-01 -2.508874654769897461e+00 1.273651599884033203e+00
-4.993687868118286133e-01 -2.506999969482421875e+00 1.273056030273437500e+00
-5.040248632431030273e-01 -2.504202365875244141e+00 1.271106719970703125e+00
-5.044581890106201172e-01 -2.500778913497924805e+00 1.267967462539672852e+00
-5.009908676147460938e-01 -2.497032165527343750e+00 1.263822078704833984e+00
-4.940422177314758301e-01 -2.493257284164428711e+00 1.258867740631103516e+00
-4.841130971908569336e-01 -2.489732027053833008e+00 1.253308415412902832e+00
-4.717838168144226074e-01 -2.486704826354980469e+00 1.247350454330444336e+00
-4.577052593231201172e-01 -2.484380245208740234e+00 1.241193652153015137e+00
-4.425866007804870605e-01 -2.482906579971313477e+00 1.235023617744445801e+00
-4.271929264068603516e-01 -2.482369899749755859e+00 1.229009747505187988e+00
-4.123377799987792969e-01 -2.482781171798706055e+00 1.223295450210571289e+00
-3.988764882087707520e-01 -2.484069108963012695e+00 1.217996716499328613e+00
-3.877032995223999023e-01 -2.486071825027465820e+00 1.213194608688354492e+00
-3.806135654449462891e-01 -2.490837812423706055e+00 1.209951877593994141e+00
-3.786835074424743652e-01 -2.498320817947387695e+00 1.208410382270812988e+00
-3.855891227722167969e-01 -2.506853103637695312e+00 1.208985567092895508e+00
-4.031696319580078125e-01 -2.516182184219360352e+00 1.211956620216369629e+00
-4.266769289970397949e-01 -2.521731138229370117e+00 1.214117050170898438e+00
-4.569510221481323242e-01 -2.522402763366699219e+00 1.215126037597656250e+00
-4.948567748069763184e-01 -2.517033815383911133e+00 1.214613914489746094e+00
-5.425301194190979004e-01 -2.507741928100585938e+00 1.213659524917602539e+00
-6.066690683364868164e-01 -2.489941596984863281e+00 1.210914134979248047e+00
-6.722059249877929688e-01 -2.462256669998168945e+00 1.204654455184936523e+00
-7.386113405227661133e-01 -2.426534652709960938e+00 1.195011615753173828e+00
-8.150094747543334961e-01 -2.402947425842285156e+00 1.192393541336059570e+00
-9.196141958236694336e-01 -2.384828805923461914e+00 1.197657346725463867e+00
-1.044265627861022949e+00 -2.362816095352172852e+00 1.204183816909790039e+00
-1.195473790168762207e+00 -2.336284637451171875e+00 1.212111711502075195e+00
-1.276077866554260254e+00 -2.328419923782348633e+00 1.202861785888671875e+00
-1.359450459480285645e+00 -2.314333200454711914e+00 1.163831472396850586e+00
-1.338275790214538574e+00 -2.270679473876953125e+00 1.172464609146118164e+00
-1.282201766967773438e+00 -2.165119886398315430e+00 1.216317772865295410e+00
-1.187528848648071289e+00 -2.047140836715698242e+00 1.275664448738098145e+00
-1.070339202880859375e+00 -1.911698818206787109e+00 1.317637443542480469e+00
-9.449715018272399902e-01 -1.775433301925659180e+00 1.355571508407592773e+00
-8.154250383377075195e-01 -1.638074398040771484e+00 1.383661508560180664e+00
-7.053697109222412109e-01 -1.573240041732788086e+00 1.415706634521484375e+00
-6.749422550201416016e-01 -1.495442986488342285e+00 1.401125192642211914e+00
-6.746875047683715820e-01 -1.410786032676696777e+00 1.359241724014282227e+00
-6.815281510353088379e-01 -1.317935228347778320e+00 1.296250343322753906e+00
-6.398651599884033203e-01 -1.214535355567932129e+00 1.236844182014465332e+00
-6.386175751686096191e-01 -1.181350946426391602e+00 1.199908494949340820e+00
-6.660918593406677246e-01 -1.181230545043945312e+00 1.179237723350524902e+00
-7.491341829299926758e-01 -1.049164175987243652e+00 1.227257966995239258e+00
-8.574925065040588379e-01 -8.377578258514404297e-01 1.246199965476989746e+00
-9.894794821739196777e-01 -5.679605007171630859e-01 1.230816125869750977e+00
-1.079409599304199219e+00 -2.588095366954803467e-01 1.151236295700073242e+00
-1.110691785812377930e+00 -4.541099071502685547e-03 1.014606833457946777e+00
-1.032786488533020020e+00 2.680318057537078857e-01 8.460340499877929688e-01
-9.015986919403076172e-01 5.264628529548645020e-01 6.858559250831604004e-01
-7.826414108276367188e-01 7.221149206161499023e-01 5.677065253257751465e-01
-6.184085607528686523e-01 9.237066507339477539e-01 3.738874197006225586e-01
-4.547505974769592285e-01 1.033416390419006348e+00 2.861179113388061523e-01
-2.676554322242736816e-01 1.193781018257141113e+00 1.659498959779739380e-01
-9.024903178215026855e-02 1.372761368751525879e+00 8.734017610549926758e-04
7.600498199462890625e-02 1.516670942306518555e+00 -2.079970389604568481e-01
1.414755433797836304e-01 1.570278644561767578e+00 -3.747573494911193848e-01
1.676881462335586548e-01 1.572708725929260254e+00 -5.332625508308410645e-01
2.291443943977355957e-01 1.554159522056579590e+00 -6.775140762329101562e-01
2.649128437042236328e-01 1.583982944488525391e+00 -7.521892189979553223e-01
2.979461550712585449e-01 1.644105195999145508e+00 -7.772425413131713867e-01
3.608098030090332031e-01 1.712443947792053223e+00 -8.130684494972229004e-01
4.495605230331420898e-01 1.774348974227905273e+00 -8.535131216049194336e-01
5.173201560974121094e-01 1.796434283256530762e+00 -9.009380340576171875e-01
5.740545988082885742e-01 1.807669043540954590e+00 -9.441213607788085938e-01
5.586437582969665527e-01 1.808919668197631836e+00 -9.791362881660461426e-01
5.672730207443237305e-01 1.801313757896423340e+00 -9.878140091896057129e-01
