1.000819074544127885e+00 1.000990507576280830e+00 1.000148571905905115e+00
1.000399892707755090e+00 1.000891972839909716e+00 1.000895637907118108e+00
1.000564806864449041e+00 1.000693955126922496e+00 1.000289665416679519e+00
1.000598114195706101e+00 1.000391688325487305e+00 1.000376503427546471e+00
1.000419125698393863e+00 1.000567025105580043e+00 1.000791257238635934e+00
1.000892960569340850e+00 1.000562874744418185e+00 1.000287736091294510e+00
1.000489363206439775e+00 1.000826933160618326e+00 1.000010132034558463e+00
1.000140537857137302e+00 1.000954346550000373e+00 1.000572152835823347e+00
1.000427589369503378e+00 1.000413633109957123e+00 1.000523135920100115e+00
1.000128449917837781e+00 1.000533521487079192e+00 1.000406338363974523e+00
1.000374234669937135e+00 1.000336534487127116e+00 1.000959243807382881e+00
1.000010809598439243e+00 1.000184072341045338e+00 1.000001986003643317e+00
1.000892471642162107e+00 1.000554410178082776e+00 1.000354930426400335e+00
1.000402710962729813e+00 1.000989651295986160e+00 1.000682619471575441e+00
1.000101718681874807e+00 1.000977866168931252e+00 1.000571722468315050e+00
1.000466805781662805e+00 1.000969067426166870e+00 1.000897910418200976e+00
1.000314675124387875e+00 1.000036746963481660e+00 1.000069120166197090e+00
1.000220688686724646e+00 1.000349440585120986e+00 1.000271208451797289e+00
1.000054296312782975e+00 1.000557892932093518e+00 1.000702500262032446e+00
1.000079669327138987e+00 1.000767801605557006e+00 1.000152001237264665e+00
1.000937398474766038e+00 1.000229236426386947e+00 1.000439636497949314e+00
1.000491540048663808e+00 1.000020777059855481e+00 1.000854666848732810e+00
1.000275095303931217e+00 1.000698215161299975e+00 1.000647703132520938e+00
1.000810743022380489e+00 1.000001524630965699e+00 1.000715388428206287e+00
1.000874031517204443e+00 1.000951639134096682e+00 1.000615097589295344e+00
1.000354335135757999e+00 1.000685939944837122e+00 1.000011219618694991e+00
1.000730673024648576e+00 1.000678287304892500e+00 1.000789847787856068e+00
1.000163505078976556e+00 1.000087969328940618e+00 1.000859094295038609e+00
1.000815345343802898e+00 1.000616268058239111e+00 1.000567925761400634e+00
1.000432267451497381e+00 1.000113052277187498e+00 1.000590150043723980e+00
1.000074640044615659e+00 1.000378707227449038e+00 1.000269044865456536e+00
1.000992768503125463e+00 1.000132868864062496e+00 1.000009543697077508e+00
1.000598517241522822e+00 1.000858353860554661e+00 1.000538353885304987e+00
1.000561234434547364e+00 1.000525455151576981e+00 1.000403412249724955e+00
1.000904352486835291e+00 1.000181007774967323e+00 1.000704153966593291e+00
1.000119185603036032e+00 1.000859052574223806e+00 1.000566249781756678e+00
1.000830012162228666e+00 1.000764248820723346e+00 1.000676218844689158e+00
1.000336780983473783e+00 1.000401641118552565e+00 1.000883476022788487e+00
1.000636114179494829e+00 1.000539223215142659e+00 1.000959349983868485e+00
1.000281419148355333e+00 1.000046736287186544e+00 1.000472421931821509e+00
1.000698744108059257e+00 1.000595697514555793e+00 1.000333739736768646e+00
1.000515018289532598e+00 1.000184819264066105e+00 1.000538479251293245e+00
1.000881415770749738e+00 1.000278560639520142e+00 1.000953340109241863e+00
1.000486019263482573e+00 1.000365885854103354e+00 1.000813389611000082e+00
1.000133906611766266e+00 1.000553833397065162e+00 1.000094314924088623e+00
1.000679602249998856e+00 1.000250547032796478e+00 1.000060368967359059e+00
1.000416587162952009e+00 1.000181139717975176e+00 1.000829443678163289e+00
1.000667516675571633e+00 1.000251781837144804e+00 1.000552036467687422e+00
1.000962768385095680e+00 1.000683017049388335e+00 1.000978007839286255e+00
1.000791119523707140e+00 1.000806857436145281e+00 1.000438604662818864e+00
1.000805493961978154e+00 1.000897694120498782e+00 1.000519485335510383e+00
1.000976720430838629e+00 1.000419350089155168e+00 1.000429484545924286e+00
1.000686305168852375e+00 1.000871260883183123e+00 1.000132342820461595e+00
1.000966222294692454e+00 1.000849038646783651e+00 1.000903011488496919e+00
1.000355479077231324e+00 1.000842764743760771e+00 1.000094592212354749e+00
1.000758531730425505e+00 1.000518457877205503e+00 1.000186961207191194e+00
1.000205809653816225e+00 1.000419786804659594e+00 1.000329584966255014e+00
1.000795613479878554e+00 1.000848973995479785e+00 1.000258063521145990e+00
1.000610315460532140e+00 1.000720466608239212e+00 1.000424941414189473e+00
1.000748195472085156e+00 1.000234373493397388e+00 1.000544241625850095e+00
1.000625017384571436e+00 1.000129496790534533e+00 1.000164965909021930e+00
1.000020807160979297e+00 1.000283307790574616e+00 1.000756181215881613e+00
1.000636886934872516e+00 1.000450899067116595e+00 1.000883638035474865e+00
1.000063828297623525e+00 1.000111854313580295e+00 1.000451448274891852e+00
1.000479764914589564e+00 1.000234305791374956e+00 1.000107189092015236e+00
1.000965678280972160e+00 1.000969719588529872e+00 1.000140941124939342e+00
1.000499627679405812e+00 1.000455619387222939e+00 1.000791787485512563e+00
1.000696224974767956e+00 1.000357002715701382e+00 1.000609255717617607e+00
1.000631320922154455e+00 1.000217719075756406e+00 1.000528075737347145e+00
1.000394881125584501e+00 1.000605162936621051e+00 1.000675822411825067e+00
1.000748671811507728e+00 1.000102830750881910e+00 1.000999481423412441e+00
1.000205278082654248e+00 1.000692522662118167e+00 1.000408539894985571e+00
1.000486798949365541e+00 1.000376107636165024e+00 1.000582854186093940e+00
1.000986077586973000e+00 1.000941562804556151e+00 1.000238508060617981e+00
1.000352031396559704e+00 1.000729983576681414e+00 1.000197769860843300e+00
1.000141731152816016e+00 1.000424011547111913e+00 1.000723152199007648e+00
1.000514824372675138e+00 1.000705479865428682e+00 1.000533849549153587e+00
1.000339222534534445e+00 1.000268861683974331e+00 1.000863689090819131e+00
1.000236132297696701e+00 1.000970322525436051e+00 1.000796561236644955e+00
1.000323169901717213e+00 1.000654177310658755e+00 1.000546106809566682e+00
1.000256749108266563e+00 1.000780815814578562e+00 1.000895290107611579e+00
1.000224405023399710e+00 1.000141005064066890e+00 1.000734460644702617e+00
1.000280605344524787e+00 1.000003894177281083e+00 1.000195241116573541e+00
1.000506387776632700e+00 1.000660169830849267e+00 1.000400572235082830e+00
1.000578423673593731e+00 1.000471191773791624e+00 1.000824552471583084e+00
1.000390637083053313e+00 1.000106863391992951e+00 1.000010252240961961e+00
1.000100102483092002e+00 1.000266007084493980e+00 1.000779577573945200e+00
1.000933704175675398e+00 1.000611494836759707e+00 1.000885049429715901e+00
1.000873310992631771e+00 1.000423678493914892e+00 1.000395837011487821e+00
1.000658626431512932e+00 1.000749001041645991e+00 1.000344935238181465e+00
1.000981376656456812e+00 1.000256008512114159e+00 1.000062172018186590e+00
1.000244463381501969e+00 1.000270836936289820e+00 1.000741334151334039e+00
1.000415172490792592e+00 1.000669479759328961e+00 1.000085906881289732e+00
1.000882044631754564e+00 1.000381429720220927e+00 1.000611293032983351e+00
1.000738848118670088e+00 1.000459588103224773e+00 1.000858556341056360e+00
1.000371370796556247e+00 1.000208363881344154e+00 1.000907609173510071e+00
1.000459522755191566e+00 1.000144011609801487e+00 1.000188712280278835e+00
1.000904965847072559e+00 1.000703787644418696e+00 1.000396285144284914e+00
1.000492644046575785e+00 1.000480758396861347e+00 1.000131179974745876e+00
1.000474546349483074e+00 1.000575930830055471e+00 1.000574221794166219e+00
1.000504551617968918e+00 1.000148245852021889e+00 1.000352849798509025e+00
1.000625354767485486e+00 1.000836221109099977e+00 1.000742398221083240e+00
1.000905677554108308e+00 1.000430208247980346e+00 1.000616274506995085e+00
1.000559313216198287e+00 1.000636450782552034e+00 1.000400797099398886e+00
1.000825047975496984e+00 1.000135669623363421e+00 1.000161381114288428e+00
1.000132544009789015e+00 1.000434316917980793e+00 1.000788255499956092e+00
1.000417334306524575e+00 1.000394778843006982e+00 1.000086735434534413e+00
1.000824475861128882e+00 1.000303910535951468e+00 1.000594490219681942e+00
1.000814020680404814e+00 1.000365885601586458e+00 1.000249741266564740e+00
1.000720779602160659e+00 1.000614272583899567e+00 1.000639976347742044e+00
1.000999703254231932e+00 1.000500719310164932e+00 1.000203799824888051e+00
1.000942236332563962e+00 1.000167922528906406e+00 1.000913813571152167e+00
1.000327166411828506e+00 1.000089271995983298e+00 1.000551234400909095e+00
1.000841912806584855e+00 1.000680193988846334e+00 1.000508756515178677e+00
1.000327396108305900e+00 1.000099039306851845e+00 1.000917761024689323e+00
1.000780209430075285e+00 1.000313312518555708e+00 1.000371949840378250e+00
1.000738667779121682e+00 1.000063351790218436e+00 1.000508725598611814e+00
1.000088045530481473e+00 1.000854673976347975e+00 1.000432313331207856e+00
1.000324887033007037e+00 1.000275647721622585e+00 1.000187649457362715e+00
1.000785059317569337e+00 1.000156284166615395e+00 1.000209078153640130e+00
1.000481953044550787e+00 1.000638628001517816e+00 1.000473322065202675e+00
1.000512605085920104e+00 1.000482424251936342e+00 1.000992298073232423e+00
1.000217401453693533e+00 1.000880212056434182e+00 1.000773287383055044e+00
1.000740857466705380e+00 1.000189563970898421e+00 1.000844070527407759e+00
1.000502496202305913e+00 1.000888349410555378e+00 1.000606022975229603e+00
1.000643233539830979e+00 1.000481490786619077e+00 1.000248321616985070e+00
1.000051457291109891e+00 1.000450967068015506e+00 1.000887544622302228e+00
1.000527627206660553e+00 1.000933814992924775e+00 1.000343168592275012e+00
1.000522869944624249e+00 1.000092832537974097e+00 1.000705872680367481e+00
1.000270885116557817e+00 1.000566770957199703e+00 1.000787542511524464e+00
1.000426504284313678e+00 1.000164876897373878e+00 1.000743593526767894e+00
1.000492261511094494e+00 1.000412971741496237e+00 1.000719307859460505e+00
1.000718289448295328e+00 1.000886695274290972e+00 1.000115952137180297e+00
1.000422099356484074e+00 1.000324819170340884e+00 1.000596283749813686e+00
1.000456281678911097e+00 1.000310616956066045e+00 1.000843926546560514e+00
1.000233031529536465e+00 1.000923572411091644e+00 1.000615187086500546e+00
1.000644958406917473e+00 1.000782839218971931e+00 1.000824671831988644e+00
1.000057037405986948e+00 1.000857085082855091e+00 1.000858060018434692e+00
1.000085505491223881e+00 1.000107301402704874e+00 1.000830283028493417e+00
1.000763818155948393e+00 1.000336795752793995e+00 1.000949939304404346e+00
1.000137863704936958e+00 1.000566426729253333e+00 1.000834845777033744e+00
1.000543671957630831e+00 1.000452916183166785e+00 1.000990055599876749e+00
1.000867412116724475e+00 1.000123102018081855e+00 1.000504588628138070e+00
1.000849698671013366e+00 1.000729217992766262e+00 1.000248239969961928e+00
1.000390382844786208e+00 1.000106116429663849e+00 1.000989416090650064e+00
1.000622485071113621e+00 1.000836855083299337e+00 1.000710035993494396e+00
1.000446115499376898e+00 1.000288332166464844e+00 1.000069699046407301e+00
1.000315163001918473e+00 1.000693729001593368e+00 1.000445343273838494e+00
1.000797830710929315e+00 1.000882565243317979e+00 1.000702702317405990e+00
1.000555954614171572e+00 1.000018385779548158e+00 1.000777546729559875e+00
1.000525126014444544e+00 1.000172460533263807e+00 1.000067904416875209e+00
1.000122137108809151e+00 1.000573440380461809e+00 1.000056159328688965e+00
1.000199014216449189e+00 1.000802633225479354e+00 1.000284594655400205e+00
1.000923036827956247e+00 1.000285131182252485e+00 1.000028629739181163e+00
1.000611708380372056e+00 1.000322531418281091e+00 1.000446576925470454e+00
1.000484730642489772e+00 1.000527590170891656e+00 1.000523867688887680e+00
1.000668586967644824e+00 1.000863337224113359e+00 1.000927617730441588e+00
1.000858016238064696e+00 1.000060058185735956e+00 1.000676622690101158e+00
1.000019081811384991e+00 1.000893951235262147e+00 1.000801821199322372e+00
1.000311789882422531e+00 1.000434105354325309e+00 1.000358915967462403e+00
1.000816388823779768e+00 1.000230413705758048e+00 1.000440644135866197e+00
1.000320259888560770e+00 1.000203526102963592e+00 1.000488557488630637e+00
1.000003555046494963e+00 1.000400657473294652e+00 1.000067268795367337e+00
1.000181384175122590e+00 1.000416183394970959e+00 1.000915676855717917e+00
1.000210475836545765e+00 1.000258670089839041e+00 1.000721423985213798e+00
1.000375977973592345e+00 1.000541242316152601e+00 1.000911408491667265e+00
1.000838650854276590e+00 1.000703427921072031e+00 1.000165338948470373e+00
1.000139233815327433e+00 1.000326441712959813e+00 1.000871141653076224e+00
1.000742096602715181e+00 1.000734512218442340e+00 1.000298711284231867e+00
1.000982865778885955e+00 1.000175983121370127e+00 1.000460390552501577e+00
1.000338733449348538e+00 1.000827853130826339e+00 1.000786842133112531e+00
1.000526116169790258e+00 1.000975445490150717e+00 1.000858459463110472e+00
1.000500596390673458e+00 1.000879910540584783e+00 1.000064691221485891e+00
1.000416546124000439e+00 1.000749597334954499e+00 1.000063756691121686e+00
1.000966491049504858e+00 1.000427683066385853e+00 1.000381657662720469e+00
1.000661695225684156e+00 1.000492850913395904e+00 1.000418211687439829e+00
1.000183933096958411e+00 1.000587846879194664e+00 1.000988079973895717e+00
1.000885562129925521e+00 1.000338127058191251e+00 1.000267868455752884e+00
1.000540594504791603e+00 1.000354136672377825e+00 1.000730819016317996e+00
1.000963654962954141e+00 1.000652496829904647e+00 1.000386048945156592e+00
1.000550915986373912e+00 1.000385252538893210e+00 1.000002347778214729e+00
1.000226301586376598e+00 1.000698560632349965e+00 1.000306135854435174e+00
1.000600357513347305e+00 1.000782561967175743e+00 1.000776822907333274e+00
1.000432066695260858e+00 1.000783361620993350e+00 1.000568524063839559e+00
1.000644627815019616e+00 1.000998225627488969e+00 1.000548974502031729e+00
1.000248104271775240e+00 1.000471587206435142e+00 1.000084664263749756e+00
1.000650711278825433e+00 1.000831750248988516e+00 1.000695765038061236e+00
1.000185076420784691e+00 1.000805496670332362e+00 1.000245769591825429e+00
1.000993757902277848e+00 1.000164136310211171e+00 1.000496148617490588e+00
1.000428992230126601e+00 1.000817635281039175e+00 1.000925041664336268e+00
1.000766028931398433e+00 1.000764278624741710e+00 1.000090739699336817e+00
1.000392140006158836e+00 1.000776954347373016e+00 1.000407126859208073e+00
1.000286223468699554e+00 1.000644669126002251e+00 1.000115123040402176e+00
1.000967804797801675e+00 1.000026891972272791e+00 1.000690750982820010e+00
1.000770397230255071e+00 1.000653369200738885e+00 1.000092766770190655e+00
1.000158352091287339e+00 1.000930949478384235e+00 1.000229859697260082e+00
1.000457207159245465e+00 1.000329959055991091e+00 1.000354863919609150e+00
1.000659235759219445e+00 1.000008867753238384e+00 1.000092403736516644e+00
1.000423817996203724e+00 1.000637985575321132e+00 1.000689324552623827e+00
1.000275642516172070e+00 1.000657062267512831e+00 1.000038291565434889e+00
1.000131007426343643e+00 1.000074405517979770e+00 1.000993089810580550e+00
1.000339648584450236e+00 1.000577569551289514e+00 1.000431949763917139e+00
1.000188910440939605e+00 1.000935166504257845e+00 1.000132556047260257e+00
1.000950728644141696e+00 1.000317624990950671e+00 1.000008695197551312e+00
1.000077939872203503e+00 1.000490213735139244e+00 1.000267689591766151e+00
1.000108857721216271e+00 1.000810629228118920e+00 1.000520915242285591e+00
1.000814943018173420e+00 1.000852858665747247e+00 1.000892850576457382e+00
1.000500738551134638e+00 1.000810163388325069e+00 1.000703189619098099e+00
1.000093444667493392e+00 1.000084596818938687e+00 1.000862079998268594e+00
1.000767841298165983e+00 1.000608263960517164e+00 1.000668930997469230e+00
1.000475061297734669e+00 1.000974737857678099e+00 1.000954849272712943e+00
1.000002589319220592e+00 1.000160387782075500e+00 1.000664841429064422e+00
1.000684166167919331e+00 1.000919614076285491e+00 1.000811182891163664e+00
1.000759038415847790e+00 1.000067144511697759e+00 1.000136689775477539e+00
1.000895596122889808e+00 1.000494507247765119e+00 1.000624578347709681e+00
1.000193926976705283e+00 1.000240667617725343e+00 1.000802370312326550e+00
1.000601145299056860e+00 1.000115308610528997e+00 1.000253165502469344e+00
1.000738998993653928e+00 1.000128278527952386e+00 1.000397300685015534e+00
1.000796572303513043e+00 1.000948188021676177e+00 1.000227133639090216e+00
1.000129999214200094e+00 1.000799045851224811e+00 1.000012826987777714e+00
1.000933799563167970e+00 1.000912119393268407e+00 1.000068173203459532e+00
1.000503141237775395e+00 1.000504694631865643e+00 1.000487997831950304e+00
1.000034885280497443e+00 1.000008270512058095e+00 1.000630243033269418e+00
1.000757501214894596e+00 1.000693659230848409e+00 1.000331626587055656e+00
1.000033510742760701e+00 1.000802657849289679e+00 1.000052879212287804e+00
1.000072721454253966e+00 1.000093477087706795e+00 1.000228279471535142e+00
1.000452610589292579e+00 1.000488779662510153e+00 1.000127871885467368e+00
1.000722431477719443e+00 1.000686895713199576e+00 1.000992004380784950e+00
1.000435110238255598e+00 1.000894031940546602e+00 1.000454115135546385e+00
1.000797207129883848e+00 1.000746691999229609e+00 1.000883938752533009e+00
1.000446967282692334e+00 1.000825821975235730e+00 1.000601815123530525e+00
1.000166720225423855e+00 1.000757911958501722e+00 1.000084324025487970e+00
1.000644737756813063e+00 1.000378142528823400e+00 1.000696762293411091e+00
1.000662696641653193e+00 1.000764304469293320e+00 1.000179256784947901e+00
1.000724952350103170e+00 1.000385167244679518e+00 1.000982468101996092e+00
1.000653659649255678e+00 1.000851580520476736e+00 1.000645459857538944e+00
1.000129951788311100e+00 1.000405306949534445e+00 1.000388211832276442e+00
1.000964238212596724e+00 1.000289987298806471e+00 1.000233704578017413e+00
1.000097547081842952e+00 1.000083450766991788e+00 1.000560010822319823e+00
1.000364064379954510e+00 1.000619317540102360e+00 1.000367601499231318e+00
1.000932278653371865e+00 1.000367210008310304e+00 1.000249397956676445e+00
1.000166655483351041e+00 1.000356139018256707e+00 1.000737273721562515e+00
1.000671656302198453e+00 1.000184657062664018e+00 1.000166429540720436e+00
1.000326019367076880e+00 1.000240299021687873e+00 1.000820841780491133e+00
1.000100688185183717e+00 1.000155523316490713e+00 1.000497050560528178e+00
1.000378423612609646e+00 1.000398059112939331e+00 1.000602395091219288e+00
1.000032522754823683e+00 1.000769634417420617e+00 1.000339415378757701e+00
1.000938025032104273e+00 1.000098475737767334e+00 1.000516563298982087e+00
1.000022141529156805e+00 1.000432898653578873e+00 1.000552489811028289e+00
1.000943375494497856e+00 1.000931370794736264e+00 1.000214691882513662e+00
1.000598429277578028e+00 1.000499836938072873e+00 1.000272014652765940e+00
1.000136517704150352e+00 1.000304405040857825e+00 1.000784885280691094e+00
1.000453419221410511e+00 1.000985242517624219e+00 1.000380455964841930e+00
1.000935827286998370e+00 1.000874599071919890e+00 1.000878454676450868e+00
1.000885838404710348e+00 1.000342953655998679e+00 1.000469180133885194e+00
1.000049591890387779e+00 1.000079548375860217e+00 1.000723120166724156e+00
1.000639848682366662e+00 1.000477423647399000e+00 1.000662775556619533e+00
1.000348192565176708e+00 1.000958272240510372e+00 1.000130455504383731e+00
1.000988783481753686e+00 1.000503412302328421e+00 1.000496630173975943e+00
1.000814193870626978e+00 1.000152298038062160e+00 1.000790664493689253e+00
1.000856954176725822e+00 1.000763883495220830e+00 1.000664336406780208e+00
1.000133389954321661e+00 1.000178378896420917e+00 1.000901327613985314e+00
1.000578695110797334e+00 1.000690420731733310e+00 1.000867333458673736e+00
1.000004411099076451e+00 1.000311366203480379e+00 1.000843473359105618e+00
1.000067105881209173e+00 1.000382235698661582e+00 1.000032491796531531e+00
1.000161139441138491e+00 1.000388117263103283e+00 1.000752720023389664e+00
1.000255262495216568e+00 1.000827708461705878e+00 1.000281153078402818e+00
1.000401266689022961e+00 1.000653470534714318e+00 1.000735730013214697e+00
1.000117753938465359e+00 1.000566185180324474e+00 1.000486622527231750e+00
1.000036099850565741e+00 1.000289297213173167e+00 1.000865559828996165e+00
1.000940680423539897e+00 1.000367431957048359e+00 1.000283833801334010e+00
1.000308411850571177e+00 1.000086220437920836e+00 1.000064425315958294e+00
1.000000705259354472e+00 1.000734643897465803e+00 1.000171668500614564e+00
1.000099164350398695e+00 1.000480188715343832e+00 1.000586323969362645e+00
1.000053590797891356e+00 1.000585841195499315e+00 1.000113211487193121e+00
1.000950795405798788e+00 1.000560788562107284e+00 1.000546581591924555e+00
1.000822648528790104e+00 1.000621407788728101e+00 1.000684351177155484e+00
1.000247727547499688e+00 1.000174346362640909e+00 1.000441994037873261e+00
1.000927735894957094e+00 1.000878334948481108e+00 1.000906764823524586e+00
1.000583941439509017e+00 1.000434354516190671e+00 1.000681455175226775e+00
1.000950190093353953e+00 1.000058368069135728e+00 1.000244632218683094e+00
1.000141251472123738e+00 1.000498853887897610e+00 1.000167867417686374e+00
1.000370133889831870e+00 1.000322364457984836e+00 1.000311906672716411e+00
1.000005538094505653e+00 1.000154253516325253e+00 1.000319866755440046e+00
1.000742340999468460e+00 1.000518289320877940e+00 1.000458329227048138e+00
1.000327347848205983e+00 1.000745535425449750e+00 1.000246098613558843e+00
1.000387302401730683e+00 1.000314383669915763e+00 1.000854378349325335e+00
1.000035151522577381e+00 1.000835665291512688e+00 1.000010706443236197e+00
1.000840602003918223e+00 1.000590527933779672e+00 1.000060497480941502e+00
1.000377499180958196e+00 1.000727823112273374e+00 1.000512354337196097e+00
1.000580221700651418e+00 1.000325716742254123e+00 1.000271031299680979e+00
1.000131824834657568e+00 1.000228873388976814e+00 1.000159885248485203e+00
1.000827868036555213e+00 1.000885443179539314e+00 1.000713393397304252e+00
1.000371190360935802e+00 1.000191364554373852e+00 1.000206367603237778e+00
1.000416527129051047e+00 1.000184119389337489e+00 1.000706886874423995e+00
1.000573724964697764e+00 1.000629228648546531e+00 1.000597300693248259e+00
1.000561777909004801e+00 1.000537998594487332e+00 1.000329358400477542e+00
1.000207110690481516e+00 1.000146839355891659e+00 1.000801260064237308e+00
1.000906282393102087e+00 1.000616846219826606e+00 1.000907468414079959e+00
1.000051391538692824e+00 1.000765514962515645e+00 1.000416736694564435e+00
1.000565856346324223e+00 1.000282239844774601e+00 1.000326788469577233e+00
1.000714792797536612e+00 1.000741978541887844e+00 1.000701670907541141e+00
1.000652026232585978e+00 1.000962754744378236e+00 1.000189474705439618e+00
1.000373210918120037e+00 1.000219257829686237e+00 1.000750516021145176e+00
1.000442940776238299e+00 1.000009528515674484e+00 1.000348870980096949e+00
1.000338383095671135e+00 1.000731020846416852e+00 1.000494744733835706e+00
1.000475125299517432e+00 1.000576141430761012e+00 1.000972452408974256e+00
1.000220026434881282e+00 1.000300038048990592e+00 1.000931401669075571e+00
1.000957963739707912e+00 1.000712311294843948e+00 1.000276867302166695e+00
1.000405431966545189e+00 1.000876495552075029e+00 1.000603033209122694e+00
1.000197369005347392e+00 1.000847821200110843e+00 1.000681730882003739e+00
1.000846522136126904e+00 1.000647703388039433e+00 1.000231346146380096e+00
1.000525341532386703e+00 1.000231933942179463e+00 1.000839027584310426e+00
1.000632242641244396e+00 1.000140183456626142e+00 1.000467114524107526e+00
1.000239670980384465e+00 1.000744976806462017e+00 1.000918449718293912e+00
1.000800980920267813e+00 1.000274037779886660e+00 1.000816882128097163e+00
1.000982623275546324e+00 1.000143956038309412e+00 1.000748028729023131e+00
1.000783695041736809e+00 1.000925822211563343e+00 1.000210313968901144e+00
1.000043493713467901e+00 1.000063441122177155e+00 1.000299699013100341e+00
1.000383836288189388e+00 1.000741219661849035e+00 1.000102221225496635e+00
1.000906325032582256e+00 1.000196344036069940e+00 1.000758461676867883e+00
1.000025816730022887e+00 1.000365220859483095e+00 1.000257051867578406e+00
1.000628596412886484e+00 1.000841287218877884e+00 1.000515657260617752e+00
1.000677666133354071e+00 1.000979159197929569e+00 1.000930223490285265e+00
1.000670763056225931e+00 1.000095435570636404e+00 1.000829827672777173e+00
1.000643908828545925e+00 1.000480435086050557e+00 1.000197414146289931e+00
1.000768605092563046e+00 1.000547082541453525e+00 1.000883718374042886e+00
1.000162467809256883e+00 1.000544787147138237e+00 1.000585585599574667e+00
1.000795921404829203e+00 1.000009737242435692e+00 1.000767694763004423e+00
1.000496952742658374e+00 1.000910178296707587e+00 1.000484947376027334e+00
1.000075452877331905e+00 1.000965554575832472e+00 1.000689869536736110e+00
1.000684043585651883e+00 1.000061986093530253e+00 1.000675745473407208e+00
1.000930743384545130e+00 1.000653266313123346e+00 1.000019624607351387e+00
1.000797347334048570e+00 1.000188862728813577e+00 1.000184270273965836e+00
1.000302683234683965e+00 1.000792763505393257e+00 1.000262704073420883e+00
1.000100948756327268e+00 1.000686222906835843e+00 1.000394868303483786e+00
1.000203224258711776e+00 1.000620773268340313e+00 1.000861653231586379e+00
1.000839678337443139e+00 1.000043964653590356e+00 1.000304361439062761e+00
1.000602031454564500e+00 1.000925683105028607e+00 1.000936535124358207e+00
1.000588752284218508e+00 1.000240235114638443e+00 1.000150709549202821e+00
1.000056552444409830e+00 1.000667279300123447e+00 1.000965342601819241e+00
1.000813729278576591e+00 1.000113916911786527e+00 1.000601879106467917e+00
1.000102992328047780e+00 1.000860514646551236e+00 1.000875147773440998e+00
1.000488776055724394e+00 1.000404331640795785e+00 1.000487101624295994e+00
1.000474730729095318e+00 1.000390159099421306e+00 1.000574800964658007e+00
1.000679832182688633e+00 1.000523681269603893e+00 1.000173861444388690e+00
1.000033493259452566e+00 1.000002793483432129e+00 1.000304007764259095e+00
1.000163163167927305e+00 1.000090072331005997e+00 1.000154762169545464e+00
1.000371516054076260e+00 1.000119913508822345e+00 1.000580370740977720e+00
1.000725518987073182e+00 1.000131396694168506e+00 1.000446424272704915e+00
1.000880719991829260e+00 1.000949233940596539e+00 1.000271236739047609e+00
1.000996014498369169e+00 1.000246086988482164e+00 1.000413080353036888e+00
1.000585095111030665e+00 1.000741312374527903e+00 1.000585848579053749e+00
1.000390613100224035e+00 1.000584229408453929e+00 1.000567087415116241e+00
1.000474140166751624e+00 1.000604626847888534e+00 1.000100695614965174e+00
1.000268010077573599e+00 1.000229566717412810e+00 1.000275275744518133e+00
1.000259179800573772e+00 1.000820047075876573e+00 1.000762717335063279e+00
1.000798606243278766e+00 1.000077736991724864e+00 1.000213332809931188e+00
1.000165102378868465e+00 1.000092843564030165e+00 1.000269720939220397e+00
1.000072236094428524e+00 1.000798099451473799e+00 1.000166909875380039e+00
1.000007383465201238e+00 1.000890605057076721e+00 1.000457773026122821e+00
1.000724871462869370e+00 1.000135548283321407e+00 1.000062556965846561e+00
1.000957448206146960e+00 1.000328027173305712e+00 1.000826069314940447e+00
1.000313604232569542e+00 1.000071113481005636e+00 1.000028495447092380e+00
1.000460519072521537e+00 1.000020852469699406e+00 1.000473036883438471e+00
1.000042393978005428e+00 1.000440408034192208e+00 1.000308539063814006e+00
1.000721282929060818e+00 1.000492969827447842e+00 1.000790735938084541e+00
1.000850310131750076e+00 1.000921997003669128e+00 1.000581771899015981e+00
1.000588335149344088e+00 1.000457306450337924e+00 1.000457838163834712e+00
1.000768146409448667e+00 1.000564555306867609e+00 1.000869855306614209e+00
1.000792419834301672e+00 1.000535666048310235e+00 1.000847086276367204e+00
1.000370874646278274e+00 1.000426681395303996e+00 1.000576038695075054e+00
1.000291461808511029e+00 1.000819429825367646e+00 1.000969364539883610e+00
1.000245254052853472e+00 1.000842271916379422e+00 1.000557224099662745e+00
1.000428004029541906e+00 1.000983317949233342e+00 1.000308911566272885e+00
1.000032426352211790e+00 1.000719809661112736e+00 1.000655329157724260e+00
1.000013350982630111e+00 1.000866947905005411e+00 1.000116016811582798e+00
1.000834344363083162e+00 1.000383781559576857e+00 1.000777976001478775e+00
1.000507588185984176e+00 1.000313082528500930e+00 1.000203920721969952e+00
1.000650593849796932e+00 1.000167462921925043e+00 1.000051746562760524e+00
1.000447483740504406e+00 1.000058715680488097e+00 1.000105616855481383e+00
1.000354331473691349e+00 1.000445790707114258e+00 1.000818375877334798e+00
1.000214879867183715e+00 1.000651193734553024e+00 1.000326505380220388e+00
1.000563533014986906e+00 1.000443711668787206e+00 1.000455179731281952e+00
1.000109126058409403e+00 1.000586808464420496e+00 1.000045988977619427e+00
1.000206213890766804e+00 1.000993754460379748e+00 1.000594721086886851e+00
1.000034374477446475e+00 1.000015745288422186e+00 1.000877703105828687e+00
1.000210297893915801e+00 1.000718900867552330e+00 1.000446603705490878e+00
1.000883832491055392e+00 1.000480874155029953e+00 1.000562734588457348e+00
1.000742706566599693e+00 1.000157389460770707e+00 1.000454129342549514e+00
1.000650889909254548e+00 1.000828322443199969e+00 1.000215492363330405e+00
1.000421693769484754e+00 1.000124175248657599e+00 1.000097557134852044e+00
1.000059844779931373e+00 1.000833598739991004e+00 1.000929665224960630e+00
1.000710087044895502e+00 1.000662769129883056e+00 1.000692533112195193e+00
1.000118172245288761e+00 1.000020430562100993e+00 1.000838256049443098e+00
1.000424815405605683e+00 1.000511267760090250e+00 1.000367659145287913e+00
1.000256701133743542e+00 1.000470769872091603e+00 1.000220495764614581e+00
1.000039798555108383e+00 1.000877844600001731e+00 1.000169885250296042e+00
1.000586806708543719e+00 1.000591482981570080e+00 1.000440866788748551e+00
1.000613352532425893e+00 1.000849944618390053e+00 1.000789006786042101e+00
1.000185820077992060e+00 1.000136796200486566e+00 1.000115971558209527e+00
1.000495949761559755e+00 1.000893384888596804e+00 1.000271213819066585e+00
1.000417365150311433e+00 1.000760532199899355e+00 1.000286789096004547e+00
1.000450007241108441e+00 1.000333794053197778e+00 1.000528372648700870e+00
1.000341166207502130e+00 1.000075818417148987e+00 1.000066717648646852e+00
1.000447052626898481e+00 1.000445262047684913e+00 1.000412475319379491e+00
1.000270362108445887e+00 1.000813605375271420e+00 1.000993501613083536e+00
1.000853248235796800e+00 1.000564535279161893e+00 1.000754528149695011e+00
1.000732463796974336e+00 1.000376931711375761e+00 1.000241650846665609e+00
1.000239920949662853e+00 1.000243091881696023e+00 1.000999672563189336e+00
1.000367251185482864e+00 1.000735850642202385e+00 1.000534199372691724e+00
1.000075611640077744e+00 1.000544942562593187e+00 1.000087940185328206e+00
1.000661922998665077e+00 1.000161013003018295e+00 1.000875391913635948e+00
1.000199699918084217e+00 1.000980078272822205e+00 1.000710521057740943e+00
1.000572386937465419e+00 1.000786925702490615e+00 1.000138505191283445e+00
1.000918164810800315e+00 1.000646100480572898e+00 1.000954291732737200e+00
1.000645718935698536e+00 1.000110698909084883e+00 1.000174841167268180e+00
1.000734986802322979e+00 1.000986906209669458e+00 1.000989333809034543e+00
1.000580798859937781e+00 1.000027783968080897e+00 1.000248681848035615e+00
1.000923976407749993e+00 1.000152743817953604e+00 1.000635787473673544e+00
1.000581480634549880e+00 1.000939660576842583e+00 1.000218189913151701e+00
1.000114618157508906e+00 1.000194495879332734e+00 1.000496756984249336e+00
1.000401600101877175e+00 1.000717964722494635e+00 1.000596671556693407e+00
1.000300882390486201e+00 1.000913757933463710e+00 1.000651374720395337e+00
1.000027948056106508e+00 1.000155548982698983e+00 1.000642895119198128e+00
1.000932314604883633e+00 1.000363308797845630e+00 1.000497581352470799e+00
1.000518988779526719e+00 1.000238980283031598e+00 1.000640539699996889e+00
1.000881046136192998e+00 1.000033047296067235e+00 1.000252414392486910e+00
1.000760450156819470e+00 1.000474249453418452e+00 1.000870745874721690e+00
1.000694327414521911e+00 1.000087880698165455e+00 1.000105074634412006e+00
1.000709264455274194e+00 1.000532492623405600e+00 1.000358549887153892e+00
1.000097065465032076e+00 1.000036727740134301e+00 1.000993372383969904e+00
1.000822501996890823e+00 1.000094121463351637e+00 1.000376661546253709e+00
1.000720683291053126e+00 1.000294790036156956e+00 1.000864510409557928e+00
1.000831421243045583e+00 1.000875867769163152e+00 1.000940126895428772e+00
1.000235848574752007e+00 1.000037154106082404e+00 1.000564343425273783e+00
1.000234849472788401e+00 1.000276096034133699e+00 1.000449732595857899e+00
1.000364255175920425e+00 1.000663260115616904e+00 1.000504612744081978e+00
1.000497758204957233e+00 1.000820170969321632e+00 1.000820720056790902e+00
1.000341165109186914e+00 1.000496500242504361e+00 1.000180179119246171e+00
1.000262373977284458e+00 1.000760662975347159e+00 1.000974162968792935e+00
1.000552408296809803e+00 1.000770297703542200e+00 1.000767615642155217e+00
1.000027221938230459e+00 1.000044706047276799e+00 1.000284469683727862e+00
1.000700488435467550e+00 1.000417096616648127e+00 1.000048659406596041e+00
1.000659052697769891e+00 1.000127973501216738e+00 1.000788684099411796e+00
1.000127651044431243e+00 1.000597970395504355e+00 1.000616110960489413e+00
1.000710444461369253e+00 1.000057920525447175e+00 1.000547765174047754e+00
1.000538011829909868e+00 1.000904240597388917e+00 1.000284356892524373e+00
1.000758871176764320e+00 1.000542460295505309e+00 1.000285985857697124e+00
1.000302309055416172e+00 1.000924737917012086e+00 1.000199132288707160e+00
1.000242308952323134e+00 1.000357998029469675e+00 1.000182225893921695e+00
1.000229297910191439e+00 1.000406992287879993e+00 1.000399068482717091e+00
1.000572075244985593e+00 1.000629264879264069e+00 1.000222940789050607e+00
1.000791933159402625e+00 1.000823377387005886e+00 1.000348838360172410e+00
1.000429447548847328e+00 1.000874136723114427e+00 1.000676850391845507e+00
1.000070352791441408e+00 1.000627932742337300e+00 1.000114524955998618e+00
1.000339991743661505e+00 1.000226143861498773e+00 1.000297369704132411e+00
1.000307549794478668e+00 1.000620847686324533e+00 1.000200365468978614e+00
1.000117498286015705e+00 1.000648393456392116e+00 1.000939705472998487e+00
1.000147267790502781e+00 1.000476024531280261e+00 1.000666954167694467e+00
1.000116157735405187e+00 1.000827825857748321e+00 1.000327040511218790e+00
1.000252910560704089e+00 1.000257097201501466e+00 1.000504504788081839e+00
1.000523955975195722e+00 1.000029808201088333e+00 1.000089226951387689e+00
1.000991282721298559e+00 1.000330311388650140e+00 1.000263645067742457e+00
1.000928816193048521e+00 1.000673921902334396e+00 1.000555737088827613e+00
1.000664940714675932e+00 1.000771938597521560e+00 1.000764478272704983e+00
1.000950763860438242e+00 1.000927756993484907e+00 1.000926214585791341e+00
1.000624879740681816e+00 1.000717515603870789e+00 1.000658009768948142e+00
1.000406615503155683e+00 1.000966570785539744e+00 1.000977595077267246e+00
1.000593374556881798e+00 1.000738399520978872e+00 1.000275772219259229e+00
1.000986573671338142e+00 1.000355052385078380e+00 1.000704483132086153e+00
1.000667340331948596e+00 1.000712989080393855e+00 1.000799944260546637e+00
1.000713495657406860e+00 1.000410116482713496e+00 1.000386500545040080e+00
1.000016161847441687e+00 1.000911616657655490e+00 1.000723798414661303e+00
1.000369512908316771e+00 1.000081509006071290e+00 1.000656542771723778e+00
1.000418547101858957e+00 1.000616702490249033e+00 1.000601883011221105e+00
1.000155947620092967e+00 1.000580012895000870e+00 1.000030996369458025e+00
1.000098784631739512e+00 1.000184865048250771e+00 1.000857639679111566e+00
1.000871650640518862e+00 1.000735437499096658e+00 1.000350131138075138e+00
1.000214735281873546e+00 1.000235798913164054e+00 1.000782811007493445e+00
1.000068210059321450e+00 1.000957226705739389e+00 1.000168680624674566e+00
1.000048615439300459e+00 1.000044727131158107e+00 1.000016852505700049e+00
1.000307391214089847e+00 1.000306051948843145e+00 1.000619513199298094e+00
1.000737790738519761e+00 1.000659964827419701e+00 1.000688258013649357e+00
1.000630279847325665e+00 1.000018382612240186e+00 1.000693525223955938e+00
1.000712189568314203e+00 1.000861139927143206e+00 1.000132968211134399e+00
1.000131976199749362e+00 1.000674247195776578e+00 1.000956404415511924e+00
1.000760390778546727e+00 1.000218056367425667e+00 1.000916605421203531e+00
1.000190593239962844e+00 1.000750694175355449e+00 1.000183018628987508e+00
1.000569448014139606e+00 1.000813827174281023e+00 1.000016187143110580e+00
1.000359272296529989e+00 1.000429830283666943e+00 1.000692661178918863e+00
1.000700112916716122e+00 1.000831704210296103e+00 1.000779743475250116e+00
1.000068037890151640e+00 1.000039355155420084e+00 1.000602638598354854e+00
1.000224443190053325e+00 1.000800627550285204e+00 1.000228546788027639e+00
1.000169473607390946e+00 1.000860574516185597e+00 1.000824600444370382e+00
1.000817326830471199e+00 1.000301639429919343e+00 1.000981522146875413e+00
1.000941008070102445e+00 1.000735028507066415e+00 1.000941170789815926e+00
1.000171440379873600e+00 1.000711257837802126e+00 1.000581710464381713e+00
1.000471503880812740e+00 1.000154846316043677e+00 1.000566060281995018e+00
1.000725551607957398e+00 1.000752867926844480e+00 1.000171292268283052e+00
1.000076718137841603e+00 1.000745559329891954e+00 1.000587310027237331e+00
1.000078842276751034e+00 1.000440465699298453e+00 1.000939080975015605e+00
1.000402021321866064e+00 1.000536407977220543e+00 1.000726822949586703e+00
1.000164609609316191e+00 1.000225202077646314e+00 1.000400395692982558e+00
1.000602089394158734e+00 1.000828960544289270e+00 1.000505041694712327e+00
1.000746393920010968e+00 1.000208349345337311e+00 1.000765709004744375e+00
1.000033160743245331e+00 1.000376958415466699e+00 1.000589848864207765e+00
1.000140427219184502e+00 1.000242623178289270e+00 1.000387911929332851e+00
1.000624798784351510e+00 1.000255919533835858e+00 1.000535687615303759e+00
1.000681646690288806e+00 1.000761964847344254e+00 1.000960510901711897e+00
1.000169679903594844e+00 1.000950071918411011e+00 1.000824071770447965e+00
1.000877095224190771e+00 1.000882715740984530e+00 1.000283306058112665e+00
1.000884977101317963e+00 1.000140640361773858e+00 1.000481420149282430e+00
1.000848434187292302e+00 1.000711200366265485e+00 1.000383512998156199e+00
1.000472672379776107e+00 1.000117106884764961e+00 1.000702370335783131e+00
1.000191970676473474e+00 1.000664922269242751e+00 1.000107557299254379e+00
1.000239057556454148e+00 1.000081339463964047e+00 1.000428495176925558e+00
1.000007486214457897e+00 1.000905883213729641e+00 1.000886883589953591e+00
1.000845036723224446e+00 1.000483970453877713e+00 1.000311229022886161e+00
1.000777070662508761e+00 1.000136994270339974e+00 1.000682046273501768e+00
1.000699073330053812e+00 1.000386152344606705e+00 1.000696684034519501e+00
1.000104605123761869e+00 1.000807713767469131e+00 1.000845202716364346e+00
1.000427792816280581e+00 1.000097383290124986e+00 1.000592897935539183e+00
1.000368719625988501e+00 1.000027302841840049e+00 1.000461799800777873e+00
1.000420483629457902e+00 1.000651848839438918e+00 1.000776767851639715e+00
1.000594946471784263e+00 1.000264710822494907e+00 1.000246290335395027e+00
1.000220435367179306e+00 1.000932810842925402e+00 1.000514407167670594e+00
1.000373722441828983e+00 1.000043331415003456e+00 1.000833236451946551e+00
1.000638228456975920e+00 1.000978900214191336e+00 1.000987217756051484e+00
1.000683445202391386e+00 1.000969829961400270e+00 1.000956501265359400e+00
1.000610471211944796e+00 1.000827057789594576e+00 1.000656137741490870e+00
1.000450500575864599e+00 1.000854567937880191e+00 1.000068152264257382e+00
1.000389576156269777e+00 1.000432172588435309e+00 1.000957988599653792e+00
1.000161595432924155e+00 1.000180218659289855e+00 1.000998511817440484e+00
1.000767527064519102e+00 1.000345656291949714e+00 1.000392292075473311e+00
1.000748794623988802e+00 1.000035957985921709e+00 1.000020246756276432e+00
1.000447846118401429e+00 1.000872656936354854e+00 1.000029509979733389e+00
1.000469658693340813e+00 1.000177840893825776e+00 1.000880561882642850e+00
1.000457792425806458e+00 1.000074776037965796e+00 1.000492631236381769e+00
1.000812606738207267e+00 1.000439155915927580e+00 1.000958167543136712e+00
1.000857275920450595e+00 1.000772912064251452e+00 1.000268265308852378e+00
1.000567883751551923e+00 1.000185462644981316e+00 1.000560530369471346e+00
1.000914619641940506e+00 1.000123786432986384e+00 1.000599883784178079e+00
1.000302462019176719e+00 1.000306769212225833e+00 1.000585787816259176e+00
1.000794029266868002e+00 1.000581790528446646e+00 1.000537010084567413e+00
1.000373552876763217e+00 1.000919629129366495e+00 1.000149026037890909e+00
1.000559484981193625e+00 1.000373356140570769e+00 1.000893254209394456e+00
1.000136150381635947e+00 1.000093264595000697e+00 1.000568442615951126e+00
1.000821170415786998e+00 1.000276116974450069e+00 1.000053677373579974e+00
1.000261790691870933e+00 1.000901138161065296e+00 1.000777514755523345e+00
1.000684113036853784e+00 1.000318232518230932e+00 1.000915330314820606e+00
1.000262292472308800e+00 1.000976183373129436e+00 1.000507156133823683e+00
1.000784461344832232e+00 1.000533654485733281e+00 1.000522179989705496e+00
1.000233301273077968e+00 1.000518684461597640e+00 1.000218040727111513e+00
1.000349309181745916e+00 1.000472865788428090e+00 1.000722490252656360e+00
1.000348426275599500e+00 1.000684887975764603e+00 1.000862048326819576e+00
1.000477868192173769e+00 1.000737007234921983e+00 1.000468588503098166e+00
1.000980961746519515e+00 1.000343335713545168e+00 1.000940801988445816e+00
1.000634715615571713e+00 1.000173293933736884e+00 1.000670485479420391e+00
1.000512089413792216e+00 1.000532032810760974e+00 1.000160294021805285e+00
1.000671183602351633e+00 1.000251075090512920e+00 1.000507825750005075e+00
1.000913416003604173e+00 1.000823427755759942e+00 1.000438941625761968e+00
1.000256576442101419e+00 1.000436124552021688e+00 1.000262319237144926e+00
1.000759313280602303e+00 1.000118771545190244e+00 1.000741134219135686e+00
1.000704273749116746e+00 1.000829135276367410e+00 1.000211646399745247e+00
1.000664250247993659e+00 1.000767525536005120e+00 1.000692644867423375e+00
1.000342127961475258e+00 1.000584277284095380e+00 1.000260608117161443e+00
1.000812364169016089e+00 1.000286393588985190e+00 1.000521605618413634e+00
1.000482502313568833e+00 1.000547286743225905e+00 1.000806326476985975e+00
1.000462399166902161e+00 1.000925880880507268e+00 1.000683451241888289e+00
1.000097393072726160e+00 1.000429750867405820e+00 1.000320083527207249e+00
1.000761451876171160e+00 1.000559685339212024e+00 1.000196170456237876e+00
1.000947047810509138e+00 1.000019757523179287e+00 1.000804262456882254e+00
1.000982278426478356e+00 1.000929102108377711e+00 1.000490293097976879e+00
1.000701605957573959e+00 1.000416851661613427e+00 1.000984812340332653e+00
1.000961964961622597e+00 1.000194947650531851e+00 1.000495603205529216e+00
1.000869361084206766e+00 1.000063677760922864e+00 1.000498006182916066e+00
1.000055056244798291e+00 1.000729434293695652e+00 1.000957759429698557e+00
1.000012408755046156e+00 1.000533011702238850e+00 1.000208934625390844e+00
1.000470519963454263e+00 1.000903898389699176e+00 1.000313281191309578e+00
1.000575100033283205e+00 1.000374179906790895e+00 1.000479086703844445e+00
1.000051826339229066e+00 1.000352817278450823e+00 1.000109105902322382e+00
1.000696664446908635e+00 1.000830736201730353e+00 1.000060577999678291e+00
1.000528697708507053e+00 1.000429401637215943e+00 1.000189484324546019e+00
1.000236143602434513e+00 1.000508217668529598e+00 1.000668460887813360e+00
1.000021979799467831e+00 1.000213870577576714e+00 1.000759960866989262e+00
1.000717574019569733e+00 1.000566556699362897e+00 1.000847177200752114e+00
1.000828618243288393e+00 1.000823502059777104e+00 1.000424398489536681e+00
1.000304560675507215e+00 1.000673661849909912e+00 1.000464105515113999e+00
1.000782969834031144e+00 1.000431979868747767e+00 1.000808532416338492e+00
1.000200134625286230e+00 1.000903364274197793e+00 1.000116021297214663e+00
1.000950599903912774e+00 1.000878015985277703e+00 1.000562651992688235e+00
1.000579438446100200e+00 1.000391234071901669e+00 1.000178318750877926e+00
1.000421896869571503e+00 1.000697401267971465e+00 1.000838514372078381e+00
1.000018464064974300e+00 1.000452753570171271e+00 1.000914640061676186e+00
1.000951671938562493e+00 1.000172959667754435e+00 1.000715825728103470e+00
1.000480285980055006e+00 1.000930720058581080e+00 1.000211554609227615e+00
1.000683424501584762e+00 1.000036227405189493e+00 1.000330306972224248e+00
1.000745690059118731e+00 1.000429831858943963e+00 1.000132815267482878e+00
1.000513169879579056e+00 1.000920469242455146e+00 1.000849709354741490e+00
1.000506796748918292e+00 1.000135861723395969e+00 1.000249486423558487e+00
1.000960737671105605e+00 1.000952174034587028e+00 1.000191839133338867e+00
1.000046630834975359e+00 1.000995789660110491e+00 1.000393610176615322e+00
1.000470470586448224e+00 1.000766809019615122e+00 1.000497387205894650e+00
1.000422597490479015e+00 1.000177337338205019e+00 1.000182417717617289e+00
1.000695466573872316e+00 1.000204171217455196e+00 1.000877772025183798e+00
1.000130248534870425e+00 1.000752941656885442e+00 1.000587342219636966e+00
1.000292609728228088e+00 1.000163141335151717e+00 1.000916776372463568e+00
1.000119980288550980e+00 1.000589603181248455e+00 1.000251425380743520e+00
1.000666841115564809e+00 1.000140813319634558e+00 1.000470654703390361e+00
1.000358698816780301e+00 1.000588878239395463e+00 1.000942706975316954e+00
1.000127131038718753e+00 1.000453341690358267e+00 1.000204715201911565e+00
1.000199140854414193e+00 1.000354967920534133e+00 1.000597690470626189e+00
1.000111134691837877e+00 1.000369721996898109e+00 1.000471762960983169e+00
1.000626078505954641e+00 1.000616278659987257e+00 1.000018563608604971e+00
1.000894267083927369e+00 1.000033061433480475e+00 1.000286864191471725e+00
1.000416965518525325e+00 1.000085776062542564e+00 1.000356681486618493e+00
1.000315421700748164e+00 1.000843635917859187e+00 1.000507573041681697e+00
1.000195657185604103e+00 1.000761958504305049e+00 1.000224218617798533e+00
1.000873657240243908e+00 1.000712824027344627e+00 1.000814112737102857e+00
1.000873439202821125e+00 1.000948128107845392e+00 1.000359306679285742e+00
1.000717493031640259e+00 1.000364448464970302e+00 1.000466844768655106e+00
1.000573734580027185e+00 1.000425016795622790e+00 1.000933450630122401e+00
1.000639589357819270e+00 1.000598766247609905e+00 1.000053575755597057e+00
1.000038893501665527e+00 1.000166237307551054e+00 1.000260123721106620e+00
1.000358156692355838e+00 1.000891457840930254e+00 1.000158231911806084e+00
1.000655268086048766e+00 1.000784301299817436e+00 1.000066241242081322e+00
1.000191521612276091e+00 1.000544849691212379e+00 1.000215346828875029e+00
1.000309314902647184e+00 1.000854188028823533e+00 1.000932608351770670e+00
1.000983032978276954e+00 1.000376980982103037e+00 1.000507865861272494e+00
1.000693485002453587e+00 1.000932439046267275e+00 1.000029396927490932e+00
1.000674839473023603e+00 1.000041394955758500e+00 1.000897671022443980e+00
1.000481703302432912e+00 1.000576345914196974e+00 1.000578221431926318e+00
1.000894184340198834e+00 1.000636286324492419e+00 1.000854109137856884e+00
1.000731012821485244e+00 1.000992064644618651e+00 1.000227957229746778e+00
1.000422166792036549e+00 1.000848387094604552e+00 1.000980310215872304e+00
1.000937038426306103e+00 1.000287363864302836e+00 1.000012067116547776e+00
1.000317060390943480e+00 1.000622792254995064e+00 1.000719357043684976e+00
1.000517481157098487e+00 1.000389783960078383e+00 1.000146701697422813e+00
1.000563469550725282e+00 1.000467127764604669e+00 1.000130531130238420e+00
1.000062360422193430e+00 1.000660322311664574e+00 1.000080223656711675e+00
1.000828880483225491e+00 1.000060060620471702e+00 1.000193755915973703e+00
1.000428156013065228e+00 1.000339968675454605e+00 1.000202000553364501e+00
1.000921776148046671e+00 1.000513203165019016e+00 1.000989222496605047e+00
1.000222959356315888e+00 1.000725396578734161e+00 1.000128814298897995e+00
1.000378946360753529e+00 1.000394731031376772e+00 1.000368473541928926e+00
1.000446542214310064e+00 1.000148777114696186e+00 1.000779898406376045e+00
1.000388807281885617e+00 1.000993642003106698e+00 1.000461314704809368e+00
1.000066562391656255e+00 1.000975442739363341e+00 1.000743079957265858e+00
1.000012353457344183e+00 1.000761561614909478e+00 1.000585383973434439e+00
1.000064497830762011e+00 1.000765819218311758e+00 1.000606649377078217e+00
1.000705475833248981e+00 1.000219695657629693e+00 1.000030300076589107e+00
1.000019895383725599e+00 1.000727308985845498e+00 1.000695574825957612e+00
1.000833199369302262e+00 1.000886358552012467e+00 1.000666663758909447e+00
1.000284628345471161e+00 1.000337221891962391e+00 1.000980729211332854e+00
1.000681856206517839e+00 1.000503317866718200e+00 1.000382185230133114e+00
1.000366237110349221e+00 1.000600174946043586e+00 1.000888085426210994e+00
1.000181790144623717e+00 1.000581606618434538e+00 1.000445397965341821e+00
1.000434520323946197e+00 1.000236694944930171e+00 1.000754588366181919e+00
1.000236288387047701e+00 1.000805338594034977e+00 1.000963095378818890e+00
1.000184845176185222e+00 1.000684477958574625e+00 1.000057386787807756e+00
1.000024918488144676e+00 1.000815651731231881e+00 1.000030911863082572e+00
1.000940660429526119e+00 1.000251067923934034e+00 1.000704157112412895e+00
1.000675148665335135e+00 1.000763133895470558e+00 1.000221657139855003e+00
1.000085908723927552e+00 1.000299290468281921e+00 1.000579708308480642e+00
1.000004490360209886e+00 1.000666533570337968e+00 1.000709758609789946e+00
1.000059220863726006e+00 1.000375246939545493e+00 1.000623384007391925e+00
1.000556703205120135e+00 1.000293067794207680e+00 1.000944712839039630e+00
1.000792724668992051e+00 1.000400863311055488e+00 1.000186066580503352e+00
1.000092466318271978e+00 1.000690436531290750e+00 1.000019857453537053e+00
1.000775012731822899e+00 1.000506301848032020e+00 1.000680384000871559e+00
1.000892077598615204e+00 1.000601830321387942e+00 1.000877690281818166e+00
1.000306538973316339e+00 1.000266129748949462e+00 1.000653167834260060e+00
1.000989950483896829e+00 1.000995078523908344e+00 1.000329649185387026e+00
1.000248817269796975e+00 1.000688881996228741e+00 1.000898850437869747e+00
1.000332163536932883e+00 1.000347036922185850e+00 1.000842850982814447e+00
1.000894447014825550e+00 1.000178313175937417e+00 1.000874708803437985e+00
1.000468764628465124e+00 1.000081913439371029e+00 1.000057440586634483e+00
1.000621756433917486e+00 1.000454519471893233e+00 1.000011542263063102e+00
1.000510037486178838e+00 1.000883341545355298e+00 1.000192881824697011e+00
1.000733647133720039e+00 1.000356564316053687e+00 1.000316493962132292e+00
1.000659901418699205e+00 1.000070803303618527e+00 1.000756119294978985e+00
1.000505435770800977e+00 1.000028505817869506e+00 1.000096150139647477e+00
1.000559308434000982e+00 1.000538968889131075e+00 1.000602755794907317e+00
1.000229520901392499e+00 1.000826038365667747e+00 1.000372856983539060e+00
1.000814276125899571e+00 1.000200897669181632e+00 1.000772106224535163e+00
1.000426910209317732e+00 1.000692675773048768e+00 1.000122258976935186e+00
1.000709763857734691e+00 1.000619564256559846e+00 1.000959928174323998e+00
1.000337765221025244e+00 1.000753609982502956e+00 1.000530391441518230e+00
1.000698226305905214e+00 1.000654564375783151e+00 1.000545393105707337e+00
1.000872126641766835e+00 1.000017795910241203e+00 1.000346301655191228e+00
1.000240817019864448e+00 1.000152882889144612e+00 1.000638167317116078e+00
1.000946241650475521e+00 1.000176659530702228e+00 1.000795777141023191e+00
1.000029244806699857e+00 1.000647980316842656e+00 1.000216397992394146e+00
1.000491845722091711e+00 1.000790488085109731e+00 1.000860011902326319e+00
1.000141635720052102e+00 1.000658902895366076e+00 1.000905224750979317e+00
1.000974826886278368e+00 1.000508287581175937e+00 1.000081626776052834e+00
1.000214223204953123e+00 1.000242035573934540e+00 1.000976868849348111e+00
1.000215566658395616e+00 1.000341186199799060e+00 1.000951374816143602e+00
1.000483092810776853e+00 1.000497442717045882e+00 1.000809057893171872e+00
1.000021729491562983e+00 1.000577593201144255e+00 1.000740772278867707e+00
1.000649703756372855e+00 1.000091872626700074e+00 1.000697339134394959e+00
1.000891430792714587e+00 1.000196062729258539e+00 1.000705779586002375e+00
1.000714879726639639e+00 1.000654236134382202e+00 1.000736642809536336e+00
1.000057397210604382e+00 1.000367885229713760e+00 1.000204300353711551e+00
1.000236032901912431e+00 1.000505101924010321e+00 1.000845321408900590e+00
1.000709794175171918e+00 1.000846071908025436e+00 1.000868914367472051e+00
1.000516740305316565e+00 1.000024715586318225e+00 1.000995080996810893e+00
1.000572064528930438e+00 1.000655954869555275e+00 1.000031612092530553e+00
1.000526671419727176e+00 1.000357817592350651e+00 1.000355459309395734e+00
1.000540430734278452e+00 1.000862958698889082e+00 1.000946572554669789e+00
1.000432905485220125e+00 1.000002436092536140e+00 1.000159771160434197e+00
1.000250492538417024e+00 1.000697138340716164e+00 1.000329527374624883e+00
1.000814456946663711e+00 1.000485448331634775e+00 1.000374119408392160e+00
1.000652172264177908e+00 1.000375979627874168e+00 1.000198760703206347e+00
1.000348023537035003e+00 1.000113512141289629e+00 1.000609176732637939e+00
1.000091163173320252e+00 1.000165872745300222e+00 1.000687352560592824e+00
1.000238817904126387e+00 1.000091868334241463e+00 1.000743164586246348e+00
1.000037167374048686e+00 1.000666040745279428e+00 1.000489371692098617e+00
1.000763053054587015e+00 1.000262354971542367e+00 1.000308302772216384e+00
1.000720776882831675e+00 1.000172224744508176e+00 1.000098992602868941e+00
1.000924974687457780e+00 1.000127704611332380e+00 1.000382523826599312e+00
1.000638940113805830e+00 1.000279086843222975e+00 1.000027312807455271e+00
1.000321626906100603e+00 1.000491433671833796e+00 1.000843806026707528e+00
1.000853790181321257e+00 1.000662613172259352e+00 1.000962535888524574e+00
1.000812352890054324e+00 1.000825710413516534e+00 1.000444933724481844e+00
1.000615905477137080e+00 1.000974825667306112e+00 1.000498077225915106e+00
1.000870662786931931e+00 1.000186269299404573e+00 1.000855415222915434e+00
1.000295030972931265e+00 1.000353831600637067e+00 1.000437723869422202e+00
1.000933390219781227e+00 1.000881317009838289e+00 1.000347772368280763e+00
1.000050311906464318e+00 1.000783508909187436e+00 1.000995750210949886e+00
1.000505354918061363e+00 1.000864616092154380e+00 1.000529010002040753e+00
1.000920844594901826e+00 1.000458445276626529e+00 1.000666613227676693e+00
1.000737124958215096e+00 1.000187063311883451e+00 1.000166587469193624e+00
1.000495326722497191e+00 1.000625730918540901e+00 1.000134798854503293e+00
1.000499659398358387e+00 1.000928211817456059e+00 1.000993293891952129e+00
1.000043607245585164e+00 1.000308295358022459e+00 1.000176392708814088e+00
1.000601793342800194e+00 1.000294587429957804e+00 1.000165006082388786e+00
1.000520161502810979e+00 1.000989774612415006e+00 1.000388435146811084e+00
1.000402182650338423e+00 1.000488117422855483e+00 1.000225865693031402e+00
1.000526726514862297e+00 1.000551893732971598e+00 1.000542200375881707e+00
1.000760754833759592e+00 1.000755953521790920e+00 1.000877397515606892e+00
1.000412769809627012e+00 1.000202987592667681e+00 1.000621067799177144e+00
1.000678950511866505e+00 1.000585801189298074e+00 1.000744331424862521e+00
1.000014568222139300e+00 1.000015414875062847e+00 1.000081843209375210e+00
1.000893941185462044e+00 1.000842966983754856e+00 1.000218756180209390e+00
1.000494796253746932e+00 1.000115152253021833e+00 1.000070574397010859e+00
1.000847888250031126e+00 1.000988118703405094e+00 1.000439664551156627e+00
1.000723572670672690e+00 1.000149298174206391e+00 1.000146296449028860e+00
1.000293960946616822e+00 1.000496922376019171e+00 1.000577025710830625e+00
1.000266050925608941e+00 1.000392960825109423e+00 1.000552536386530411e+00
1.000702774825075858e+00 1.000046240854485013e+00 1.000084852500827459e+00
1.000286708719397621e+00 1.000922519676980427e+00 1.000701614870986411e+00
1.000195349547561730e+00 1.000938461059812434e+00 1.000650194734529652e+00
1.000868332524880389e+00 1.000572781851640114e+00 1.000284993208776507e+00
1.000151925428691024e+00 1.000785545813139388e+00 1.000045813937282535e+00
1.000323729862935940e+00 1.000327733729534874e+00 1.000711715147851733e+00
1.000342720493478943e+00 1.000753174343107732e+00 1.000573531223756474e+00
1.000331109132601703e+00 1.000248651396934418e+00 1.000718516959440141e+00
1.000976787851765692e+00 1.000706844898427317e+00 1.000844398762077647e+00
1.000381642604968091e+00 1.000418837857145249e+00 1.000663506621834564e+00
1.000125217389310261e+00 1.000492268346007130e+00 1.000454447058611862e+00
1.000083013958600775e+00 1.000393189941492400e+00 1.000840610532719221e+00
1.000557161517201532e+00 1.000935261214488614e+00 1.000615052121127668e+00
1.000259575168323867e+00 1.000669597348275763e+00 1.000835688279027691e+00
1.000575620773813013e+00 1.000325139286084131e+00 1.000678104973913074e+00
1.000773908589512207e+00 1.000735728998723539e+00 1.000605047184269125e+00
1.000586955619618301e+00 1.000490579319667450e+00 1.000630886115936535e+00
1.000982218649360433e+00 1.000411576657799229e+00 1.000186430114625713e+00
1.000567449212159676e+00 1.000605509100612522e+00 1.000429431887717824e+00
1.000195109990803521e+00 1.000711894621493459e+00 1.000134318029417546e+00
1.000034737153019826e+00 1.000587553475987823e+00 1.000270625381128209e+00
1.000803777934632599e+00 1.000185119306194581e+00 1.000798315660729632e+00
1.000352447325947525e+00 1.000436675574004397e+00 1.000915923261621154e+00
1.000818706758453080e+00 1.000693497943535792e+00 1.000877754299393407e+00
1.000658596289909941e+00 1.000254534366845416e+00 1.000146595129622451e+00
1.000044634768338492e+00 1.000171019589701560e+00 1.000056910860042336e+00
1.000920576651079807e+00 1.000745669481864830e+00 1.000901676117506245e+00
1.000630504619039129e+00 1.000317465556946450e+00 1.000955229303791105e+00
1.000595831012025094e+00 1.000233508158930418e+00 1.000722801338108425e+00
1.000977119356240452e+00 1.000015317438940121e+00 1.000897514074273298e+00
1.000463788210168792e+00 1.000509975799933393e+00 1.000690560554121422e+00
1.000843079712258055e+00 1.000907421798044261e+00 1.000940739354396314e+00
1.000857337083405296e+00 1.000217559527215805e+00 1.000382292168408682e+00
1.000177510600403830e+00 1.000191654138573805e+00 1.000408902562612390e+00
1.000139598294141452e+00 1.000313736734816272e+00 1.000349874401349926e+00
1.000418577830896050e+00 1.000381572973314093e+00 1.000630849947179435e+00
1.000813098905039444e+00 1.000005631337857137e+00 1.000560410433973368e+00
1.000454865838395158e+00 1.000344020165736536e+00 1.000947430911745428e+00
1.000956381274886731e+00 1.000024303746278598e+00 1.000878173772188129e+00
1.000598942858801799e+00 1.000275469460882194e+00 1.000511848511339119e+00
1.000417365269645309e+00 1.000927876495526947e+00 1.000321842744754219e+00
1.000177590519354398e+00 1.000141963357977115e+00 1.000268835630619080e+00
1.000783708140949191e+00 1.000375447569480825e+00 1.000357295199935548e+00
1.000477129845765312e+00 1.000560729616148947e+00 1.000947227353686131e+00
1.000239059074517822e+00 1.000004442363776613e+00 1.000561572901692564e+00
1.000279760862542444e+00 1.000187948592799358e+00 1.000355564101668593e+00
1.000425567514313219e+00 1.000215864505813901e+00 1.000974418672590627e+00
1.000984785562101687e+00 1.000407361115946747e+00 1.000103001912414413e+00
1.000709690869288293e+00 1.000409334871899203e+00 1.000510939820495881e+00
1.000778429844289885e+00 1.000508136975109430e+00 1.000801479641575620e+00
1.000665191085522432e+00 1.000042427669975975e+00 1.000030098305667581e+00
1.000890804561691105e+00 1.000476899318141433e+00 1.000910093729560968e+00
1.000856364040832336e+00 1.000707957649551449e+00 1.000101859503596646e+00
1.000206047625983086e+00 1.000434580228126480e+00 1.000922902500261946e+00
1.000623263828839926e+00 1.000711228421817589e+00 1.000616999005329744e+00
1.000216582207403615e+00 1.000496854285475745e+00 1.000242851960452928e+00
1.000750741227019791e+00 1.000515827591251794e+00 1.000808886452327684e+00
1.000927183323425673e+00 1.000998854731588672e+00 1.000686150738608449e+00
1.000859709699263078e+00 1.000914033871628694e+00 1.000756601869747797e+00
1.000249226791040780e+00 1.000579051572786149e+00 1.000076725106123776e+00
1.000527479977836087e+00 1.000914946732994970e+00 1.000955779051347694e+00
1.000227941398371234e+00 1.000593266141016402e+00 1.000054159060978387e+00
1.000097590193615327e+00 1.000472185584569518e+00 1.000308105697304217e+00
1.000409784308512240e+00 1.000772352062302195e+00 1.000031870471451256e+00
1.000057318506104798e+00 1.000972246083565498e+00 1.000143000802189208e+00
1.000215763232511934e+00 1.000297028195415994e+00 1.000864796671450785e+00
1.000590605200612382e+00 1.000136758005904403e+00 1.000125438118597776e+00
1.000071247581559852e+00 1.000520760170684476e+00 1.000339495311125981e+00
1.000461612165720382e+00 1.000730428061925803e+00 1.000777457759797207e+00
1.000825055691671128e+00 1.000961911364395274e+00 1.000583862635730403e+00
1.000305004566406586e+00 1.000959041631137580e+00 1.000187626431385812e+00
1.000076333203332002e+00 1.000297421283224963e+00 1.000761894634905724e+00
1.000697756887465539e+00 1.000298801321310327e+00 1.000185080608448018e+00
1.000187159242055701e+00 1.000923043320002925e+00 1.000053715542527533e+00
1.000367159387839155e+00 1.000605647567503587e+00 1.000515780100777796e+00
1.000781808738285594e+00 1.000914658013128733e+00 1.000962995353468443e+00
1.000338196818740144e+00 1.000676959225445639e+00 1.000731055039719042e+00
1.000228903111916257e+00 1.000243733267635493e+00 1.000894439413953840e+00
1.000156808384994767e+00 1.000937560866602016e+00 1.000138613593051895e+00
1.000014917107029166e+00 1.000092548094858813e+00 1.000598670631100751e+00
1.000522064119104160e+00 1.000059909679944292e+00 1.000549956578572264e+00
1.000893552194525249e+00 1.000882133061189228e+00 1.000007573187433385e+00
1.000462635843627268e+00 1.000317576940577435e+00 1.000026771352126032e+00
1.000896241848336699e+00 1.000292180656617402e+00 1.000049172217356563e+00
1.000099803476858895e+00 1.000742141341498526e+00 1.000112485169872167e+00
1.000960653027179958e+00 1.000995167103563510e+00 1.000329890961820123e+00
1.000786960914611612e+00 1.000200995252520153e+00 1.000208934010719197e+00
1.000022449621174925e+00 1.000277164935506002e+00 1.000564506385527741e+00
1.000487407829896647e+00 1.000804728599901772e+00 1.000059062038144431e+00
1.000194806662196179e+00 1.000240697264709544e+00 1.000271696000155419e+00
1.000431608319189980e+00 1.000112644574827847e+00 1.000557863334383235e+00
1.000666738385432186e+00 1.000057082701607536e+00 1.000664217764236419e+00
1.000986753106080096e+00 1.000278234256363419e+00 1.000189752713245728e+00
1.000146193698794761e+00 1.000976434932279169e+00 1.000613669142048856e+00
1.000546939718455652e+00 1.000729865182008238e+00 1.000556674278824332e+00
1.000285929621311354e+00 1.000420542968881721e+00 1.000505235086307287e+00
1.000879697311912730e+00 1.000343729103148060e+00 1.000390525302392808e+00
1.000789310365793217e+00 1.000502088149827218e+00 1.000728485070757179e+00
1.000883713195473979e+00 1.000200499994564840e+00 1.000248466924944291e+00
1.000997537583824926e+00 1.000631963186840556e+00 1.000658438870332789e+00
1.000104807891277314e+00 1.000161369312717152e+00 1.000136300239103271e+00
1.000570952625571053e+00 1.000775840172927200e+00 1.000165782219350596e+00
1.000046369497948673e+00 1.000844862526186985e+00 1.000359005304605420e+00
1.000766454208918299e+00 1.000841056485595404e+00 1.000319026515542609e+00
1.000626701412122177e+00 1.000668441129590081e+00 1.000100281233853750e+00
1.000888504392189127e+00 1.000637472649128057e+00 1.000138641022843000e+00
1.000407474857994972e+00 1.000756004126826637e+00 1.000074113582201774e+00
1.000221425912046547e+00 1.000331316550259642e+00 1.000415124879882489e+00
1.000947306418305205e+00 1.000150219693725973e+00 1.000619450536601507e+00
1.000974951048986039e+00 1.000023004411501271e+00 1.000649192381062758e+00
1.000459515605986338e+00 1.000076076618745313e+00 1.000050474205227413e+00
1.000335110678944872e+00 1.000675608359114177e+00 1.000734007357141797e+00
1.000077978118452560e+00 1.000346779288134647e+00 1.000419627762129782e+00
1.000720971368070034e+00 1.000426934879618868e+00 1.000542451125266741e+00
1.000409416811772756e+00 1.000224196672087951e+00 1.000491420870303960e+00
1.000689427904561057e+00 1.000969233072336761e+00 1.000204889848619549e+00
1.000585407200327737e+00 1.000203083322654285e+00 1.000119797241338260e+00
1.000826357496046093e+00 1.000457284706897987e+00 1.000193312012322089e+00
1.000175860161644836e+00 1.000626505647587816e+00 1.000306624551436707e+00
1.000929698962791825e+00 1.000544281015237180e+00 1.000647829845359826e+00
1.000510760951035083e+00 1.000642776711554882e+00 1.000970321687894682e+00
1.000327461027931131e+00 1.000933207179973694e+00 1.000330244173586181e+00
1.000325596215446478e+00 1.000994367862791279e+00 1.000573481488701511e+00
1.000503588336941085e+00 1.000157071630484173e+00 1.000651455305787696e+00
1.000581409688846790e+00 1.000379191133577317e+00 1.000216339444475189e+00
1.000982707092207713e+00 1.000357900840098235e+00 1.000405524454966999e+00
1.000284412427096870e+00 1.000240467597722560e+00 1.000729299541108341e+00
1.000037931621210019e+00 1.000251852098281491e+00 1.000791614505675886e+00
1.000262671726016128e+00 1.000374087159749736e+00 1.000635997051102066e+00
1.000307829764708334e+00 1.000473460520978186e+00 1.000839430297436161e+00
1.000662438470937055e+00 1.000345469571523704e+00 1.000905996147279264e+00
1.000461310741180387e+00 1.000766153455738161e+00 1.000271946291402703e+00
1.000139869591315067e+00 1.000587996092252796e+00 1.000538181088977074e+00
1.000718705495506233e+00 1.000493824263757991e+00 1.000223182358910501e+00
1.000302210892518362e+00 1.000848666633868067e+00 1.000225204681635782e+00
1.000473622328103662e+00 1.000441503231423113e+00 1.000976506140217825e+00
1.000446116025991872e+00 1.000495791871007567e+00 1.000610555865317330e+00
1.000887881628241383e+00 1.000293437021721132e+00 1.000404578590473381e+00
1.000686734640520603e+00 1.000507109043084153e+00 1.000793460781148170e+00
1.000332769918514275e+00 1.000744156019441888e+00 1.000358036547083662e+00
1.000395498091521285e+00 1.000990437922048448e+00 1.000617500577174246e+00
1.000728152009870753e+00 1.000910850096280003e+00 1.000823576708130380e+00
1.000676807362072429e+00 1.000201471067633907e+00 1.000962921519756410e+00
1.000823734354829631e+00 1.000207540771603121e+00 1.000872247633103784e+00
1.000588480250634404e+00 1.000657318296222176e+00 1.000107609951784715e+00
1.000018357403618774e+00 1.000991923999382305e+00 1.000703423412710125e+00
1.000892852439656311e+00 1.000732220989727805e+00 1.000953766517978405e+00
1.000191871839329449e+00 1.000849892811588537e+00 1.000032384375726613e+00
1.000570629700200609e+00 1.000148648033836407e+00 1.000132333737788759e+00
1.000061912791212926e+00 1.000286771046440704e+00 1.000766294857855732e+00
1.000474473892556615e+00 1.000665661057932754e+00 1.000586554182290033e+00
1.000689393225659085e+00 1.000665384650422540e+00 1.000949271462029166e+00
1.000741077781741373e+00 1.000784962945546308e+00 1.000733422103828207e+00
1.000508627813630591e+00 1.000588832313393572e+00 1.000435409991174307e+00
1.000107152134539712e+00 1.000816914875761077e+00 1.000422352748429944e+00
1.000195663705657934e+00 1.000294342498163402e+00 1.000675389939236659e+00
1.000143005198792956e+00 1.000444164630568400e+00 1.000887482798828332e+00
1.000828502320953328e+00 1.000970466141348991e+00 1.000487966625384306e+00
1.000893602927377835e+00 1.000548167547009148e+00 1.000158481653326215e+00
1.000000074095576119e+00 1.000349306931682225e+00 1.000184001805698886e+00
1.000045524929808805e+00 1.000389838083744820e+00 1.000613616894881819e+00
1.000528158481874375e+00 1.000834203249688859e+00 1.000735483556141281e+00
1.000499601483026746e+00 1.000139980612269053e+00 1.000541468503495901e+00
1.000324055050345828e+00 1.000440049743929638e+00 1.000275704315547021e+00
1.000979988322293179e+00 1.000721411634439173e+00 1.000279275935273438e+00
1.000697513636237712e+00 1.000846184541058781e+00 1.000903322375126026e+00
1.000564176261711014e+00 1.000284557419842901e+00 1.000069210424398225e+00
1.000272999346359049e+00 1.000642164089495134e+00 1.000099338925408698e+00
1.000339754496263334e+00 1.000649908864523763e+00 1.000231245789222401e+00
1.000078471174361550e+00 1.000022016906239264e+00 1.000672426751749722e+00
1.000980174796196387e+00 1.000101182869460814e+00 1.000992858475250546e+00
1.000419223775753430e+00 1.000278512409013665e+00 1.000180327613392706e+00
1.000898682702755282e+00 1.000293478804302083e+00 1.000491188813925847e+00
1.000558752473682533e+00 1.000327142377971601e+00 1.000251487576377496e+00
1.000365830033038916e+00 1.000841673061706461e+00 1.000675693246656506e+00
1.000572196716228213e+00 1.000344089633290467e+00 1.000568860580298924e+00
1.000769343268661959e+00 1.000352969907272183e+00 1.000218730168310088e+00
1.000672298657374615e+00 1.000804605950552650e+00 1.000987848582146400e+00
1.000891760249909002e+00 1.000215371884472626e+00 1.000028447329468717e+00
1.000692900393944873e+00 1.000688040937392609e+00 1.000071498430673334e+00
1.000642510343328295e+00 1.000528198610515673e+00 1.000626765470141954e+00
1.000530849430080638e+00 1.000553476397642694e+00 1.000232887670625681e+00
1.000859798702498527e+00 1.000135288370525899e+00 1.000145902784737473e+00
1.000088049206192098e+00 1.000636441884422023e+00 1.000091968409102972e+00
1.000877471126102813e+00 1.000845523926405134e+00 1.000925764236385795e+00
1.000552040981001367e+00 1.000049712373962230e+00 1.000214140993027412e+00
