-2.244322001059517735e+00 8.968960796542468916e-01 2.678159682889953874e+00
-2.221083279486819606e+00 8.643756117980748721e-01 2.590138772889871710e+00
-2.214031306961759427e+00 8.433680232679414690e-01 2.492334787214175229e+00
-2.222732959976100986e+00 8.336712137357775720e-01 2.387337758033301949e+00
-2.246387143145679222e+00 8.348420277944547108e-01 2.277872501163070940e+00
-2.283827021407371038e+00 8.461996450805466807e-01 2.166739394374695760e+00
-2.333532167518401312e+00 8.668349395268455382e-01 2.056751621625905635e+00
-2.393650692131068070e+00 8.956257338483363251e-01 1.950670591303029999e+00
-2.462031105513304841e+00 9.312576991767727019e-01 1.851141304667006215e+00
-2.536263346728694135e+00 9.722504842501679123e-01 1.760629454401710037e+00
-2.613728120589076553e+00 1.016988508832022076e+00 1.681361977707053867e+00
-2.691653416642935337e+00 1.063755725763399163e+00 1.615272681216765038e+00
-2.767176857235760679e+00 1.110773547618177481e+00 1.563954404150131428e+00
-2.837412339693274888e+00 1.156241048337073085e+00 1.528618999599238082e+00
-2.899519304112496698e+00 1.198376487612150321e+00 1.510066200151496618e+00
-2.950772873045218958e+00 1.235459166494916827e+00 1.508662201808062209e+00
-2.988633069935686670e+00 1.265870607173239515e+00 1.524328556929587908e+00
-3.010811325941336936e+00 1.288134057765167206e+00 1.556541717768974875e+00
-3.015332526641376187e+00 1.300951352988654941e+00 1.604343319657832723e+00
-3.000590929179103750e+00 1.303236212079878609e+00 1.666361038566145814e+00
-2.965398395895703310e+00 1.294143124968228031e+00 1.740839603174620498e+00
-2.909023543107471355e+00 1.273091065652999232e+00 1.825681289765599402e+00
-2.831220594817948744e+00 1.239781377829596520e+00 1.918494984353623645e+00
-2.732246961868160628e+00 1.194209302061380651e+00 2.016652667483072037e+00
-2.612868836391183169e+00 1.136668755664384189e+00 2.117351970321391885e+00
-2.474354395591165989e+00 1.067750134819889007e+00 2.217683273194474669e+00
-2.318454540722318491e+00 9.883310810320629081e-01 2.314699676795252792e+00
-2.147371446660908401e+00 8.995603367599621647e-01 2.405488079007143121e+00
-1.963715552333360481e+00 8.028350017830252483e-01 2.487239542244856327e+00
-1.770451968786042052e+00 6.997716854071811543e-01 2.557317140536105704e+00
-1.570837605829173977e+00 5.921722225594897582e-01 2.613319532869062822e+00
-1.368350606872695385e+00 4.819847774570802379e-01 2.653138618755932487e+00
-1.166613923785213558e+00 3.712612916304212085e-01 2.675009792048277824e+00
-9.693150509424232064e-01 2.621123395266432010e-01 2.677553517289950058e+00
-7.801240639216472372e-01 1.566605311449484339e-01 2.659807204445134410e+00
-6.026121685444030263e-01 5.699364447735719152e-02 2.621246644693414396e+00
-4.401729558131754483e-01 -3.488132024606305226e-02 2.561796581289904395e+00
-2.959484751588684626e-01 -1.170819973989627588e-01 2.481830312193922694e+00
-1.727620832215815971e-01 -1.878913155494093268e-01 2.382158540922322931e+00
-7.305980283434912459e-02 -2.457939439918697677e-01 2.264007994720938832e+00
1.138355467843705365e-03 -2.895076359900077279e-01 2.128990602417077493e+00
4.827598934225486166e-02 -3.180087343987222925e-01 1.979064258983381119e+00
6.728606735850194143e-02 -3.305512858787391095e-01 1.816486393753250939e+00
5.760449882943386585e-02 -3.266794069585706173e-01 1.643761700847662821e+00
1.917154500556500496e-02 -3.062327495035344072e-01 1.463585482736581289e+00
-4.757851534256678228e-02 -2.693451156855221629e-01 1.278784102696950642e+00
-1.417387052284457272e-01 -2.164364653863938004e-01 1.092254042988110907e+00
-2.619605887336787786e-01 -1.481987358103554753e-01 9.069010272554439700e-01
-4.064941139676591098e-01 -6.557604929796458093e-02 7.255805923196042562e-01
-5.732345511365780633e-01 3.025998225529545269e-02 5.510413906694680009e-01
-7.597748876786092342e-01 1.379390414180715618e-01 3.858723759068058978e-01
-9.634619768466063938e-01 2.559240831428722940e-01 2.324548747485745415e-01
-1.181454732549337194e+00 3.825455599008302787e-01 9.292038646200287411e-02
-1.410782716189169728e+00 5.160369231814723179e-01 -3.088522078404866422e-02
-1.648403562464206606e+00 6.545704354731409769e-01 -1.374306213642563779e-01
-1.891257832073112821e+00 7.962923617197096293e-01 -2.255207272036328092e-01
-2.136320052697030292e+00 9.393566730868332382e-01 -2.943110051942979810e-01
-2.380644909332863435e+00 1.081956485925747113e+00 -3.433144082279761533e-01
-2.621407764497931669e+00 1.222352571294492041e+00 -3.724010518592275054e-01
-2.855938920149014404e+00 1.358898400464394474e+00 -3.817908980025348509e-01
-3.081751267448137988e+00 1.490061333360285678e+00 -3.720398251322663552e-01
-3.296561199067563841e+00 1.614439702832745072e+00 -3.440195710966478804e-01
-3.498302874145575281e+00 1.730775691326104537e+00 -2.988921301229807148e-01
-3.685136122607599596e+00 1.837964032596020258e+00 -2.380792708106888589e-01
-3.855448449379171638e+00 1.935056696004066268e+00 -1.632279180957578180e-01
-4.007851747214007609e+00 2.021263822060742843e+00 -7.617221001955261361e-02
-4.141174447151689364e+00 2.095951273589052199e+00 2.110690114061557210e-02
-4.254449926245199798e+00 2.158635246071725078e+00 1.265235872092285163e-01
-4.346902052247997972e+00 2.208974442294098672e+00 2.379296760574730329e-01
-4.417928774452746232e+00 2.246760358489709120e+00 3.531568237937319776e-01
-4.467084669745702286e+00 2.271906250048004505e+00 4.700573929761358016e-01
-4.494063324670507953e+00 2.284435343864052115e+00 5.865431510580151331e-01
-4.498680379181099198e+00 2.284468842029506064e+00 7.006209809569322600e-01
-4.480857976485085103e+00 2.272214218374320360e+00 8.104248995681826440e-01
-4.440611256779890326e+00 2.247954246680427204e+00 9.142438052890945466e-01
-4.378037403071365574e+00 2.212037120427996939e+00 1.010544516762289957e+00
-4.293307598725014884e+00 2.164867933395921096e+00 1.097989816833079502e+00
-4.186662093926570627e+00 2.106901692861592235e+00 1.175451372621000967e+00
-4.058408406968798232e+00 2.038637936158422814e+00 1.242017558276054423e+00
-3.908922511869855398e+00 1.960616920181627254e+00 1.296996354707415922e+00
-3.738652693420241313e+00 1.873417255755326583e+00 1.339913634271976628e+00
-3.548125593488477225e+00 1.777654769113635291e+00 1.370507252849984647e+00
-3.337953838421983122e+00 1.673982296365621680e+00 1.388717461984385615e+00
-3.108844536039913287e+00 1.563090059122562270e+00 1.394674215599649658e+00
-2.861607869357143841e+00 1.445706235026132713e+00 1.388681977035397308e+00
-2.597164997049432600e+00 1.322597328279134565e+00 1.371202633173324692e+00
-2.316554497735507478e+00 1.194567962285852936e+00 1.342837096146731746e+00
-2.020936661850556426e+00 1.062459756637144093e+00 1.304306124397231592e+00
-1.711595033923902109e+00 9.271490100200270312e-01 1.256430830041444402e+00
-1.389934732120183147e+00 7.895429842895330674e-01 1.200113265356152370e+00
-1.057477214957951661e+00 6.505746672023865473e-01 1.136317403959044015e+00
-7.158513219741573508e-01 5.111959769197726988e-01 1.066050757804274829e+00
-3.667805802188732756e-01 3.723694568719275733e-01 9.903468050927022315e-01
-1.206693554585108741e-02 2.350585927863091396e-01 9.102483516672330577e-01
3.464287701871436864e-01 1.002169620603606259e-01 8.267919125904087396e-01
7.068091051650795542e-01 -3.122350462113004585e-02 7.409931813356860353e-01
1.067164536739014569e+00 -1.583648130492245343e-01 6.538336480434349118e-01
1.425599401996035409e+00 -2.803553713607169207e-01 5.662484305558925790e-01
1.780258590041481570e+00 -3.964022384467300597e-01 4.791153874484351816e-01
2.129354134533501863e+00 -5.057827642517948030e-01 3.932455867859789289e-01
2.471190920477959629e+00 -6.078552532425691712e-01 3.093752046243830600e-01
2.804190750199318405e+00 -7.020683193906507302e-01 2.281589215659207692e-01
3.126914085019140366e+00 -7.879686495235181942e-01 1.501648738464097521e-01
3.438078874867552592e+00 -8.652069489903994048e-01 7.587119849716583708e-02
3.736576001112882128e+00 -9.335419063382411897e-01 5.664191392373563172e-03
4.021480982264352910e+00 -9.928420783660447668e-01 -6.016192649644459822e-02
4.292061722245904321e+00 -1.043085659821520128e+00 -1.214036649636719423e-01
4.547782211403372798e+00 -1.084358160984698172e+00 -1.779454004261754041e-01
4.788302216675440093e+00 -1.116848071100046358e+00 -2.297550787967782837e-01
5.013473115412591774e+00 -1.140840636059549995e+00 -2.768786022481750098e-01
5.223330133488500948e+00 -1.156709923977000454e+00 -3.194330456200898394e-01
5.418081339305073740e+00 -1.164909390782195908e+00 -3.575988741617011635e-01
5.598093818479189743e+00 -1.165961188552596228e+00 -3.916113557410109136e-01
5.763877507919672460e+00 -1.160444481749835166e+00 -4.217513767361821264e-01
5.916067202325970165e+00 -1.148983051303646530e+00 -4.483358813435522339e-01
6.055403261708814711e+00 -1.132232474106544373e+00 -4.717081592007442148e-01
6.182711547261222407e+00 -1.110867165916277211e+00 -4.922282062122039781e-01
6.298883097117061070e+00 -1.085567568404508298e+00 -5.102633781811378721e-01
6.404854024927568723e+00 -1.057007745992148751e+00 -5.261795460980135397e-01
6.501586083691424989e+00 -1.025843636042349738e+00 -5.403329456112262452e-01
6.590048286151881207e+00 -9.927021686169941184e-01 -5.530628913190961393e-01
6.671199913810679227e+00 -9.581714411917167107e-01 -5.646854992856846778e-01
6.745975182457357278e+00 -9.227921009848172318e-01 -5.754885292796431129e-01
6.815269766092029613e+00 -8.870500537544686592e-01 -5.857274229713913538e-01
6.879929315549584423e+00 -8.513705833249862742e-01 -5.956225774439951604e-01
6.940740044718848090e+00 -8.161139309767627692e-01 -6.053578566534190131e-01
6.998421397431449975e+00 -7.815723490443132748e-01 -6.150803082917803977e-01
7.053620753596813842e+00 -7.479686099225896223e-01 -6.249010205825011877e-01
7.106910086268124260e+00 -7.154559211624382797e-01 -6.348970231047165180e-01
7.158784444156017557e+00 -6.841191698632536067e-01 -6.451141081391682519e-01
7.209662107212909454e+00 -6.539773956393485355e-01 -6.555704251281682104e-01
7.259886244695308299e+00 -6.249873720249079501e-01 -6.662606818365475192e-01
7.309727892865220511e+00 -5.970481622403364108e-01 -6.771607724016017738e-01
7.359390061138425310e+00 -5.700065069220840996e-01 -6.882326444583819480e-01
7.409012770633449207e+00 -5.436628979928855854e-01 -6.994292144228070329e-01
7.458678828678023010e+00 -5.177781933282370463e-01 -7.106991421603782166e-01
7.508420147677142609e+00 -4.920806305183571538e-01 -7.219912849482896799e-01
7.558224426004585439e+00 -4.662731042593673547e-01 -7.332586667453105944e-01
7.608042020058229049e+00 -4.400405800042114790e-01 -7.444618218378589170e-01
7.657792848558389487e+00 -4.130575257279918699e-01 -7.555714006833044172e-01
7.707373182298031367e+00 -3.849952537017733989e-01 -7.665699591559825832e-01
7.756662185455606817e+00 -3.555290748510833154e-01 -7.774528894753317543e-01
7.805528088711422896e+00 -3.243451787266955488e-01 -7.882284905109178119e-01
7.853833889820021064e+00 -2.911471607649370741e-01 -7.989172150060427358e-01
7.901442493777550702e+00 -2.556621241406620282e-01 -8.095501691446616022e-01
7.948221221955183324e+00 -2.176462860857358850e-01 -8.201669730684584270e-01
7.994045637101020674e+00 -1.768900192949501293e-01 -8.308131168358144913e-01
8.038802648551754970e+00 -1.332222601140015672e-01 -8.415369632421751955e-01
8.082392879403807129e+00 -8.651421892835403638e-02 -8.523865567687173295e-01
8.124732295046305453e+00 -3.668233606199960278e-02 -8.634063979259842814e-01
8.165753109936682463e+00 1.630956142836705036e-02 -8.746343359575496912e-01
8.205404005809267431e+00 7.244893180662341503e-02 -8.860987210789276203e-01
8.243649709330489017e+00 1.316740336019366353e-01 -8.978159402248651055e-01
8.280469991170075872e+00 1.938742822940980604e-01 -9.097884378567693275e-01
8.315858161922371039e+00 2.588914330053543322e-01 -9.220032966761758653e-01
8.349819152750429296e+00 3.265215590885889863e-01 -9.344314238256714589e-01
8.382367279070006560e+00 3.965177823497399445e-01 -9.470273586450739245e-01
8.413523793014713092e+00 4.685936970815941516e-01 -9.597296905625426477e-01
8.443314333608599398e+00 5.424274174116349156e-01 -9.724620515468397342e-01
8.471766381376077959e+00 6.176661659970517082e-01 -9.851346270088403578e-01
8.498906816412089782e+00 6.939313122963504110e-01 -9.976461124779272271e-01
8.524759667158022580e+00 7.708237609417278868e-01 -1.009886031779123616e+00
8.549344123525157713e+00 8.479295856239476015e-01 -1.021737326427412329e+00
8.572672874187393433e+00 9.248258021050895783e-01 -1.033079124841269403e+00
8.594750814271797879e+00 1.001086175839787540e+00 -1.043789602184714838e+00
8.615574156113352089e+00 1.076286964286823578e+00 -1.053748845734619577e+00
8.635129961762331163e+00 1.150012499490397966e+00 -1.062841645810686853e+00
8.653396101118163486e+00 1.221860521805290256e+00 -1.070960138439254861e+00
8.670341624273556036e+00 1.291447181477584083e+00 -1.078006233620166121e+00
8.685927522296520209e+00 1.358411633031959775e+00 -1.083893772686663537e+00
8.700107838783404546e+00 1.422420159376073467e+00 -1.088550369108614468e+00
8.712831085789192187e+00 1.483169778058562649e+00 -1.091918897888708440e+00
8.724041911985180420e+00 1.540391299676719283e+00 -1.093958608805485122e+00
8.733682967428585187e+00 1.593851825567387470e+00 -1.094645848717890058e+00
8.741696907474533873e+00 1.643356685997829025e+00 -1.093974388728792713e+00
8.748028477626196064e+00 1.688750829437056789e+00 -1.091955362887572889e+00
8.752626620930104906e+00 1.729919678114749892e+00 -1.088616835045928433e+00
8.755446549114850541e+00 1.766789466078478421e+00 -1.084003018767613735e+00
8.756451717633300547e+00 1.799327074738993115e+00 -1.078173182316479295e+00
8.755615643685882077e+00 1.827539378929417646e+00 -1.071200277349496854e+00
8.752923506600568615e+00 1.851472115333905100e+00 -1.063169335860788767e+00
8.748373473093298713e+00 1.871208285912295599e+00 -1.054175684484071507e+00
8.741977696620326199e+00 1.886866111854015315e+00 -1.044323027860364350e+00
8.733762949781020524e+00 1.898596557759886894e+00 -1.033721453028892512e+00
8.723770860363357471e+00 1.906580449992857806e+00 -1.022485404716278801e+00
8.712057734243538576e+00 1.911025217114439956e+00 -1.010731677604438827e+00
8.698693961729352608e+00 1.912161284752426971e+00 -9.985774671184067808e-01
8.683763018313438664e+00 1.910238163144245105e+00 -9.861385158554020203e-01
8.667360086442080558e+00 1.905520273504774043e+00 -9.735273889546869341e-01
8.649590341408279315e+00 1.898282568926608960e+00 -9.608519083994436771e-01
8.630566960487952244e+00 1.888806015688148765e+00 -9.482137729039548102e-01
8.610408928413948004e+00 1.877373010699852518e+00 -9.357073860702522783e-01
8.589238723260805841e+00 1.864262819949154881e+00 -9.234189104762791089e-01
8.567179973933626513e+00 1.849747130616881119e+00 -9.114255590180021516e-01
8.544355182266249571e+00 1.834085814837606465e+00 -8.997951270136274049e-01
8.520883597895743122e+00 1.817523004853840884e+00 -8.885857593587273007e-01
8.496879322650626065e+00 1.800283577300545668e+00 -8.778459371230167285e-01
8.472449704754835054e+00 1.782570138390677350e+00 -8.676146589759899941e-01
8.447694064033065331e+00 1.764560591457306149e+00 -8.579217862763949265e-01
8.422702769881027507e+00 1.746406353644079257e+00 -8.487885169593970547e-01
8.397556675823270922e+00 1.728231270074385595e+00 -8.402279519569224586e-01
8.372326898636632819e+00 1.710131252014853054e+00 -8.322457184174740785e-01
8.347074915769299608e+00 1.692174640738695501e+00 -8.248406164169534982e-01
8.321852941397311909e+00 1.674403272279433308e+00 -8.180052597628240107e-01
8.296704529041006637e+00 1.656834192618054313e+00 -8.117266861447989257e-01
8.271665338396163136e+00 1.639461950601513340e+00 -8.059869169073072825e-01
8.246763997270729618e+00 1.622261378037040069e+00 -8.007634521180507781e-01
8.222022986965859204e+00 1.605190752542218879e+00 -7.960296922172215295e-01
8.197459481390954039e+00 1.588195228346932719e+00 -7.917552831429591764e-01
8.173086076849418902e+00 1.571210413368149705e+00 -7.879063876615730599e-01
8.148911360437613993e+00 1.554165967733697640e+00 -7.844458919942212116e-01
8.124940279248560770e+00 1.536989099744414444e+00 -7.813335633396886193e-01
8.101174288885919950e+00 1.519607840777490892e+00 -7.785261795216616987e-01
8.077611277607971374e+00 1.501953992196923382e+00 -7.759776559256761352e-01
8.054245281397587775e+00 1.483965655672179862e+00 -7.736391970750352565e-01
8.031066024441441797e+00 1.465589282332389498e+00 -7.714595009497210443e-01
8.008058337094730916e+00 1.446781203531391169e+00 -7.693850434154503315e-01
7.985201517282886741e+00 1.427508634212001137e+00 -7.673604673834831802e-01
7.962468709872004169e+00 1.407750166761211341e+00 -7.653290963119940837e-01
7.939826381293242363e+00 1.387495797041212287e+00 -7.632335846902162935e-01
7.917233963853378853e+00 1.366746543898855748e+00 -7.610167096603026593e-01
7.894643736129363987e+00 1.345513738471687315e+00 -7.586222983724670854e-01
7.872000993198231988e+00 1.323818069738049941e+00 -7.559962756225391267e-01
7.849244544130466572e+00 1.301688477824320511e+00 -7.530878063101921205e-01
7.826307555386932790e+00 1.279160986699388936e+00 -7.498504976694636559e-01
7.803118738696840140e+00 1.256277563271186448e+00 -7.462436178045053214e-01
7.779603861870699077e+00 1.233085080753285601e+00 -7.422332810891723032e-01
7.755687542329070538e+00 1.209634450866681865e+00 -7.377935485213078515e-01
7.731295267339808319e+00 1.185979972380815539e+00 -7.329073921278715931e-01
7.706355572550577904e+00 1.162178922927395774e+00 -7.275674758690995336e-01
7.680802300978097463e+00 1.138291397673626415e+00 -7.217767099225395055e-01
7.654576858058194766e+00 1.114380374216202396e+00 -7.155485404597043964e-01
7.627630375592412193e+00 1.090511960597840169e+00 -7.089069440312448789e-01
7.599925699603091722e+00 1.066755764896073266e+00 -7.018861057192862241e-01
7.571439124346090566e+00 1.043185311445809171e+00 -6.945297735594316846e-01
7.542161806052099848e+00 1.019878420529470198e+00 -6.868902971918591227e-01
7.512100804287872080e+00 9.969174653917936002e-01 -6.790273742479032704e-01
7.481279715438319045e+00 9.743894233163986618e-01 -6.710065417510697738e-01
7.449738880995241175e+00 9.523856468679119391e-01 -6.628974608950821690e-01
7.417535172086908268e+00 9.310012973219168320e-01 -6.547720522945373878e-01
7.384741369862229732e+00 9.103344042527465874e-01 -6.467025462312916417e-01
7.351445177821885224e+00 8.904845419131980355e-01 -6.387595189766266390e-01
7.317747915778924472e+00 8.715511418663089982e-01 -6.310099909134125884e-01
7.283762954740189421e+00 8.536314891531652238e-01 -6.235156631277578576e-01
7.249613956938281589e+00 8.368184737977758525e-01 -6.163313654000061037e-01
7.215432985387929321e+00 8.211981894712092611e-01 -6.095037805002985198e-01
7.181358543126115990e+00 8.068474855511432731e-01 -6.030704984827564008e-01
7.147533594549641656e+00 7.938315863890735846e-01 -5.970594412348187996e-01
7.114103610895794461e+00 7.822018920399643749e-01 -5.914886824336368365e-01
7.081214669835673270e+00 7.719940689828375113e-01 -5.863666715567183996e-01
7.049011626615834025e+00 7.632265286017468897e-01 -5.816928528469508253e-01
7.017636362959922991e+00 7.558993759691844394e-01 -5.774586514674941995e-01
6.987226111791200012e+00 7.499938922619097115e-01 -5.736487802327793206e-01
6.957911851686310989e+00 7.454725917257695178e-01 -5.702428023966259474e-01
6.929816764771537407e+00 7.422798691559806539e-01 -5.672168704472718703e-01
6.903054755165150880e+00 7.403432269325924686e-01 -5.645455492714678281e-01
6.877729031705299256e+00 7.395750431245955436e-01 -5.622036255716001962e-01
6.853930767572332883e+00 7.398748164401274252e-01 -5.601678042157894888e-01
6.831737858304910205e+00 7.411318018987715917e-01 -5.584181955653978457e-01
6.811213806160627549e+00 7.432279337003658837e-01 -5.569395051046238665e-01
6.792406761728764231e+00 7.460409189333484514e-01 -5.557218480357635215e-01
6.775348753813177360e+00 7.494473781906798582e-01 -5.547611273629059481e-01
6.760055137031995010e+00 7.533259080058120061e-01 -5.540589340089970838e-01
6.746524284047413111e+00 7.575599458673294428e-01 -5.536219504743286057e-01
6.734737545998834563e+00 7.620403308252051700e-01 -5.534608644592446947e-01
6.724659500113148169e+00 7.666674698314173142e-01 -5.535888253221981081e-01
6.716238496491056864e+00 7.713530400189804181e-01 -5.540195033906006872e-01
6.709407505690569096e+00 7.760211782400747715e-01 -5.547648381019096853e-01
6.704085255348014805e+00 7.806091301333657473e-01 -5.558325834666628662e-01
6.700177629918187883e+00 7.850673516684746334e-01 -5.572237766258547609e-01
6.697579295456864479e+00 7.893590770724020489e-01 -5.589302661049334597e-01
6.696175502865081341e+00 7.934593882705093248e-01 -5.609324399122471716e-01
6.695844018271166043e+00 7.973538414806605745e-01 -5.631972894373881156e-01
6.696457127707298618e+00 8.010367252285454098e-01 -5.656769332028296349e-01
6.697883664593374142e+00 8.045090401004628688e-01 -5.683077054763199243e-01
6.699991012490833953e+00 8.077763033244637070e-01 -5.710098896015899372e-01
6.702647041470049416e+00 8.108462895424174421e-01 -5.736881461168825691e-01
6.705721943110967587e+00 8.137268213857037358e-01 -5.762326532794757039e-01
6.709089935342205102e+00 8.164237187302304521e-01 -5.785209448379476926e-01
6.712630813236439842e+00 8.189390042068334097e-01 -5.804203987591368685e-01
6.716231325845233968e+00 8.212694467080455807e-01 -5.817913020327023510e-01
6.719786363407105334e+00 8.234055069760215506e-01 -5.824903909639005395e-01
6.723199944919119098e+00 8.253307317723672654e-01 -5.823747444872476864e-01
6.726386003331018770e+00 8.270216260025173849e-01 -5.813058918008624509e-01
6.729268973776422413e+00 8.284480149032293905e-01 -5.791539864071848509e-01
6.731784197951834692e+00 8.295738903101120831e-01 -5.758018962911489735e-01
6.733878163459601218e+00 8.303587158675714841e-01 -5.711490632711104798e-01
6.735508599553398312e+00 8.307591462142360772e-01 -5.651149925820211362e-01
6.736644450059316114e+00 8.307310956313815886e-01 -5.576422463309470556e-01
6.737265741027195887e+00 8.302320738652815280e-01 -5.486988317005913052e-01
6.737363356320712704e+00 8.292236927294051041e-01 -5.382798963322609209e-01
6.736938730410710896e+00 8.276742384898263527e-01 -5.264086681536640500e-01
6.736003465116163547e+00 8.255612027527249319e-01 -5.131366036325668567e-01
6.734578876245273626e+00 8.228736676235173242e-01 -4.985427359796393287e-01
6.732695476579308114e+00 8.196144469237892638e-01 -4.827322427563550677e-01
6.730392402202032720e+00 8.158018920279705988e-01 -4.658342803701820967e-01
6.727716788393460767e+00 8.114712776160134533e-01 -4.479991601767577269e-01
6.724723098602837901e+00 8.066756899682872017e-01 -4.293949656059479758e-01
6.721472405874075129e+00 8.014863497213773336e-01 -4.102037297213479428e-01
6.718031621189680891e+00 7.959923136522658593e-01 -3.906173063352603725e-01
6.714472657860702576e+00 7.902995169535681486e-01 -3.708330749995651376e-01
6.710871515743619398e+00 7.845291386078185880e-01 -3.510496215912221052e-01
6.707307264717915274e+00 7.788152969996482433e-01 -3.314625323769867515e-01
6.703860904936831844e+00 7.733021094154797215e-01 -3.122604304347957882e-01
6.700614082900410828e+00 7.681401757546589826e-01 -2.936213692073569304e-01
6.697647647253178960e+00 7.634825714895104865e-01 -2.757096792940229024e-01
6.695040035212166174e+00 7.594804557942557155e-01 -2.586733423581140112e-01
6.692865488502169669e+00 7.562784169131555601e-01 -2.426419415376321886e-01
6.691192106141035545e+00 7.540096884346723094e-01 -2.277252122621145347e-01
6.690079750447724294e+00 7.527913776929082701e-01 -2.140121920582811477e-01
6.689577832514335576e+00 7.527198511390250646e-01 -2.015709441686460712e-01
6.689723014578586202e+00 7.538664211512655644e-01 -1.904488093003317561e-01
6.690536879632428047e+00 7.562734746757137083e-01 -1.806731238750631796e-01
6.692023632628722574e+00 7.599511766559853276e-01 -1.722523319950507725e-01
6.694167911119563108e+00 7.648748703127181692e-01 -1.651774113126670551e-01
6.696932794298688485e+00 7.709832818402302390e-01 -1.594235294160687988e-01
6.700258107144319908e+00 7.781776194727441087e-01 -1.549518471111201445e-01
6.704059119823313928e+00 7.863216367391924200e-01 -1.517113884157231807e-01
6.708225740454659025e+00 7.952427069119436531e-01 -1.496409043911281767e-01
6.712622290524509872e+00 8.047339294629859419e-01 -1.486706687074302313e-01
6.717087936566798589e+00 8.145572595285572870e-01 -1.487241559184851181e-01
6.721437830458127038e+00 8.244476186815469232e-01 -1.497195672559614166e-01
6.725464986048727667e+00 8.341179112887370239e-01 -1.515711820651341468e-01
6.728942894256499940e+00 8.432648373812197118e-01 -1.541905251958341494e-01
6.731628854006778795e+00 8.515753623959180230e-01 -1.574873516378413052e-01
6.733267973199883016e+00 8.587336783442409693e-01 -1.613704594158657524e-01
6.733597771666207876e+00 8.644284713196171976e-01 -1.657483499819900896e-01
6.732353295766501766e+00 8.683602973135883252e-01 -1.705297616816208728e-01
6.729272631812517780e+00 8.702488623749721208e-01 -1.756241061585663843e-01
6.724102684281246134e+00 8.698400046563418142e-01 -1.809418400629487500e-01
6.716605066954969061e+00 8.669121846620181371e-01 -1.863948055821300076e-01
6.706561942187312830e+00 8.612823047464207571e-01 -1.918965733175324873e-01
6.693781636387363676e+00 8.528106981657832542e-01 -1.973628195882997094e-01
6.678103859265929643e+00 8.414051511711455600e-01 -2.027117668134322537e-01
6.659404360878265372e+00 8.270238486224749108e-01 -2.078647098609265886e-01
6.637598873747616146e+00 8.096771638228205115e-01 -2.127466433190369488e-01
6.612646206254933823e+00 7.894282454756423872e-01 -2.172869951195550708e-01
6.584550376546085104e+00 7.663923875283955578e-01 -2.214204613786796561e-01
6.553361702208061246e+00 7.407352005599717737e-01 -2.250879260196725351e-01
6.519176789417164386e+00 7.126696363457641903e-01 -2.282374370623139470e-01
6.482137396320193368e+00 6.824519498544346918e-01 -2.308252002333949504e-01
6.442428179122155818e+00 6.503767135802741572e-01 -2.328165410669224555e-01
6.400273364927741682e+00 6.167710255646777773e-01 -2.341867802462239412e-01
6.355932431038819885e+00 5.819880725528784327e-01 -2.349219644067903623e-01
6.309694904016556194e+00 5.464002219170944752e-01 -2.350193960195265108e-01
6.261874421810226465e+00 5.103918201199173499e-01 -2.344879107423161746e-01
6.212802227835637403e+00 4.743518728821560226e-01 -2.333478580753711173e-01
6.162820286356291533e+00 4.386667742103074197e-01 -2.316307509524901109e-01
6.112274222812906999e+00 4.037132386021372032e-01 -2.293785619874929016e-01
6.061506299801691533e+00 3.698515737568656148e-01 -2.266426582118152289e-01
6.010848638789144438e+00 3.374194117153876404e-01 -2.234823816178443390e-01
5.960616889690792952e+00 3.067259968497821898e-01 -2.199632986515447364e-01
5.911104535852407693e+00 2.780471110913634303e-01 -2.161551566856069750e-01
5.862578001437197983e+00 2.516207005004287289e-01 -2.121295982188610707e-01
5.815272702199278498e+00 2.276432521878936355e-01 -2.079576935773008173e-01
5.769390149675104773e+00 2.062669562350963326e-01 -2.037073606988449859e-01
5.725096184019555778e+00 1.875976735767616588e-01 -1.994407470050868492e-01
5.682520373304760675e+00 1.716937177661105318e-01 -1.952116537282364284e-01
5.641756577914458504e+00 1.585654457810711238e-01 -1.910630868830092144e-01
5.602864638174064993e+00 1.481756401707312321e-01 -1.870250204729598797e-01
5.565873102210574075e+00 1.404406517741991489e-01 -1.831124557713031398e-01
5.530782870434476806e+00 1.352322593150591112e-01 -1.793238552164999056e-01
5.497571594719685706e+00 1.323801904091320703e-01 -1.756400206270269937e-01
5.466198636164721236e+00 1.316752394721399100e-01 -1.720234736776273810e-01
5.436610356645013908e+00 1.328729128215368760e-01 -1.684183828561668095e-01
5.408745497239975109e+00 1.356975296768714312e-01 -1.647510661415342859e-01
5.382540382164796355e+00 1.398467081576280635e-01 -1.609310828287728590e-01
5.357933681368810319e+00 1.449961659941984282e-01 -1.568529120681226019e-01
5.334870469684217298e+00 1.508047658903160504e-01 -1.523982011206005960e-01
5.313305336031651116e+00 1.569197359667773295e-01 -1.474385541393860299e-01
5.293204322367770054e+00 1.629819975043742264e-01 -1.418388222799055187e-01
5.274545507165897540e+00 1.686315359318283080e-01 -1.354608466782517562e-01
5.257318090434250912e+00 1.735127570023539123e-01 -1.281675959522620700e-01
5.241519885998934924e+00 1.772797787018161042e-01 -1.198276295489396348e-01
5.227153182042315827e+00 1.796016206387481551e-01 -1.103198091241282403e-01
5.214218991409792281e+00 1.801672653931753465e-01 -9.953817376730954292e-02
5.202709776105955974e+00 1.786905784379687057e-01 -8.739689155734811643e-02
5.192600792865044390e+00 1.749150828920150169e-01 -7.383519879770163163e-02
5.183840266893283477e+00 1.686185916704247556e-01 -5.882223826325301552e-02
5.176338657509184316e+00 1.596177023533829065e-01 -4.236170825559743003e-02
5.169957330944303209e+00 1.477721592774134951e-01 -2.449623495327006573e-02
5.164497000298541529e+00 1.329890834086726314e-01 -5.311381071258725051e-03
5.159686328756390772e+00 1.152270642123155581e-01 1.506079659066394960e-02
5.155171117776655265e+00 9.450009880730292355e-02 3.643873031588544531e-02
5.150504515319608068e+00 7.088135081787068359e-02 5.858895909285919551e-02
5.145138679115420999e+00 4.450668349634504667e-02 8.122447986350717075e-02
5.138418316211785353e+00 1.557789970254963748e-02 1.040039366123083897e-01
5.129576492655788300e+00 -1.563440262416967291e-02 1.265317537926904934e-01
5.117733066032164935e+00 -4.878847449433412753e-02 1.483593184993836911e-01
5.101896038950594736e+00 -8.346969578200459650e-02 1.689873093437063434e-01
5.080966065195969605e+00 -1.191896445711608382e-01 1.878692599027779742e-01
5.053744264880704939e+00 -1.553861204209606162e-01 2.044164310953595631e-01
5.018943422901005036e+00 -1.914242894644549442e-01 2.180040492325662216e-01
4.975202558260391150e+00 -2.265991148208030825e-01 2.279789434816130722e-01
4.921104762978290026e+00 -2.601392233644168606e-01 2.336685866141527401e-01
4.855198121228694319e+00 -2.912123391202521283e-01 2.343915055585450991e-01
4.776019433879315379e+00 -3.189323844163660659e-01 2.294689840984276696e-01
4.682120391175070395e+00 -3.423683131200246366e-01 2.182379306148360398e-01
4.572095756856867865e+00 -3.605546966861837843e-01 2.000647311744668810e-01
4.444613050759202544e+00 -3.725040337275559721e-01 1.743598550165614269e-01
4.298443144813634653e+00 -3.772206976645042231e-01 1.405929278632616353e-01
4.132491121342516394e+00 -3.737163759154112364e-01 9.830794022099541285e-02
3.945826685816636648e+00 -3.610267901616477371e-01 4.713821464034125691e-02
3.737713383089936947e+00 -3.382294227474417214e-01 -1.317928024021916902e-02
3.507635840529844451e+00 -3.044619114409646277e-01 -8.279070787812964349e-02
3.255324256425814688e+00 -2.589407161549379111e-01 -1.617136882258604913e-01
2.980775369923847062e+00 -2.009796101005436320e-01 -2.498276225201944700e-01
2.684269191826060830e+00 -1.300075080856346321e-01 -3.468664551046742872e-01
2.366380845965541102e+00 -4.558512026133551553e-02 -4.524142711455941823e-01
2.027986969463008382e+00 5.258008574797460449e-02 -5.659040691454403360e-01
1.670266246024568746e+00 1.646211150472399742e-01 -6.866199644265321700e-01
1.294693795852656315e+00 2.905013299894071421e-01 -8.137029762510542552e-01
9.030293121352945818e-01 4.300073915581023032e-01 -9.461604321976666565e-01
4.972990094960240137e-01 5.827455829557824929e-01 -1.082878896449574135e+00
7.977162707334206626e-02 7.481417488113371039e-01 -1.222640401983922098e+00
-3.470710975548118582e-01 9.254449801055201208e-01 -1.364141647598659635e+00
-7.805689025898032707e-01 1.113735064284641085e+00 -1.506015715089015883e+00
-1.217921692906427378e+00 1.311933606462186264e+00 -1.646855774137525374e+00
-1.656231586332677752e+00 1.518818615059084776e+00 -1.785240175885082214e+00
-2.092547350627524949e+00 1.733042237405977959e+00 -1.919758292638222841e+00
-2.523910193360666909e+00 1.953151231930102538e+00 -2.049036441031254707e+00
-2.947399825997933931e+00 2.177609678406741800e+00 -2.171763228082781438e+00
-3.360179716026124197e+00 2.404823360624721573e+00 -2.286713682118046265e+00
-3.759540468246666212e+00 2.633165209115750471e+00 -2.392771571340269077e+00
-4.142940339461331334e+00 2.861001166341631485e+00 -2.488949369591613170e+00
-4.508041989235995750e+00 3.086715833896577443e+00 -2.574405399204567679e+00
-4.852744699859023569e+00 3.308737281739832170e+00 -2.648457762805330074e+00
-5.175211453694102737e+00 3.525560442559518837e+00 -2.710594767695264196e+00
-5.473890425778035862e+00 3.735768577277207569e+00 -2.760481645721546862e+00
-5.747530623646490255e+00 3.938052376274079336e+00 -2.797963475219863216e+00
-5.995191576801688349e+00 4.131226350477201770e+00 -2.823064315835233540e+00
-6.216247138596254551e+00 4.314242262183548782e+00 -2.835982667313836192e+00
-6.410383608261085442e+00 4.486199442817806471e+00 -2.837083454878916555e+00
-6.577592506025230712e+00 4.646351939606386594e+00 -2.826886822684437917e+00
-6.718158437250017379e+00 4.794112521677695860e+00 -2.806054081556249358e+00
