1.068051457405090332e-01 3.453934788703918457e-01 -3.148695826530456543e-02
1.359019577503204346e-01 3.697095513343811035e-01 -5.911715701222419739e-02
1.435078084468841553e-01 3.646859526634216309e-01 -7.034876942634582520e-02
1.498521566390991211e-01 3.839708268642425537e-01 -7.144567370414733887e-02
2.165465503931045532e-01 3.991866707801818848e-01 -1.491498947143554688e-01
2.413373291492462158e-01 4.210185110569000244e-01 -1.723294705152511597e-01
2.929566204547882080e-01 4.533620178699493408e-01 -2.252398431301116943e-01
2.306866198778152466e-01 4.256223440170288086e-01 -1.574352681636810303e-01
2.814525961875915527e-01 4.204111695289611816e-01 -2.224316000938415527e-01
3.169667422771453857e-01 4.105803668498992920e-01 -2.695165276527404785e-01
3.202669620513916016e-01 3.925249874591827393e-01 -2.797567546367645264e-01
3.365343213081359863e-01 3.847221136093139648e-01 -3.024511933326721191e-01
3.362991809844970703e-01 3.301236629486083984e-01 -3.207243680953979492e-01
3.563047349452972412e-01 3.216576278209686279e-01 -3.480269908905029297e-01
3.651244044303894043e-01 3.919146656990051270e-01 -3.349978327751159668e-01
3.721688985824584961e-01 3.645697832107543945e-01 -3.530032932758331299e-01
3.831274211406707764e-01 3.877607882022857666e-01 -3.585268557071685791e-01
4.129357337951660156e-01 4.275487363338470459e-01 -3.814524412155151367e-01
4.181860685348510742e-01 4.566598534584045410e-01 -3.778944015502929688e-01
4.194812476634979248e-01 4.891156554222106934e-01 -3.683155477046966553e-01
4.385780394077301025e-01 5.379450321197509766e-01 -3.749834597110748291e-01
4.441615045070648193e-01 5.589140653610229492e-01 -3.745986819267272949e-01
4.233932793140411377e-01 5.286912918090820312e-01 -3.594674766063690186e-01
4.432511031627655029e-01 6.836593151092529297e-01 -3.306015133857727051e-01
4.496548771858215332e-01 6.794912815093994141e-01 -3.398745059967041016e-01
4.439315795898437500e-01 6.482402086257934570e-01 -3.435987234115600586e-01
4.544642567634582520e-01 6.420966982841491699e-01 -3.586447238922119141e-01
4.565938711166381836e-01 6.193200349807739258e-01 -3.691079020500183105e-01
4.813429117202758789e-01 6.722575426101684570e-01 -3.812901079654693604e-01
4.578720629215240479e-01 6.695946455001831055e-01 -3.534140884876251221e-01
4.585915207862854004e-01 6.622694730758666992e-01 -3.568689227104187012e-01
4.657838046550750732e-01 6.186066865921020508e-01 -3.807135522365570068e-01
4.646209478378295898e-01 5.573070645332336426e-01 -4.004604816436767578e-01
4.380125701427459717e-01 5.016355514526367188e-01 -3.867664635181427002e-01
4.081363379955291748e-01 5.148015022277832031e-01 -3.455868661403656006e-01
3.911599516868591309e-01 5.181256532669067383e-01 -3.236077427864074707e-01
3.879748582839965820e-01 5.107045173645019531e-01 -3.221763968467712402e-01
3.656856715679168701e-01 4.988324046134948730e-01 -2.988893985748291016e-01
3.659864366054534912e-01 5.079412460327148438e-01 -2.962004542350769043e-01
3.645639419555664062e-01 5.204105973243713379e-01 -2.902599573135375977e-01
3.786386549472808838e-01 4.897565543651580811e-01 -3.180281221866607666e-01
3.794897794723510742e-01 4.807519912719726562e-01 -3.221696615219116211e-01
3.623459339141845703e-01 4.385260045528411865e-01 -3.156741857528686523e-01
3.571491241455078125e-01 4.533073604106903076e-01 -3.043246865272521973e-01
3.902552425861358643e-01 4.803278744220733643e-01 -3.356496393680572510e-01
4.089442193508148193e-01 4.328117072582244873e-01 -3.749645352363586426e-01
3.985941708087921143e-01 4.867314100265502930e-01 -3.435397148132324219e-01
3.567864000797271729e-01 4.433579146862030029e-01 -3.071299195289611816e-01
3.146003186702728271e-01 3.702406287193298340e-01 -2.804691791534423828e-01
1.581975072622299194e-01 3.318462371826171875e-01 -1.002669259905815125e-01
4.034556448459625244e-02 2.415446043014526367e-01 1.460230350494384766e-02
4.518899321556091309e-02 2.618825137615203857e-01 1.574125885963439941e-02
-2.298112958669662476e-02 1.797664165496826172e-01 7.134309411048889160e-02
-8.564596623182296753e-02 1.647850126028060913e-01 1.436907052993774414e-01
-1.102603599429130554e-01 1.472705602645874023e-01 1.678915321826934814e-01
-1.194114461541175842e-01 9.474524110555648804e-02 1.604512929916381836e-01
-1.059124991297721863e-01 1.342216581106185913e-01 1.578931808471679688e-01
-9.387236088514328003e-02 1.236426681280136108e-01 1.392831206321716309e-01
-1.254584789276123047e-01 1.123060733079910278e-01 1.742451786994934082e-01
-6.512472778558731079e-02 1.257420927286148071e-01 1.044994294643402100e-01
-9.942630678415298462e-02 1.210479736328125000e-01 1.451718211174011230e-01
-8.388910442590713501e-02 2.231718003749847412e-01 1.623666584491729736e-01
-9.955727308988571167e-02 1.954700648784637451e-01 1.719067096710205078e-01
-1.138485744595527649e-01 1.339354962110519409e-01 1.676285862922668457e-01
-1.234301701188087463e-01 5.995099991559982300e-02 1.529159545898437500e-01
-1.540005207061767578e-01 5.727481842041015625e-02 1.897836029529571533e-01
-1.910533905029296875e-01 1.335216462612152100e-01 2.626353502273559570e-01
-1.761192679405212402e-01 1.097984462976455688e-01 2.358084022998809814e-01
-1.536026000976562500e-01 1.093036755919456482e-01 2.078440487384796143e-01
-1.750481426715850830e-01 1.401451826095581055e-01 2.452456057071685791e-01
-1.863307356834411621e-01 1.061136573553085327e-01 2.470837533473968506e-01
-1.541559100151062012e-01 7.111129909753799438e-02 1.949770450592041016e-01
-1.875800788402557373e-01 1.069385856389999390e-01 2.489211559295654297e-01
-1.598803400993347168e-01 6.973142176866531372e-02 2.015290260314941406e-01
-1.643321812152862549e-01 8.380714058876037598e-02 2.119727432727813721e-01
-9.656619280576705933e-02 5.245850235223770142e-02 1.170234978199005127e-01
-7.047136873006820679e-02 4.937437921762466431e-02 8.363437652587890625e-02
-6.338997930288314819e-02 8.895982801914215088e-02 8.926978707313537598e-02
-1.072505936026573181e-01 1.267480552196502686e-01 1.567207276821136475e-01
-5.447193235158920288e-02 7.880021631717681885e-02 7.433950901031494141e-02
-1.309914141893386841e-02 1.058608889579772949e-01 3.308536112308502197e-02
-5.644772201776504517e-02 1.577961295843124390e-01 1.051203310489654541e-01
-1.941002160310745239e-02 1.196573302149772644e-01 4.578024148941040039e-02
-1.051462441682815552e-02 1.204888746142387390e-01 3.517954051494598389e-02
2.212541550397872925e-02 1.186986789107322693e-01 -5.870468914508819580e-03
-3.717117011547088623e-03 9.841889888048171997e-02 1.880955696105957031e-02
4.325747489929199219e-03 1.241808533668518066e-01 1.810294389724731445e-02
7.618874311447143555e-03 1.220216080546379089e-01 1.312728226184844971e-02
-4.230173677206039429e-02 9.453724324703216553e-02 6.483228504657745361e-02
-4.898493736982345581e-02 9.349215030670166016e-02 7.278192043304443359e-02
-8.872415870428085327e-02 1.606236249208450317e-01 1.459431946277618408e-01
-1.185394003987312317e-01 1.109683364629745483e-01 1.649593114852905273e-01
-1.163517460227012634e-01 9.276752173900604248e-02 1.558050811290740967e-01
-8.900284022092819214e-02 8.885468542575836182e-02 1.205935478210449219e-01
-7.028017193078994751e-02 9.236145019531250000e-02 9.890091419219970703e-02
-1.300617158412933350e-01 1.102743595838546753e-01 1.790090501308441162e-01
-1.154409572482109070e-01 8.263840526342391968e-02 1.510866880416870117e-01
-1.159626469016075134e-01 6.676187366247177124e-02 1.461130380630493164e-01
-1.130498275160789490e-01 5.221808701753616333e-02 1.373604536056518555e-01
-1.403093338012695312e-01 6.064290553331375122e-02 1.740611791610717773e-01
-1.400163769721984863e-01 6.993674486875534058e-02 1.770177483558654785e-01
-1.643267273902893066e-01 9.240083396434783936e-02 2.150684297084808350e-01
-1.425574421882629395e-01 5.719164013862609863e-02 1.758136153221130371e-01
-1.343830823898315430e-01 4.319900274276733398e-02 1.607414782047271729e-01
-6.413757055997848511e-02 1.212675869464874268e-02 6.282347440719604492e-02
-4.292481392621994019e-02 2.286531776189804077e-02 4.031164944171905518e-02
-7.011545449495315552e-02 3.697948157787322998e-02 7.877905666828155518e-02
-9.018107503652572632e-02 5.807350575923919678e-02 1.111179292201995850e-01
-1.117851361632347107e-01 8.435022830963134766e-02 1.472130417823791504e-01
-1.132796779274940491e-01 1.167307049036026001e-01 1.606247723102569580e-01
-1.013874188065528870e-01 9.051503241062164307e-02 1.366653442382812500e-01
-7.688289135694503784e-02 9.159557521343231201e-02 1.068723648786544800e-01
-7.849857956171035767e-02 1.014551222324371338e-01 1.122995465993881226e-01
-7.369600981473922729e-02 1.068317368626594543e-01 1.081945598125457764e-01
-6.233639270067214966e-02 9.115622192621231079e-02 8.841635286808013916e-02
-6.267903000116348267e-02 1.179470121860504150e-01 9.840697050094604492e-02
-3.372273594141006470e-02 1.813639700412750244e-01 8.541291952133178711e-02
1.182357221841812134e-02 2.330570667982101440e-01 4.712441563606262207e-02
1.428648084402084351e-02 2.237793803215026855e-01 4.078251123428344727e-02
5.574117600917816162e-02 2.501872181892395020e-01 -1.503370702266693115e-03
1.376133710145950317e-01 3.359337449073791504e-01 -7.315717637538909912e-02
8.739470690488815308e-02 2.157391309738159180e-01 -5.305805802345275879e-02
2.986916899681091309e-02 1.647486388683319092e-01 6.135031580924987793e-04
1.155344918370246887e-01 2.926800251007080078e-01 -6.092858314514160156e-02
1.171562895178794861e-01 2.609912753105163574e-01 -7.414013147354125977e-02
7.996676117181777954e-02 2.939378619194030762e-01 -1.623413711786270142e-02
2.447770535945892334e-02 2.119384706020355225e-01 2.392289042472839355e-02
5.621707066893577576e-02 2.624606490135192871e-01 2.225004136562347412e-03
2.085254341363906860e-02 2.227065563201904297e-01 3.223498165607452393e-02
-9.746618568897247314e-03 2.273461222648620605e-01 7.199460268020629883e-02
5.600925534963607788e-02 2.749122381210327148e-01 6.883248686790466309e-03
4.665026813745498657e-02 2.589711546897888184e-01 1.291552186012268066e-02
2.821367979049682617e-02 2.552723884582519531e-01 3.455083072185516357e-02
-1.575944572687149048e-02 1.926597654819488525e-01 6.733372807502746582e-02
1.137707382440567017e-02 2.713026702404022217e-01 6.114441156387329102e-02
-1.384375244379043579e-02 2.488344609737396240e-01 8.460640907287597656e-02
-4.974906891584396362e-02 1.772018671035766602e-01 1.042433828115463257e-01
-1.509018987417221069e-02 2.706997394561767578e-01 9.390094876289367676e-02
-6.606217473745346069e-02 2.162207961082458496e-01 1.380096673965454102e-01
-8.712629228830337524e-02 1.909298449754714966e-01 1.552295088768005371e-01
-1.083086952567100525e-01 1.737759262323379517e-01 1.750271320343017578e-01
-1.317872703075408936e-01 1.406589299440383911e-01 1.918915212154388428e-01
-1.035200133919715881e-01 1.438036113977432251e-01 1.581362783908843994e-01
-1.269616782665252686e-01 1.599084585905075073e-01 1.930077075958251953e-01
-1.206575855612754822e-01 1.762594282627105713e-01 1.912251412868499756e-01
-1.449957787990570068e-01 1.599307954311370850e-01 2.153351008892059326e-01
-1.200852021574974060e-01 1.501557230949401855e-01 1.809036135673522949e-01
-1.136366352438926697e-01 1.255566328763961792e-01 1.640749275684356689e-01
-1.201425269246101379e-01 1.454702764749526978e-01 1.792508363723754883e-01
-1.012687757611274719e-01 1.665603369474411011e-01 1.635842025279998779e-01
-9.952425211668014526e-02 1.286056339740753174e-01 1.478708088397979736e-01
-8.674173802137374878e-02 9.764323383569717407e-02 1.210040301084518433e-01
-6.219097226858139038e-02 2.202777564525604248e-01 1.342745125293731689e-01
-8.777979761362075806e-02 1.409535259008407593e-01 1.377893388271331787e-01
-1.399049907922744751e-02 1.563836634159088135e-01 5.202046036720275879e-02
-3.053251653909683228e-02 1.088270097970962524e-01 5.561809241771697998e-02
-6.241691857576370239e-02 7.212776690721511841e-02 8.179797232151031494e-02
-7.011660188436508179e-02 8.667525649070739746e-02 9.662687778472900391e-02
-6.333196908235549927e-02 1.352434158325195312e-01 1.055640876293182373e-01
-3.100926429033279419e-02 1.001417636871337891e-01 5.308529734611511230e-02
9.268075227737426758e-03 1.088133528828620911e-01 6.374403834342956543e-03
-1.164779812097549438e-02 1.170179322361946106e-01 3.521040081977844238e-02
7.940821349620819092e-03 1.178586930036544800e-01 1.126477122306823730e-02
1.053590178489685059e-01 2.036401629447937012e-01 -7.962474226951599121e-02
1.506642699241638184e-01 2.921575605869293213e-01 -1.048811674118041992e-01
1.639000177383422852e-01 3.139471113681793213e-01 -1.136654466390609741e-01
1.483357548713684082e-01 2.725792229175567627e-01 -1.088836118578910828e-01
1.223010122776031494e-01 1.897206306457519531e-01 -1.054602712392807007e-01
1.880915760993957520e-01 2.603990435600280762e-01 -1.626982241868972778e-01
1.553807854652404785e-01 2.396482229232788086e-01 -1.292854994535446167e-01
1.330789923667907715e-01 2.330380082130432129e-01 -1.038457751274108887e-01
1.644301861524581909e-01 3.069860637187957764e-01 -1.167830079793930054e-01
8.018550276756286621e-02 1.777813583612442017e-01 -5.727976933121681213e-02
1.468818634748458862e-01 2.456816434860229492e-01 -1.165645644068717957e-01
1.650966554880142212e-01 2.672857344150543213e-01 -1.316182762384414673e-01
1.712909787893295288e-01 2.724485993385314941e-01 -1.375139951705932617e-01
1.759252697229385376e-01 2.830749452114105225e-01 -1.395290791988372803e-01
1.696381568908691406e-01 2.556305825710296631e-01 -1.413870304822921753e-01
1.555777490139007568e-01 2.199460566043853760e-01 -1.364667862653732300e-01
1.495134085416793823e-01 2.470499277114868164e-01 -1.193416267633438110e-01
1.561341881752014160e-01 2.297211140394210815e-01 -1.337088346481323242e-01
1.861132383346557617e-01 2.977427840232849121e-01 -1.470413058996200562e-01
2.460617423057556152e-01 3.901787996292114258e-01 -1.890998780727386475e-01
2.118475139141082764e-01 3.058232665061950684e-01 -1.762561202049255371e-01
2.643773257732391357e-01 3.076785504817962646e-01 -2.402357906103134155e-01
2.707771956920623779e-01 3.543750643730163574e-01 -2.320363521575927734e-01
3.016297817230224609e-01 2.545939981937408447e-01 -3.037170767784118652e-01
2.798174023628234863e-01 2.763694822788238525e-01 -2.697334289550781250e-01
2.857352793216705322e-01 2.680473923683166504e-01 -2.797647118568420410e-01
2.789113223552703857e-01 2.617249488830566406e-01 -2.735463380813598633e-01
2.705169320106506348e-01 1.831707954406738281e-01 -2.896781563758850098e-01
2.428194582462310791e-01 1.564548611640930176e-01 -2.647928893566131592e-01
2.189702391624450684e-01 1.310361474752426147e-01 -2.441765069961547852e-01
2.066369503736495972e-01 9.648330509662628174e-02 -2.407081723213195801e-01
2.185098528861999512e-01 1.085935607552528381e-01 -2.511544525623321533e-01
1.965031325817108154e-01 9.126618504524230957e-02 -2.300719171762466431e-01
1.794553995132446289e-01 7.756542414426803589e-02 -2.138335108757019043e-01
2.316136360168457031e-01 7.444837689399719238e-02 -2.786475419998168945e-01
2.377570867538452148e-01 1.146562770009040833e-01 -2.726483047008514404e-01
2.528483867645263672e-01 1.026570722460746765e-01 -2.951301336288452148e-01
2.611760795116424561e-01 1.402153521776199341e-01 -2.926915287971496582e-01
2.170888483524322510e-01 8.509306609630584717e-02 -2.573134303092956543e-01
2.475878894329071045e-01 1.136523112654685974e-01 -2.850044071674346924e-01
2.575342953205108643e-01 9.094027429819107056e-02 -3.047958314418792725e-01
2.598371207714080811e-01 9.845528006553649902e-02 -3.050861358642578125e-01
2.488365471363067627e-01 1.284147053956985474e-01 -2.815707623958587646e-01
2.431144118309020996e-01 1.024851202964782715e-01 -2.832874953746795654e-01
2.184704542160034180e-01 8.082793653011322021e-02 -2.604356408119201660e-01
2.338760793209075928e-01 1.115671023726463318e-01 -2.689415216445922852e-01
2.139110267162322998e-01 1.317839771509170532e-01 -2.377400249242782593e-01
2.296102941036224365e-01 1.206669360399246216e-01 -2.606687545776367188e-01
2.628759443759918213e-01 1.105185896158218384e-01 -3.047479391098022461e-01
2.738434076309204102e-01 7.096005231142044067e-02 -3.314481377601623535e-01
2.459374070167541504e-01 7.763304561376571655e-02 -2.950891852378845215e-01
2.368154525756835938e-01 7.123281806707382202e-02 -2.860875129699707031e-01
1.992658078670501709e-01 4.631548374891281128e-02 -2.485530525445938110e-01
2.227164357900619507e-01 4.210340976715087891e-02 -2.786381840705871582e-01
2.288139462471008301e-01 6.704071909189224243e-02 -2.777137458324432373e-01
2.227769196033477783e-01 7.047656178474426270e-02 -2.691786587238311768e-01
2.286996841430664062e-01 6.864394247531890869e-02 -2.770353555679321289e-01
2.449736297130584717e-01 7.303284853696823120e-02 -2.954565882682800293e-01
2.168937921524047852e-01 4.764204472303390503e-02 -2.696586251258850098e-01
2.576473355293273926e-01 6.551831215620040894e-02 -3.134758770465850830e-01
2.683866322040557861e-01 9.443096816539764404e-02 -3.168906271457672119e-01
2.327450811862945557e-01 8.270512521266937256e-02 -2.772565186023712158e-01
2.440965771675109863e-01 1.242567449808120728e-01 -2.771729230880737305e-01
2.379773855209350586e-01 8.442571759223937988e-02 -2.830752134323120117e-01
2.175529003143310547e-01 7.350245118141174316e-02 -2.617752552032470703e-01
1.850251704454421997e-01 4.658368974924087524e-02 -2.310528755187988281e-01
1.454767584800720215e-01 2.270466089248657227e-02 -1.906761527061462402e-01
2.148449122905731201e-01 8.413764089345932007e-02 -2.548910975456237793e-01
2.256422489881515503e-01 9.848806262016296387e-02 -2.632697224617004395e-01
1.808061003684997559e-01 5.229660868644714355e-02 -2.239752411842346191e-01
1.716239899396896362e-01 3.115822374820709229e-02 -2.198520898818969727e-01
1.641291677951812744e-01 -1.612812280654907227e-03 -2.217003852128982544e-01
1.425574868917465210e-01 1.560322940349578857e-02 -1.894005388021469116e-01
1.649562716484069824e-01 2.239912748336791992e-02 -2.146434783935546875e-01
1.518836319446563721e-01 5.945548415184020996e-03 -2.041898071765899658e-01
1.992319375276565552e-01 3.410425782203674316e-02 -2.526146769523620605e-01
1.933098137378692627e-01 2.829598635435104370e-02 -2.473260909318923950e-01
2.138893306255340576e-01 4.552092403173446655e-02 -2.666982114315032959e-01
1.594083458185195923e-01 2.068550139665603638e-02 -2.084365785121917725e-01
1.320057362318038940e-01 2.898862212896347046e-02 -1.719333529472351074e-01
1.277437359094619751e-01 3.626514971256256104e-02 -1.642280220985412598e-01
1.371341794729232788e-01 3.490842133760452271e-02 -1.762475967407226562e-01
1.322919279336929321e-01 4.371821880340576172e-02 -1.673042774200439453e-01
2.004358172416687012e-01 4.112482070922851562e-02 -2.517275512218475342e-01
1.523268520832061768e-01 2.361186593770980835e-02 -1.987957507371902466e-01
2.182137221097946167e-01 6.321652978658676147e-02 -2.660392522811889648e-01
1.896810531616210938e-01 5.242861062288284302e-02 -2.347810566425323486e-01
1.954788267612457275e-01 6.800165772438049316e-02 -2.366366088390350342e-01
1.855727434158325195e-01 8.356316387653350830e-02 -2.192970812320709229e-01
1.777121871709823608e-01 6.601268053054809570e-02 -2.155840843915939331e-01
1.529824435710906982e-01 8.893511444330215454e-02 -1.774660050868988037e-01
1.325752735137939453e-01 6.113721430301666260e-02 -1.618269234895706177e-01
1.623542755842208862e-01 1.161760017275810242e-01 -1.797223091125488281e-01
1.465546190738677979e-01 5.475662648677825928e-02 -1.811864674091339111e-01
2.042764723300933838e-01 8.672299236059188843e-02 -2.411018311977386475e-01
1.720357537269592285e-01 7.082632184028625488e-02 -2.070268988609313965e-01
1.513730883598327637e-01 9.109260886907577515e-02 -1.747614443302154541e-01
1.956081688404083252e-01 1.272993087768554688e-01 -2.168570458889007568e-01
1.466112732887268066e-01 1.160886734724044800e-01 -1.603864133358001709e-01
1.707061827182769775e-01 1.113061085343360901e-01 -1.916481107473373413e-01
1.199059933423995972e-01 7.457494735717773438e-02 -1.416873037815093994e-01
1.186132058501243591e-01 7.372148334980010986e-02 -1.403553485870361328e-01
1.080553010106086731e-01 7.940688729286193848e-02 -1.253661513328552246e-01
1.771536022424697876e-01 6.430260837078094482e-02 -2.154757678508758545e-01
1.617352664470672607e-01 5.687276273965835571e-02 -1.991223394870758057e-01
1.234170943498611450e-01 6.451992690563201904e-02 -1.493798494338989258e-01
5.947633460164070129e-02 5.715797841548919678e-02 -7.225859165191650391e-02
1.274277269840240479e-01 5.953978002071380615e-02 -1.560242176055908203e-01
1.053055673837661743e-01 6.180984526872634888e-02 -1.279101371765136719e-01
7.013434171676635742e-02 5.460377037525177002e-02 -8.644456416368484497e-02
1.081878319382667542e-01 6.487739086151123047e-02 -1.304986774921417236e-01
1.198535785079002380e-01 7.470769435167312622e-02 -1.415781825780868530e-01
1.720024645328521729e-01 7.714020460844039917e-02 -2.048646956682205200e-01
1.667115986347198486e-01 7.062340527772903442e-02 -2.005859613418579102e-01
7.129491865634918213e-02 7.476659119129180908e-02 -8.117017894983291626e-02
1.236687302589416504e-01 6.878472864627838135e-02 -1.482891738414764404e-01
1.653076708316802979e-01 9.017865359783172607e-02 -1.922347843647003174e-01
1.565970480442047119e-01 8.404033631086349487e-02 -1.836299896240234375e-01
1.803454011678695679e-01 7.785186916589736938e-02 -2.148253321647644043e-01
2.043887376785278320e-01 8.645821362733840942e-02 -2.413280755281448364e-01
2.310636788606643677e-01 1.803259402513504028e-01 -2.423999607563018799e-01
2.329957485198974609e-01 1.937680542469024658e-01 -2.402454465627670288e-01
2.235768139362335205e-01 1.917138546705245972e-01 -2.294204086065292358e-01
2.403442114591598511e-01 1.913896352052688599e-01 -2.500285506248474121e-01
2.573798000812530518e-01 2.265608161687850952e-01 -2.590379714965820312e-01
2.392917275428771973e-01 2.213755249977111816e-01 -2.386664450168609619e-01
2.484907209873199463e-01 2.231699824333190918e-01 -2.493098527193069458e-01
2.285978049039840698e-01 1.679061204195022583e-01 -2.435583770275115967e-01
2.527241706848144531e-01 2.043208330869674683e-01 -2.608188688755035400e-01
2.729551196098327637e-01 2.015840113162994385e-01 -2.864720523357391357e-01
2.351925671100616455e-01 1.369474232196807861e-01 -2.620231211185455322e-01
2.298858761787414551e-01 1.741840094327926636e-01 -2.430237382650375366e-01
2.553634047508239746e-01 2.138764858245849609e-01 -2.608347833156585693e-01
1.942140012979507446e-01 2.286923676729202271e-01 -1.808101534843444824e-01
2.047663629055023193e-01 3.008115887641906738e-01 -1.689437478780746460e-01
1.926949918270111084e-01 2.237455993890762329e-01 -1.806056499481201172e-01
1.976202726364135742e-01 2.534038424491882324e-01 -1.764859259128570557e-01
2.349177002906799316e-01 2.780698537826538086e-01 -2.139838933944702148e-01
2.513659894466400146e-01 2.924736738204956055e-01 -2.292830944061279297e-01
2.385825812816619873e-01 2.788712382316589355e-01 -2.182191312313079834e-01
2.720380723476409912e-01 2.662304341793060303e-01 -2.636295258998870850e-01
2.440223395824432373e-01 2.456017732620239258e-01 -2.363097965717315674e-01
2.698855400085449219e-01 2.566558122634887695e-01 -2.642149925231933594e-01
2.888492941856384277e-01 2.901864349842071533e-01 -2.761330008506774902e-01
2.561801970005035400e-01 3.601955771446228027e-01 -2.118162214756011963e-01
2.730639278888702393e-01 3.438939452171325684e-01 -2.382654547691345215e-01
2.254312187433242798e-01 4.422468841075897217e-01 -1.450578719377517700e-01
1.964136660099029541e-01 4.900808334350585938e-01 -9.204928576946258545e-02
1.533304154872894287e-01 4.260517954826354980e-01 -6.097062304615974426e-02
1.705409586429595947e-01 5.113455057144165039e-01 -5.232663080096244812e-02
1.305752992630004883e-01 6.212601661682128906e-01 3.620132803916931152e-02
1.240082383155822754e-01 4.567683935165405273e-01 -1.362217962741851807e-02
7.687585055828094482e-02 4.608715772628784180e-01 4.650297760963439941e-02
1.035081818699836731e-01 3.892235159873962402e-01 -1.191239804029464722e-02
9.430597722530364990e-02 4.470416605472564697e-01 1.993104815483093262e-02
1.242279261350631714e-01 5.193404555320739746e-01 8.170187473297119141e-03
1.409336477518081665e-01 4.977379143238067627e-01 -2.025022357702255249e-02
1.363298743963241577e-01 5.608782768249511719e-01 7.749363780021667480e-03
1.230249330401420593e-01 5.941997170448303223e-01 3.605964779853820801e-02
4.920832067728042603e-02 5.537221431732177734e-01 1.136650443077087402e-01
1.623266190290451050e-02 7.103991508483886719e-01 2.099679708480834961e-01
9.058987349271774292e-02 6.523084640502929688e-01 9.692600369453430176e-02
1.226649135351181030e-01 5.930099487304687500e-01 3.608861565589904785e-02
9.895625710487365723e-02 5.605883598327636719e-01 5.417165160179138184e-02
-5.959551781415939331e-02 3.927875757217407227e-01 1.923186182975769043e-01
-4.058354347944259644e-02 3.672844767570495605e-01 1.596630513668060303e-01
-4.769987612962722778e-02 4.612129926681518555e-01 2.016393542289733887e-01
-5.810966342687606812e-02 4.798201322555541992e-01 2.211715281009674072e-01
8.188579976558685303e-02 5.960526466369628906e-01 8.792659640312194824e-02
4.175592958927154541e-02 4.564443230628967285e-01 8.864225447177886963e-02
1.005413830280303955e-01 6.186758279800415039e-01 7.267801463603973389e-02
1.566270738840103149e-02 4.068346321582794189e-01 1.036213636398315430e-01
1.039225161075592041e-01 5.158933997154235840e-01 3.223106265068054199e-02
1.389956176280975342e-01 6.021056175231933594e-01 1.896540820598602295e-02
1.086214333772659302e-01 5.306118130683898926e-01 3.157015144824981689e-02
-4.038510471582412720e-02 2.366542667150497437e-01 1.133643239736557007e-01
-2.719067037105560303e-03 2.769328951835632324e-01 8.070157468318939209e-02
6.196188554167747498e-02 3.935923278331756592e-01 4.133589565753936768e-02
5.419360473752021790e-02 3.583963811397552490e-01 3.859901428222656250e-02
-8.124865591526031494e-03 3.021898865699768066e-01 9.630897641181945801e-02
-7.080551236867904663e-02 1.838687509298324585e-01 1.325798183679580688e-01
1.599967479705810547e-02 3.010060489177703857e-01 6.588782370090484619e-02
-7.849686592817306519e-02 1.792263686656951904e-01 1.402674019336700439e-01
7.658345997333526611e-02 2.600620985031127930e-01 -2.405824512243270874e-02
4.860105365514755249e-02 3.049161136150360107e-01 2.670408785343170166e-02
9.981461614370346069e-02 3.521724343299865723e-01 -2.039499580860137939e-02
1.922196745872497559e-01 4.082120954990386963e-01 -1.157050877809524536e-01
1.688914000988006592e-01 3.767852187156677246e-01 -9.773666411638259888e-02
5.530145019292831421e-02 3.182423114776611328e-01 2.306048572063446045e-02
1.056066527962684631e-01 3.559582233428955078e-01 -2.627069503068923950e-02
1.822081208229064941e-01 4.197199344635009766e-01 -9.917397797107696533e-02
2.174302935600280762e-01 3.974214792251586914e-01 -1.509144753217697144e-01
1.898853480815887451e-02 3.158712983131408691e-01 6.742800772190093994e-02
4.128772020339965820e-02 2.764963507652282715e-01 2.563038468360900879e-02
8.425214886665344238e-02 3.606140613555908203e-01 1.961179077625274658e-03
5.486780032515525818e-02 2.956850528717041016e-01 1.564595103263854980e-02
1.963915526866912842e-01 4.467086791992187500e-01 -1.073265522718429565e-01
1.230499744415283203e-01 3.763642311096191406e-01 -4.080133140087127686e-02
1.053154468536376953e-02 2.620022296905517578e-01 5.875481665134429932e-02
4.274832457304000854e-02 2.015836089849472046e-01 -2.930998802185058594e-03
1.067963987588882446e-02 2.364338040351867676e-01 4.938597977161407471e-02
5.712275952100753784e-02 3.078009188175201416e-01 1.711037755012512207e-02
5.618052929639816284e-02 2.705039978027343750e-01 5.078569054603576660e-03
1.014403253793716431e-02 1.270331740379333496e-01 1.125252246856689453e-02
-4.235722869634628296e-02 1.918191164731979370e-01 9.946617484092712402e-02
2.268925309181213379e-03 2.626057863235473633e-01 6.923900544643402100e-02
-4.929458349943161011e-02 2.247256636619567871e-01 1.198213398456573486e-01
1.407552957534790039e-01 3.303990364074707031e-01 -7.905620336532592773e-02
7.272079586982727051e-03 2.394181489944458008e-01 5.467568337917327881e-02
-5.224987119436264038e-02 1.965660452842712402e-01 1.137180328369140625e-01
8.457587659358978271e-02 2.919307351112365723e-01 -2.266469597816467285e-02
1.422887593507766724e-01 3.142537772655487061e-01 -8.666670322418212891e-02
-2.942835539579391479e-02 2.214212268590927124e-01 9.384481608867645264e-02
-5.588492006063461304e-02 1.497035026550292969e-01 1.011214554309844971e-01
3.171524405479431152e-02 1.535200476646423340e-01 -6.216175854206085205e-03
2.664107084274291992e-02 1.415106803178787231e-01 -4.145123064517974854e-03
-3.803553432226181030e-02 1.778158247470855713e-01 8.905293047428131104e-02
-6.786667555570602417e-02 1.434155553579330444e-01 1.139351576566696167e-01
-5.272088199853897095e-02 1.434694528579711914e-01 9.523178637027740479e-02
-4.844000190496444702e-02 1.751747429370880127e-01 1.010317355394363403e-01
4.399415850639343262e-02 2.886297106742858887e-01 2.669818699359893799e-02
-5.548942834138870239e-02 1.619748324155807495e-01 1.051888912916183472e-01
-6.026617437601089478e-02 1.781852990388870239e-01 1.171809732913970947e-01
-8.393950015306472778e-02 1.836829036474227905e-01 1.487284004688262939e-01
-4.651546478271484375e-04 2.870513498783111572e-01 8.146262168884277344e-02
-9.286839514970779419e-02 1.568355709314346313e-01 1.503808796405792236e-01
2.619007974863052368e-02 2.916016578674316406e-01 4.986463487148284912e-02
6.062933057546615601e-02 2.816658616065979004e-01 3.530934453010559082e-03
7.490890473127365112e-02 2.838382720947265625e-01 -1.347982883453369141e-02
-2.050116658210754395e-03 1.561806797981262207e-01 3.663550317287445068e-02
1.373430341482162476e-01 2.522204518318176270e-01 -1.022734045982360840e-01
1.417570114135742188e-01 3.223050832748413086e-01 -8.315889537334442139e-02
1.386402249336242676e-01 2.774428129196166992e-01 -9.510724246501922607e-02
1.914086639881134033e-01 3.317117393016815186e-01 -1.416780501604080200e-01
2.177411019802093506e-01 3.322386741638183594e-01 -1.740654706954956055e-01
2.479475140571594238e-01 3.798575401306152344e-01 -1.947568356990814209e-01
1.246616318821907043e-01 1.987278461456298828e-01 -1.051604747772216797e-01
1.061695814132690430e-02 2.294847369194030762e-01 4.698814451694488525e-02
8.112083375453948975e-02 2.510981857776641846e-01 -3.294969350099563599e-02
1.295441538095474243e-01 2.881229817867279053e-01 -8.001780509948730469e-02
2.360811233520507812e-01 2.795378565788269043e-01 -2.148692160844802856e-01
2.688712477684020996e-01 3.675149083137512207e-01 -2.249453365802764893e-01
2.986807525157928467e-01 3.075323402881622314e-01 -2.823242545127868652e-01
9.394504874944686890e-02 1.873979270458221436e-01 -7.120984792709350586e-02
1.695312261581420898e-01 2.213171124458312988e-01 -1.527510285377502441e-01
3.265866637229919434e-02 1.188280135393142700e-01 -1.960665732622146606e-02
4.545500874519348145e-02 1.656289100646972656e-01 -1.900079846382141113e-02
5.840904638171195984e-02 1.736604273319244385e-01 -3.219801187515258789e-02
1.079346984624862671e-01 2.125812768936157227e-01 -7.961608469486236572e-02
1.107109189033508301e-01 1.952908635139465332e-01 -8.912422508001327515e-02
1.351561397314071655e-02 1.367315202951431274e-01 1.047728955745697021e-02
1.022206693887710571e-01 2.452041804790496826e-01 -6.111923605203628540e-02
1.577380001544952393e-01 2.915626168251037598e-01 -1.139080598950386047e-01
1.590190082788467407e-02 1.459500789642333984e-01 1.074560731649398804e-02
2.939087897539138794e-02 1.165368705987930298e-01 -1.620164513587951660e-02
4.883541911840438843e-02 1.839163005352020264e-01 -1.671965420246124268e-02
4.686081409454345703e-02 1.928754299879074097e-01 -1.109959185123443604e-02
-3.108466416597366333e-02 1.570017039775848389e-01 7.297438383102416992e-02
1.651133596897125244e-02 1.285747736692428589e-01 3.994852304458618164e-03
5.762046575546264648e-02 2.497980594635009766e-01 -4.040963947772979736e-03
-1.353882998228073120e-02 1.676831543445587158e-01 5.509847402572631836e-02
4.405133426189422607e-03 1.397769749164581299e-01 2.290225028991699219e-02
2.172338962554931641e-02 1.198522299528121948e-01 -5.433604121208190918e-03
2.119748294353485107e-02 1.063559949398040771e-01 -9.514257311820983887e-03
2.776881307363510132e-02 1.190292015671730042e-01 -1.320254802703857422e-02
8.273467421531677246e-03 1.200809776782989502e-01 1.131902635097503662e-02
-2.259340137243270874e-02 1.191541850566864014e-01 4.922796785831451416e-02
-2.413681894540786743e-02 1.184429153800010681e-01 5.084876716136932373e-02
-5.468290299177169800e-02 1.472089141607284546e-01 9.902837872505187988e-02
-2.942433208227157593e-02 1.447681337594985962e-01 6.664887070655822754e-02
-1.517079025506973267e-02 1.141215786337852478e-01 3.822177648544311523e-02
-5.128594487905502319e-02 1.282036155462265015e-01 8.788655698299407959e-02
-7.377920299768447876e-02 1.446836888790130615e-01 1.215810775756835938e-01
-6.291887909173965454e-02 1.412006169557571411e-01 1.068790107965469360e-01
-9.986259043216705322e-03 1.503492742776870728e-01 4.440993070602416992e-02
6.178717315196990967e-02 2.202607691287994385e-01 -1.981738954782485962e-02
5.708735808730125427e-02 1.980871856212615967e-01 -2.189499139785766602e-02
6.793418526649475098e-02 2.223949879407882690e-01 -2.671165019273757935e-02
-2.608805149793624878e-02 1.715924441814422607e-01 7.204027473926544189e-02
1.063883602619171143e-01 2.966144084930419922e-01 -4.817420244216918945e-02
1.202665865421295166e-01 2.814782261848449707e-01 -7.080002874135971069e-02
6.002413481473922729e-02 1.973910331726074219e-01 -2.580635994672775269e-02
-5.958621948957443237e-02 1.517900824546813965e-01 1.069632470607757568e-01
2.537660300731658936e-03 2.018847465515136719e-01 4.710495471954345703e-02
4.216618090867996216e-02 2.411078214645385742e-01 1.193737983703613281e-02
1.395563185214996338e-01 2.604570388793945312e-01 -1.020762324333190918e-01
4.610032588243484497e-02 1.651650220155715942e-01 -1.997564733028411865e-02
-5.242196470499038696e-02 1.205445230007171631e-01 8.656606078147888184e-02
-1.407634466886520386e-02 1.009417325258255005e-01 3.202152252197265625e-02
-2.279692143201828003e-02 1.335217803716659546e-01 5.433896183967590332e-02
2.817463129758834839e-02 2.059033811092376709e-01 1.671187579631805420e-02
2.636804431676864624e-02 1.093689352273941040e-01 -1.508180797100067139e-02
1.786817908287048340e-01 2.289260327816009521e-01 -1.614229381084442139e-01
-2.107242494821548462e-02 1.045051664113998413e-01 4.197901487350463867e-02
-3.862291574478149414e-03 1.066300123929977417e-01 2.135221660137176514e-02
1.413988173007965088e-01 1.863481402397155762e-01 -1.300386935472488403e-01
2.460515499114990234e-01 2.618041932582855225e-01 -2.332825362682342529e-01
1.003823429346084595e-02 1.488543152809143066e-01 1.904529333114624023e-02
1.395573467016220093e-01 1.940030455589294434e-01 -1.251363009214401245e-01
1.313910335302352905e-01 1.593115180730819702e-01 -1.269120872020721436e-01
1.642704755067825317e-01 1.620622724294662476e-01 -1.664377748966217041e-01
4.114815592765808105e-02 9.532155096530914307e-02 -3.836316615343093872e-02
1.318931728601455688e-01 2.008548974990844727e-01 -1.132744848728179932e-01
4.151266813278198242e-02 1.509450674057006836e-01 -1.928789168596267700e-02
1.447986066341400146e-01 1.632880419492721558e-01 -1.420624256134033203e-01
1.286133229732513428e-01 1.768704205751419067e-01 -1.175471246242523193e-01
1.438801437616348267e-01 1.860580295324325562e-01 -1.331992298364639282e-01
4.938399791717529297e-02 1.062716394662857056e-01 -4.464098811149597168e-02
