9.681051373481750488e-01 7.541179656982421875e-01 -2.024920463562011719e+00
9.649215340614318848e-01 8.061441183090209961e-01 -2.086040258407592773e+00
9.622333049774169922e-01 8.539016246795654297e-01 -2.147019147872924805e+00
9.468918442726135254e-01 9.059328436851501465e-01 -2.219493627548217773e+00
9.128748774528503418e-01 9.507177472114562988e-01 -2.281843900680541992e+00
8.765169978141784668e-01 9.921523332595825195e-01 -2.338776350021362305e+00
8.517596721649169922e-01 1.051261186599731445e+00 -2.427498817443847656e+00
8.472517132759094238e-01 1.105648994445800781e+00 -2.514198780059814453e+00
8.423840403556823730e-01 1.154345631599426270e+00 -2.587825298309326172e+00
8.337562680244445801e-01 1.181658744812011719e+00 -2.626170635223388672e+00
8.276856541633605957e-01 1.190618634223937988e+00 -2.629163742065429688e+00
8.166772127151489258e-01 1.206632852554321289e+00 -2.643588542938232422e+00
8.011925816535949707e-01 1.229329228401184082e+00 -2.669072151184082031e+00
7.916070818901062012e-01 1.244977712631225586e+00 -2.683020591735839844e+00
7.902101278305053711e-01 1.255325078964233398e+00 -2.696028709411621094e+00
7.884898185729980469e-01 1.263450145721435547e+00 -2.705357551574707031e+00
7.860535979270935059e-01 1.269554257392883301e+00 -2.710714578628540039e+00
7.812631726264953613e-01 1.275293707847595215e+00 -2.712072372436523438e+00
7.696588635444641113e-01 1.284812927246093750e+00 -2.708833932876586914e+00
7.576979398727416992e-01 1.292463898658752441e+00 -2.702381134033203125e+00
7.441753745079040527e-01 1.296672940254211426e+00 -2.697942256927490234e+00
7.295610904693603516e-01 1.298778891563415527e+00 -2.692344427108764648e+00
7.139829397201538086e-01 1.299557924270629883e+00 -2.683909654617309570e+00
6.971901655197143555e-01 1.299142003059387207e+00 -2.672681808471679688e+00
6.789302825927734375e-01 1.297634243965148926e+00 -2.658653259277343750e+00
6.599853634834289551e-01 1.294291138648986816e+00 -2.638426542282104492e+00
6.417152285575866699e-01 1.285632848739624023e+00 -2.605850219726562500e+00
6.207636594772338867e-01 1.268116116523742676e+00 -2.568997383117675781e+00
6.004702448844909668e-01 1.264901280403137207e+00 -2.547598361968994141e+00
5.782412886619567871e-01 1.260750889778137207e+00 -2.523097753524780273e+00
5.540229082107543945e-01 1.255576610565185547e+00 -2.495303869247436523e+00
5.358830094337463379e-01 1.240364909172058105e+00 -2.465935945510864258e+00
5.064826607704162598e-01 1.195222377777099609e+00 -2.428063631057739258e+00
4.646704792976379395e-01 1.128464221954345703e+00 -2.422077178955078125e+00
4.228450059890747070e-01 1.051409721374511719e+00 -2.423748493194580078e+00
3.791317343711853027e-01 9.696310162544250488e-01 -2.423652410507202148e+00
3.216359913349151611e-01 9.020848870277404785e-01 -2.418431997299194336e+00
2.599940001964569092e-01 8.348219990730285645e-01 -2.409585714340209961e+00
1.885080784559249878e-01 7.809421420097351074e-01 -2.411312103271484375e+00
1.086277812719345093e-01 7.389236092567443848e-01 -2.421694755554199219e+00
2.856780216097831726e-02 6.942839026451110840e-01 -2.427978992462158203e+00
-5.094240978360176086e-02 6.470502614974975586e-01 -2.429562568664550781e+00
-1.316307336091995239e-01 5.988047122955322266e-01 -2.426825523376464844e+00
-3.164804279804229736e-01 4.746938347816467285e-01 -2.402631044387817383e+00
-5.767550468444824219e-01 3.134226500988006592e-01 -2.306540489196777344e+00
-7.083996534347534180e-01 2.604706585407257080e-01 -2.316943407058715820e+00
-7.803693413734436035e-01 2.443934082984924316e-01 -2.352888107299804688e+00
-8.544064164161682129e-01 2.081187963485717773e-01 -2.313557863235473633e+00
-9.250370860099792480e-01 1.716304421424865723e-01 -2.266399860382080078e+00
-9.918449521064758301e-01 1.351312100887298584e-01 -2.211662769317626953e+00
-1.075083255767822266e+00 1.037692725658416748e-01 -2.178750991821289062e+00
-1.118415594100952148e+00 8.993971347808837891e-02 -2.154158353805541992e+00
-1.149722218513488770e+00 7.949128746986389160e-02 -2.124654054641723633e+00
-1.176339030265808105e+00 6.935259699821472168e-02 -2.088676214218139648e+00
-1.200533270835876465e+00 5.813682451844215393e-02 -2.044452905654907227e+00
-1.265687823295593262e+00 1.715669408440589905e-02 -1.955613493919372559e+00
-1.330000281333923340e+00 -2.668821439146995544e-02 -1.859133124351501465e+00
-1.387666344642639160e+00 -6.874078512191772461e-02 -1.760699152946472168e+00
-1.438793420791625977e+00 -1.088295876979827881e-01 -1.661243200302124023e+00
-1.483551025390625000e+00 -1.468110680580139160e-01 -1.561668515205383301e+00
-1.522162675857543945e+00 -1.825696527957916260e-01 -1.462838888168334961e+00
-1.554894924163818359e+00 -2.160187661647796631e-01 -1.365555167198181152e+00
-1.582047104835510254e+00 -2.471007108688354492e-01 -1.270541071891784668e+00
-1.603942394256591797e+00 -2.757856249809265137e-01 -1.178433656692504883e+00
-1.626940488815307617e+00 -3.047118484973907471e-01 -1.079747200012207031e+00
-1.694206953048706055e+00 -3.539633750915527344e-01 -9.327921867370605469e-01
-1.773809194564819336e+00 -4.139736294746398926e-01 -7.538089156150817871e-01
-1.844093680381774902e+00 -4.716778993606567383e-01 -5.795333981513977051e-01
-1.911516189575195312e+00 -5.326683521270751953e-01 -4.199195802211761475e-01
-1.894594430923461914e+00 -5.841709375381469727e-01 -3.129066526889801025e-01
-1.875248432159423828e+00 -6.292973756790161133e-01 -2.167932689189910889e-01
-1.855840206146240234e+00 -6.802377700805664062e-01 -9.392257779836654663e-02
-1.835588812828063965e+00 -7.355922460556030273e-01 4.237011820077896118e-02
-1.813258051872253418e+00 -7.846305966377258301e-01 1.654886901378631592e-01
-1.789010524749755859e+00 -8.281993865966796875e-01 2.772439420223236084e-01
-1.762967109680175781e+00 -8.671074509620666504e-01 3.794007599353790283e-01
-1.735212802886962891e+00 -9.021101593971252441e-01 4.736380279064178467e-01
-1.705801010131835938e+00 -9.338955879211425781e-01 5.615119338035583496e-01
-1.674760222434997559e+00 -9.630728960037231445e-01 6.444280147552490234e-01
-1.642096877098083496e+00 -9.901651740074157715e-01 7.236185073852539062e-01
-1.607803821563720703e+00 -1.015604496002197266e+00 8.001232743263244629e-01
-1.570457458496093750e+00 -1.038093328475952148e+00 8.673262000083923340e-01
-1.527777791023254395e+00 -1.058018207550048828e+00 9.344824552536010742e-01
-1.451426744461059570e+00 -1.080347299575805664e+00 1.036673307418823242e+00
-1.375529527664184570e+00 -1.103963494300842285e+00 1.138451933860778809e+00
-1.303665161132812500e+00 -1.131036281585693359e+00 1.241718173027038574e+00
-1.227213740348815918e+00 -1.158960580825805664e+00 1.349467277526855469e+00
-1.145897507667541504e+00 -1.187786102294921875e+00 1.461919784545898438e+00
-1.059476494789123535e+00 -1.217502713203430176e+00 1.579154491424560547e+00
-9.677572846412658691e-01 -1.248042941093444824e+00 1.701108455657958984e+00
-8.874509334564208984e-01 -1.278688430786132812e+00 1.803353667259216309e+00
-7.160167694091796875e-01 -1.283872485160827637e+00 1.920973062515258789e+00
-5.829889178276062012e-01 -1.248754501342773438e+00 1.966653108596801758e+00
-4.625068306922912598e-01 -1.176135301589965820e+00 1.995595812797546387e+00
-3.840066790580749512e-01 -1.103103041648864746e+00 1.980825901031494141e+00
-3.185530602931976318e-01 -9.565255045890808105e-01 1.982110261917114258e+00
-1.971303671598434448e-01 -8.370881080627441406e-01 1.977632284164428711e+00
-8.336997032165527344e-02 -7.770667076110839844e-01 2.004043340682983398e+00
-2.405819296836853027e-02 -7.220517396926879883e-01 2.027512788772583008e+00
-1.600753888487815857e-02 -7.347726821899414062e-01 2.026580810546875000e+00
-8.130146190524101257e-03 -7.442566752433776855e-01 2.024300813674926758e+00
1.102659851312637329e-03 -7.539443373680114746e-01 2.018955469131469727e+00
1.185119152069091797e-02 -7.637903094291687012e-01 2.010115623474121094e+00
2.484873682260513306e-02 -7.773467302322387695e-01 1.999604344367980957e+00
4.023563116788864136e-02 -7.944471836090087891e-01 1.986932873725891113e+00
5.763964354991912842e-02 -8.117271661758422852e-01 1.969631910324096680e+00
7.705246657133102417e-02 -8.296416997909545898e-01 1.946344017982482910e+00
1.000133603811264038e-01 -8.494333624839782715e-01 1.910225510597229004e+00
1.263999789953231812e-01 -8.686533570289611816e-01 1.866992712020874023e+00
1.564046591520309448e-01 -8.871351480484008789e-01 1.816270232200622559e+00
1.901936084032058716e-01 -9.047167301177978516e-01 1.757740020751953125e+00
2.269930988550186157e-01 -9.225533008575439453e-01 1.690201044082641602e+00
2.597774565219879150e-01 -9.549136757850646973e-01 1.632036447525024414e+00
2.976930439472198486e-01 -9.735943078994750977e-01 1.544288516044616699e+00
3.468363881111145020e-01 -9.737089276313781738e-01 1.439832687377929688e+00
3.939340114593505859e-01 -9.729554653167724609e-01 1.313143491744995117e+00
4.451862573623657227e-01 -9.527239799499511719e-01 1.171064615249633789e+00
5.167930126190185547e-01 -9.499396085739135742e-01 9.920883178710937500e-01
6.048614382743835449e-01 -9.730551242828369141e-01 7.929977178573608398e-01
7.138571739196777344e-01 -9.815362095832824707e-01 5.865349769592285156e-01
8.194202780723571777e-01 -9.215849637985229492e-01 3.870191872119903564e-01
8.778273463249206543e-01 -8.881363868713378906e-01 2.014754712581634521e-01
9.235547184944152832e-01 -8.234915137290954590e-01 -2.799965441226959229e-03
9.705109596252441406e-01 -7.544844746589660645e-01 -2.135059237480163574e-01
1.005925297737121582e+00 -6.627752780914306641e-01 -4.293688237667083740e-01
1.033272743225097656e+00 -5.781128406524658203e-01 -6.482080221176147461e-01
1.055406570434570312e+00 -5.004340410232543945e-01 -8.542437553405761719e-01
1.105868935585021973e+00 -3.502008020877838135e-01 -1.111981272697448730e+00
1.112730979919433594e+00 -1.177468299865722656e-01 -1.387644886970520020e+00
1.065413236618041992e+00 2.061413973569869995e-01 -1.620521545410156250e+00
1.021768450736999512e+00 3.605977892875671387e-01 -1.788231968879699707e+00
1.034256219863891602e+00 4.649708867073059082e-01 -1.938059687614440918e+00
1.046575784683227539e+00 5.825732350349426270e-01 -2.082851171493530273e+00
1.048860549926757812e+00 6.852189302444458008e-01 -2.208634853363037109e+00
1.039034605026245117e+00 7.696139812469482422e-01 -2.311470746994018555e+00
1.028479099273681641e+00 8.506481051445007324e-01 -2.408334016799926758e+00
1.015825390815734863e+00 9.290591478347778320e-01 -2.499435901641845703e+00
9.920776486396789551e-01 1.012424945831298828e+00 -2.588436841964721680e+00
9.748196005821228027e-01 1.081526637077331543e+00 -2.656430959701538086e+00
9.817993640899658203e-01 1.115428209304809570e+00 -2.685849666595458984e+00
9.875580072402954102e-01 1.145756602287292480e+00 -2.716994285583496094e+00
9.915460348129272461e-01 1.171709775924682617e+00 -2.740456342697143555e+00
9.791793823242187500e-01 1.202792406082153320e+00 -2.775018215179443359e+00
9.653877615928649902e-01 1.232291817665100098e+00 -2.811726331710815430e+00
9.735185503959655762e-01 1.253033399581909180e+00 -2.847061872482299805e+00
9.423833489418029785e-01 1.282668590545654297e+00 -2.883420944213867188e+00
8.929986357688903809e-01 1.307551980018615723e+00 -2.904114723205566406e+00
8.529872298240661621e-01 1.306398630142211914e+00 -2.855027198791503906e+00
8.297572731971740723e-01 1.314208984375000000e+00 -2.842135429382324219e+00
8.024738430976867676e-01 1.320223689079284668e+00 -2.811789035797119141e+00
7.502458691596984863e-01 1.341959238052368164e+00 -2.767624378204345703e+00
6.906260848045349121e-01 1.351294875144958496e+00 -2.737543106079101562e+00
6.309282779693603516e-01 1.352725386619567871e+00 -2.692959070205688477e+00
5.783869624137878418e-01 1.342736124992370605e+00 -2.611088275909423828e+00
5.233352780342102051e-01 1.315543174743652344e+00 -2.520111322402954102e+00
4.582306742668151855e-01 1.264639735221862793e+00 -2.427236318588256836e+00
3.919722139835357666e-01 1.212410449981689453e+00 -2.296331167221069336e+00
3.225367069244384766e-01 1.214601993560791016e+00 -2.232522726058959961e+00
2.553606331348419189e-01 1.214105725288391113e+00 -2.177845239639282227e+00
2.267654389142990112e-01 1.206214904785156250e+00 -2.098680019378662109e+00
1.905048787593841553e-01 1.203692078590393066e+00 -2.014370918273925781e+00
1.499903500080108643e-01 1.195776343345642090e+00 -1.925717234611511230e+00
1.127454638481140137e-01 1.185021281242370605e+00 -1.837426304817199707e+00
7.922852039337158203e-02 1.171491861343383789e+00 -1.750445485115051270e+00
5.076073855161666870e-02 1.155390262603759766e+00 -1.664451122283935547e+00
5.899741314351558685e-03 1.126095652580261230e+00 -1.510784149169921875e+00
-9.171721339225769043e-02 1.064630031585693359e+00 -1.297947645187377930e+00
-1.977994292974472046e-01 9.864836931228637695e-01 -1.061617136001586914e+00
-2.950865030288696289e-01 8.985756039619445801e-01 -8.101576566696166992e-01
-3.373286724090576172e-01 7.983528375625610352e-01 -6.009657979011535645e-01
-3.496994078159332275e-01 7.093583345413208008e-01 -4.388528168201446533e-01
-3.306636810302734375e-01 6.575208306312561035e-01 -3.361214697360992432e-01
-3.210744857788085938e-01 5.968506336212158203e-01 -2.055485546588897705e-01
-3.126262426376342773e-01 5.467919111251831055e-01 -1.074492260813713074e-01
-2.943258881568908691e-01 4.972423613071441650e-01 -2.018439024686813354e-02
-2.472258657217025757e-01 4.304006695747375488e-01 9.084952622652053833e-02
-1.899448186159133911e-01 3.186004459857940674e-01 2.100317180156707764e-01
-1.259833276271820068e-01 1.858599632978439331e-01 3.294338583946228027e-01
-5.410597100853919983e-02 2.955663576722145081e-02 4.463428556919097900e-01
1.468180269002914429e-01 -1.222452968358993530e-01 5.152378082275390625e-01
4.564988315105438232e-01 -7.856366038322448730e-02 4.152777493000030518e-01
6.665058135986328125e-01 4.164818674325942993e-03 2.697642445564270020e-01
8.089955449104309082e-01 4.527280107140541077e-02 2.048843801021575928e-01
9.404051899909973145e-01 9.526261687278747559e-02 1.278988420963287354e-01
1.036821126937866211e+00 1.764999330043792725e-01 9.031333029270172119e-03
1.122579097747802734e+00 2.100776433944702148e-01 -1.165526136755943298e-01
1.188447356224060059e+00 2.448906004428863525e-01 -2.456687986850738525e-01
1.215337395668029785e+00 2.836246192455291748e-01 -3.841480314731597900e-01
1.244378209114074707e+00 3.198278844356536865e-01 -5.284185409545898438e-01
1.235341668128967285e+00 3.593562543392181396e-01 -7.428818345069885254e-01
1.210172176361083984e+00 4.090190827846527100e-01 -9.748848676681518555e-01
1.177605152130126953e+00 4.618367254734039307e-01 -1.189085960388183594e+00
1.143067955970764160e+00 5.036759376525878906e-01 -1.399147152900695801e+00
1.098889112472534180e+00 5.322565436363220215e-01 -1.562618017196655273e+00
1.055526852607727051e+00 5.627546906471252441e-01 -1.721536874771118164e+00
1.013520598411560059e+00 5.977213382720947266e-01 -1.872743129730224609e+00
9.895040392875671387e-01 6.689832210540771484e-01 -1.965234875679016113e+00
9.884807467460632324e-01 7.173393964767456055e-01 -2.019243478775024414e+00
9.868324398994445801e-01 7.643504738807678223e-01 -2.070569753646850586e+00
9.853703975677490234e-01 8.082124590873718262e-01 -2.121340513229370117e+00
9.848278164863586426e-01 8.483169078826904297e-01 -2.176233053207397461e+00
9.824128746986389160e-01 9.026535153388977051e-01 -2.261055946350097656e+00
9.833910465240478516e-01 9.473833441734313965e-01 -2.330608367919921875e+00
9.807353615760803223e-01 9.824206829071044922e-01 -2.390635490417480469e+00
9.774305820465087891e-01 1.013398647308349609e+00 -2.442769050598144531e+00
9.549023509025573730e-01 1.047943711280822754e+00 -2.493114948272705078e+00
8.847009539604187012e-01 1.101638555526733398e+00 -2.545398712158203125e+00
8.527199625968933105e-01 1.146664381027221680e+00 -2.604661464691162109e+00
8.309492468833923340e-01 1.173920869827270508e+00 -2.622628688812255859e+00
8.104789853096008301e-01 1.175667762756347656e+00 -2.590259552001953125e+00
7.719959616661071777e-01 1.208911657333374023e+00 -2.615248203277587891e+00
7.656617164611816406e-01 1.220317602157592773e+00 -2.621325969696044922e+00
7.466538548469543457e-01 1.237419247627258301e+00 -2.610599279403686523e+00
7.154130339622497559e-01 1.241807103157043457e+00 -2.622651815414428711e+00
6.695786714553833008e-01 1.235155344009399414e+00 -2.682171821594238281e+00
6.191323399543762207e-01 1.181888222694396973e+00 -2.700726509094238281e+00
5.618242621421813965e-01 1.121092915534973145e+00 -2.709792852401733398e+00
4.969071149826049805e-01 1.033646702766418457e+00 -2.685614109039306641e+00
4.075567126274108887e-01 9.767897129058837891e-01 -2.677873134613037109e+00
3.165631294250488281e-01 9.116888046264648438e-01 -2.660411119461059570e+00
2.245038002729415894e-01 8.430585265159606934e-01 -2.638862848281860352e+00
1.312745064496994019e-01 8.052053451538085938e-01 -2.658060073852539062e+00
3.839148208498954773e-02 7.639943957328796387e-01 -2.672119140625000000e+00
-7.052366435527801514e-02 7.392876148223876953e-01 -2.677617311477661133e+00
-1.850393563508987427e-01 7.196863293647766113e-01 -2.676903486251831055e+00
-3.718408346176147461e-01 6.000608205795288086e-01 -2.663215875625610352e+00
-6.563708186149597168e-01 4.034717679023742676e-01 -2.566451072692871094e+00
-8.336257338523864746e-01 2.926784157752990723e-01 -2.562714099884033203e+00
-9.061798453330993652e-01 2.673217654228210449e-01 -2.573297739028930664e+00
-9.847534298896789551e-01 2.312100827693939209e-01 -2.548468351364135742e+00
-1.059716820716857910e+00 1.951161026954650879e-01 -2.516617298126220703e+00
-1.130708456039428711e+00 1.592411994934082031e-01 -2.477940320968627930e+00
-1.204217553138732910e+00 1.254082322120666504e-01 -2.442284345626831055e+00
-1.281521677970886230e+00 9.856653213500976562e-02 -2.423295736312866211e+00
-1.320166707038879395e+00 8.647784590721130371e-02 -2.406775474548339844e+00
-1.364102244377136230e+00 6.822857260704040527e-02 -2.373014450073242188e+00
-1.433747649192810059e+00 3.595927730202674866e-02 -2.314944028854370117e+00
-1.497737884521484375e+00 5.228493362665176392e-03 -2.253270387649536133e+00
-1.554673314094543457e+00 -2.359446510672569275e-02 -2.188358545303344727e+00
-1.604653835296630859e+00 -5.045458301901817322e-02 -2.120764732360839844e+00
-1.656624317169189453e+00 -8.553102612495422363e-02 -2.038043498992919922e+00
-1.704321742057800293e+00 -1.212743818759918213e-01 -1.950343489646911621e+00
-1.745749950408935547e+00 -1.550643742084503174e-01 -1.861544132232666016e+00
-1.895079135894775391e+00 -2.419426143169403076e-01 -1.648556470870971680e+00
-2.063865661621093750e+00 -3.383126258850097656e-01 -1.388447999954223633e+00
-2.242524385452270508e+00 -4.572719931602478027e-01 -1.073444247245788574e+00
-2.332214593887329102e+00 -5.785691738128662109e-01 -7.860012650489807129e-01
-2.342054367065429688e+00 -6.861082315444946289e-01 -5.473223328590393066e-01
-2.318656682968139648e+00 -8.256433606147766113e-01 -1.995075047016143799e-01
-2.284185409545898438e+00 -9.549344778060913086e-01 1.240694299340248108e-01
-2.246865749359130859e+00 -1.068366527557373047e+00 4.132409989833831787e-01
-2.196261167526245117e+00 -1.154175162315368652e+00 6.122515797615051270e-01
-2.145405292510986328e+00 -1.227963209152221680e+00 7.900399565696716309e-01
-2.124458312988281250e+00 -1.286907672882080078e+00 9.214476346969604492e-01
-2.104861259460449219e+00 -1.336339712142944336e+00 1.035493850708007812e+00
-2.082739353179931641e+00 -1.376896142959594727e+00 1.135477304458618164e+00
-2.058430671691894531e+00 -1.409354209899902344e+00 1.222495317459106445e+00
-2.032255887985229492e+00 -1.434492230415344238e+00 1.297667145729064941e+00
-1.977588653564453125e+00 -1.464087486267089844e+00 1.356082320213317871e+00
-1.928827047348022461e+00 -1.482689023017883301e+00 1.386806249618530273e+00
-1.892968654632568359e+00 -1.494270443916320801e+00 1.391814351081848145e+00
-1.857927322387695312e+00 -1.501524567604064941e+00 1.391522526741027832e+00
-1.823712825775146484e+00 -1.505152106285095215e+00 1.386650204658508301e+00
-1.790332913398742676e+00 -1.505812168121337891e+00 1.377882599830627441e+00
-1.759759545326232910e+00 -1.509557247161865234e+00 1.379709482192993164e+00
-1.732605695724487305e+00 -1.518633604049682617e+00 1.397021412849426270e+00
-1.707200169563293457e+00 -1.527971625328063965e+00 1.415432572364807129e+00
-1.683680176734924316e+00 -1.538202762603759766e+00 1.435741066932678223e+00
-1.660964965820312500e+00 -1.548005580902099609e+00 1.455006003379821777e+00
-1.639021396636962891e+00 -1.557655096054077148e+00 1.473461747169494629e+00
-1.617815136909484863e+00 -1.567380070686340332e+00 1.491320371627807617e+00
-1.597308993339538574e+00 -1.577366232872009277e+00 1.508771538734436035e+00
-1.577462434768676758e+00 -1.587757468223571777e+00 1.525984287261962891e+00
-1.558232903480529785e+00 -1.598659515380859375e+00 1.543109655380249023e+00
-1.537404894828796387e+00 -1.607460618019104004e+00 1.559087634086608887e+00
-1.513365387916564941e+00 -1.612265586853027344e+00 1.573177099227905273e+00
-1.489777088165283203e+00 -1.617679476737976074e+00 1.587522387504577637e+00
-1.466582655906677246e+00 -1.623685002326965332e+00 1.602210640907287598e+00
-1.443623542785644531e+00 -1.630311250686645508e+00 1.617611646652221680e+00
-1.413538455963134766e+00 -1.642159342765808105e+00 1.654892444610595703e+00
-1.383926868438720703e+00 -1.654299974441528320e+00 1.692005872726440430e+00
-1.362030148506164551e+00 -1.663623690605163574e+00 1.721702694892883301e+00
-1.356467962265014648e+00 -1.666536688804626465e+00 1.735204339027404785e+00
-1.347779631614685059e+00 -1.665714502334594727e+00 1.746572613716125488e+00
-1.337103843688964844e+00 -1.662295222282409668e+00 1.756493330001831055e+00
-1.327086567878723145e+00 -1.658974051475524902e+00 1.766475796699523926e+00
-1.317676782608032227e+00 -1.655695319175720215e+00 1.776557326316833496e+00
-1.308820247650146484e+00 -1.652412176132202148e+00 1.786769986152648926e+00
-1.300459265708923340e+00 -1.649088025093078613e+00 1.797141075134277344e+00
-1.296162128448486328e+00 -1.644047737121582031e+00 1.809755444526672363e+00
-1.295584678649902344e+00 -1.639394879341125488e+00 1.826202273368835449e+00
-1.295051097869873047e+00 -1.635263085365295410e+00 1.843114376068115234e+00
-1.294541239738464355e+00 -1.631576061248779297e+00 1.860459804534912109e+00
-1.294036746025085449e+00 -1.628250479698181152e+00 1.878186464309692383e+00
-1.296291470527648926e+00 -1.628801584243774414e+00 1.894797682762145996e+00
-1.302129507064819336e+00 -1.634229183197021484e+00 1.909775495529174805e+00
-1.306681513786315918e+00 -1.640018701553344727e+00 1.921904444694519043e+00
-1.310626506805419922e+00 -1.645501613616943359e+00 1.933542609214782715e+00
-1.314227104187011719e+00 -1.650298476219177246e+00 1.945676088333129883e+00
-1.318907737731933594e+00 -1.654430985450744629e+00 1.954607129096984863e+00
-1.319879055023193359e+00 -1.651361346244812012e+00 1.963264226913452148e+00
-1.320338726043701172e+00 -1.646837830543518066e+00 1.971961021423339844e+00
-1.320461034774780273e+00 -1.641034483909606934e+00 1.980518102645874023e+00
-1.320214867591857910e+00 -1.633880615234375000e+00 1.988881230354309082e+00
-1.319564461708068848e+00 -1.625336885452270508e+00 1.997013330459594727e+00
-1.318467974662780762e+00 -1.615396142005920410e+00 2.004889011383056641e+00
-1.316882133483886719e+00 -1.604089260101318359e+00 2.012500762939453125e+00
-1.311755299568176270e+00 -1.592026233673095703e+00 2.019716739654541016e+00
-1.302055120468139648e+00 -1.576790213584899902e+00 2.025768041610717773e+00
-1.289871931076049805e+00 -1.561549425125122070e+00 2.026544094085693359e+00
-1.271471858024597168e+00 -1.550550580024719238e+00 2.027297258377075195e+00
-1.249783635139465332e+00 -1.539166927337646484e+00 2.029201984405517578e+00
-1.227144360542297363e+00 -1.526497006416320801e+00 2.029685735702514648e+00
-1.203971862792968750e+00 -1.513345956802368164e+00 2.028930425643920898e+00
-1.180629134178161621e+00 -1.500037431716918945e+00 2.026983261108398438e+00
-1.161100149154663086e+00 -1.494370341300964355e+00 2.026775598526000977e+00
-1.141845941543579102e+00 -1.488538146018981934e+00 2.025252819061279297e+00
-1.123135685920715332e+00 -1.482617378234863281e+00 2.022408246994018555e+00
-1.105237126350402832e+00 -1.476688146591186523e+00 2.018255949020385742e+00
-1.088412642478942871e+00 -1.470835089683532715e+00 2.012830972671508789e+00
-1.068363785743713379e+00 -1.464432358741760254e+00 2.008599281311035156e+00
-1.042131662368774414e+00 -1.455239534378051758e+00 2.008649587631225586e+00
-1.030007243156433105e+00 -1.459671258926391602e+00 2.006958246231079102e+00
-1.029614686965942383e+00 -1.479846715927124023e+00 1.992636084556579590e+00
-1.034726381301879883e+00 -1.490511655807495117e+00 1.964634180068969727e+00
-1.043994426727294922e+00 -1.500170350074768066e+00 1.934309124946594238e+00
-1.057005405426025391e+00 -1.510480284690856934e+00 1.904285550117492676e+00
-1.084230661392211914e+00 -1.511889576911926270e+00 1.856998205184936523e+00
-1.080691218376159668e+00 -1.506364226341247559e+00 1.841563105583190918e+00
-1.057388544082641602e+00 -1.493329882621765137e+00 1.846788167953491211e+00
-1.036273121833801270e+00 -1.482263684272766113e+00 1.853769063949584961e+00
-1.017548799514770508e+00 -1.473245024681091309e+00 1.862345814704895020e+00
-1.001380324363708496e+00 -1.466319203376770020e+00 1.872332334518432617e+00
-9.878912568092346191e-01 -1.461498856544494629e+00 1.883520245552062988e+00
-9.758973717689514160e-01 -1.460788488388061523e+00 1.900583148002624512e+00
-9.624640345573425293e-01 -1.464777946472167969e+00 1.927232146263122559e+00
-9.382207393646240234e-01 -1.467170238494873047e+00 1.961180925369262695e+00
-9.361150860786437988e-01 -1.464179158210754395e+00 1.976280927658081055e+00
-9.377832412719726562e-01 -1.463028311729431152e+00 1.991000533103942871e+00
-9.499775171279907227e-01 -1.467236280441284180e+00 2.001165151596069336e+00
-9.631840586662292480e-01 -1.473762035369873047e+00 2.012360334396362305e+00
-9.759996533393859863e-01 -1.482042908668518066e+00 2.025074005126953125e+00
-9.881902337074279785e-01 -1.491851329803466797e+00 2.039059877395629883e+00
-9.972408413887023926e-01 -1.499069452285766602e+00 2.055662155151367188e+00
-1.002640724182128906e+00 -1.502908706665039062e+00 2.074856758117675781e+00
-1.006564140319824219e+00 -1.507060885429382324e+00 2.094779014587402344e+00
-1.011584162712097168e+00 -1.512993335723876953e+00 2.110502481460571289e+00
-1.018306016921997070e+00 -1.520984292030334473e+00 2.120642900466918945e+00
-1.022861480712890625e+00 -1.528636097908020020e+00 2.131796360015869141e+00
-1.025243997573852539e+00 -1.535835623741149902e+00 2.143790960311889648e+00
-1.025769352912902832e+00 -1.542628049850463867e+00 2.156463623046875000e+00
-1.032842874526977539e+00 -1.553226113319396973e+00 2.170248270034790039e+00
-1.051375865936279297e+00 -1.569614887237548828e+00 2.176059246063232422e+00
-1.069860219955444336e+00 -1.586117267608642578e+00 2.181047201156616211e+00
-1.087219595909118652e+00 -1.602098226547241211e+00 2.185745716094970703e+00
-1.103551387786865234e+00 -1.617667675018310547e+00 2.190107822418212891e+00
-1.118798613548278809e+00 -1.632731199264526367e+00 2.194089889526367188e+00
-1.136154413223266602e+00 -1.647542834281921387e+00 2.189933776855468750e+00
-1.156877398490905762e+00 -1.659847021102905273e+00 2.178063392639160156e+00
-1.178077340126037598e+00 -1.670217394828796387e+00 2.164181232452392578e+00
-1.195692062377929688e+00 -1.678848505020141602e+00 2.151507377624511719e+00
-1.201198339462280273e+00 -1.682490110397338867e+00 2.145902872085571289e+00
-1.205771803855895996e+00 -1.685254335403442383e+00 2.139871835708618164e+00
-1.209416270256042480e+00 -1.687088012695312500e+00 2.133491277694702148e+00
-1.212144017219543457e+00 -1.687951564788818359e+00 2.126827955245971680e+00
-1.214388489723205566e+00 -1.687916636466979980e+00 2.119597673416137695e+00
-1.222238540649414062e+00 -1.686387062072753906e+00 2.105389118194580078e+00
-1.228636503219604492e+00 -1.684343576431274414e+00 2.092004537582397461e+00
-1.232387065887451172e+00 -1.682089567184448242e+00 2.080693960189819336e+00
-1.233687758445739746e+00 -1.679625272750854492e+00 2.071326494216918945e+00
-1.233683824539184570e+00 -1.676744818687438965e+00 2.062831401824951172e+00
-1.232383131980895996e+00 -1.673504948616027832e+00 2.055248975753784180e+00
-1.229791998863220215e+00 -1.669969916343688965e+00 2.048618793487548828e+00
-1.225911378860473633e+00 -1.666207432746887207e+00 2.042982339859008789e+00
-1.220741987228393555e+00 -1.662288188934326172e+00 2.038379192352294922e+00
-1.214282751083374023e+00 -1.658285975456237793e+00 2.034855127334594727e+00
-1.205728292465209961e+00 -1.653273701667785645e+00 2.032007217407226562e+00
-1.194443941116333008e+00 -1.646530508995056152e+00 2.029525041580200195e+00
-1.181518435478210449e+00 -1.639450192451477051e+00 2.028035640716552734e+00
-1.166961908340454102e+00 -1.632072448730468750e+00 2.027555227279663086e+00
-1.147081017494201660e+00 -1.623113632202148438e+00 2.030676126480102539e+00
-1.116670846939086914e+00 -1.607091546058654785e+00 2.038141965866088867e+00
-1.086313009262084961e+00 -1.589224457740783691e+00 2.043831348419189453e+00
-1.054995656013488770e+00 -1.572256565093994141e+00 2.050383567810058594e+00
-1.026880741119384766e+00 -1.563058853149414062e+00 2.056443452835083008e+00
-9.983767867088317871e-01 -1.558296680450439453e+00 2.066223144531250000e+00
-9.853839278221130371e-01 -1.562194705009460449e+00 2.068083524703979492e+00
-9.675565958023071289e-01 -1.554615378379821777e+00 2.074221134185791016e+00
-9.484196901321411133e-01 -1.546744227409362793e+00 2.081533432006835938e+00
-9.282931089401245117e-01 -1.538728237152099609e+00 2.089912891387939453e+00
-9.075234532356262207e-01 -1.530722141265869141e+00 2.099233388900756836e+00
-8.864712715148925781e-01 -1.522885680198669434e+00 2.109356164932250977e+00
-8.654940128326416016e-01 -1.515372991561889648e+00 2.120134115219116211e+00
-8.449318408966064453e-01 -1.508328676223754883e+00 2.131417751312255859e+00
-8.253795504570007324e-01 -1.498275637626647949e+00 2.143157720565795898e+00
-8.083888888359069824e-01 -1.469065427780151367e+00 2.155652284622192383e+00
-7.925129532814025879e-01 -1.441624402999877930e+00 2.168219327926635742e+00
-7.778938412666320801e-01 -1.415984869003295898e+00 2.180753707885742188e+00
-7.646059989929199219e-01 -1.392072796821594238e+00 2.193171739578247070e+00
-7.526571154594421387e-01 -1.369711995124816895e+00 2.205413341522216797e+00
-7.419838905334472656e-01 -1.348626494407653809e+00 2.217444181442260742e+00
-7.324582338333129883e-01 -1.328454732894897461e+00 2.229252576828002930e+00
-7.238917946815490723e-01 -1.308761119842529297e+00 2.240848779678344727e+00
-7.160459756851196289e-01 -1.289055705070495605e+00 2.252262115478515625e+00
-7.086403965950012207e-01 -1.268814563751220703e+00 2.263538122177124023e+00
-7.013691663742065430e-01 -1.247503638267517090e+00 2.274731636047363281e+00
-6.939100623130798340e-01 -1.224599480628967285e+00 2.285905838012695312e+00
-6.822775006294250488e-01 -1.206557869911193848e+00 2.297685146331787109e+00
-6.674200296401977539e-01 -1.190570473670959473e+00 2.309938192367553711e+00
-6.473298668861389160e-01 -1.168422698974609375e+00 2.325137853622436523e+00
-6.262515783309936523e-01 -1.145428657531738281e+00 2.349541425704956055e+00
-6.028619408607482910e-01 -1.119848489761352539e+00 2.375119447708129883e+00
-5.770881175994873047e-01 -1.091624975204467773e+00 2.401826381683349609e+00
-5.489436984062194824e-01 -1.060795068740844727e+00 2.429570913314819336e+00
-5.185295939445495605e-01 -1.027490258216857910e+00 2.458212375640869141e+00
-4.973950386047363281e-01 -1.009146451950073242e+00 2.477358579635620117e+00
-4.767262041568756104e-01 -9.923163652420043945e-01 2.494948625564575195e+00
-4.646323621273040771e-01 -9.830557107925415039e-01 2.509101152420043945e+00
-4.612930715084075928e-01 -9.815235733985900879e-01 2.519696474075317383e+00
-4.575791656970977783e-01 -9.797274470329284668e-01 2.529760360717773438e+00
-4.535373151302337646e-01 -9.777032732963562012e-01 2.539234161376953125e+00
-4.492214620113372803e-01 -9.754903316497802734e-01 2.548069000244140625e+00
-4.446906745433807373e-01 -9.731301069259643555e-01 2.556222677230834961e+00
-4.400074183940887451e-01 -9.706649780273437500e-01 2.563660144805908203e+00
-4.352319836616516113e-01 -9.681354165077209473e-01 2.570356607437133789e+00
-4.301533102989196777e-01 -9.660943150520324707e-01 2.576334953308105469e+00
-4.247025847434997559e-01 -9.648077487945556641e-01 2.581603288650512695e+00
-4.193583726882934570e-01 -9.634901881217956543e-01 2.586092472076416016e+00
-4.141627550125122070e-01 -9.621596932411193848e-01 2.589806556701660156e+00
-4.091489017009735107e-01 -9.608296751976013184e-01 2.592754840850830078e+00
-4.047560989856719971e-01 -9.594805240631103516e-01 2.594699859619140625e+00
-4.016071856021881104e-01 -9.580746889114379883e-01 2.595292568206787109e+00
-3.987767398357391357e-01 -9.566756486892700195e-01 2.595117807388305664e+00
-3.962458074092864990e-01 -9.552798867225646973e-01 2.594208717346191406e+00
-3.939886689186096191e-01 -9.538801908493041992e-01 2.592602968215942383e+00
-3.919718861579895020e-01 -9.524664282798767090e-01 2.590340614318847656e+00
-3.901573419570922852e-01 -9.510262608528137207e-01 2.587463855743408203e+00
-3.885014653205871582e-01 -9.495450258255004883e-01 2.584018945693969727e+00
-3.869581222534179688e-01 -9.480076432228088379e-01 2.580054044723510742e+00
-3.854790031909942627e-01 -9.463986158370971680e-01 2.575621128082275391e+00
-3.840151131153106689e-01 -9.447024464607238770e-01 2.570774316787719727e+00
-3.825179338455200195e-01 -9.429051876068115234e-01 2.565573215484619141e+00
-3.809395432472229004e-01 -9.409932494163513184e-01 2.560077667236328125e+00
-3.792347311973571777e-01 -9.389559626579284668e-01 2.554354190826416016e+00
-3.773614168167114258e-01 -9.367839097976684570e-01 2.548468589782714844e+00
-3.749834895133972168e-01 -9.350344538688659668e-01 2.542536735534667969e+00
