2.801409005876387415e-01 2.261418238687833981e-01 0.000000000000000000e+00
-6.559821441699196232e-01 -1.006979640099125994e+00 0.000000000000000000e+00
6.263788206597101782e-01 -9.901275318636494349e-01 0.000000000000000000e+00
5.345026019490967117e-01 -8.001008861987318754e-01 0.000000000000000000e+00
-1.168602397460105413e+00 -4.420695614812005125e+00 0.000000000000000000e+00
-4.851087264065245264e-01 1.309256848051676136e-01 0.000000000000000000e+00
-4.851087264065245264e-01 1.309256848051676136e-01 0.000000000000000000e+00
-6.559821441699196232e-01 -1.006979640099125994e+00 0.000000000000000000e+00
-4.851087264065245264e-01 1.309256848051676136e-01 0.000000000000000000e+00
-4.851087264065245264e-01 1.309256848051676136e-01 0.000000000000000000e+00
-9.977289796967100388e-01 -3.282790289907712822e+00 0.000000000000000000e+00
-4.851087264065245264e-01 1.309256848051676136e-01 0.000000000000000000e+00
-1.925827534144032960e+00 -4.108285272092297991e-01 0.000000000000000000e+00
-4.851087264065245264e-01 1.309256848051676136e-01 0.000000000000000000e+00
2.987744655817010653e-01 -5.325478346306304900e-01 0.000000000000000000e+00
-4.851087264065245264e-01 1.309256848051676136e-01 0.000000000000000000e+00
-4.851087264065245264e-01 1.309256848051676136e-01 0.000000000000000000e+00
-4.851087264065245264e-01 1.309256848051676136e-01 0.000000000000000000e+00
-4.851087264065245264e-01 1.309256848051676136e-01 0.000000000000000000e+00
-6.161846235579109266e-01 -1.033995046300749010e+00 0.000000000000000000e+00
-4.851087264065245264e-01 1.309256848051676136e-01 0.000000000000000000e+00
-4.851087264065245264e-01 1.309256848051676136e-01 0.000000000000000000e+00
-4.851087264065245264e-01 1.309256848051676136e-01 0.000000000000000000e+00
-4.851087264065245264e-01 1.309256848051676136e-01 0.000000000000000000e+00
-8.268555619333148865e-01 -2.144884965003419186e+00 0.000000000000000000e+00
-4.851087264065245264e-01 1.309256848051676136e-01 0.000000000000000000e+00
-6.559821441699196232e-01 -1.006979640099125994e+00 0.000000000000000000e+00
1.185064605975431062e+00 -9.151102249277396350e-01 0.000000000000000000e+00
2.987744655817010653e-01 -5.325478346306304900e-01 0.000000000000000000e+00
-3.941077315917634882e-01 2.443658431728894243e-01 0.000000000000000000e+00
1.784847933403350406e-01 -5.565866531446158616e-01 0.000000000000000000e+00
6.255972075257256737e-01 -2.502203146729531369e+00 0.000000000000000000e+00
3.385719861937097064e-01 -5.595632408322536167e-01 0.000000000000000000e+00
-4.851087264065245264e-01 1.309256848051676136e-01 0.000000000000000000e+00
-6.559821441699196232e-01 -1.006979640099125994e+00 0.000000000000000000e+00
-6.559821441699196232e-01 -1.006979640099125994e+00 0.000000000000000000e+00
-4.639590820616651401e-02 -3.393204419914563896e-01 0.000000000000000000e+00
-2.605008643212721187e-01 2.312665234365507860e+00 0.000000000000000000e+00
-9.977289796967100388e-01 -3.282790289907712822e+00 0.000000000000000000e+00
-6.559821441699196232e-01 -1.006979640099125994e+00 0.000000000000000000e+00
1.082657657569926268e+00 -1.196021354066429287e+00 0.000000000000000000e+00
2.987744655817010653e-01 -5.325478346306304900e-01 0.000000000000000000e+00
-4.851087264065245264e-01 1.309256848051676136e-01 0.000000000000000000e+00
-4.297236994508923935e-02 -2.808358484439217317e+00 0.000000000000000000e+00
2.102268985925548339e+00 -2.127047925070328471e+00 0.000000000000000000e+00
-4.851087264065245264e-01 1.309256848051676136e-01 0.000000000000000000e+00
-8.268555619333148865e-01 -2.144884965003419186e+00 0.000000000000000000e+00
-6.559821441699196232e-01 -1.006979640099125994e+00 0.000000000000000000e+00
1.064024092575863945e+00 -4.373316955670147332e-01 0.000000000000000000e+00
-8.590972076903602428e-01 -1.572186144818645548e-01 0.000000000000000000e+00
-1.383647847610125318e-02 1.853662333689175323e+00 0.000000000000000000e+00
1.279010478183059962e-01 -1.670453159534924126e+00 0.000000000000000000e+00
2.987744655817010653e-01 -5.325478346306304900e-01 0.000000000000000000e+00
4.300737698399129449e+00 -4.439094448986597108e+00 0.000000000000000000e+00
1.725378743463235498e+00 -1.166604874974792150e+00 0.000000000000000000e+00
1.082657657569926268e+00 -1.196021354066429287e+00 0.000000000000000000e+00
1.744012308457297822e+00 -1.925294533474206204e+00 0.000000000000000000e+00
3.515788117244897926e+00 -3.903986819442304412e+00 0.000000000000000000e+00
1.082725115112615821e+00 1.138101494118861634e+00 0.000000000000000000e+00
1.744012308457297822e+00 -1.925294533474206204e+00 0.000000000000000000e+00
2.509261935451462922e+00 -1.830078394410590281e+00 0.000000000000000000e+00
2.987744655817010653e-01 -5.325478346306304900e-01 0.000000000000000000e+00
5.075525722532451267e-01 9.122542728023255165e-01 0.000000000000000000e+00
-4.339052522037721293e-01 2.713812493745124121e-01 0.000000000000000000e+00
1.866540849558152582e+00 -1.859494873502227641e+00 0.000000000000000000e+00
1.370023827173461939e+00 -2.213438832761238206e+00 0.000000000000000000e+00
1.645990149015331028e+00 -1.921154102867548952e+00 0.000000000000000000e+00
2.071616663535308600e+00 -2.382874230707225038e+00 0.000000000000000000e+00
-4.851087264065245264e-01 1.309256848051676136e-01 0.000000000000000000e+00
2.867518612919711440e+00 -2.031831786006712548e+00 0.000000000000000000e+00
-4.851087264065245264e-01 1.309256848051676136e-01 0.000000000000000000e+00
-3.012449881859545209e-01 4.166661043315880719e-01 0.000000000000000000e+00
1.808867027061299648e+00 -3.330752909946600671e+00 0.000000000000000000e+00
2.071616663535308600e+00 -2.382874230707225038e+00 0.000000000000000000e+00
1.383240512541322298e+00 -2.869032782106924806e+00 0.000000000000000000e+00
-4.851087264065245264e-01 1.309256848051676136e-01 0.000000000000000000e+00
1.554505325699840457e+00 -2.304510199879085786e+00 0.000000000000000000e+00
1.092674828242436169e-01 -9.117635010355101821e-01 0.000000000000000000e+00
2.801409005876387415e-01 2.261418238687833981e-01 0.000000000000000000e+00
-3.012449881859545209e-01 4.166661043315880719e-01 0.000000000000000000e+00
-4.851087264065245264e-01 1.309256848051676136e-01 0.000000000000000000e+00
1.070428733447259972e+00 1.196788989927741520e+00 0.000000000000000000e+00
-8.590972076903602428e-01 -1.572186144818645548e-01 0.000000000000000000e+00
-3.012449881859545209e-01 4.166661043315880719e-01 0.000000000000000000e+00
1.082725115112615821e+00 1.138101494118861634e+00 0.000000000000000000e+00
8.865649952266899669e-01 9.110485704013209229e-01 0.000000000000000000e+00
2.331802838102286834e+00 -4.816981284422544585e-01 0.000000000000000000e+00
-4.851087264065245264e-01 1.309256848051676136e-01 0.000000000000000000e+00
2.650558956631757113e+00 2.145277303432556071e+00 0.000000000000000000e+00
2.650558956631757113e+00 2.145277303432556071e+00 0.000000000000000000e+00
-4.851087264065245264e-01 1.309256848051676136e-01 0.000000000000000000e+00
1.082725115112615821e+00 1.138101494118861634e+00 0.000000000000000000e+00
2.136028881824469483e+00 6.339874884743861294e-01 0.000000000000000000e+00
1.082725115112615821e+00 1.138101494118861634e+00 0.000000000000000000e+00
-4.851087264065245264e-01 1.309256848051676136e-01 0.000000000000000000e+00
9.270617240822059957e-01 1.710544553162915093e+00 0.000000000000000000e+00
2.650558956631757113e+00 2.145277303432556071e+00 0.000000000000000000e+00
2.349286508622009162e+00 2.364835594338039026e+00 0.000000000000000000e+00
-4.851087264065245264e-01 1.309256848051676136e-01 0.000000000000000000e+00
1.082725115112615821e+00 1.138101494118861634e+00 0.000000000000000000e+00
-4.851087264065245264e-01 1.309256848051676136e-01 0.000000000000000000e+00
2.886219635456462651e+00 -4.563985963208361807e-01 0.000000000000000000e+00
-4.851087264065245264e-01 1.309256848051676136e-01 0.000000000000000000e+00
2.650558956631757113e+00 2.145277303432556071e+00 0.000000000000000000e+00
1.082725115112615821e+00 1.138101494118861634e+00 0.000000000000000000e+00
5.786226639670037919e+00 4.159628922059944500e+00 0.000000000000000000e+00
-4.851087264065245264e-01 1.309256848051676136e-01 0.000000000000000000e+00
-4.851087264065245264e-01 1.309256848051676136e-01 0.000000000000000000e+00
1.082725115112615821e+00 1.138101494118861634e+00 0.000000000000000000e+00
-4.851087264065245264e-01 1.309256848051676136e-01 0.000000000000000000e+00
1.082657657569926268e+00 -1.196021354066429287e+00 0.000000000000000000e+00
6.790457186973631876e-01 1.076748655885655825e+00 0.000000000000000000e+00
-4.851087264065245264e-01 1.309256848051676136e-01 0.000000000000000000e+00
2.650558956631757113e+00 2.145277303432556071e+00 0.000000000000000000e+00
2.987744655817010653e-01 -5.325478346306304900e-01 0.000000000000000000e+00
-5.363399908810984051e-02 1.880677739890798339e+00 0.000000000000000000e+00
-1.048374732908621404e-01 1.740222175321453735e+00 0.000000000000000000e+00
-8.116455352003297818e-01 -4.345365810550722019e-01 0.000000000000000000e+00
1.099114492425034006e+00 2.659029740200320013e+00 0.000000000000000000e+00
-1.048374732908621404e-01 1.740222175321453735e+00 0.000000000000000000e+00
-4.851087264065245264e-01 1.309256848051676136e-01 0.000000000000000000e+00
-6.407721174369345185e-01 7.033687438492209898e-01 0.000000000000000000e+00
-1.048374732908621404e-01 1.740222175321453735e+00 0.000000000000000000e+00
-1.048374732908621404e-01 1.740222175321453735e+00 0.000000000000000000e+00
-4.851087264065245264e-01 1.309256848051676136e-01 0.000000000000000000e+00
-2.092973901185198049e-01 2.453120798934852242e+00 0.000000000000000000e+00
-4.851087264065245264e-01 1.309256848051676136e-01 0.000000000000000000e+00
-4.851087264065245264e-01 1.309256848051676136e-01 0.000000000000000000e+00
6.821072066403505163e-01 6.604815993235222393e-01 0.000000000000000000e+00
-2.605008643212721187e-01 2.312665234365507860e+00 0.000000000000000000e+00
-4.851087264065245264e-01 1.309256848051676136e-01 0.000000000000000000e+00
-4.851087264065245264e-01 1.309256848051676136e-01 0.000000000000000000e+00
-6.407721174369345185e-01 7.033687438492209898e-01 0.000000000000000000e+00
-9.520988994977543918e-01 1.848254861937327576e+00 0.000000000000000000e+00
5.345026019490967117e-01 -8.001008861987318754e-01 0.000000000000000000e+00
-6.503995267885354092e-02 1.713206769119830719e+00 0.000000000000000000e+00
-1.048374732908621404e-01 1.740222175321453735e+00 0.000000000000000000e+00
-4.851087264065245264e-01 1.309256848051676136e-01 0.000000000000000000e+00
-6.559821441699196232e-01 -1.006979640099125994e+00 0.000000000000000000e+00
-6.407721174369345185e-01 7.033687438492209898e-01 0.000000000000000000e+00
-4.851087264065245264e-01 1.309256848051676136e-01 0.000000000000000000e+00
6.821072066403505163e-01 6.604815993235222393e-01 0.000000000000000000e+00
-4.851087264065245264e-01 1.309256848051676136e-01 0.000000000000000000e+00
-4.851087264065245264e-01 1.309256848051676136e-01 0.000000000000000000e+00
-4.851087264065245264e-01 1.309256848051676136e-01 0.000000000000000000e+00
-4.851087264065245264e-01 1.309256848051676136e-01 0.000000000000000000e+00
-4.851087264065245264e-01 1.309256848051676136e-01 0.000000000000000000e+00
-4.851087264065245264e-01 1.309256848051676136e-01 0.000000000000000000e+00
-4.851087264065245264e-01 1.309256848051676136e-01 0.000000000000000000e+00
-6.559821441699196232e-01 -1.006979640099125994e+00 0.000000000000000000e+00
-4.851087264065245264e-01 1.309256848051676136e-01 0.000000000000000000e+00
-4.339052522037721293e-01 2.713812493745124121e-01 0.000000000000000000e+00
-4.851087264065245264e-01 1.309256848051676136e-01 0.000000000000000000e+00
-4.339052522037721293e-01 2.713812493745124121e-01 0.000000000000000000e+00
-6.161846235579109266e-01 -1.033995046300749010e+00 0.000000000000000000e+00
-3.012449881859545209e-01 4.166661043315880719e-01 0.000000000000000000e+00
-4.851087264065245264e-01 1.309256848051676136e-01 0.000000000000000000e+00
-4.851087264065245264e-01 1.309256848051676136e-01 0.000000000000000000e+00
-4.851087264065245264e-01 1.309256848051676136e-01 0.000000000000000000e+00
-4.851087264065245264e-01 1.309256848051676136e-01 0.000000000000000000e+00
1.519680557683155964e-01 -1.442969601639090049e+00 0.000000000000000000e+00
-2.928067634365167926e+00 7.841557272901582554e-01 0.000000000000000000e+00
-4.851087264065245264e-01 1.309256848051676136e-01 0.000000000000000000e+00
-4.851087264065245264e-01 1.309256848051676136e-01 0.000000000000000000e+00
-4.851087264065245264e-01 1.309256848051676136e-01 0.000000000000000000e+00
-4.851087264065245264e-01 1.309256848051676136e-01 0.000000000000000000e+00
-8.590972076903602428e-01 -1.572186144818645548e-01 0.000000000000000000e+00
-4.851087264065245264e-01 1.309256848051676136e-01 0.000000000000000000e+00
-6.559821441699196232e-01 -1.006979640099125994e+00 0.000000000000000000e+00
-4.851087264065245264e-01 1.309256848051676136e-01 0.000000000000000000e+00
-4.851087264065245264e-01 1.309256848051676136e-01 0.000000000000000000e+00
-6.559821441699196232e-01 -1.006979640099125994e+00 0.000000000000000000e+00
-4.851087264065245264e-01 1.309256848051676136e-01 0.000000000000000000e+00
4.409789345992145004e-01 -2.786521116935640197e-01 0.000000000000000000e+00
-4.453112057945158853e-01 1.039102786035446674e-01 0.000000000000000000e+00
-4.851087264065245264e-01 1.309256848051676136e-01 0.000000000000000000e+00
-4.453112057945158853e-01 1.039102786035446674e-01 0.000000000000000000e+00
6.263788206597101782e-01 -9.901275318636494349e-01 0.000000000000000000e+00
-4.851087264065245264e-01 1.309256848051676136e-01 0.000000000000000000e+00
-6.559821441699196232e-01 -1.006979640099125994e+00 0.000000000000000000e+00
-6.559821441699196232e-01 -1.006979640099125994e+00 0.000000000000000000e+00
-4.851087264065245264e-01 1.309256848051676136e-01 0.000000000000000000e+00
-4.465843088176525422e-01 -5.355884744871325376e-01 0.000000000000000000e+00
-6.161846235579109266e-01 -1.033995046300749010e+00 0.000000000000000000e+00
-6.559821441699196232e-01 -1.006979640099125994e+00 0.000000000000000000e+00
-4.851087264065245264e-01 1.309256848051676136e-01 0.000000000000000000e+00
-4.851087264065245264e-01 1.309256848051676136e-01 0.000000000000000000e+00
-4.851087264065245264e-01 1.309256848051676136e-01 0.000000000000000000e+00
-6.559821441699196232e-01 -1.006979640099125994e+00 0.000000000000000000e+00
-4.851087264065245264e-01 1.309256848051676136e-01 0.000000000000000000e+00
-4.851087264065245264e-01 1.309256848051676136e-01 0.000000000000000000e+00
-4.851087264065245264e-01 1.309256848051676136e-01 0.000000000000000000e+00
-6.559821441699196232e-01 -1.006979640099125994e+00 0.000000000000000000e+00
-6.559821441699196232e-01 -1.006979640099125994e+00 0.000000000000000000e+00
-4.851087264065245264e-01 1.309256848051676136e-01 0.000000000000000000e+00
-8.268555619333148865e-01 -2.144884965003419186e+00 0.000000000000000000e+00
-4.851087264065245264e-01 1.309256848051676136e-01 0.000000000000000000e+00
-3.941077315917634882e-01 2.443658431728894243e-01 0.000000000000000000e+00
-4.339052522037721293e-01 2.713812493745124121e-01 0.000000000000000000e+00
1.272813191375826991e-01 -6.970422177139606879e-01 0.000000000000000000e+00
2.987744655817010653e-01 -5.325478346306304900e-01 0.000000000000000000e+00
-4.851087264065245264e-01 1.309256848051676136e-01 0.000000000000000000e+00
-4.339052522037721293e-01 2.713812493745124121e-01 0.000000000000000000e+00
1.272813191375826991e-01 -6.970422177139606879e-01 0.000000000000000000e+00
-4.339052522037721293e-01 2.713812493745124121e-01 0.000000000000000000e+00
-6.559821441699196232e-01 -1.006979640099125994e+00 0.000000000000000000e+00
-4.851087264065245264e-01 1.309256848051676136e-01 0.000000000000000000e+00
-6.559821441699196232e-01 -1.006979640099125994e+00 0.000000000000000000e+00
1.185183894351524936e+00 1.500082248136388463e+00 0.000000000000000000e+00
-4.851087264065245264e-01 1.309256848051676136e-01 0.000000000000000000e+00
-6.161846235579109266e-01 -1.033995046300749010e+00 0.000000000000000000e+00
-6.559821441699196232e-01 -1.006979640099125994e+00 0.000000000000000000e+00
-8.116455352003297818e-01 -4.345365810550722019e-01 0.000000000000000000e+00
-4.851087264065245264e-01 1.309256848051676136e-01 0.000000000000000000e+00
-6.559821441699196232e-01 -1.006979640099125994e+00 0.000000000000000000e+00
-6.559821441699196232e-01 -1.006979640099125994e+00 0.000000000000000000e+00
2.987744655817010653e-01 -5.325478346306304900e-01 0.000000000000000000e+00
-1.048374732908621404e-01 1.740222175321453735e+00 0.000000000000000000e+00
-4.851087264065245264e-01 1.309256848051676136e-01 0.000000000000000000e+00
-4.851087264065245264e-01 1.309256848051676136e-01 0.000000000000000000e+00
9.117842398065311160e-01 -2.333926678970722701e+00 0.000000000000000000e+00
2.987744655817010653e-01 -5.325478346306304900e-01 0.000000000000000000e+00
5.345026019490967117e-01 -8.001008861987318754e-01 0.000000000000000000e+00
-4.851087264065245264e-01 1.309256848051676136e-01 0.000000000000000000e+00
-6.559821441699196232e-01 -1.006979640099125994e+00 0.000000000000000000e+00
9.117842398065311160e-01 -2.333926678970722701e+00 0.000000000000000000e+00
2.987744655817010653e-01 -5.325478346306304900e-01 0.000000000000000000e+00
1.495498819894278686e+00 1.312420359518616131e+00 0.000000000000000000e+00
5.067088770990675339e-01 -1.987577292198597911e+00 0.000000000000000000e+00
1.279010478183059962e-01 -1.670453159534924126e+00 0.000000000000000000e+00
2.987744655817010653e-01 -5.325478346306304900e-01 0.000000000000000000e+00
2.527962957988213244e+00 -2.546452047247136918e-01 0.000000000000000000e+00
-6.559821441699196232e-01 -1.006979640099125994e+00 0.000000000000000000e+00
1.866540849558152582e+00 -1.859494873502227641e+00 0.000000000000000000e+00
1.391628447653872946e+00 -8.949113928000337337e-01 0.000000000000000000e+00
1.744012308457297822e+00 -1.925294533474206204e+00 0.000000000000000000e+00
1.318385793937321804e+00 -1.463574405634530340e+00 0.000000000000000000e+00
2.763623636812920559e+00 -2.856321104478105610e+00 0.000000000000000000e+00
5.681950403053291909e-01 -3.731883208393079743e-01 0.000000000000000000e+00
1.866608307100841468e+00 4.746279746830636137e-01 0.000000000000000000e+00
2.527895500445525023e+00 -2.588768052910004780e+00 0.000000000000000000e+00
-3.541649509012623209e-02 -8.477075401192858406e-01 0.000000000000000000e+00
9.601291164690722857e-01 -1.261821014038407851e+00 0.000000000000000000e+00
-4.851087264065245264e-01 1.309256848051676136e-01 0.000000000000000000e+00
3.311778692433750226e+00 -3.252241572345802911e+00 0.000000000000000000e+00
1.725378743463235498e+00 -1.166604874974792150e+00 0.000000000000000000e+00
2.319363557298882217e+00 -1.635911318139015691e+00 0.000000000000000000e+00
9.601291164690722857e-01 -1.261821014038407851e+00 0.000000000000000000e+00
2.527895500445525023e+00 -2.588768052910004780e+00 0.000000000000000000e+00
3.620749482517697793e+00 -2.951131611079407246e+00 0.000000000000000000e+00
-6.559821441699196232e-01 -1.006979640099125994e+00 0.000000000000000000e+00
5.345026019490967117e-01 -8.001008861987318754e-01 0.000000000000000000e+00
5.681950403053291909e-01 -3.731883208393079743e-01 0.000000000000000000e+00
1.744012308457297822e+00 -1.925294533474206204e+00 0.000000000000000000e+00
1.784877375353510542e+00 -2.975351902769087342e+00 0.000000000000000000e+00
5.345026019490967117e-01 -8.001008861987318754e-01 0.000000000000000000e+00
-4.851087264065245264e-01 1.309256848051676136e-01 0.000000000000000000e+00
-4.851087264065245264e-01 1.309256848051676136e-01 0.000000000000000000e+00
-4.851087264065245264e-01 1.309256848051676136e-01 0.000000000000000000e+00
-4.851087264065245264e-01 1.309256848051676136e-01 0.000000000000000000e+00
-6.559821441699196232e-01 -1.006979640099125994e+00 0.000000000000000000e+00
-4.851087264065245264e-01 1.309256848051676136e-01 0.000000000000000000e+00
-4.851087264065245264e-01 1.309256848051676136e-01 0.000000000000000000e+00
-4.851087264065245264e-01 1.309256848051676136e-01 0.000000000000000000e+00
-4.851087264065245264e-01 1.309256848051676136e-01 0.000000000000000000e+00
-4.851087264065245264e-01 1.309256848051676136e-01 0.000000000000000000e+00
-4.851087264065245264e-01 1.309256848051676136e-01 0.000000000000000000e+00
-4.851087264065245264e-01 1.309256848051676136e-01 0.000000000000000000e+00
-4.851087264065245264e-01 1.309256848051676136e-01 0.000000000000000000e+00
-4.851087264065245264e-01 1.309256848051676136e-01 0.000000000000000000e+00
-4.851087264065245264e-01 1.309256848051676136e-01 0.000000000000000000e+00
-4.851087264065245264e-01 1.309256848051676136e-01 0.000000000000000000e+00
-4.851087264065245264e-01 1.309256848051676136e-01 0.000000000000000000e+00
1.082725115112615821e+00 1.138101494118861634e+00 0.000000000000000000e+00
-6.559821441699196232e-01 -1.006979640099125994e+00 0.000000000000000000e+00
-4.851087264065245264e-01 1.309256848051676136e-01 0.000000000000000000e+00
8.865649952266899669e-01 9.110485704013209229e-01 0.000000000000000000e+00
-4.851087264065245264e-01 1.309256848051676136e-01 0.000000000000000000e+00
-6.559821441699196232e-01 -1.006979640099125994e+00 0.000000000000000000e+00
1.643911686453970677e+00 1.696780270303885896e-01 0.000000000000000000e+00
-4.453112057945158853e-01 1.039102786035446674e-01 0.000000000000000000e+00
-4.851087264065245264e-01 1.309256848051676136e-01 0.000000000000000000e+00
2.136028881824469483e+00 6.339874884743861294e-01 0.000000000000000000e+00
-4.851087264065245264e-01 1.309256848051676136e-01 0.000000000000000000e+00
1.340400369584734630e+00 3.474754764778785754e-01 0.000000000000000000e+00
-4.851087264065245264e-01 1.309256848051676136e-01 0.000000000000000000e+00
1.082725115112615821e+00 1.138101494118861634e+00 0.000000000000000000e+00
-4.851087264065245264e-01 1.309256848051676136e-01 0.000000000000000000e+00
-4.851087264065245264e-01 1.309256848051676136e-01 0.000000000000000000e+00
2.650558956631757113e+00 2.145277303432556071e+00 0.000000000000000000e+00
4.218392798150897072e+00 3.152453112746250508e+00 0.000000000000000000e+00
-4.851087264065245264e-01 1.309256848051676136e-01 0.000000000000000000e+00
-4.851087264065245264e-01 1.309256848051676136e-01 0.000000000000000000e+00
-4.851087264065245264e-01 1.309256848051676136e-01 0.000000000000000000e+00
5.786226639670037919e+00 4.159628922059944500e+00 0.000000000000000000e+00
1.082725115112615821e+00 1.138101494118861634e+00 0.000000000000000000e+00
1.133928589315368329e+00 1.278557058688206460e+00 0.000000000000000000e+00
-1.048374732908621404e-01 1.740222175321453735e+00 0.000000000000000000e+00
1.082725115112615821e+00 1.138101494118861634e+00 0.000000000000000000e+00
2.650558956631757113e+00 2.145277303432556071e+00 0.000000000000000000e+00
1.082725115112615821e+00 1.138101494118861634e+00 0.000000000000000000e+00
-4.851087264065245264e-01 1.309256848051676136e-01 0.000000000000000000e+00
-4.851087264065245264e-01 1.309256848051676136e-01 0.000000000000000000e+00
1.082725115112615821e+00 1.138101494118861634e+00 0.000000000000000000e+00
2.650558956631757113e+00 2.145277303432556071e+00 0.000000000000000000e+00
-4.851087264065245264e-01 1.309256848051676136e-01 0.000000000000000000e+00
7.302491929001159177e-01 1.217204220455000208e+00 0.000000000000000000e+00
-4.851087264065245264e-01 1.309256848051676136e-01 0.000000000000000000e+00
2.479685538868362293e+00 1.007371978528262657e+00 0.000000000000000000e+00
1.082725115112615821e+00 1.138101494118861634e+00 0.000000000000000000e+00
1.866608307100841468e+00 4.746279746830636137e-01 0.000000000000000000e+00
-4.851087264065245264e-01 1.309256848051676136e-01 0.000000000000000000e+00
-4.851087264065245264e-01 1.309256848051676136e-01 0.000000000000000000e+00
1.082725115112615821e+00 1.138101494118861634e+00 0.000000000000000000e+00
-4.851087264065245264e-01 1.309256848051676136e-01 0.000000000000000000e+00
2.228245995222442044e+00 2.842614123698763873e+00 0.000000000000000000e+00
-8.078937334876079568e-01 -1.676304991251973894e-02 0.000000000000000000e+00
-3.827017780010198433e-01 4.118368139438571274e-01 0.000000000000000000e+00
1.514132384888341010e+00 5.537307010192022982e-01 0.000000000000000000e+00
1.824566598807189743e+00 2.781261285465558952e+00 0.000000000000000000e+00
-8.590972076903602428e-01 -1.572186144818645548e-01 0.000000000000000000e+00
-1.086129836672218740e+00 3.040747711477065907e-01 0.000000000000000000e+00
-1.048374732908621404e-01 1.740222175321453735e+00 0.000000000000000000e+00
-4.851087264065245264e-01 1.309256848051676136e-01 0.000000000000000000e+00
-4.851087264065245264e-01 1.309256848051676136e-01 0.000000000000000000e+00
-4.851087264065245264e-01 1.309256848051676136e-01 0.000000000000000000e+00
-4.851087264065245264e-01 1.309256848051676136e-01 0.000000000000000000e+00
-8.590972076903602428e-01 -1.572186144818645548e-01 0.000000000000000000e+00
-4.851087264065245264e-01 1.309256848051676136e-01 0.000000000000000000e+00
-1.803767042300788104e+00 -1.453417148457954111e+00 0.000000000000000000e+00
-4.851087264065245264e-01 1.309256848051676136e-01 0.000000000000000000e+00
-4.851087264065245264e-01 1.309256848051676136e-01 0.000000000000000000e+00
-1.048374732908621404e-01 1.740222175321453735e+00 0.000000000000000000e+00
-6.407721174369345185e-01 7.033687438492209898e-01 0.000000000000000000e+00
-4.851087264065245264e-01 1.309256848051676136e-01 0.000000000000000000e+00
-4.851087264065245264e-01 1.309256848051676136e-01 0.000000000000000000e+00
2.754337798248001068e-01 3.349518665837741604e+00 0.000000000000000000e+00
-9.520988994977543918e-01 1.848254861937327576e+00 0.000000000000000000e+00
-6.407721174369345185e-01 7.033687438492209898e-01 0.000000000000000000e+00
-6.559821441699196232e-01 -1.006979640099125994e+00 0.000000000000000000e+00
-4.851087264065245264e-01 1.309256848051676136e-01 0.000000000000000000e+00
-4.851087264065245264e-01 1.309256848051676136e-01 0.000000000000000000e+00
-4.851087264065245264e-01 1.309256848051676136e-01 0.000000000000000000e+00
-4.851087264065245264e-01 1.309256848051676136e-01 0.000000000000000000e+00
-4.851087264065245264e-01 1.309256848051676136e-01 0.000000000000000000e+00
-4.851087264065245264e-01 1.309256848051676136e-01 0.000000000000000000e+00
-4.851087264065245264e-01 1.309256848051676136e-01 0.000000000000000000e+00
-4.851087264065245264e-01 1.309256848051676136e-01 0.000000000000000000e+00
2.801409005876387415e-01 2.261418238687833981e-01 0.000000000000000000e+00
-4.851087264065245264e-01 1.309256848051676136e-01 0.000000000000000000e+00
-4.851087264065245264e-01 1.309256848051676136e-01 0.000000000000000000e+00
-4.851087264065245264e-01 1.309256848051676136e-01 0.000000000000000000e+00
-4.851087264065245264e-01 1.309256848051676136e-01 0.000000000000000000e+00
-4.851087264065245264e-01 1.309256848051676136e-01 0.000000000000000000e+00
-4.851087264065245264e-01 1.309256848051676136e-01 0.000000000000000000e+00
-4.851087264065245264e-01 1.309256848051676136e-01 0.000000000000000000e+00
-4.851087264065245264e-01 1.309256848051676136e-01 0.000000000000000000e+00
-4.851087264065245264e-01 1.309256848051676136e-01 0.000000000000000000e+00
-4.851087264065245264e-01 1.309256848051676136e-01 0.000000000000000000e+00
-4.851087264065245264e-01 1.309256848051676136e-01 0.000000000000000000e+00
-4.339052522037721293e-01 2.713812493745124121e-01 0.000000000000000000e+00
-4.851087264065245264e-01 1.309256848051676136e-01 0.000000000000000000e+00
-4.851087264065245264e-01 1.309256848051676136e-01 0.000000000000000000e+00
-1.763969521688779407e+00 -1.480432554659577127e+00 0.000000000000000000e+00
-4.851087264065245264e-01 1.309256848051676136e-01 0.000000000000000000e+00
-4.851087264065245264e-01 1.309256848051676136e-01 0.000000000000000000e+00
-4.851087264065245264e-01 1.309256848051676136e-01 0.000000000000000000e+00
-4.851087264065245264e-01 1.309256848051676136e-01 0.000000000000000000e+00
-4.851087264065245264e-01 1.309256848051676136e-01 0.000000000000000000e+00
-4.851087264065245264e-01 1.309256848051676136e-01 0.000000000000000000e+00
-4.851087264065245264e-01 1.309256848051676136e-01 0.000000000000000000e+00
-4.851087264065245264e-01 1.309256848051676136e-01 0.000000000000000000e+00
-4.851087264065245264e-01 1.309256848051676136e-01 0.000000000000000000e+00
-8.268555619333148865e-01 -2.144884965003419186e+00 0.000000000000000000e+00
-6.559821441699196232e-01 -1.006979640099125994e+00 0.000000000000000000e+00
-6.559821441699196232e-01 -1.006979640099125994e+00 0.000000000000000000e+00
-4.851087264065245264e-01 1.309256848051676136e-01 0.000000000000000000e+00
-7.870580413213061899e-01 -2.171900371205042202e+00 0.000000000000000000e+00
-4.851087264065245264e-01 1.309256848051676136e-01 0.000000000000000000e+00
-4.453112057945158853e-01 1.039102786035446674e-01 0.000000000000000000e+00
-5.649811493551585295e-01 -8.935394817314041838e-01 0.000000000000000000e+00
-6.559821441699196232e-01 -1.006979640099125994e+00 0.000000000000000000e+00
-6.559821441699196232e-01 -1.006979640099125994e+00 0.000000000000000000e+00
-4.851087264065245264e-01 1.309256848051676136e-01 0.000000000000000000e+00
-4.851087264065245264e-01 1.309256848051676136e-01 0.000000000000000000e+00
-8.268555619333148865e-01 -2.144884965003419186e+00 0.000000000000000000e+00
-6.559821441699196232e-01 -1.006979640099125994e+00 0.000000000000000000e+00
-4.851087264065245264e-01 1.309256848051676136e-01 0.000000000000000000e+00
-6.559821441699196232e-01 -1.006979640099125994e+00 0.000000000000000000e+00
2.987744655817010653e-01 -5.325478346306304900e-01 0.000000000000000000e+00
-4.851087264065245264e-01 1.309256848051676136e-01 0.000000000000000000e+00
-4.851087264065245264e-01 1.309256848051676136e-01 0.000000000000000000e+00
-4.339052522037721293e-01 2.713812493745124121e-01 0.000000000000000000e+00
5.345026019490967117e-01 -8.001008861987318754e-01 0.000000000000000000e+00
-4.851087264065245264e-01 1.309256848051676136e-01 0.000000000000000000e+00
-6.559821441699196232e-01 -1.006979640099125994e+00 0.000000000000000000e+00
-4.851087264065245264e-01 1.309256848051676136e-01 0.000000000000000000e+00
1.519680557683155964e-01 -1.442969601639090049e+00 0.000000000000000000e+00
2.987744655817010653e-01 -5.325478346306304900e-01 0.000000000000000000e+00
-6.559821441699196232e-01 -1.006979640099125994e+00 0.000000000000000000e+00
-4.851087264065245264e-01 1.309256848051676136e-01 0.000000000000000000e+00
-6.559821441699196232e-01 -1.006979640099125994e+00 0.000000000000000000e+00
-4.851087264065245264e-01 1.309256848051676136e-01 0.000000000000000000e+00
6.604121537033010858e-01 1.835438314385069658e+00 0.000000000000000000e+00
-6.407721174369345185e-01 7.033687438492209898e-01 0.000000000000000000e+00
-6.559821441699196232e-01 -1.006979640099125994e+00 0.000000000000000000e+00
9.117842398065311160e-01 -2.333926678970722701e+00 0.000000000000000000e+00
-4.339052522037721293e-01 2.713812493745124121e-01 0.000000000000000000e+00
2.987744655817010653e-01 -5.325478346306304900e-01 0.000000000000000000e+00
-4.851087264065245264e-01 1.309256848051676136e-01 0.000000000000000000e+00
3.499779397844534068e-01 -3.920922700612857748e-01 0.000000000000000000e+00
1.420792742342826598e+00 -1.182663276495840909e+00 0.000000000000000000e+00
1.744012308457297822e+00 -1.925294533474206204e+00 0.000000000000000000e+00
-4.851087264065245264e-01 1.309256848051676136e-01 0.000000000000000000e+00
-3.314983037982674463e-01 5.522923785132015650e-01 0.000000000000000000e+00
2.987744655817010653e-01 -5.325478346306304900e-01 0.000000000000000000e+00
-5.363399908810984051e-02 1.880677739890798339e+00 0.000000000000000000e+00
-4.339052522037721293e-01 2.713812493745124121e-01 0.000000000000000000e+00
-5.114032842160065595e-02 -8.591668160127731158e-01 0.000000000000000000e+00
1.082657657569926268e+00 -1.196021354066429287e+00 0.000000000000000000e+00
1.340400369584734630e+00 3.474754764778785754e-01 0.000000000000000000e+00
9.601291164690722857e-01 -1.261821014038407851e+00 0.000000000000000000e+00
9.117842398065311160e-01 -2.333926678970722701e+00 0.000000000000000000e+00
2.987744655817010653e-01 -5.325478346306304900e-01 0.000000000000000000e+00
3.424978287700291890e+00 -3.585594283885882305e+00 0.000000000000000000e+00
-4.851087264065245264e-01 1.309256848051676136e-01 0.000000000000000000e+00
2.987744655817010653e-01 -5.325478346306304900e-01 0.000000000000000000e+00
1.744012308457297822e+00 -1.925294533474206204e+00 0.000000000000000000e+00
3.581199267157378685e+00 -3.092882058554480285e+00 0.000000000000000000e+00
1.643911686453970677e+00 1.696780270303885896e-01 0.000000000000000000e+00
1.651814622220853179e+00 1.006264709464936846e+00 0.000000000000000000e+00
2.763623636812920559e+00 -2.856321104478105610e+00 0.000000000000000000e+00
2.785638212460333385e+00 -1.045271222365696584e+00 0.000000000000000000e+00
2.763623636812920559e+00 -2.856321104478105610e+00 0.000000000000000000e+00
1.979740444824694467e+00 -2.192847585042307479e+00 0.000000000000000000e+00
9.601291164690722857e-01 -1.261821014038407851e+00 0.000000000000000000e+00
1.866540849558152582e+00 -1.859494873502227641e+00 0.000000000000000000e+00
1.133861131772678776e+00 -1.055565789497084683e+00 0.000000000000000000e+00
7.607784493483035759e-02 -8.374977822833055141e-01 0.000000000000000000e+00
2.527962957988213244e+00 -2.546452047247136918e-01 0.000000000000000000e+00
2.065001855937424136e+00 -6.096686080715002509e-01 0.000000000000000000e+00
9.601291164690722857e-01 -1.261821014038407851e+00 0.000000000000000000e+00
-4.851087264065245264e-01 1.309256848051676136e-01 0.000000000000000000e+00
-4.851087264065245264e-01 1.309256848051676136e-01 0.000000000000000000e+00
1.729869828008516741e+00 -4.658684880515810534e+00 0.000000000000000000e+00
1.082725115112615821e+00 1.138101494118861634e+00 0.000000000000000000e+00
-1.558100057702892949e+00 1.606523118436108399e-01 0.000000000000000000e+00
1.082725115112615821e+00 1.138101494118861634e+00 0.000000000000000000e+00
4.819376890104260625e+00 2.157014239456154225e+00 0.000000000000000000e+00
1.410262012647935492e+00 -1.653601051299447677e+00 0.000000000000000000e+00
-4.851087264065245264e-01 1.309256848051676136e-01 0.000000000000000000e+00
-4.851087264065245264e-01 1.309256848051676136e-01 0.000000000000000000e+00
-4.851087264065245264e-01 1.309256848051676136e-01 0.000000000000000000e+00
2.650558956631757113e+00 2.145277303432556071e+00 0.000000000000000000e+00
-1.048374732908621404e-01 1.740222175321453735e+00 0.000000000000000000e+00
-4.851087264065245264e-01 1.309256848051676136e-01 0.000000000000000000e+00
2.650558956631757113e+00 2.145277303432556071e+00 0.000000000000000000e+00
2.650558956631757113e+00 2.145277303432556071e+00 0.000000000000000000e+00
1.725458665468199149e+00 -5.284857773784216173e-01 0.000000000000000000e+00
9.601291164690722857e-01 -1.261821014038407851e+00 0.000000000000000000e+00
-4.851087264065245264e-01 1.309256848051676136e-01 0.000000000000000000e+00
6.347413211011392775e+00 3.191205454971471234e+00 0.000000000000000000e+00
7.302491929001159177e-01 1.217204220455000208e+00 0.000000000000000000e+00
1.082725115112615821e+00 1.138101494118861634e+00 0.000000000000000000e+00
-4.851087264065245264e-01 1.309256848051676136e-01 0.000000000000000000e+00
2.650558956631757113e+00 2.145277303432556071e+00 0.000000000000000000e+00
-4.851087264065245264e-01 1.309256848051676136e-01 0.000000000000000000e+00
1.294384184236347712e+00 3.112241130497707786e+00 0.000000000000000000e+00
2.801409005876387415e-01 2.261418238687833981e-01 0.000000000000000000e+00
-4.851087264065245264e-01 1.309256848051676136e-01 0.000000000000000000e+00
2.650558956631757113e+00 2.145277303432556071e+00 0.000000000000000000e+00
-4.851087264065245264e-01 1.309256848051676136e-01 0.000000000000000000e+00
3.485645622822735046e+00 1.622259348566102766e+00 0.000000000000000000e+00
2.987744655817010653e-01 -5.325478346306304900e-01 0.000000000000000000e+00
-1.988380397804497546e-01 6.975772334702772248e-01 0.000000000000000000e+00
1.082725115112615821e+00 1.138101494118861634e+00 0.000000000000000000e+00
6.790457186973631876e-01 1.076748655885655825e+00 0.000000000000000000e+00
-1.048374732908621404e-01 1.740222175321453735e+00 0.000000000000000000e+00
-4.851087264065245264e-01 1.309256848051676136e-01 0.000000000000000000e+00
-4.851087264065245264e-01 1.309256848051676136e-01 0.000000000000000000e+00
2.801409005876387415e-01 2.261418238687833981e-01 0.000000000000000000e+00
-8.192996870783516572e-01 -1.842340206834875149e-01 0.000000000000000000e+00
-4.851087264065245264e-01 1.309256848051676136e-01 0.000000000000000000e+00
-6.407721174369345185e-01 7.033687438492209898e-01 0.000000000000000000e+00
2.754337798248001068e-01 3.349518665837741604e+00 0.000000000000000000e+00
-4.851087264065245264e-01 1.309256848051676136e-01 0.000000000000000000e+00
-4.851087264065245264e-01 1.309256848051676136e-01 0.000000000000000000e+00
-6.407721174369345185e-01 7.033687438492209898e-01 0.000000000000000000e+00
-4.851087264065245264e-01 1.309256848051676136e-01 0.000000000000000000e+00
6.604121537033010858e-01 1.835438314385069658e+00 0.000000000000000000e+00
-4.851087264065245264e-01 1.309256848051676136e-01 0.000000000000000000e+00
-4.851087264065245264e-01 1.309256848051676136e-01 0.000000000000000000e+00
-6.559821441699196232e-01 -1.006979640099125994e+00 0.000000000000000000e+00
-2.757108910542573343e-01 6.023168504171604321e-01 0.000000000000000000e+00
-4.851087264065245264e-01 1.309256848051676136e-01 0.000000000000000000e+00
-6.407721174369345185e-01 7.033687438492209898e-01 0.000000000000000000e+00
-4.851087264065245264e-01 1.309256848051676136e-01 0.000000000000000000e+00
-4.851087264065245264e-01 1.309256848051676136e-01 0.000000000000000000e+00
-1.925827534144032960e+00 -4.108285272092297991e-01 0.000000000000000000e+00
-4.851087264065245264e-01 1.309256848051676136e-01 0.000000000000000000e+00
-1.048374732908621404e-01 1.740222175321453735e+00 0.000000000000000000e+00
-4.851087264065245264e-01 1.309256848051676136e-01 0.000000000000000000e+00
-3.827017780010198433e-01 4.118368139438571274e-01 0.000000000000000000e+00
-4.851087264065245264e-01 1.309256848051676136e-01 0.000000000000000000e+00
-4.851087264065245264e-01 1.309256848051676136e-01 0.000000000000000000e+00
-4.851087264065245264e-01 1.309256848051676136e-01 0.000000000000000000e+00
-4.851087264065245264e-01 1.309256848051676136e-01 0.000000000000000000e+00
-4.851087264065245264e-01 1.309256848051676136e-01 0.000000000000000000e+00
-4.851087264065245264e-01 1.309256848051676136e-01 0.000000000000000000e+00
-4.851087264065245264e-01 1.309256848051676136e-01 0.000000000000000000e+00
-4.851087264065245264e-01 1.309256848051676136e-01 0.000000000000000000e+00
-9.304664456418086926e-01 -2.683682878963468688e-01 0.000000000000000000e+00
-4.851087264065245264e-01 1.309256848051676136e-01 0.000000000000000000e+00
-4.851087264065245264e-01 1.309256848051676136e-01 0.000000000000000000e+00
-6.407721174369345185e-01 7.033687438492209898e-01 0.000000000000000000e+00
-4.851087264065245264e-01 1.309256848051676136e-01 0.000000000000000000e+00
-4.851087264065245264e-01 1.309256848051676136e-01 0.000000000000000000e+00
-4.851087264065245264e-01 1.309256848051676136e-01 0.000000000000000000e+00
2.801409005876387415e-01 2.261418238687833981e-01 0.000000000000000000e+00
-4.851087264065245264e-01 1.309256848051676136e-01 0.000000000000000000e+00
-4.339052522037721293e-01 2.713812493745124121e-01 0.000000000000000000e+00
-4.339052522037721293e-01 2.713812493745124121e-01 0.000000000000000000e+00
-4.851087264065245264e-01 1.309256848051676136e-01 0.000000000000000000e+00
1.299752228943259480e+00 -7.048847471351161742e-01 0.000000000000000000e+00
-4.851087264065245264e-01 1.309256848051676136e-01 0.000000000000000000e+00
-3.012449881859545209e-01 4.166661043315880719e-01 0.000000000000000000e+00
-4.453112057945158853e-01 1.039102786035446674e-01 0.000000000000000000e+00
-4.851087264065245264e-01 1.309256848051676136e-01 0.000000000000000000e+00
-4.851087264065245264e-01 1.309256848051676136e-01 0.000000000000000000e+00
-1.803767042300788104e+00 -1.453417148457954111e+00 0.000000000000000000e+00
-3.366546341881540894e+00 -9.525827392236275726e-01 0.000000000000000000e+00
-2.299816015427867733e+00 -6.989728264962620230e-01 0.000000000000000000e+00
-4.851087264065245264e-01 1.309256848051676136e-01 0.000000000000000000e+00
-4.851087264065245264e-01 1.309256848051676136e-01 0.000000000000000000e+00
-1.803767042300788104e+00 -1.453417148457954111e+00 0.000000000000000000e+00
-4.851087264065245264e-01 1.309256848051676136e-01 0.000000000000000000e+00
-6.161846235579109266e-01 -1.033995046300749010e+00 0.000000000000000000e+00
-4.851087264065245264e-01 1.309256848051676136e-01 0.000000000000000000e+00
-4.851087264065245264e-01 1.309256848051676136e-01 0.000000000000000000e+00
-4.851087264065245264e-01 1.309256848051676136e-01 0.000000000000000000e+00
-4.851087264065245264e-01 1.309256848051676136e-01 0.000000000000000000e+00
-4.851087264065245264e-01 1.309256848051676136e-01 0.000000000000000000e+00
6.263788206597101782e-01 -9.901275318636494349e-01 0.000000000000000000e+00
-4.851087264065245264e-01 1.309256848051676136e-01 0.000000000000000000e+00
-4.851087264065245264e-01 1.309256848051676136e-01 0.000000000000000000e+00
-4.851087264065245264e-01 1.309256848051676136e-01 0.000000000000000000e+00
-4.851087264065245264e-01 1.309256848051676136e-01 0.000000000000000000e+00
-4.851087264065245264e-01 1.309256848051676136e-01 0.000000000000000000e+00
-4.339052522037721293e-01 2.713812493745124121e-01 0.000000000000000000e+00
-4.851087264065245264e-01 1.309256848051676136e-01 0.000000000000000000e+00
-4.851087264065245264e-01 1.309256848051676136e-01 0.000000000000000000e+00
-4.851087264065245264e-01 1.309256848051676136e-01 0.000000000000000000e+00
-4.851087264065245264e-01 1.309256848051676136e-01 0.000000000000000000e+00
-4.851087264065245264e-01 1.309256848051676136e-01 0.000000000000000000e+00
-4.851087264065245264e-01 1.309256848051676136e-01 0.000000000000000000e+00
-4.851087264065245264e-01 1.309256848051676136e-01 0.000000000000000000e+00
-4.851087264065245264e-01 1.309256848051676136e-01 0.000000000000000000e+00
-9.977289796967100388e-01 -3.282790289907712822e+00 0.000000000000000000e+00
-4.851087264065245264e-01 1.309256848051676136e-01 0.000000000000000000e+00
-4.851087264065245264e-01 1.309256848051676136e-01 0.000000000000000000e+00
-4.851087264065245264e-01 1.309256848051676136e-01 0.000000000000000000e+00
-4.453112057945158853e-01 1.039102786035446674e-01 0.000000000000000000e+00
-4.851087264065245264e-01 1.309256848051676136e-01 0.000000000000000000e+00
3.636291841857015039e-01 -1.938006211103025400e+00 0.000000000000000000e+00
-6.559821441699196232e-01 -1.006979640099125994e+00 0.000000000000000000e+00
-8.268555619333148865e-01 -2.144884965003419186e+00 0.000000000000000000e+00
4.555054028963149704e-01 -2.128032856767942960e+00 0.000000000000000000e+00
7.183663401696668283e-01 -5.143604666723112784e-01 0.000000000000000000e+00
-8.268555619333148865e-01 -2.144884965003419186e+00 0.000000000000000000e+00
-6.559821441699196232e-01 -1.006979640099125994e+00 0.000000000000000000e+00
-4.851087264065245264e-01 1.309256848051676136e-01 0.000000000000000000e+00
-4.851087264065245264e-01 1.309256848051676136e-01 0.000000000000000000e+00
-6.559821441699196232e-01 -1.006979640099125994e+00 0.000000000000000000e+00
-4.851087264065245264e-01 1.309256848051676136e-01 0.000000000000000000e+00
-4.851087264065245264e-01 1.309256848051676136e-01 0.000000000000000000e+00
-4.851087264065245264e-01 1.309256848051676136e-01 0.000000000000000000e+00
-3.827017780010198433e-01 4.118368139438571274e-01 0.000000000000000000e+00
-4.851087264065245264e-01 1.309256848051676136e-01 0.000000000000000000e+00
5.345026019490967117e-01 -8.001008861987318754e-01 0.000000000000000000e+00
-4.851087264065245264e-01 1.309256848051676136e-01 0.000000000000000000e+00
-3.827017780010198433e-01 4.118368139438571274e-01 0.000000000000000000e+00
-4.851087264065245264e-01 1.309256848051676136e-01 0.000000000000000000e+00
5.345026019490967117e-01 -8.001008861987318754e-01 0.000000000000000000e+00
-4.851087264065245264e-01 1.309256848051676136e-01 0.000000000000000000e+00
-4.851087264065245264e-01 1.309256848051676136e-01 0.000000000000000000e+00
-1.803767042300788104e+00 -1.453417148457954111e+00 0.000000000000000000e+00
5.345026019490967117e-01 -8.001008861987318754e-01 0.000000000000000000e+00
-9.977289796967100388e-01 -3.282790289907712822e+00 0.000000000000000000e+00
-3.012449881859545209e-01 4.166661043315880719e-01 0.000000000000000000e+00
-4.851087264065245264e-01 1.309256848051676136e-01 0.000000000000000000e+00
-6.559821441699196232e-01 -1.006979640099125994e+00 0.000000000000000000e+00
-6.559821441699196232e-01 -1.006979640099125994e+00 0.000000000000000000e+00
-4.851087264065245264e-01 1.309256848051676136e-01 0.000000000000000000e+00
5.345026019490967117e-01 -8.001008861987318754e-01 0.000000000000000000e+00
-4.851087264065245264e-01 1.309256848051676136e-01 0.000000000000000000e+00
-6.559821441699196232e-01 -1.006979640099125994e+00 0.000000000000000000e+00
-6.559821441699196232e-01 -1.006979640099125994e+00 0.000000000000000000e+00
-1.173812499653844460e-01 7.024065238580082804e-01 0.000000000000000000e+00
-3.012449881859545209e-01 4.166661043315880719e-01 0.000000000000000000e+00
-4.721184059493497287e-01 -7.212392205727055083e-01 0.000000000000000000e+00
-4.851087264065245264e-01 1.309256848051676136e-01 0.000000000000000000e+00
-4.453112057945158853e-01 1.039102786035446674e-01 0.000000000000000000e+00
-4.851087264065245264e-01 1.309256848051676136e-01 0.000000000000000000e+00
-4.851087264065245264e-01 1.309256848051676136e-01 0.000000000000000000e+00
-4.851087264065245264e-01 1.309256848051676136e-01 0.000000000000000000e+00
-4.851087264065245264e-01 1.309256848051676136e-01 0.000000000000000000e+00
-4.851087264065245264e-01 1.309256848051676136e-01 0.000000000000000000e+00
-4.721184059493497287e-01 -7.212392205727055083e-01 0.000000000000000000e+00
-3.012449881859545209e-01 4.166661043315880719e-01 0.000000000000000000e+00
-4.851087264065245264e-01 1.309256848051676136e-01 0.000000000000000000e+00
-4.851087264065245264e-01 1.309256848051676136e-01 0.000000000000000000e+00
-5.763871029459022299e-01 -1.061010452502372026e+00 0.000000000000000000e+00
-1.173812499653844460e-01 7.024065238580082804e-01 0.000000000000000000e+00
-6.559821441699196232e-01 -1.006979640099125994e+00 0.000000000000000000e+00
3.636291841857015039e-01 -1.938006211103025400e+00 0.000000000000000000e+00
5.345026019490967117e-01 -8.001008861987318754e-01 0.000000000000000000e+00
-4.851087264065245264e-01 1.309256848051676136e-01 0.000000000000000000e+00
-6.559821441699196232e-01 -1.006979640099125994e+00 0.000000000000000000e+00
-4.851087264065245264e-01 1.309256848051676136e-01 0.000000000000000000e+00
-6.559821441699196232e-01 -1.006979640099125994e+00 0.000000000000000000e+00
-4.851087264065245264e-01 1.309256848051676136e-01 0.000000000000000000e+00
-6.559821441699196232e-01 -1.006979640099125994e+00 0.000000000000000000e+00
-4.339052522037721293e-01 2.713812493745124121e-01 0.000000000000000000e+00
3.499779397844534068e-01 -3.920922700612857748e-01 0.000000000000000000e+00
-6.559821441699196232e-01 -1.006979640099125994e+00 0.000000000000000000e+00
-4.851087264065245264e-01 1.309256848051676136e-01 0.000000000000000000e+00
-6.407721174369345185e-01 7.033687438492209898e-01 0.000000000000000000e+00
-4.161642553516822218e-01 2.885108293409561320e+00 0.000000000000000000e+00
-4.851087264065245264e-01 1.309256848051676136e-01 0.000000000000000000e+00
-6.559821441699196232e-01 -1.006979640099125994e+00 0.000000000000000000e+00
-8.268555619333148865e-01 -2.144884965003419186e+00 0.000000000000000000e+00
5.681950403053291909e-01 -3.731883208393079743e-01 0.000000000000000000e+00
1.082657657569926268e+00 -1.196021354066429287e+00 0.000000000000000000e+00
-4.851087264065245264e-01 1.309256848051676136e-01 0.000000000000000000e+00
-6.559821441699196232e-01 -1.006979640099125994e+00 0.000000000000000000e+00
-4.851087264065245264e-01 1.309256848051676136e-01 0.000000000000000000e+00
2.754337798248001068e-01 3.349518665837741604e+00 0.000000000000000000e+00
-4.851087264065245264e-01 1.309256848051676136e-01 0.000000000000000000e+00
-4.851087264065245264e-01 1.309256848051676136e-01 0.000000000000000000e+00
-4.851087264065245264e-01 1.309256848051676136e-01 0.000000000000000000e+00
2.987744655817010653e-01 -5.325478346306304900e-01 0.000000000000000000e+00
3.385719861937097064e-01 -5.595632408322536167e-01 0.000000000000000000e+00
-6.559821441699196232e-01 -1.006979640099125994e+00 0.000000000000000000e+00
-6.559821441699196232e-01 -1.006979640099125994e+00 0.000000000000000000e+00
1.279010478183059962e-01 -1.670453159534924126e+00 0.000000000000000000e+00
2.987744655817010653e-01 -5.325478346306304900e-01 0.000000000000000000e+00
-4.851087264065245264e-01 1.309256848051676136e-01 0.000000000000000000e+00
-6.559821441699196232e-01 -1.006979640099125994e+00 0.000000000000000000e+00
1.791045220210583933e-01 -1.529997594965579522e+00 0.000000000000000000e+00
1.133861131772678776e+00 -1.055565789497084683e+00 0.000000000000000000e+00
-4.851087264065245264e-01 1.309256848051676136e-01 0.000000000000000000e+00
3.143894889928582792e+00 -1.247024613961818851e+00 0.000000000000000000e+00
1.064024092575863945e+00 -4.373316955670147332e-01 0.000000000000000000e+00
2.987744655817010653e-01 -5.325478346306304900e-01 0.000000000000000000e+00
1.847907284564090924e+00 -1.100805215002813364e+00 0.000000000000000000e+00
1.744012308457297822e+00 -1.925294533474206204e+00 0.000000000000000000e+00
2.071616663535308600e+00 -2.382874230707225038e+00 0.000000000000000000e+00
9.601291164690722857e-01 -1.261821014038407851e+00 0.000000000000000000e+00
3.415673668540541552e+00 -2.427752253874408961e+00 0.000000000000000000e+00
1.744012308457297822e+00 -1.925294533474206204e+00 0.000000000000000000e+00
-3.541649509012623209e-02 -8.477075401192858406e-01 0.000000000000000000e+00
1.683709207065979374e+00 1.426626208287656850e-01 0.000000000000000000e+00
2.631790476552315905e+00 -1.764278734438611718e+00 0.000000000000000000e+00
1.521315687810427253e+00 -2.230244481126880896e+00 0.000000000000000000e+00
3.683458281017648162e+00 -4.599880705839154871e+00 0.000000000000000000e+00
1.299752228943259480e+00 -7.048847471351161742e-01 0.000000000000000000e+00
2.801409005876387415e-01 2.261418238687833981e-01 0.000000000000000000e+00
2.987744655817010653e-01 -5.325478346306304900e-01 0.000000000000000000e+00
3.450943611038506553e+00 -5.112078899076957228e+00 0.000000000000000000e+00
2.264482047785388863e-01 -2.648998970647894691e+00 0.000000000000000000e+00
-3.012449881859545209e-01 4.166661043315880719e-01 0.000000000000000000e+00
2.405366959344670708e+00 -2.654567712881982899e+00 0.000000000000000000e+00
2.801409005876387415e-01 2.261418238687833981e-01 0.000000000000000000e+00
1.095689173290451235e+00 -1.768524353287204809e+00 0.000000000000000000e+00
2.801409005876387415e-01 2.261418238687833981e-01 0.000000000000000000e+00
2.258238716859904738e+00 1.691171455997474427e+00 0.000000000000000000e+00
-4.851087264065245264e-01 1.309256848051676136e-01 0.000000000000000000e+00
1.643911686453970677e+00 1.696780270303885896e-01 0.000000000000000000e+00
-4.851087264065245264e-01 1.309256848051676136e-01 0.000000000000000000e+00
2.650558956631757113e+00 2.145277303432556071e+00 0.000000000000000000e+00
-4.851087264065245264e-01 1.309256848051676136e-01 0.000000000000000000e+00
1.692311351076369208e+00 1.805760692226530795e+00 0.000000000000000000e+00
2.690356477243765809e+00 2.118261897230933055e+00 0.000000000000000000e+00
-4.851087264065245264e-01 1.309256848051676136e-01 0.000000000000000000e+00
-3.012449881859545209e-01 4.166661043315880719e-01 0.000000000000000000e+00
5.786226639670037919e+00 4.159628922059944500e+00 0.000000000000000000e+00
4.218392798150897072e+00 3.152453112746250508e+00 0.000000000000000000e+00
1.082725115112615821e+00 1.138101494118861634e+00 0.000000000000000000e+00
1.082725115112615821e+00 1.138101494118861634e+00 0.000000000000000000e+00
2.874220215464335926e+00 2.404002316757353430e+00 0.000000000000000000e+00
1.082725115112615821e+00 1.138101494118861634e+00 0.000000000000000000e+00
2.246812102673815481e+00 -2.501983829859403818e-01 0.000000000000000000e+00
-4.851087264065245264e-01 1.309256848051676136e-01 0.000000000000000000e+00
-4.851087264065245264e-01 1.309256848051676136e-01 0.000000000000000000e+00
1.866608307100841468e+00 4.746279746830636137e-01 0.000000000000000000e+00
7.302491929001159177e-01 1.217204220455000208e+00 0.000000000000000000e+00
-4.851087264065245264e-01 1.309256848051676136e-01 0.000000000000000000e+00
1.082725115112615821e+00 1.138101494118861634e+00 0.000000000000000000e+00
1.082725115112615821e+00 1.138101494118861634e+00 0.000000000000000000e+00
2.987744655817010653e-01 -5.325478346306304900e-01 0.000000000000000000e+00
2.801409005876387415e-01 2.261418238687833981e-01 0.000000000000000000e+00
-4.851087264065245264e-01 1.309256848051676136e-01 0.000000000000000000e+00
1.847974742106779145e+00 1.233317633182477335e+00 0.000000000000000000e+00
-4.851087264065245264e-01 1.309256848051676136e-01 0.000000000000000000e+00
-1.048374732908621404e-01 1.740222175321453735e+00 0.000000000000000000e+00
9.147738550647587230e-01 8.091956043175545510e-01 0.000000000000000000e+00
-4.851087264065245264e-01 1.309256848051676136e-01 0.000000000000000000e+00
3.499779397844534068e-01 -3.920922700612857748e-01 0.000000000000000000e+00
-1.014760598720770401e+00 4.152244445621888214e-01 0.000000000000000000e+00
-7.964355084673443441e-01 1.275811802893274116e+00 0.000000000000000000e+00
-6.407721174369345185e-01 7.033687438492209898e-01 0.000000000000000000e+00
-4.851087264065245264e-01 1.309256848051676136e-01 0.000000000000000000e+00
-1.048374732908621404e-01 1.740222175321453735e+00 0.000000000000000000e+00
-4.851087264065245264e-01 1.309256848051676136e-01 0.000000000000000000e+00
-1.048374732908621404e-01 1.740222175321453735e+00 0.000000000000000000e+00
2.801409005876387415e-01 2.261418238687833981e-01 0.000000000000000000e+00
-1.048374732908621404e-01 1.740222175321453735e+00 0.000000000000000000e+00
-4.851087264065245264e-01 1.309256848051676136e-01 0.000000000000000000e+00
-4.851087264065245264e-01 1.309256848051676136e-01 0.000000000000000000e+00
2.801409005876387415e-01 2.261418238687833981e-01 0.000000000000000000e+00
2.754337798248001068e-01 3.349518665837741604e+00 0.000000000000000000e+00
-4.851087264065245264e-01 1.309256848051676136e-01 0.000000000000000000e+00
-6.407721174369345185e-01 7.033687438492209898e-01 0.000000000000000000e+00
-6.559821441699196232e-01 -1.006979640099125994e+00 0.000000000000000000e+00
-1.048374732908621404e-01 1.740222175321453735e+00 0.000000000000000000e+00
-4.851087264065245264e-01 1.309256848051676136e-01 0.000000000000000000e+00
-4.851087264065245264e-01 1.309256848051676136e-01 0.000000000000000000e+00
-4.851087264065245264e-01 1.309256848051676136e-01 0.000000000000000000e+00
-4.851087264065245264e-01 1.309256848051676136e-01 0.000000000000000000e+00
-2.430524885357608286e-03 2.021133304460143165e+00 0.000000000000000000e+00
-4.339052522037721293e-01 2.713812493745124121e-01 0.000000000000000000e+00
-4.851087264065245264e-01 1.309256848051676136e-01 0.000000000000000000e+00
-4.339052522037721293e-01 2.713812493745124121e-01 0.000000000000000000e+00
-4.851087264065245264e-01 1.309256848051676136e-01 0.000000000000000000e+00
4.875631385168999188e-03 -3.520915968339446978e-01 0.000000000000000000e+00
6.263788206597101782e-01 -9.901275318636494349e-01 0.000000000000000000e+00
-4.851087264065245264e-01 1.309256848051676136e-01 0.000000000000000000e+00
-4.851087264065245264e-01 1.309256848051676136e-01 0.000000000000000000e+00
-4.851087264065245264e-01 1.309256848051676136e-01 0.000000000000000000e+00
-8.268555619333148865e-01 -2.144884965003419186e+00 0.000000000000000000e+00
-6.559821441699196232e-01 -1.006979640099125994e+00 0.000000000000000000e+00
-4.851087264065245264e-01 1.309256848051676136e-01 0.000000000000000000e+00
-4.851087264065245264e-01 1.309256848051676136e-01 0.000000000000000000e+00
-6.559821441699196232e-01 -1.006979640099125994e+00 0.000000000000000000e+00
-4.851087264065245264e-01 1.309256848051676136e-01 0.000000000000000000e+00
-4.851087264065245264e-01 1.309256848051676136e-01 0.000000000000000000e+00
-4.851087264065245264e-01 1.309256848051676136e-01 0.000000000000000000e+00
-4.851087264065245264e-01 1.309256848051676136e-01 0.000000000000000000e+00
-4.851087264065245264e-01 1.309256848051676136e-01 0.000000000000000000e+00
-4.851087264065245264e-01 1.309256848051676136e-01 0.000000000000000000e+00
-4.851087264065245264e-01 1.309256848051676136e-01 0.000000000000000000e+00
-4.851087264065245264e-01 1.309256848051676136e-01 0.000000000000000000e+00
-4.851087264065245264e-01 1.309256848051676136e-01 0.000000000000000000e+00
-4.851087264065245264e-01 1.309256848051676136e-01 0.000000000000000000e+00
-9.304664456418086926e-01 -2.683682878963468688e-01 0.000000000000000000e+00
-4.851087264065245264e-01 1.309256848051676136e-01 0.000000000000000000e+00
-4.851087264065245264e-01 1.309256848051676136e-01 0.000000000000000000e+00
-4.851087264065245264e-01 1.309256848051676136e-01 0.000000000000000000e+00
-4.851087264065245264e-01 1.309256848051676136e-01 0.000000000000000000e+00
-6.559821441699196232e-01 -1.006979640099125994e+00 0.000000000000000000e+00
-4.851087264065245264e-01 1.309256848051676136e-01 0.000000000000000000e+00
-4.851087264065245264e-01 1.309256848051676136e-01 0.000000000000000000e+00
-4.851087264065245264e-01 1.309256848051676136e-01 0.000000000000000000e+00
-6.559821441699196232e-01 -1.006979640099125994e+00 0.000000000000000000e+00
-6.559821441699196232e-01 -1.006979640099125994e+00 0.000000000000000000e+00
-4.851087264065245264e-01 1.309256848051676136e-01 0.000000000000000000e+00
-4.851087264065245264e-01 1.309256848051676136e-01 0.000000000000000000e+00
-6.559821441699196232e-01 -1.006979640099125994e+00 0.000000000000000000e+00
-3.314983037982674463e-01 5.522923785132015650e-01 0.000000000000000000e+00
1.236278748040079201e+00 -5.651370463392492161e-01 0.000000000000000000e+00
-6.559821441699196232e-01 -1.006979640099125994e+00 0.000000000000000000e+00
-4.851087264065245264e-01 1.309256848051676136e-01 0.000000000000000000e+00
-4.851087264065245264e-01 1.309256848051676136e-01 0.000000000000000000e+00
-6.559821441699196232e-01 -1.006979640099125994e+00 0.000000000000000000e+00
-4.851087264065245264e-01 1.309256848051676136e-01 0.000000000000000000e+00
-6.559821441699196232e-01 -1.006979640099125994e+00 0.000000000000000000e+00
-4.851087264065245264e-01 1.309256848051676136e-01 0.000000000000000000e+00
-4.851087264065245264e-01 1.309256848051676136e-01 0.000000000000000000e+00
-4.851087264065245264e-01 1.309256848051676136e-01 0.000000000000000000e+00
-6.559821441699196232e-01 -1.006979640099125994e+00 0.000000000000000000e+00
-4.851087264065245264e-01 1.309256848051676136e-01 0.000000000000000000e+00
-6.559821441699196232e-01 -1.006979640099125994e+00 0.000000000000000000e+00
-4.851087264065245264e-01 1.309256848051676136e-01 0.000000000000000000e+00
-4.851087264065245264e-01 1.309256848051676136e-01 0.000000000000000000e+00
-6.161846235579109266e-01 -1.033995046300749010e+00 0.000000000000000000e+00
-6.161846235579109266e-01 -1.033995046300749010e+00 0.000000000000000000e+00
-6.277817969797595543e-01 -1.487961615286518824e-01 0.000000000000000000e+00
-4.339052522037721293e-01 2.713812493745124121e-01 0.000000000000000000e+00
-4.851087264065245264e-01 1.309256848051676136e-01 0.000000000000000000e+00
-7.756520877305624895e-01 -2.004429400434074360e+00 0.000000000000000000e+00
-4.339052522037721293e-01 2.713812493745124121e-01 0.000000000000000000e+00
2.070550274369300503e+00 -2.511240120598729142e+00 0.000000000000000000e+00
-6.559821441699196232e-01 -1.006979640099125994e+00 0.000000000000000000e+00
-6.161846235579109266e-01 -1.033995046300749010e+00 0.000000000000000000e+00
-4.851087264065245264e-01 1.309256848051676136e-01 0.000000000000000000e+00
-4.339052522037721293e-01 2.713812493745124121e-01 0.000000000000000000e+00
-4.851087264065245264e-01 1.309256848051676136e-01 0.000000000000000000e+00
-6.559821441699196232e-01 -1.006979640099125994e+00 0.000000000000000000e+00
-1.487348826627659992e+00 1.325909939304555474e+00 0.000000000000000000e+00
-1.227432234088807750e+00 1.423248160646432892e+00 0.000000000000000000e+00
-4.851087264065245264e-01 1.309256848051676136e-01 0.000000000000000000e+00
-9.579314590847013422e-01 -3.309805696109335837e+00 0.000000000000000000e+00
-4.851087264065245264e-01 1.309256848051676136e-01 0.000000000000000000e+00
-6.559821441699196232e-01 -1.006979640099125994e+00 0.000000000000000000e+00
6.790457186973631876e-01 1.076748655885655825e+00 0.000000000000000000e+00
1.064024092575863945e+00 -4.373316955670147332e-01 0.000000000000000000e+00
-4.339052522037721293e-01 2.713812493745124121e-01 0.000000000000000000e+00
-4.851087264065245264e-01 1.309256848051676136e-01 0.000000000000000000e+00
9.781977407422689508e-01 -4.831227304530306688e-01 0.000000000000000000e+00
-6.407721174369345185e-01 7.033687438492209898e-01 0.000000000000000000e+00
-8.268555619333148865e-01 -2.144884965003419186e+00 0.000000000000000000e+00
-5.535751957644148291e-01 -7.260685109604364529e-01 0.000000000000000000e+00
2.631790476552315905e+00 -1.764278734438611718e+00 0.000000000000000000e+00
1.744012308457297822e+00 -1.925294533474206204e+00 0.000000000000000000e+00
2.801409005876387415e-01 2.261418238687833981e-01 0.000000000000000000e+00
1.299752228943259480e+00 -7.048847471351161742e-01 0.000000000000000000e+00
-4.453112057945158853e-01 1.039102786035446674e-01 0.000000000000000000e+00
2.987744655817010653e-01 -5.325478346306304900e-01 0.000000000000000000e+00
1.744012308457297822e+00 -1.925294533474206204e+00 0.000000000000000000e+00
2.987744655817010653e-01 -5.325478346306304900e-01 0.000000000000000000e+00
-8.078937334876079568e-01 -1.676304991251973894e-02 0.000000000000000000e+00
2.987744655817010653e-01 -5.325478346306304900e-01 0.000000000000000000e+00
4.300737698399129449e+00 -4.439094448986597108e+00 0.000000000000000000e+00
9.601291164690722857e-01 -1.261821014038407851e+00 0.000000000000000000e+00
-4.851087264065245264e-01 1.309256848051676136e-01 0.000000000000000000e+00
3.850604802220266798e+00 -4.047314411725557726e+00 0.000000000000000000e+00
-4.851087264065245264e-01 1.309256848051676136e-01 0.000000000000000000e+00
-4.851087264065245264e-01 1.309256848051676136e-01 0.000000000000000000e+00
-4.851087264065245264e-01 1.309256848051676136e-01 0.000000000000000000e+00
2.801409005876387415e-01 2.261418238687833981e-01 0.000000000000000000e+00
6.263788206597101782e-01 -9.901275318636494349e-01 0.000000000000000000e+00
-4.851087264065245264e-01 1.309256848051676136e-01 0.000000000000000000e+00
5.861406351852368468e-01 -1.549965313325439853e+00 0.000000000000000000e+00
1.979740444824694467e+00 -2.192847585042307479e+00 0.000000000000000000e+00
1.645990149015331028e+00 -1.921154102867548952e+00 0.000000000000000000e+00
9.601291164690722857e-01 -1.261821014038407851e+00 0.000000000000000000e+00
3.954499778327058124e+00 -3.222825093254165552e+00 0.000000000000000000e+00
1.128878811179864439e+00 -1.842790072039409477e+00 0.000000000000000000e+00
1.643911686453970677e+00 1.696780270303885896e-01 0.000000000000000000e+00
-4.851087264065245264e-01 1.309256848051676136e-01 0.000000000000000000e+00
-8.268555619333148865e-01 -2.144884965003419186e+00 0.000000000000000000e+00
1.220755029890477905e+00 -2.032816717704327036e+00 0.000000000000000000e+00
-4.851087264065245264e-01 1.309256848051676136e-01 0.000000000000000000e+00
-4.851087264065245264e-01 1.309256848051676136e-01 0.000000000000000000e+00
2.987744655817010653e-01 -5.325478346306304900e-01 0.000000000000000000e+00
-4.851087264065245264e-01 1.309256848051676136e-01 0.000000000000000000e+00
2.650558956631757113e+00 2.145277303432556071e+00 0.000000000000000000e+00
3.216152697929762549e+00 4.347437367245638562e+00 0.000000000000000000e+00
2.650558956631757113e+00 2.145277303432556071e+00 0.000000000000000000e+00
-4.851087264065245264e-01 1.309256848051676136e-01 0.000000000000000000e+00
2.650558956631757113e+00 2.145277303432556071e+00 0.000000000000000000e+00
7.607784493483035759e-02 -8.374977822833055141e-01 0.000000000000000000e+00
1.917811781303593754e+00 6.150835392524083289e-01 0.000000000000000000e+00
3.143894889928582792e+00 -1.247024613961818851e+00 0.000000000000000000e+00
1.082725115112615821e+00 1.138101494118861634e+00 0.000000000000000000e+00
1.082725115112615821e+00 1.138101494118861634e+00 0.000000000000000000e+00
1.082725115112615821e+00 1.138101494118861634e+00 0.000000000000000000e+00
-1.048374732908621404e-01 1.740222175321453735e+00 0.000000000000000000e+00
4.983642425145060173e+00 3.247669251809865987e+00 0.000000000000000000e+00
1.082725115112615821e+00 1.138101494118861634e+00 0.000000000000000000e+00
-5.895686432341821215e-01 8.438243084185655940e-01 0.000000000000000000e+00
2.987744655817010653e-01 -5.325478346306304900e-01 0.000000000000000000e+00
1.082725115112615821e+00 1.138101494118861634e+00 0.000000000000000000e+00
-4.851087264065245264e-01 1.309256848051676136e-01 0.000000000000000000e+00
6.714020462979660708e-01 3.321366364536705584e-02 0.000000000000000000e+00
2.801409005876387415e-01 2.261418238687833981e-01 0.000000000000000000e+00
-4.851087264065245264e-01 1.309256848051676136e-01 0.000000000000000000e+00
-4.851087264065245264e-01 1.309256848051676136e-01 0.000000000000000000e+00
-4.851087264065245264e-01 1.309256848051676136e-01 0.000000000000000000e+00
-4.851087264065245264e-01 1.309256848051676136e-01 0.000000000000000000e+00
-4.851087264065245264e-01 1.309256848051676136e-01 0.000000000000000000e+00
-4.851087264065245264e-01 1.309256848051676136e-01 0.000000000000000000e+00
-4.851087264065245264e-01 1.309256848051676136e-01 0.000000000000000000e+00
2.801409005876387415e-01 2.261418238687833981e-01 0.000000000000000000e+00
1.824566598807189743e+00 2.781261285465558952e+00 0.000000000000000000e+00
-4.851087264065245264e-01 1.309256848051676136e-01 0.000000000000000000e+00
-6.407721174369345185e-01 7.033687438492209898e-01 0.000000000000000000e+00
-9.384758069619707210e-02 -6.200247541824872172e-02 0.000000000000000000e+00
-4.851087264065245264e-01 1.309256848051676136e-01 0.000000000000000000e+00
-7.964355084673443441e-01 1.275811802893274116e+00 0.000000000000000000e+00
2.801409005876387415e-01 2.261418238687833981e-01 0.000000000000000000e+00
2.754337798248001068e-01 3.349518665837741604e+00 0.000000000000000000e+00
-8.590972076903602428e-01 -1.572186144818645548e-01 0.000000000000000000e+00
-4.851087264065245264e-01 1.309256848051676136e-01 0.000000000000000000e+00
-6.407721174369345185e-01 7.033687438492209898e-01 0.000000000000000000e+00
7.087366338287801604e-01 8.499571948318296322e-01 0.000000000000000000e+00
-2.605008643212721187e-01 2.312665234365507860e+00 0.000000000000000000e+00
-6.009745968249258219e-01 6.763533376475979741e-01 0.000000000000000000e+00
-4.851087264065245264e-01 1.309256848051676136e-01 0.000000000000000000e+00
-4.851087264065245264e-01 1.309256848051676136e-01 0.000000000000000000e+00
-1.048374732908621404e-01 1.740222175321453735e+00 0.000000000000000000e+00
-4.851087264065245264e-01 1.309256848051676136e-01 0.000000000000000000e+00
-4.851087264065245264e-01 1.309256848051676136e-01 0.000000000000000000e+00
-4.453112057945158853e-01 1.039102786035446674e-01 0.000000000000000000e+00
-4.851087264065245264e-01 1.309256848051676136e-01 0.000000000000000000e+00
-6.407721174369345185e-01 7.033687438492209898e-01 0.000000000000000000e+00
-4.851087264065245264e-01 1.309256848051676136e-01 0.000000000000000000e+00
-4.851087264065245264e-01 1.309256848051676136e-01 0.000000000000000000e+00
-4.851087264065245264e-01 1.309256848051676136e-01 0.000000000000000000e+00
-4.453112057945158853e-01 1.039102786035446674e-01 0.000000000000000000e+00
-4.851087264065245264e-01 1.309256848051676136e-01 0.000000000000000000e+00
-4.851087264065245264e-01 1.309256848051676136e-01 0.000000000000000000e+00
2.801409005876387415e-01 2.261418238687833981e-01 0.000000000000000000e+00
-4.851087264065245264e-01 1.309256848051676136e-01 0.000000000000000000e+00
-4.851087264065245264e-01 1.309256848051676136e-01 0.000000000000000000e+00
-4.851087264065245264e-01 1.309256848051676136e-01 0.000000000000000000e+00
-4.851087264065245264e-01 1.309256848051676136e-01 0.000000000000000000e+00
2.801409005876387415e-01 2.261418238687833981e-01 0.000000000000000000e+00
-4.851087264065245264e-01 1.309256848051676136e-01 0.000000000000000000e+00
-4.851087264065245264e-01 1.309256848051676136e-01 0.000000000000000000e+00
-4.851087264065245264e-01 1.309256848051676136e-01 0.000000000000000000e+00
-4.851087264065245264e-01 1.309256848051676136e-01 0.000000000000000000e+00
5.345026019490967117e-01 -8.001008861987318754e-01 0.000000000000000000e+00
-4.851087264065245264e-01 1.309256848051676136e-01 0.000000000000000000e+00
-4.851087264065245264e-01 1.309256848051676136e-01 0.000000000000000000e+00
-4.453112057945158853e-01 1.039102786035446674e-01 0.000000000000000000e+00
-4.851087264065245264e-01 1.309256848051676136e-01 0.000000000000000000e+00
-4.851087264065245264e-01 1.309256848051676136e-01 0.000000000000000000e+00
-4.851087264065245264e-01 1.309256848051676136e-01 0.000000000000000000e+00
-4.851087264065245264e-01 1.309256848051676136e-01 0.000000000000000000e+00
-4.851087264065245264e-01 1.309256848051676136e-01 0.000000000000000000e+00
-4.851087264065245264e-01 1.309256848051676136e-01 0.000000000000000000e+00
-8.590972076903602428e-01 -1.572186144818645548e-01 0.000000000000000000e+00
-4.851087264065245264e-01 1.309256848051676136e-01 0.000000000000000000e+00
-4.851087264065245264e-01 1.309256848051676136e-01 0.000000000000000000e+00
5.345026019490967117e-01 -8.001008861987318754e-01 0.000000000000000000e+00
-4.851087264065245264e-01 1.309256848051676136e-01 0.000000000000000000e+00
-4.851087264065245264e-01 1.309256848051676136e-01 0.000000000000000000e+00
-3.122425358195051626e+00 -3.037759981721075420e+00 0.000000000000000000e+00
-4.851087264065245264e-01 1.309256848051676136e-01 0.000000000000000000e+00
-6.559821441699196232e-01 -1.006979640099125994e+00 0.000000000000000000e+00
-4.851087264065245264e-01 1.309256848051676136e-01 0.000000000000000000e+00
-8.590972076903602428e-01 -1.572186144818645548e-01 0.000000000000000000e+00
-2.299816015427867733e+00 -6.989728264962620230e-01 0.000000000000000000e+00
2.801409005876387415e-01 2.261418238687833981e-01 0.000000000000000000e+00
-4.685204657775805082e+00 -2.536925572486748326e+00 0.000000000000000000e+00
-3.919955030781639760e+00 -2.441709433423132403e+00 0.000000000000000000e+00
-4.851087264065245264e-01 1.309256848051676136e-01 0.000000000000000000e+00
-6.559821441699196232e-01 -1.006979640099125994e+00 0.000000000000000000e+00
