3.158161024812239592e+00
3.408597295960602569e+00
3.648879204394190889e+00
3.876532388136781471e+00
4.089339498441851184e+00
4.285380699357679291e+00
4.463062806899066537e+00
4.621136964444837680e+00
4.758705304149237314e+00
4.875217481733256975e+00
4.970458300447438305e+00
5.044527863178608129e+00
5.097815809458134950e+00
5.130971210489548184e+00
5.144869623947517567e+00
5.140578673528305664e+00
5.119323344582431545e+00
5.082452003649696515e+00
5.031403970209148646e+00
4.967679293255200967e+00
4.892811210804583588e+00
4.808341599872121286e+00
4.715799563302828012e+00
4.616683153610303236e+00
4.512444109691164051e+00
4.404475387614435355e+00
4.294101204936499272e+00
4.182569285352180088e+00
4.071044978374037449e+00
3.960606928872632437e+00
3.852243980743085938e+00
3.746853021490362590e+00
3.645237516584538540e+00
3.548106547387145149e+00
3.456074252210222575e+00
3.369659667997451091e+00
3.289287062983696774e+00
3.215286916270373663e+00
3.147897724145594989e+00
3.087268798381320511e+00
3.033464183245283330e+00
2.986467767264143092e+00
2.946189607030507140e+00
2.912473415797312448e+00
2.885105102242446762e+00
2.863822176647876638e+00
2.848323776368821836e+00
2.838281009134292709e+00
2.833347283142454653e+00
2.833168292388683174e+00
2.837391348281178338e+00
2.845673781431991678e+00
2.857690170584554767e+00
2.873138189337800519e+00
2.891742903426669731e+00
2.913259406565406717e+00
2.937473748980907740e+00
2.964202185637030418e+00
2.993288846583609164e+00
3.024602003909732773e+00
3.058029174398480432e+00
3.093471353681731095e+00
3.130836723268844768e+00
3.170034197844627588e+00
3.210967179422534734e+00
3.253527856487870018e+00
3.297592334598313357e+00
3.343016816809717628e+00
3.389634976645496067e+00
3.437256593906766522e+00
3.485667463582029502e+00
3.534630542723782298e+00
3.583888263136042696e+00
3.633165899822066613e+00
3.682175842358720086e+00
3.730622572562661166e+00
3.778208115833586067e+00
3.824637714657277421e+00
3.869625474495642869e+00
3.912899749567444019e+00
3.954208062594096074e+00
3.993321389127025611e+00
4.030037684261058573e+00
4.064184578416545790e+00
4.095621208446255324e+00
4.124239180619626133e+00
4.149962690818221667e+00
4.172747857467598465e+00
4.192581350729406076e+00
4.209478425041840666e+00
4.223480482608660935e+00
4.234652313112812649e+00
4.243079166106886291e+00
4.248863811090371811e+00
4.252123721502566234e+00
4.252988484296740701e+00
4.251597493807635075e+00
4.248097944039763263e+00
4.242643091831106439e+00
4.235390732121839363e+00
4.226501816530346289e+00
4.216139163229494891e+00
4.204466242633253970e+00
4.191646061875952789e+00
4.177840194276973840e+00
4.163208001323094543e+00
4.147906078114275807e+00
4.132087925926009930e+00
4.115903822710216708e+00
4.099500828768085192e+00
4.083022838688055600e+00
4.066610580947134679e+00
4.050401475665289297e+00
4.034529282325263644e+00
4.019123493475963649e+00
4.004308452483004821e+00
3.990202193456399371e+00
3.976915020837460624e+00
3.964547864043947545e+00
3.953190458228213799e+00
3.942919418154045452e+00
3.933796291625983876e+00
3.925865698391298064e+00
3.919153671088834390e+00
3.913666312694743077e+00
3.909388874801126068e+00
3.906285348356289155e+00
3.904298642645045447e+00
3.903351405611480196e+00
3.903347507906926861e+00
3.904174177631546616e+00
3.905704737740184562e+00
3.907801865338725644e+00
3.910321260537939825e+00
3.913115584032590633e+00
3.916038503109691593e+00
3.918948680191895573e+00
3.921713545502191867e+00
3.924212709646035968e+00
3.926340887444062400e+00
3.928010224193854150e+00
3.929151946675256024e+00
3.929717303341661250e+00
3.929677803194338903e+00
3.929024803317545889e+00
3.927768528117575819e+00
3.925936629790724108e+00
3.923572420866858312e+00
3.920732923299641293e+00
3.917486876951421948e+00
3.913912826987476556e+00
3.910097367208897001e+00
3.906133567872260404e+00
3.902119577685339902e+00
3.898157365796224738e+00
3.894351553653062403e+00
3.890808273520552252e+00
3.887633986377635686e+00
3.884934202801371583e+00
3.882812070868322252e+00
3.881366815679777371e+00
3.880692031546825849e+00
3.880873838296049705e+00
3.881988914686244740e+00
3.884102414455015584e+00
3.887265761031388767e+00
3.891514316666834894e+00
3.896864936176156036e+00
3.903313438717986639e+00
3.910832054320325213e+00
3.919366923897999566e+00
3.928835753415830911e+00
3.939125740568474754e+00
3.950091903095500179e+00
3.961555944276847541e+00
3.973305791883319227e+00
3.985095934625514591e+00
3.996648655122353677e+00
4.007656232082930536e+00
4.017784164560753268e+00
4.026675451307900389e+00
4.033955927644460537e+00
4.039240620864244846e+00
4.042141043752325302e+00
4.042273314200521384e+00
4.039266967851521173e+00
4.032774312643915948e+00
4.022480151629141076e+00
4.008111673318806467e+00
3.989448282108387200e+00
3.966331116625662290e+00
3.938671976038752298e+00
3.906461340282294081e+00
3.869775138762462596e+00
3.828779909592058939e+00
3.783736007078918107e+00
3.734998557571509448e+00
3.683015928566473196e+00
3.628325560549936046e+00
3.571547111206652136e+00
3.513372970234878601e+00
3.454556312302481835e+00
3.395896959352500577e+00
3.338225418644349851e+00
3.282385550149168107e+00
3.229216394684665925e+00
3.179533754187385597e+00
3.134112145097642799e+00
3.093667734514106815e+00
3.058842815056028730e+00
3.030192287797607964e+00
3.008172517657702105e+00
2.993132813892989130e+00
2.985309676979884586e+00
2.984823846525596736e+00
2.991680086598574206e+00
3.005769559003696578e+00
3.026874563567044429e+00
3.054675365945009879e+00
3.088758785430161247e+00
3.128628176436193176e+00
3.173714408347760862e+00
3.223387433821133019e+00
3.276968043019555132e+00
3.333739434314284988e+00
3.392958287362712433e+00
3.453865096098899024e+00
3.515693599577321748e+00
3.577679227293703246e+00
3.639066543129835019e+00
3.699115725521360698e+00
3.757108161906084653e+00
3.812351262692104559e+00
3.864182614349136902e+00
3.911973600113101579e+00
3.955132631140537924e+00
3.993108151978537190e+00
4.025391598554927342e+00
4.051520480142067449e+00
4.071081728526115384e+00
4.083715418963627108e+00
4.089118927012054705e+00
4.087051542774077006e+00
4.077339516399749009e+00
4.059881457333891497e+00
4.034653959707697801e+00
4.001717277880453061e+00
3.961220822563240151e+00
3.913408183569311749e+00
3.858621316438683557e+00
3.797303475117617566e+00
3.730000449714331534e+00
3.657359686983081115e+00
3.580126935807613986e+00
3.499140169629952446e+00
3.415320680010430987e+00
3.329661388853652593e+00
3.243212573771849794e+00
3.157065333735704638e+00
3.072333238499020514e+00
2.990132704002298247e+00
2.911562711993419761e+00
2.837684534914981960e+00
2.769502127125567092e+00
2.707943801508955861e+00
2.653845736919732801e+00
2.607937766442178340e+00
2.570831785111440393e+00
2.543012997882214243e+00
2.524834116846760512e+00
2.516512519028229811e+00
2.518130293234526196e+00
2.529637032615108971e+00
2.550855165069189745e+00
2.581487557900562280e+00
2.621127090143357208e+00
2.669267855360786701e+00
2.725317635592164223e+00
2.788611273274626434e+00
2.858424565044183296e+00
2.933988308862928385e+00
3.014502152031965032e+00
3.099147914323866271e+00
3.187102101307359714e+00
3.277547377042138166e+00
3.369682826619198046e+00
3.462732901075277869e+00
3.555954996894655107e+00
3.648645678221773991e+00
3.740145599275133126e+00
3.829843223977793532e+00
3.917177468108022698e+00
4.001639405410568173e+00
4.082773180575403060e+00
4.160176259140531130e+00
4.233499125984822697e+00
4.302444531674012751e+00
4.366766381825749832e+00
4.426268361982361732e+00
4.480802385510250119e+00
4.530266947332624028e+00
4.574605459620831205e+00
4.613804627947084569e+00
4.647892894566640898e+00
4.676938936514311251e+00
4.701050169689226621e+00
4.720371183329156395e+00
4.735082017267911780e+00
4.745396199246417090e+00
4.751558480767117842e+00
4.753842244208402512e+00
4.752546591712061286e+00
4.747993153972722702e+00
4.740522666803967944e+00
4.730491359199397117e+00
4.718267187664744178e+00
4.704225943530361498e+00
4.688747253365740164e+00
4.672210485653637946e+00
4.654990566783221873e+00
4.637453694218250710e+00
4.619952917032548179e+00
4.602823543066650203e+00
4.586378338649769404e+00
4.570902515753418882e+00
4.556648548825443790e+00
4.543830921725011684e+00
4.532620965646449562e+00
4.523142003011301426e+00
4.515465053858654265e+00
4.509605388950075344e+00
4.505520228343949718e+00
4.503107882696671282e+00
4.502208609026967068e+00
4.502607396240749793e+00
4.504038811108320495e+00
4.506193936003112910e+00
4.508729330204385377e+00
4.511277852063006577e+00
4.513461084986576388e+00
4.514903012144645622e+00
4.515244489832046959e+00
4.514157991701691408e+00
4.511362045986727409e+00
4.506634767887435444e+00
4.499825899383524508e+00
4.490866809921164382e+00
4.479777982262806546e+00
4.466673601269381955e+00
4.451762972360435278e+00
4.435348618028088552e+00
4.417821030503777280e+00
4.399650185153491933e+00
4.381374032118791284e+00
4.363584284057761664e+00
4.346909914619992321e+00
4.331998879199054464e+00
4.319498657373159745e+00
4.310036279926095837e+00
4.304198532255873566e+00
4.302513019332256938e+00
4.305430739822069697e+00
4.313310753758434757e+00
4.326407443664430197e+00
4.344860770067793254e+00
4.368689818089619870e+00
4.397789829591706834e+00
4.431932818442937183e+00
4.470771775883448207e+00
4.513848388813340051e+00
4.560604114556841004e+00
4.610394377995932658e+00
4.662505575176311368e+00
4.716174473432562131e+00
4.770609488572319812e+00
4.825013204247723841e+00
4.878605393796608958e+00
4.930645721571091045e+00
4.980455244285711736e+00
5.027435812540755222e+00
5.071086505514237786e+00
5.111016334093731572e+00
5.146952622206464767e+00
5.178744706665839637e+00
5.206362853598922591e+00
5.229892545768813683e+00
5.249524530355159868e+00
5.265541218201791551e+00
5.278300180043203227e+00
5.288215581070646820e+00
5.295738429046001450e+00
5.301336488018319137e+00
5.305474640490679406e+00
5.308596383384221795e+00
5.311107036199544496e+00
5.313359132270325524e+00
5.315640355916271709e+00
5.318164281973637664e+00
5.321064077229064715e+00
5.324389241278169926e+00
5.328105394928351224e+00
5.332097058531248379e+00
5.336173291786710848e+00
5.340075988208371705e+00
5.343490536079511521e+00
5.346058480142226621e+00
5.347391749265984373e+00
5.347087959442389682e+00
5.344746267487114899e+00
5.339983248441948049e+00
5.332448296684992428e+00
5.321838088283421975e+00
5.307909668754598798e+00
5.290491741609359977e+00
5.269493743854485324e+00
5.244912323919553643e+00
5.216834893189644440e+00
5.185440002820561389e+00
5.150994401679068524e+00
5.113846760291156812e+00
5.074418195582670599e+00
5.033189888443468263e+00
4.990688232749299402e+00
4.947468077943874221e+00
4.904094724839576536e+00
4.861125403805275802e+00
4.819090994832069264e+00
4.778478727263219206e+00
4.739716521706887065e+00
4.703159517655214117e+00
4.669079184182386655e+00
4.637655259240564654e+00
4.608970622996573674e+00
4.583009086198252646e+00
4.559655962741238078e+00
4.538701201035356014e+00
4.519844783864853888e+00
4.502704078949785860e+00
4.486822828277964526e+00
4.471681491227645466e+00
4.456708690097717529e+00
4.441293535164184902e+00
4.424798626476496466e+00
4.406573547571369431e+00
4.385968688816047845e+00
4.362349262474529255e+00
4.335109388985252110e+00
4.303686139472529426e+00
4.267573410786393850e+00
4.226335477988725664e+00
4.179620007965914041e+00
4.127170237731858649e+00
4.068835948258763047e+00
4.004582819528111237e+00
3.934499739199605717e+00
3.858803652841066079e+00
3.777841587379789701e+00
3.692089553972320637e+00
3.602148142638710748e+00
3.508734752293752202e+00
3.412672543338815423e+00
3.314876343700948080e+00
3.216335877169997026e+00
3.118096811852302697e+00
3.021240237808027196e+00
2.926861260749422655e+00
2.836047429827391220e+00
2.749857700072784183e+00
2.669302571774301303e+00
2.595325963061487773e+00
2.528789273353746037e+00
2.470457992906432310e+00
2.420991105029410395e+00
2.380933409534671696e+00
2.350710774395984526e+00
2.330628207037683808e+00
2.320870534970240318e+00
2.321505406618136202e+00
2.332488276579410602e+00
2.353669027670875824e+00
2.384799896923301521e+00
2.425544401805599382e+00
2.475486997074650475e+00
2.534143226009617056e+00
2.600970159045583152e+00
2.675376938836490748e+00
2.756735275157162324e+00
2.844389750685977436e+00
2.937667801684764157e+00
3.035889227324511719e+00
3.138375068780423938e+00
3.244455692837671545e+00
3.353477915842234314e+00
3.464811012488218545e+00
3.577851473502403401e+00
3.692026409019265376e+00
3.806795537933474805e+00
3.921651753811997043e+00
4.036120310103690656e+00
4.149756712380492374e+00
4.262143434852793789e+00
4.372885595299800698e+00
4.481605742691220584e+00
4.587937952574357325e+00
4.691521491010733236e+00
4.791994385558094649e+00
4.888987310791750751e+00
4.982118238870714144e+00
5.070988314173003886e+00
5.155179385104848855e+00
5.234253569784584670e+00
5.307755148345625784e+00
5.375214965472657980e+00
5.436157399278147118e+00
5.490109820180144595e+00
5.536614339077606139e+00
5.575241530325756756e+00
5.605605705448812870e+00
5.627381203481338190e+00
5.640319054169967039e+00
5.644263268439732251e+00
5.639165936088581965e+00
5.625100291853395440e+00
5.602270965307783790e+00
5.571020750404054311e+00
5.531833395209444504e+00
5.485332103846523033e+00
5.432273647847826403e+00
5.373538184461596146e+00
5.310115055920803684e+00
5.243084991765636360e+00
5.173599262358279383e+00
5.102856437562240721e+00
5.032077487291230611e+00
4.962480021790700135e+00
4.895252510596485251e+00
4.831529331806550864e+00
4.772367475102908152e+00
4.718725650082733480e+00
4.671446444639798301e+00
4.631242046052056693e+00
4.598683883536789807e+00
4.574196376462293046e+00
4.558054783540679722e+00
4.550386959292960221e+00
4.551178652241453015e+00
4.560281837260111715e+00
4.577425467175457285e+00
4.602227959220900999e+00
4.634210706177086969e+00
4.672811923602728790e+00
4.717400210754954415e+00
4.767287308233289167e+00
4.821739674032415657e+00
4.879988661472799194e+00
4.941239252756256306e+00
5.004677464747899762e+00
5.069476683122280392e+00
5.134803282217379028e+00
5.199821939745145727e+00
5.263701054426121573e+00
5.325618627893470958e+00
5.384768895317688653e+00
5.440369894876595502e+00
5.491672058762394393e+00
5.537967791903346537e+00
5.578601889333912212e+00
5.612982541943373427e+00
5.640592603697648144e+00
5.661000746630332259e+00
5.673872109432993582e+00
5.678978042477242916e+00
5.676204560873735261e+00
5.665559136622615455e+00
5.647175489688649463e+00
5.621316071365076716e+00
5.588371966015566628e+00
5.548859970545862552e+00
5.503416657581029270e+00
5.452789302660846715e+00
5.397823657523647789e+00
5.339448664403099620e+00
5.278658314678793317e+00
5.216490957983133114e+00
5.154006473643951480e+00
5.092261833206623400e+00
5.032285711893159430e+00
4.975052936242085444e+00
4.921459658855004804e+00
4.872300201098399342e+00
4.828246485219968243e+00
4.789830891954826697e+00
4.757433246830062856e+00
4.731272477963747392e+00
4.711403309143905815e+00
4.697718156492932451e+00
4.689954192345081374e+00
4.687705339019951012e+00
4.690438768205961395e+00
4.697515313113811430e+00
4.708213053431829387e+00
4.721753215279868243e+00
4.737327453513178632e+00
4.754125560717056054e+00
4.771362668068598545e+00
4.788305050475528901e+00
4.804293715501159134e+00
4.818765050510116943e+00
4.831267930456875526e+00
4.841476841488018934e+00
4.849200737632579639e+00
4.854387504095251771e+00
4.857124037078208723e+00
4.857632057783551893e+00
4.856259859796359102e+00
4.853470256501227986e+00
4.849825060649440189e+00
4.845966497450434396e+00
4.842596025716213504e+00
4.840451115042189834e+00
4.840280594797251368e+00
4.842819247334025690e+00
4.848762360325849841e+00
4.858740978825077050e+00
4.873298600488189969e+00
4.892870029748564775e+00
4.917763047465914639e+00
4.948143469794609395e+00
4.984024070075025570e+00
5.025257716635985972e+00
5.071534931715204308e+00
5.122385908660055165e+00
5.177186857187772162e+00
5.235170405530655380e+00
5.295439693306241757e+00
5.356985746315500840e+00
5.418707724022868710e+00
5.479435649811819964e+00
5.537955249636086208e+00
5.593034518419099932e+00
5.643451595397111831e+00
5.688023462913371908e+00
5.725634904664137714e+00
5.755267084186669990e+00
5.776025036279192726e+00
5.787163308051119337e+00
5.788108960292050575e+00
5.778481161625959928e+00
5.758106676906419530e+00
5.727030652994195670e+00
5.685522227330992884e+00
5.634074621788972337e+00
5.573399532265256973e+00
5.504415780978724193e+00
5.428232361915471316e+00
5.346126177120822831e+00
5.259514928576678905e+00
5.169925796305154364e+00
5.078960698806374907e+00
4.988259090956990605e+00
4.899459389343542526e+00
4.814160202422904433e+00
4.733882565677435039e+00
4.660034336702389979e+00
4.593877801437198372e+00
4.536501394378833041e+00
4.488796255499449828e+00
4.451438150747319078e+00
4.424875091330306098e+00
4.409320812111376497e+00
4.404754109864946088e+00
4.410923891631155946e+00
4.427359641997996142e+00
4.453386891163981787e+00
4.488147158333673836e+00
4.530621761019598459e+00
4.579658823135195789e+00
4.634002784762897953e+00
4.692325709056528460e+00
4.753259683211572550e+00
4.815429608089180746e+00
4.877485664777663210e+00
4.938134746307390799e+00
4.996170158191446831e+00
5.050498924655681066e+00
5.100166082772847886e+00
5.144375394157384207e+00
5.182505948551282771e+00
5.214124182734626523e+00
5.238990905233811723e+00
5.257063013488514791e+00
5.268489722665218977e+00
5.273603294863038471e+00
5.272904453130477620e+00
5.267042868020021196e+00
5.256793298962803007e+00
5.243028143720326106e+00
5.226687279611033965e+00
5.208746160255866009e+00
5.190183167687117738e+00
5.171947224651770370e+00
5.154926649731089050e+00
5.139920185131728658e+00
5.127611044091842984e+00
5.118544717786394749e+00
5.113111157455072942e+00
5.111531813704941030e+00
5.113851878751626501e+00
5.119937941529504322e+00
5.129481128388053257e+00
5.142005662693053480e+00
5.156882637828018368e+00
5.173348661705995610e+00
5.190528894032516938e+00
5.207463857822775211e+00
5.223139269281062980e+00
5.236518005630774297e+00
5.246573228751835849e+00
5.252321611879565921e+00
5.252855586032374013e+00
5.247373542149747827e+00
5.235207001249029268e+00
5.215843896367817756e+00
5.188947282978682907e+00
5.154368987726582141e+00
5.112157897983517607e+00
5.062562772235800423e+00
5.006029608581181733e+00
4.943193750388741314e+00
4.874867040516225103e+00
4.802020455658835729e+00
4.725762753819627626e+00
4.647315751750129564e+00
4.567986923128117382e+00
4.489140075220941384e+00
4.412164915043312874e+00
4.338446343605090405e+00
4.269334310724848258e+00
4.206115024641159827e+00
4.149984247293742712e+00
4.102023320528618733e+00
4.063178457538279886e+00
4.034243696420708680e+00
4.015847754975659711e+00
4.008444859287227047e+00
4.012309457812885505e+00
4.027534595060014766e+00
4.054033621237482343e+00
4.091544863424825706e+00
4.139638871797147956e+00
4.197727866671261410e+00
4.265077040522190721e+00
4.340817413325217977e+00
4.423959996890864943e+00
4.513411083521083000e+00
4.607988522596836667e+00
4.706438876389519521e+00
4.807455351215777384e+00
4.909696384610382047e+00
5.011804738431809625e+00
5.112426909852394452e+00
5.210232639646021902e+00
5.303934281591661914e+00
5.392305797563184733e+00
5.474201145202331809e+00
5.548571813733468971e+00
5.614483237654178893e+00
5.671129790311829844e+00
5.717848043335301611e+00
5.754127980203094239e+00
5.779621872753718748e+00
5.794150563320162206e+00
5.797706934578232385e+00
5.790456385644295878e+00
5.772734161862658198e+00
5.745039413357711844e+00
5.708025901646210265e+00
5.662489350243005148e+00
5.609351542035953209e+00
5.549641385506901337e+00
5.484473288190937268e+00
5.415023285659533059e+00
5.342503479697741753e+00
5.268135437806344967e+00
5.193123288688227035e+00
5.118627301816068176e+00
5.045738750179115328e+00
4.975456816447927366e+00
4.908668216012904928e+00
4.846130083463416227e+00
4.788456512668141762e+00
4.736108969912588229e+00
4.689390633724171309e+00
4.648444570931828501e+00
4.613255545317112016e+00
4.583655175163080742e+00
4.559330109389878594e+00
4.539832876387515981e+00
4.524595064337229466e+00
4.512942503044979681e+00
4.504112129655045038e+00
4.497270232648249433e+00
4.491531774270153043e+00
4.485980487472109424e+00
4.479689436457196194e+00
4.471741729991562053e+00
4.461251086964800550e+00
4.447381969530753487e+00
4.429369011459352024e+00
4.406535470874987759e+00
4.378310427779719127e+00
4.344244432569777103e+00
4.304023294253450871e+00
4.257479676566809701e+00
4.204602150483371936e+00
4.145541339550285365e+00
4.080612795593399511e+00
4.010296260142400371e+00
3.935231006912891960e+00
3.856207032041148786e+00
3.774151968880724795e+00
3.690113752529676994e+00
3.605239238583980210e+00
3.520749180397557687e+00
3.437910174317285961e+00
3.358004370136331573e+00
3.282297887729565655e+00
3.212008962996268036e+00
3.148276867690780634e+00
3.092132621766380041e+00
3.044472456870809918e+00
3.006034903403659531e+00
2.977382263117254624e+00
2.958887093114182409e+00
2.950724165757008244e+00
2.952868188232622870e+00
2.965097372928552133e+00
2.987002751192852745e+00
3.018002923068768162e+00
3.057363739157399340e+00
3.104222225069711794e+00
3.157613895090322753e+00
3.216502471557670884e+00
3.279810937671411519e+00
3.346452805659114293e+00
3.415362476379564249e+00
3.485523599202311917e+00
3.555994420664934985e+00
3.625929247227074104e+00
3.694595334957860189e+00
3.761384732475771209e+00
3.825820820667532818e+00
3.887559509387690238e+00
3.946385273845536279e+00
4.002202442626678902e+00
4.055022374748597613e+00
4.104947365816724592e+00
4.152152279506617027e+00
4.196864987153928084e+00
4.239346700864263795e+00
4.279873205633780486e+00
4.318717851207899194e+00
4.356136978768284429e+00
4.392358248759032691e+00
4.427572117883660674e+00
4.461926504476025457e+00
4.495524501092910796e+00
4.528424848647086165e+00
4.560644776675100154e+00
4.592164739857294009e+00
4.622934541161624722e+00
4.652880319432026290e+00
4.681911886026380643e+00
4.709929923389649886e+00
4.736832617723166550e+00
4.762521391506141732e+00
4.786905515935755417e+00
4.809905492792784898e+00
4.831455181895172757e+00
4.851502715347915995e+00
4.870010292763727655e+00
4.886952996844058816e+00
4.902316806919150949e+00
4.916096020822964263e+00
4.928290320859683327e+00
4.938901731230163072e+00
4.947931709684698198e+00
4.955378600707596171e+00
4.961235659127404496e+00
4.965489836913048904e+00
4.968121513175991488e+00
4.969105334049488398e+00
4.968412304302117555e+00
4.966013221595614091e+00
4.961883459963710941e+00
4.956009000039327539e+00
4.948393488277467611e+00
4.939066001572248510e+00
4.928089104702729983e+00
4.915566716576600825e+00
4.901651246936662432e+00
4.886549435490834981e+00
4.870526334543290758e+00
4.853906932100145788e+00
4.837075010647209794e+00
4.820468968403157639e+00
4.804574486917227993e+00
4.789914100271104758e+00
4.777033892625153655e+00
4.766487712802515375e+00
4.758819441166528996e+00
4.754543965452707077e+00
4.754127607743181549e+00
4.757968789224539918e+00
4.766379719549721727e+00
4.779569851527736724e+00
4.797631758164273563e+00
4.820529988436973667e+00
4.848093358326552860e+00
4.880011035867820368e+00
4.915832672654868674e+00
4.954972713512180604e+00
4.996718887861912428e+00
5.040244759956011400e+00
5.084626092565487809e+00
5.128860658971825082e+00
5.171891020517075610e+00
5.212629666992163457e+00
5.249985791996826912e+00
5.282892859660925922e+00
5.310336045146956785e+00
5.331378627710122942e+00
5.345186488358696586e+00
5.351050000149524699e+00
5.348402771299904046e+00
5.336836879746937434e+00
5.316114401879680429e+00
5.286175180481281544e+00
5.247140893125678218e+00
5.199315564459531025e+00
5.143182709641257233e+00
5.079399308967047943e+00
5.008786809753319247e+00
4.932319341901263421e+00
4.851109322657237932e+00
4.766390615434719535e+00
4.679499402122628382e+00
4.591852941405217159e+00
4.504926431754814331e+00
4.420228275625092351e+00
4.339274131395270295e+00
4.263560222404696454e+00
4.194536442457247105e+00
4.133579854924236407e+00
4.081969220434584322e+00
4.040861190562107019e+00
4.011268760264678157e+00
3.994042481055283478e+00
3.989854813428717062e+00
3.999187861469877259e+00
4.022324604385635993e+00
4.059343630847632944e+00
4.110117297037620077e+00
4.174313168862626711e+00
4.251398569757228962e+00
4.340648030322208584e+00
4.441153418026978272e+00
4.551836514200608974e+00
4.671463805806923553e+00
4.798663270097603295e+00
4.931942941597244889e+00
5.069711054818259122e+00
5.210297553725060204e+00
5.351976754171072770e+00
5.492990938719120919e+00
5.631574653802635666e+00
5.765979464180039926e+00
5.894498891376569460e+00
6.015493219465812835e+00
6.127413807764384934e+00
6.228826524652704144e+00
6.318433911181123186e+00
6.395095682417888838e+00
6.457847169081957439e+00
6.505915298681078873e+00
6.538731729408016946e+00
6.555942795457553096e+00
6.557416004916517771e+00
6.543242942546018348e+00
6.513738550433951779e+00
6.469436869344457719e+00
6.411083407249967614e+00
6.339624352866596979e+00
6.256192876148193527e+00
6.162092763039477283e+00
6.058779622098890094e+00
5.947839881872353907e+00
5.830967785163181816e+00
5.709940592920196956e+00
5.586592236132257305e+00
5.462785688968533115e+00
5.340384371778367445e+00
5.221222929299452531e+00
5.107077778665336076e+00
4.999637893386782217e+00
4.900476376975461790e+00
4.811023460262514817e+00
4.732541604818985448e+00
4.666103396783861434e+00
4.612572867393345710e+00
4.572590781578685259e+00
4.546564301840733791e+00
4.534661273642394796e+00
4.536809206779299330e+00
4.552698862324524143e+00
4.581792213819069204e+00
4.623334446678277310e+00
4.676369596202602175e+00
4.739759398813403912e+00
4.812204930206321229e+00
4.892270609447627372e+00
4.978410146618577947e+00
5.068994001099766500e+00
5.162337901507306093e+00
5.256731961558004151e+00
5.350469914255283399e+00
5.441877984705718596e+00
5.529342930802409128e+00
5.611338795516716438e+00
5.686451926162634507e+00
5.753403824315257431e+00
5.811071409062379622e+00
5.858504324635999794e+00
5.894939006332700515e+00
5.919809320249062701e+00
5.932753688197230701e+00
5.933618683841218377e+00
5.922459137831753928e+00
5.899534821414034624e+00
5.865303791536139677e+00
5.820412479983002818e+00
5.765682602993284611e+00
5.702094967340100240e+00
5.630770267643169902e+00
5.552947021726087229e+00
5.469956880804323518e+00
5.383197668610297804e+00
5.294104630526569544e+00
5.204120496363660919e+00
5.114665069612283510e+00
5.027105143291114686e+00
4.942725594884978868e+00
4.862702512779742747e+00
4.788079141451500931e+00
4.719745306734369095e+00
4.658420818355403448e+00
4.604643174958870766e+00
4.558759741076851668e+00
4.520924433665256537e+00
4.491098840584592189e+00
4.469057585582335790e+00
4.454397655135113432e+00
4.446551322504775250e+00
4.444802251833153584e+00
4.448304336183745100e+00
4.456102804841344245e+00
4.467157116828116337e+00
4.480365140530213175e+00
4.494588109870286452e+00
4.508675846048791236e+00
4.521491735558050173e+00
4.531936961683783238e+00
4.538973510057678240e+00
4.541645520258328794e+00
4.539098635181382235e+00
4.530597095372613126e+00
4.515538415749738022e+00
4.493465547280895755e+00
4.464076457602252468e+00
4.427231067808826026e+00
4.382955472304986166e+00
4.331443358308068703e+00
4.273054536505800804e+00
4.208310493330733593e+00
4.137886879640481297e+00
4.062602866881309005e+00
3.983407336330307302e+00
3.901361924153382787e+00
3.817621032703708561e+00
3.733409044777014074e+00
3.649995137368204912e+00
3.568666263065398248e+00
3.490699022214902136e+00
3.417331263917525064e+00
3.349734316945206292e+00
3.288986761691552907e+00
3.236050613985360869e+00
3.191750704793938631e+00
3.156757913252009384e+00
3.131576751377609380e+00
3.116537612738215834e+00
3.111793794765858934e+00
3.117323208173831350e+00
3.132934522090191187e+00
3.158277368529569529e+00
3.192856134551815828e+00
3.236046792200623301e+00
3.287116150473865517e+00
3.345242862811885765e+00
3.409539495745338211e+00
3.479074968566797210e+00
3.552896711401994700e+00
3.630051948723720834e+00
3.709607582202119946e+00
3.790668214301009531e+00
3.872391927138704393e+00
3.954003518158442976e+00
4.034804996167149049e+00
4.114183248744732069e+00
4.191614891086292261e+00
4.266668388608470863e+00
4.339003612452140501e+00
4.408369045388271346e+00
4.474596910810221928e+00
4.537596548236307648e+00
4.597346398130095046e+00
4.653884979599142824e+00
4.707301243854035810e+00
4.757724665405812736e+00
4.805315395125979272e+00
4.850254750613095744e+00
4.892736267420137786e+00
4.932957484710770224e+00
4.971112593525051082e+00
5.007386037509927057e+00
5.041947125889995718e+00
5.074945694484448211e+00
5.106508827651973448e+00
5.136738628694470066e+00
5.165711001862252516e+00
5.193475393242136029e+00
5.220055433184536575e+00
5.245450422780922217e+00
5.269637599573486320e+00
5.292575098223100127e+00
5.314205499961759394e+00
5.334459856082506057e+00
5.353262079699668163e+00
5.370533613432828091e+00
5.386198280714253883e+00
5.400187209627435259e+00
5.412443691215893971e+00
5.422927814722553919e+00
5.431620718632237832e+00
5.438528306460062467e+00
5.443684291406325926e+00
5.447152446796279968e+00
5.449027950775893636e+00
5.449437735420592510e+00
5.448539792248173974e+00
5.446521441712046219e+00
5.443596624076338486e+00
5.440002300324421114e+00
5.435994068094113452e+00
5.431841109243459087e+00
5.427820597284247484e+00
5.424211703027912890e+00
5.421289342748343287e+00
5.419317815020927576e+00
5.418544471751886249e+00
5.419193565428631842e+00
5.421460407292711281e+00
5.425505963294044776e+00
5.431452013747837704e+00
5.439377013325470855e+00
5.449312806537738751e+00
5.461242369195098867e+00
5.475098747530949161e+00
5.490765347324244594e+00
5.508077682961970645e+00
5.526826634014056161e+00
5.546763183684695342e+00
5.567604535193733994e+00
5.589041415298565241e+00
5.610746281046036898e+00
5.632382069304392225e+00
5.653611098180343575e+00
5.674103753842977937e+00
5.693546657031744118e+00
5.711650071491596314e+00
5.728154371644070153e+00
5.742835427092042089e+00
5.755508798605745824e+00
5.766032684388679108e+00
5.774309604875535129e+00
5.780286858200841316e+00
5.783955808393940856e+00
5.785350085171181433e+00
5.784542786008209703e+00
5.781642786803400824e+00
5.776790289552714341e+00
5.770151759703348482e+00
5.761914428366986307e+00
5.752280555474025725e+00
5.741461666348153692e+00
5.729672976606397405e+00
5.717128201054403114e+00
5.704034904619521562e+00
5.690590510290122417e+00
5.676979042197675795e+00
5.663368651666869980e+00
5.649909941501352506e+00
5.636735063582062111e+00
5.623957521386757641e+00
5.611672570521700543e+00
5.599958081964117262e+00
5.588875716969536889e+00
5.578472261830532020e+00
5.568780985403599004e+00
5.559822908683782927e+00
5.551607906632748168e+00
5.544135590724217799e+00
5.537395941681364064e+00
5.531369677782915772e+00
5.526028364100160850e+00
5.521334298975260069e+00
5.517240251000474771e+00
5.513689149390419431e+00
5.510613843484171603e+00
5.507937044085269740e+00
5.505571548372921953e+00
5.503420838899957701e+00
5.501380136445700231e+00
5.499337969763994138e+00
5.497178298588672796e+00
5.494783192572828767e+00
5.492036029120225926e+00
5.488825123406193995e+00
5.485047646403443444e+00
5.480613634864854866e+00
5.475449865789745907e+00
5.469503362067418273e+00
5.462744312375535038e+00
5.455168223218591628e+00
5.446797172223990735e+00
5.437680093769529321e+00
5.427892087983245517e+00
5.417532790091160955e+00
5.406723869888757861e+00
5.395605761489095542e+00
5.384333753236148823e+00
5.373073586136762003e+00
5.361996713464558972e+00
5.351275377093463348e+00
5.341077666630408061e+00
5.331562736701133787e+00
5.322876350580365568e+00
5.315146890069729402e+00
5.308481931536685572e+00
5.302965452634364141e+00
5.298655714988696808e+00
5.295583863172907080e+00
5.293753277618036712e+00
5.293139709223495970e+00
5.293692207224901303e+00
5.295334836101613263e+00
5.297969162853533476e+00
5.301477473330899137e+00
5.305726635920947842e+00
5.310572476469896053e+00
5.315864475417138912e+00
5.321450560789774187e+00
5.327181754756833421e+00
5.332916439517899398e+00
5.338524042028958583e+00
5.343887991248728042e+00
5.348907863611680469e+00
5.353500690486171720e+00
5.357601450054430892e+00
5.361162804739872279e+00
5.364154175200063435e+00
5.366560265900102600e+00
5.368379177991302598e+00
5.369620258816872216e+00
5.370301835482933939e+00
5.370448962128961945e+00
5.370091287390277301e+00
5.369261129957758172e+00
5.367991838098428836e+00
5.366316501770467262e+00
5.364267081000210879e+00
5.361874006199585985e+00
5.359166288907202258e+00
5.356172153206489206e+00
5.352920161685323031e+00
5.349440769579642208e+00
5.345768201910731321e+00
5.341942515398155678e+00
5.338011678395453430e+00
5.334033475445774997e+00
5.330077026958910835e+00
5.326223724468455600e+00
5.322567420212775069e+00
5.319213763568467535e+00
5.316278635841315214e+00
5.313885697146806919e+00
5.312163121957339307e+00
5.311239656242707774e+00
5.311240171635923879e+00
5.312280916354803928e+00
5.314464667184349622e+00
5.317875972561140863e+00
5.322576648118635845e+00
5.328601651003044282e+00
5.335955427397761852e+00
5.344608807323432131e+00
5.354496513666694213e+00
5.365515349775712650e+00
5.377523121874947520e+00
5.390338341567937341e+00
5.403740749107548424e+00
5.417472698073849458e+00
5.431241434339693086e+00
5.444722280971785011e+00
5.457562711829686108e+00
5.469387268039423766e+00
5.479803247164884539e+00
5.488407075635052479e+00
5.494791261099485347e+00
5.498551813829388735e+00
5.499296024067852784e+00
5.496650479603294670e+00
5.490269197408012225e+00
5.479841722141278737e+00
5.465101018817438039e+00
5.445830970491192247e+00
5.421873293480082623e+00
5.393133697700108975e+00
5.359587138046067345e+00
5.321282019708661437e+00
5.278343233243215415e+00
5.230973901671608139e+00
5.179455727006733845e+00
5.124147838964273838e+00
5.065484082019569456e+00
5.003968728318778147e+00
4.940170668144225452e+00
4.874716197636676185e+00
4.808280583947690090e+00
4.741578631531494281e+00
4.675354494509598169e+00
4.610370976523177511e+00
4.547398531619344375e+00
4.487204131663171225e+00
4.430540106084253971e+00
4.378133002353342462e+00
4.330672477459032166e+00
4.288800223479181106e+00
4.253098954577601454e+00
4.224081532627519842e+00
4.202180379226379436e+00
4.187737407910378629e+00
4.180994801016068685e+00
4.182087033128031983e+00
4.191034588730782495e+00
4.207739824294749909e+00
4.231985382964331244e+00
4.263435486375823480e+00
4.301640306308805783e+00
4.346043463862094391e+00
4.395992528120202358e+00
4.450752213349688624e+00
4.509519830308033939e+00
4.571442448525896651e+00
4.635635171129213639e+00
4.701199901196952524e+00
4.767243979578143609e+00
4.832898098834573553e+00
4.897332953728207094e+00
4.959774174720439355e+00
5.019515189730817006e+00
5.075927749316586635e+00
5.128469925371886617e+00
5.176691462630119034e+00
5.220236434536180248e+00
5.258843231084245673e+00
5.292341980959951897e+00
5.320649576417319615e+00
5.343762523095008987e+00
5.361747883811792015e+00
5.374732633072421883e+00
5.382891787734834566e+00
5.386435722990376540e+00
5.385597113963838112e+00
5.380617953521952934e+00
5.371737082488657222e+00
5.359178634997727286e+00
5.343141756271109877e+00
5.323791894295369254e+00
5.301253904331034050e+00
5.275607146214088772e+00
5.246882705616235931e+00
5.215062827311401250e+00
5.180082601763229988e+00
5.141833890945810559e+00
5.100171416034614325e+00
5.054920861137618182e+00
5.005888775833297721e+00
4.952873989628697515e+00
4.895680193181672024e+00
4.834129303817584322e+00
4.768075217473927374e+00
4.697417547905848423e+00
4.622114958384363703e+00
4.542197696262377349e+00
4.457778943502175295e+00
4.369064597259061600e+00
4.276361101294194889e+00
4.180080969526795087e+00
4.080745678527868847e+00
3.978985652624162928e+00
3.875537123309829024e+00
3.771235718248606261e+00
3.667006727440058178e+00
3.563852102535758792e+00
3.462834362691707746e+00
3.365057700431989485e+00
3.271646702165032394e+00
3.183723219211328281e+00
3.102382038105169215e+00
3.028666088957742364e+00
2.963541986715816812e+00
2.907876716541159201e+00
2.862416244552588029e+00
2.827766755092824269e+00
2.804379097548712174e+00
2.792536894211246068e+00
2.792348632676946441e+00
2.803743940558109493e+00
2.826474108686665598e+00
2.860116792183523771e+00
2.904084685539340960e+00
2.957637845700423096e+00
3.019899232313923321e+00
3.089872957037620438e+00
3.166464693629269522e+00
3.248503696715036693e+00
3.334765898805158724e+00
3.423997588055351038e+00
3.514939200806232122e+00
3.606348783915373613e+00
3.697024688950937943e+00
3.785827058640654386e+00
3.871697668454556762e+00
3.953677706558417437e+00
4.030923120474155574e+00
4.102717226211236579e+00
4.168480356847684476e+00
4.227776413757188045e+00
4.280316269441398980e+00
4.325958052801823328e+00
4.364704422792117455e+00
4.396697002166938262e+00
4.422208195517058904e+00
4.441630651124683915e+00
4.455464646932401074e+00
4.464303695827959828e+00
4.468818680868965387e+00
4.469740847292925423e+00
4.467843993580219220e+00
4.463926217605968638e+00
4.458791585824774195e+00
4.453232104084107412e+00
4.448010376935097376e+00
4.443843342625174664e+00
4.441387456531919575e+00
4.441225663831190218e+00
4.443856455061739652e+00
4.449685241985270601e+00
4.459018232166279461e+00
4.472058922011432180e+00
4.488907268785014004e+00
4.509561538800809011e+00
4.533922755052104847e+00
4.561801578490997322e+00
4.592927361114607088e+00
4.626959026283099519e+00
4.663497378019956230e+00
4.702098415383155761e+00
4.742287220183357910e+00
4.783571989935138546e+00
4.825457800945476272e+00
4.867459707271986069e+00
4.909114810320072131e+00
4.949992973241571725e+00
4.989705903974562595e+00
5.027914390448209758e+00
5.064333543805880744e+00
5.098735989763736320e+00
5.130953035894266989e+00
5.160873925409502405e+00
5.188443363169604083e+00
5.213657563362550817e+00
5.236559113173062663e+00
5.257230968965521889e+00
5.275789904916329931e+00
5.292379726606632140e+00
5.307164549106968998e+00
5.320322418067215509e+00
5.332039516326888773e+00
5.342505146182766396e+00
5.351907615808805474e+00
5.360431094208498948e+00
5.368253432641817646e+00
5.375544881482830384e+00
5.382467566667731518e+00
5.389175539895607159e+00
5.395815189110597210e+00
5.402525791957716983e+00
5.409440010081764783e+00
5.416684149207924293e+00
5.424378045514948177e+00
5.432634484435113542e+00
5.441558116704132253e+00
5.451243907108537456e+00
5.461775221688133009e+00
5.473221708578456912e+00
5.485637143494258794e+00
5.499057396178471890e+00
5.513498638849410938e+00
5.528955872195671972e+00
5.545401801942539066e+00
5.562786070548567885e+00
5.581034834214127827e+00
5.600050666636643193e+00
5.619712761956197511e+00
5.639877401721896888e+00
5.660378649550199093e+00
5.681029244703386993e+00
5.701621678975792307e+00
5.721929455009234111e+00
5.741708537385486366e+00
5.760699024977608218e+00
5.778627099348901730e+00
5.795207339463316565e+00
5.810145530382214041e+00
5.823142121467581589e+00
5.833896496847776447e+00
5.842112200432163505e+00
5.847503207039498996e+00
5.849801250873863268e+00
5.848764115769408356e+00
5.844184664958595121e+00
5.835900254012313937e+00
5.823802048760631678e+00
5.807843684657387762e+00
5.788048676011244176e+00
5.764516020493656967e+00
5.737423537239315863e+00
5.707028607158609823e+00
5.673666133695610903e+00
5.637743696020615758e+00
5.599734013589197090e+00
5.560164976828617434e+00
5.519607620857190255e+00
5.478662519679646792e+00
5.437945146322881840e+00
5.398070772604365075e+00
5.359639469415172996e+00
5.323221720086184661e+00
5.289345087703360093e+00
5.258482296154179281e+00
5.231041004365814651e+00
5.207355478419639638e+00
5.187680297692364384e+00
5.172186166877527747e+00
5.160957843108961107e+00
5.153994126233083506e+00
5.151209803457771130e+00
5.152439390231018379e+00
5.157442468437825944e+00
5.165910391587857475e+00
5.177474104709726355e+00
5.191712810438540160e+00
5.208163198219392775e+00
5.226328946671902287e+00
5.245690225458865541e+00
5.265712970120612901e+00
5.285857768525976219e+00
5.305588258279862579e+00
5.324378979818600754e+00
5.341722665835691330e+00
5.357136981849357049e+00
5.370170765412364489e+00
5.380409839162210162e+00
5.387482490397659696e+00
5.391064710118560477e+00
5.390885264354690953e+00
5.386730634713368104e+00
5.378449820757452926e+00
5.365958949189570504e+00
5.349245586496266469e+00
5.328372602812089909e+00
5.303481383722282061e+00
5.274794135456539301e+00
5.242614987614548028e+00
5.207329581719582379e+00
5.169402854117668866e+00
5.129374774964498229e+00
5.087853877871922670e+00
5.045508497448810914e+00
5.003055725064405657e+00
4.961248197936102500e+00
4.920858946277099299e+00
4.882664627619976550e+00
4.847427568195355363e+00
4.815877100410809852e+00
4.788690726910916240e+00
4.766475654620525582e+00
4.749751231014641029e+00
4.738932787476332287e+00
4.734317358522735830e+00
4.736071702382693260e+00
4.744222992458092314e+00
4.758652475372044499e+00
4.779092303178433809e+00
4.805125657443587883e+00
4.836190203811026045e+00
4.871584851525313731e+00
4.910479737950929291e+00
4.951929303917153469e+00
4.994888266917258512e+00
5.038230237607052686e+00
5.080768661430204780e+00
5.121279700102006061e+00
5.158526602763984670e+00
5.191285066714367069e+00
5.218369058993668652e+00
5.238656554403087640e+00
5.251114629315192239e+00
5.254823331659658869e+00
5.248997738679135772e+00
5.233007631794171388e+00
5.206394269334595037e+00
5.168883817814018400e+00
5.120397096483210397e+00
5.061055381465771497e+00
4.991182095979779909e+00
4.911300286035240603e+00
4.822125856625294027e+00
4.724556626186329211e+00
4.619657343149628836e+00
4.508640891883529456e+00
4.392845993617902955e+00
4.273711785656697515e+00
4.152749752165319386e+00
4.031513591312724465e+00
3.911567725010808960e+00
3.794455257953672778e+00
3.681666244734309590e+00
3.574607123849764090e+00
3.474572142387615692e+00
3.382717543162362173e+00
3.300039221900079145e+00
3.227354480125253833e+00
3.165288394661428306e+00
3.114265196761553334e+00
3.074504904533373217e+00
3.046025286155992440e+00
3.028649056788244476e+00
3.022016037198028027e+00
3.025599834015378686e+00
3.038728448224982337e+00
3.060608087439760094e+00
3.090349354462790021e+00
3.126994917753414427e+00
3.169547746900493568e+00
3.216999015483446467e+00
3.268354819369827968e+00
3.322660917680811288e+00
3.379024777565395432e+00
3.436634299965353190e+00
3.494772723615621413e+00
3.552829345976246778e+00
3.610305861936831562e+00
3.666818304803965756e+00
3.722094775633120634e+00
3.775969353717835819e+00
3.828372770184669704e+00
3.879320569330297452e+00
3.928899555691091283e+00
3.977253325161978381e+00
4.024567622547227330e+00
4.071056178895365640e+00
4.116947573612061539e+00
4.162473541822236278e+00
4.207859010896909169e+00
4.253314012993683058e+00
4.299027494781998193e+00
4.345162936599673564e+00
4.391855604732390894e+00
4.439211199373235495e+00
4.487305631172271880e+00
4.536185654792807220e+00
4.585870096534415019e+00
4.636351427227443089e+00
4.687597450694214629e+00
4.739552905745365585e+00
4.792140821713467780e+00
4.845263526054403691e+00
4.898803268181594284e+00
4.952622481117709974e+00
5.006563745518167075e+00
5.060449553098038677e+00
5.114081990994931104e+00
5.167242482730810771e+00
5.219691724310774994e+00
5.271169948790150883e+00
5.321397641536704803e+00
5.370076809135213125e+00
5.416892875452226086e+00
5.461517243052887771e+00
5.503610525519383678e+00
5.542826433533643460e+00
5.578816288172312454e+00
5.611234136795687277e+00
5.639742452163055475e+00
5.664018393039880195e+00
5.683760587651481622e+00
5.698696372198242877e+00
5.708589385791428050e+00
5.713247400443880686e+00
5.712530248466106464e+00
5.706357686808126495e+00
5.694716997855847396e+00
5.677670071323600354e+00
5.655359655140264508e+00
5.628014418059192003e+00
5.595952439038910597e+00
5.559582729081298247e+00
5.519404406687029585e+00
5.476003200675610749e+00
5.430045046734186975e+00
5.382266664827377589e+00
5.333463141195603718e+00
5.284472686565658606e+00
5.236158894096269556e+00
5.189390960089917293e+00
5.142304441064918130e+00
5.175440070223647382e+00
5.200266214761800398e+00
5.216837794725456945e+00
5.225328948260703932e+00
5.226025849677736090e+00
5.219318155853693852e+00
5.205689243419205248e+00
5.185705412337592968e+00
5.160004259207420674e+00
5.129282452712740970e+00
5.094283156111343303e+00
5.055783331520640189e+00
5.014581135684810675e+00
4.971483585493398749e+00
4.927294637200961169e+00
4.882803789705962849e+00
4.838775296525136049e+00
4.795938057945605237e+00
4.754976262239675400e+00
4.716520849974553897e+00
4.681141887937797286e+00
4.649341952628522456e+00
4.621550623527879154e+00
4.598120166893433947e+00
4.579322462460464926e+00
4.565347204631654776e+00
4.556301400486366227e+00
4.552210178346094871e+00
4.553018901891043413e+00
4.558596557952713901e+00
4.568740359594232636e+00
4.583181480233212923e+00
4.601591800858823689e+00
4.623591506548909713e+00
4.648757318996804777e+00
4.676631116218955775e+00
4.706728685295558101e+00
4.738548384341629394e+00
4.771579547274985345e+00
4.805310531056711909e+00
4.839236362618509091e+00
4.872865984312755749e+00
4.905729122836565814e+00
4.937382816786456630e+00
4.967417629772843846e+00
4.995463551059123652e+00
5.021195552496002357e+00
5.044338738801836364e+00
5.064673002870605956e+00
5.082037079281399805e+00
5.096331876348908274e+00
5.107522956866844765e+00
5.115642026532035480e+00
5.120787277201533705e+00
5.123122425181401596e+00
5.122874290718260504e+00
5.120328792626189340e+00
5.115825288485292610e+00
5.109749274680140729e+00
5.102523559659989161e+00
5.094598123253234689e+00
5.086438965313504035e+00
5.078516322766343016e+00
5.071292687437772173e+00
5.065211081074629362e+00
5.060684038299577026e+00
5.058083714102807882e+00
5.057733469244179325e+00
5.059901200413860600e+00
5.064794587383540048e+00
5.072558338412130219e+00
5.083273426050242350e+00
5.096958210885828677e+00
5.113571252348780405e+00
5.133015516819921409e+00
5.155143628552965929e+00
5.179763774148481659e+00
5.206645865184390765e+00
5.235527585812710605e+00
5.266120004171354729e+00
5.298112503462304446e+00
5.331176876799825770e+00
5.364970515036287857e+00
5.399138690300706145e+00
5.433315996425477579e+00
5.467127049579723952e+00
5.500186580108593404e+00
5.532099066066961335e+00
5.562458076830012921e+00
5.590845511712839055e+00
5.616830929331270816e+00
5.639971167322263668e+00
5.659810452361368149e+00
5.675881199889657225e+00
5.687705700034038081e+00
5.694798873747720869e+00
5.696672251952953125e+00
5.692839278364465017e+00
5.682821972693246515e+00
5.666158926779632843e+00
5.642414546821774124e+00
5.611189398098253456e+00
5.572131451216670861e+00
5.524947971488698428e+00
5.469417739027938374e+00
5.405403239728755693e+00
5.332862429853309827e+00
5.251859654398180588e+00
5.162575293045226665e+00
5.065313712278447511e+00
4.960509114066411485e+00
4.848728893049981004e+00
4.730674149754351632e+00
4.607177057754887173e+00
4.479194849504334996e+00
4.347800274366708351e+00
4.214168496544984599e+00
4.079560534770143576e+00
3.945303490185791073e+00
3.812767955629401850e+00
3.683343140634339541e+00
3.558410370682270063e+00
3.439315713159603050e+00
3.327342536882717194e+00
3.223684824300596663e+00
3.129422026090214803e+00
3.045496180140441655e+00
2.972691920622305695e+00
2.911619893600666309e+00
2.862703987895323099e+00
2.826172688669958077e+00
2.802054761300915686e+00
2.790179368552945682e+00
2.790180616534664537e+00
2.801506419598870146e+00
2.823431473882346054e+00
2.855074034455714838e+00
2.895416102981467343e+00
2.943326551768466359e+00
2.997586639284392174e+00
3.056917319001859035e+00
3.120007713493460955e+00
3.185544116869882814e+00
3.252238892931019532e+00
3.318858644321605489e+00
3.384251031380260510e+00
3.447369615384539898e+00
3.507296098049113020e+00
3.563259345195271433e+00
3.614650630979119761e+00
3.661034620293093234e+00
3.702155712926098463e+00
3.737939494484575853e+00
3.768489168103281273e+00
3.794076973862368529e+00
3.815130740070144633e+00
3.832215853504967740e+00
3.846013087026787236e+00
3.857292887842880269e+00
3.866886907126914963e+00
3.875657723751264161e+00
3.884467850143048295e+00
3.894149176792794265e+00
3.905473999272656815e+00
3.919128685175077731e+00
3.935690901939083997e+00
3.955611162575019879e+00
3.979199262300087359e+00
4.006615972884318921e+00
4.037870136741498861e+00
4.072821075935599389e+00
4.111186024090912383e+00
4.152552115507714525e+00
4.196392326737485412e+00
4.242084657301916195e+00
4.288933756774621742e+00
4.336194157975176822e+00
4.383094265388507438e+00
4.428860277228931608e+00
4.472739285694856903e+00
4.514020891796966417e+00
4.552056775618016360e+00
4.586277773660908608e+00
4.616208130056146608e+00
4.641476700092263208e+00
4.661824981065243456e+00
4.677111922242190190e+00
4.687315527618447497e+00
4.692531321187902726e+00
4.692967805128473557e+00
4.688939113454758001e+00
4.680855142264233493e+00
4.669209507157833450e+00
4.654565726780854007e+00
4.637542059751821988e+00
4.618795437286270733e+00
4.599004937604937560e+00
4.578855240189209752e+00
4.559020480967442168e+00
4.540148906777803361e+00
4.522848698395367073e+00
4.507675295006150940e+00
4.495120509688848465e+00
4.485603673643836942e+00
4.479464983619577012e+00
4.476961154600371806e+00
4.478263407449964539e+00
4.483457755984918691e+00
4.492547498709082987e+00
4.505457762943134270e+00
4.522041893842103200e+00
4.542089433369350004e+00
4.565335399007508066e+00
4.591470547438731842e+00
4.620152292264593008e+00
4.651015938923845461e+00
4.683685904600091376e+00
4.717786600411603359e+00
4.752952663303497083e+00
4.788838238151596371e+00
4.825125031353123539e+00
4.861528888709284679e+00
4.897804692261863657e+00
4.933749417325777209e+00
4.969203234842405337e+00
5.004048584557695634e+00
5.038207191486341330e+00
5.071635065930935937e+00
5.104315621519744717e+00
5.136251155964671078e+00
5.167453044996067391e+00
5.197931084307660043e+00
5.227682473638587624e+00
5.256680977879027772e+00
5.284866827289312674e+00
5.312137926631523399e+00
5.338342917347187466e+00
5.363276569758154366e+00
5.386677880227206394e+00
5.408231125968484321e+00
5.427569998671599727e+00
5.444284801896154491e+00
5.457932558071440177e+00
5.468049729347822741e+00
5.474167114002508328e+00
5.475826344615155605e+00
5.472597301440264239e+00
5.464095680744698313e+00
5.449999934088475051e+00
5.430066825884837911e+00
5.404144943636721266e+00
5.372185629277153929e+00
5.334250959825673988e+00
5.290518563861415835e+00
5.241283195992848754e+00
5.186955097087202482e+00
5.128055248672405142e+00
5.065207696481985877e+00
4.999129177843665950e+00
4.930616339561144201e+00
4.860530873461446966e+00
4.789782929056026539e+00
4.719313197576581409e+00
4.650074107585941086e+00
4.583010626573362778e+00
4.519041211358049814e+00
4.459039475876490854e+00
4.403817137182055141e+00
4.354108756309015504e+00
4.310558711149993449e+00
4.273710727730208880e+00
4.244000163620553323e+00
4.221749094933380242e+00
4.207164116742149851e+00
4.200336637231660397e+00
4.201245344081478983e+00
4.209760459735706561e+00
4.225649381036179264e+00
4.248583311469452006e+00
4.278144533883272871e+00
4.313834031061976937e+00
4.355079233935468253e+00
4.401241756462344057e+00
4.451625055981118351e+00
4.505482029111909981e+00
4.562022607696408549e+00
4.620421454289250995e+00
4.679825875418026193e+00
4.739364075730176928e+00
4.798153865584088962e+00
4.855311906330019411e+00
4.909963534924038697e+00
4.961253162331395572e+00
5.008355198016924525e+00
5.050485420331120245e+00
5.086912687864957761e+00
5.116970861170622165e+00
5.140070768057469763e+00
5.155711996361737270e+00
5.163494239237257588e+00
5.163127856461524168e+00
5.154443263830294164e+00
5.137398739263424829e+00
5.112086251361146694e+00
5.078734971645468832e+00
5.037712210338363583e+00
4.989521600838362048e+00
4.934798441503608579e+00
4.874302181732614869e+00
4.808906109195704381e+00
4.739584354362042617e+00
4.667396382040721825e+00
4.593469198517241558e+00
4.518977574661984242e+00
4.445122666776228471e+00
4.373109498764065073e+00
4.304123845694107331e+00
4.239309125237467946e+00
4.179743949252938684e+00
4.126420999961165847e+00
4.080227866599408060e+00
4.041930409659173051e+00
4.012159116646608403e+00
3.991398785502455748e+00
3.979981731373526621e+00
3.978084571468116337e+00
3.985728511924042650e+00
4.002782947995441098e+00
4.028972096864563035e+00
4.063884306100458588e+00
4.106983614827875329e+00
4.157623094590565671e+00
4.215059479391152664e+00
4.278468621077999856e+00
4.346961367612292015e+00
4.419599532178578372e+00
4.495411681153548500e+00
4.573408516877381480e+00
4.652597672212366753e+00
4.731997768442263386e+00
4.810651614494905637e+00
4.887638445268981613e+00
4.962085111486348232e+00
5.033176141477083476e+00
5.100162597243930840e+00
5.162369649624599433e+00
5.219202808311966812e+00
5.270152765840715681e+00
5.314798848807994247e+00
5.352811105736240194e+00
5.383951085602302733e+00
5.408071368071994733e+00
5.425113904710115342e+00
5.435107233538563065e+00
5.438162643359458315e+00
5.434469387547072650e+00
5.424289072990442939e+00
5.407949368297500392e+00
5.385837177413505650e+00
5.358391408480507323e+00
5.326095439386360653e+00
5.289469354228303111e+00
5.249062012956049905e+00
5.205443025955462488e+00
5.159194731268239131e+00
5.110904304044876056e+00
5.061156157536648159e+00
5.010524816729450492e+00
4.959568451672421219e+00
4.908823240389021514e+00
4.858798692717259726e+00
4.809974015550494642e+00
4.762795542259691928e+00
4.717675184650277131e+00
4.674989799702617965e+00
4.635081311108529611e+00
4.598257403317915326e+00
4.564792615951121846e+00
4.534929695801461769e+00
4.508881094000474654e+00
4.486830516135537295e+00
4.468934442905776017e+00
4.455323543749982740e+00
4.446103911541644749e+00
4.441358057162076101e+00
4.441145619623780405e+00
4.445503768270387290e+00
4.454447296241032639e+00
4.467968425948262379e+00
4.486036361164345898e+00
4.508596623211158949e+00
4.535570209906754080e+00
4.566852628402186198e+00
4.602312877482164666e+00
4.641792479539103233e+00
4.685104677135677242e+00
4.732033913626797705e+00
4.782335715914276975e+00
4.835737089527779808e+00
4.891937516824887311e+00
4.950610616230924244e+00
5.011406478346882132e+00
5.073954649802912442e+00
5.137867692580773138e+00
5.202745209482868560e+00
5.268178203146568706e+00
5.333753635760978717e+00
5.399059080360027352e+00
5.463687388255573651e+00
5.527241320773534028e+00
5.589338096168970260e+00
5.649613787688048561e+00
5.707727487320561011e+00
5.763365132970354132e+00
5.816242890036595448e+00
5.866109981046103705e+00
5.912750867309959801e+00
5.955986704895034123e+00
5.995676024657835335e+00
6.031714623813246412e+00
6.064034702503325214e+00
6.092603324610402993e+00
6.117420316397367941e+00
6.138515731748739768e+00
6.155947007101035595e+00
6.169795908151215258e+00
6.180165346781620883e+00
6.187176134714099440e+00
6.190963746303189019e+00
6.191675176597684960e+00
6.189465983542318028e+00
6.184497588785891509e+00
6.176934893865443144e+00
6.166944260981659376e+00
6.154691905194745516e+00
6.140342734797379798e+00
6.124059656661571260e+00
6.106003340627017550e+00
6.086332415777868654e+00
6.065204050159179516e+00
6.042774840123099622e+00
6.019201904124057201e+00
5.994644046857447783e+00
5.969262852375289974e+00
5.943223590031585069e+00
5.916695861130736311e+00
5.889853950924121229e+00
5.862876865429800688e+00
5.835948029593299502e+00
5.809254618529668512e+00
5.782986503528396049e+00
5.757334823134879542e+00
5.732490225038074705e+00
5.708640851767236235e+00
5.685970155107789026e+00
5.664654619847212302e+00
5.644861461575783501e+00
5.626746345912862601e+00
5.610451164561466086e+00
5.596101894009096078e+00
5.583806552088216968e+00
5.573653262216539339e+00
5.565708443019837581e+00
5.560015159820300923e+00
5.556591693801998133e+00
5.555430396045379027e+00
5.556496894576910428e+00
5.559729717330072596e+00
5.565040389534854803e+00
5.572314060114906376e+00
5.581410699086598370e+00
5.592166882456996113e+00
5.604398149429065334e+00
5.617901887172889630e+00
5.632460674638546827e+00
5.647846001471380717e+00
5.663822272982168116e+00
5.680151013125701809e+00
5.696595174426406061e+00
5.712923448257932968e+00
5.728914441744323405e+00
5.744360561723333092e+00
5.759071438914275198e+00
5.772876744823591366e+00
5.785628294670580374e+00
5.797201379376243580e+00
5.807495315839481975e+00
5.816433239153776746e+00
5.823961185399447515e+00
5.830046541762612833e+00
5.834675980461883960e+00
5.837853036308862542e+00
5.839595518499969273e+00
5.839932956060636116e+00
5.838904262479180929e+00
5.836555772212387083e+00
5.832939756970016987e+00
5.828113479086080240e+00
5.822138784183469973e+00
5.815082179240725679e+00
5.807015298592957286e+00
5.798015643735256575e+00
5.788167489958889078e+00
5.777562863963174422e+00
5.766302499432961248e+00
5.754496680632158245e+00
5.742265897842326439e+00
5.729741257765160078e+00
5.717064606185189746e+00
5.704388327013112381e+00
5.691874782261105103e+00
5.679695350427804712e+00
5.668029011105931936e+00
5.657060425132079295e+00
5.646977482978043028e+00
5.637968336477324982e+00
5.630217977378795702e+00
5.623904470106444897e+00
5.619194984637925216e+00
5.616241810619615471e+00
5.615178560655743389e+00
5.616116777919452296e+00
5.619143143165491239e+00
5.624317431972666981e+00
5.631671315333826477e+00
5.641208034160011486e+00
5.652902913228398774e+00
5.666704614419619368e+00
5.682536970279576494e+00
5.700301197153593513e+00
5.719878267614122436e+00
5.741131225231196566e+00
5.763907252453059016e+00
5.788039354585579943e+00
5.813347591037971718e+00
5.839639854649065320e+00
5.866712261762055292e+00
5.894349269768285104e+00
5.922323685811804239e+00
5.950396763298950731e+00
5.978318591186013720e+00
6.005828959768615860e+00
6.032658839405534046e+00
6.058532545573100059e+00
6.083170598871298296e+00
6.106293233924240837e+00
6.127624471506207371e+00
6.146896641882818813e+00
6.163855227127729819e+00
6.178263867364132800e+00
6.189909350150157863e+00
6.198606385797608809e+00
6.204201976387201611e+00
6.206579211781109606e+00
6.205660363195661056e+00
6.201409186866870371e+00
6.193832390663541965e+00
6.182980245629530636e+00
6.168946334504981088e+00
6.151866423722938571e+00
6.131916441650248295e+00
6.109309563886079708e+00
6.084292451185454809e+00
6.057140742380314080e+00
6.028153952588032993e+00
5.997649955189468862e+00
5.965959237958880834e+00
5.933419127269444537e+00
5.900368170206513163e+00
5.867140846375353824e+00
5.834062745977372622e+00
5.801446303279798933e+00
5.769587123459497313e+00
5.738760894388140521e+00
5.709220841365433508e+00
5.681195666700535440e+00
5.654887914943419247e+00
5.630472711341852232e+00
5.608096828364288911e+00
5.587878038644586987e+00
5.569904714335144114e+00
5.554235637692553240e+00
5.540899996186669618e+00
5.529897543095478873e+00
5.521198910339409238e+00
5.514746069670207085e+00
5.510452957795697770e+00
5.508206311759598961e+00
5.507866796060085335e+00
5.509270529294857610e+00
5.512231122767340175e+00
5.516542323030471096e+00
5.521981311417579086e+00
5.528312665041426044e+00
5.535292930877922402e+00
5.542675710058301952e+00
5.550217097590628867e+00
5.557681282382331389e+00
5.564846092905074038e+00
5.571508275401432009e+00
5.577488305089842946e+00
5.582634548776599814e+00
5.586826621947632354e+00
5.589977823240259269e+00
5.592036586538656096e+00
5.592986955564829721e+00
5.592848143219885770e+00
5.591673279886761883e+00
5.589547478986006901e+00
5.586585354365309009e+00
5.582928116461239654e+00
5.578740357662488769e+00
5.574206613761459650e+00
5.569527759222695273e+00
5.564917264326330937e+00
5.560597318479256757e+00
5.556794810101985505e+00
5.553737151038484754e+00
5.551647942108929534e+00
5.550742492800750050e+00
5.551223227519606063e+00
5.553275033009126282e+00
5.557060628141819336e+00
5.562716063527855859e+00
5.570346476922812151e+00
5.580022241698785912e+00
5.591775655360488706e+00
5.605598324031673130e+00
5.621439399716245511e+00
5.639204808976296057e+00
5.658757569460484582e+00
5.679919233562962688e+00
5.702472443727686802e+00
5.726164541324214596e+00
5.750712137941780711e+00
5.775806529787709032e+00
5.801119814342367675e+00
5.826311557329438173e+00
5.851035855068702496e+00
5.874948632561011408e+00
5.897715002275605300e+00
5.919016484537863221e+00
5.938557870532441108e+00
5.956073507924850574e+00
5.971332815979857322e+00
5.984144891664689325e+00
5.994362137915304700e+00
6.001882907029959746e+00
6.006653185839294196e+00
6.008667351115311028e+00
6.007968007257827203e+00
6.004644904554277574e+00
5.998832940681254833e+00
5.990709272374049377e+00
5.980489598815873720e+00
5.968423712070189957e+00
5.954790435753934297e+00
5.939892088214612009e+00
5.924048611682740884e+00
5.907591507964393251e+00
5.890857716333897542e+00
5.874183559533069143e+00
5.857898869747495851e+00
5.842321390920826474e+00
5.827751538210216076e+00
5.814467581265338580e+00
5.802721309735821897e+00
5.792734238668082014e+00
5.784694411196323216e+00
5.778753846141271744e+00
5.775026655064378289e+00
5.773587820533633064e+00
5.774472593706127199e+00
5.777676448366069195e+00
5.783155531390461235e+00
5.790827572590974803e+00
5.800573240836131461e+00
5.812237941100351968e+00
5.825634039432631361e+00
5.840543492467010545e+00
5.856720851682952755e+00
5.873896606784338559e+00
5.891780824375329573e+00
5.910067030612176531e+00
5.928436283650635019e+00
5.946561383917221555e+00
5.964111176453455343e+00
5.980754910979042549e+00
5.996166644644880250e+00
6.010029697949522465e+00
6.022041195063374985e+00
6.031916721080725630e+00
6.039395103303498047e+00
6.044243277547461268e+00
6.046261148915097472e+00
6.045286314157873875e+00
6.041198483763853488e+00
6.033923419628639095e+00
6.023436183450048276e+00
6.009763478470146580e+00
5.992984876409798822e+00
5.973232759956065507e+00
5.950690875835523030e+00
5.925591475310477918e+00
5.898211106084106703e+00
5.868865196818469521e+00
5.837901628060445880e+00
5.805693506808865756e+00
5.772631365455064056e+00
5.739115003564755568e+00
5.705545190271450906e+00
5.672315445048958793e+00
5.639804115458056266e+00
5.608366976701224971e+00
5.578330587546576957e+00
5.549986636312482347e+00
5.523587487072009417e+00
5.499343091803474692e+00
5.477419376149628150e+00
5.457938137662431188e+00
5.440978418153858520e+00
5.426579232595935665e+00
5.414743463626089159e+00
5.405442668560199060e+00
5.398622499083071347e+00
5.394208405933638595e+00
5.392111292287291135e+00
5.392232786433967640e+00
5.394469824076282727e+00
5.398718268884074689e+00
5.404875368643049072e+00
5.412840946578146628e+00
5.422517347672126675e+00
5.433808272442854026e+00
5.446616716685545256e+00
5.460842289242306968e+00
5.476378203197968197e+00
5.493108232797044188e+00
5.510903902789204167e+00
5.529622135235189972e+00
5.549103528435220589e+00
5.569171386650411115e+00
5.589631556025380199e+00
5.610273054086735378e+00
5.630869421931288699e+00
5.651180697842382195e+00
5.670955912185959846e+00
5.689936021934248522e+00
5.707857220749554372e+00
5.724454566241801601e+00
5.739465858845814950e+00
5.752635691795499717e+00
5.763719572286139403e+00
5.772487990869119123e+00
5.778730294286348546e+00
5.782258205880885349e+00
5.782908843073904848e+00
5.780547099298267710e+00
5.775067279586696856e+00
5.766393901580241454e+00
5.754481602212802471e+00
5.739314129300907119e+00
5.720902443188547792e+00
5.699281997994523508e+00
5.674509307634957089e+00
5.646657924954272545e+00
5.615813975166966898e+00
5.582071398194650591e+00
5.545527081705056816e+00
5.506276108734101449e+00
5.464407384316130489e+00
5.419999923712514267e+00
5.373120070853724783e+00
5.323819875641230936e+00
5.272136807361437860e+00
5.218094927320897192e+00
5.161707583716258263e+00
5.102981618987986856e+00
5.041922993186286561e+00
4.978543631776200407e+00
4.912869213384941425e+00
4.844947533254137184e+00
4.774857016810921451e+00
4.702714914531938462e+00
4.628684687156296107e+00
4.552982099361670087e+00
4.475879588595963021e+00
4.397708562393658482e+00
4.318859392596456459e+00
4.239779005463449657e+00
4.160966099869251700e+00
4.082964151161354138e+00
4.006352468506847231e+00
3.931735666052408096e+00
3.859731983193219751e+00
3.790960942813845769e+00
3.726030859773290516e+00
3.665526701922951602e+00
3.609998769630263560e+00
3.559952605011770910e+00
3.515840471600901296e+00
3.478054663327356799e+00
3.446922816536845069e+00
3.422705313822070661e+00
3.405594780057151105e+00
3.395717575460767357e+00
3.393137088698262804e+00
3.397858530707608349e+00
3.409834837674572849e+00
3.428973222687245581e+00
3.455141878384852205e+00
3.488176325951259926e+00
3.527884924205036299e+00
3.574053094424437305e+00
3.626445879705171738e+00
3.684808537124035333e+00
3.748864954385671577e+00
3.818313792109224281e+00
3.892822378943779693e+00
3.972018523229735365e+00
4.055480541614753243e+00
4.142725932320614035e+00
4.233199232824137681e+00
4.326259696029272739e+00
4.421169491646163685e+00
4.517083181306931650e+00
4.613039218114273865e+00
4.707954184094623074e+00
4.800620409934338362e+00
4.889707527956868915e+00
4.973768399163120080e+00
5.051249737937991036e+00
5.120507640424797557e+00
5.179828104625123331e+00
5.227452509968240513e+00
5.261607901276498467e+00
5.280541796013363154e+00
5.282561100901736140e+00
5.266074578516473537e+00
5.229638138626572896e+00
5.172002038374190036e+00
5.092158867037818837e+00
4.989390983946793590e+00
4.863315891706134764e+00
4.713927874883860447e+00
4.541634126461001841e+00
4.347283528179866074e+00
4.132186250286634888e+00
3.898122392136932124e+00
3.647338001080696390e+00
3.382526992217154582e+00
3.106797756868497462e+00
2.823623596839715422e+00
2.536776550805190489e+00
2.250244685834409175e+00
1.968133515845624126e+00
1.694552888092788256e+00
1.433491455599676057e+00
1.188681732320214124e+00
9.634597118982943798e-01
7.606241234624636638e-01
5.823016024073708330e-01
4.298253704055747249e-01
3.036364374518423781e-01
2.032178382734714239e-01
1.270739672954519506e-01
7.276865648641535345e-02
3.703723861012839930e-02
1.598945351498795922e-02
5.421686183186799277e-03
1.258672807553681220e-03
1.464793108845846819e-04
