-1.136857986450195312e+00 -3.587074577808380127e-01 -4.196813106536865234e+00
-1.154155492782592773e+00 -4.295780360698699951e-01 -4.335091114044189453e+00
-1.168143987655639648e+00 -5.118952989578247070e-01 -4.466885566711425781e+00
-1.180208921432495117e+00 -6.000465750694274902e-01 -4.592864036560058594e+00
-1.191056132316589355e+00 -6.796272993087768555e-01 -4.698076248168945312e+00
-1.199361085891723633e+00 -7.812156081199645996e-01 -4.799716472625732422e+00
-1.206470131874084473e+00 -8.858562707901000977e-01 -4.896116733551025391e+00
-1.209461927413940430e+00 -9.958586692810058594e-01 -4.979723453521728516e+00
-1.208432435989379883e+00 -1.113928794860839844e+00 -5.044767379760742188e+00
-1.203480720520019531e+00 -1.242127776145935059e+00 -5.086203098297119141e+00
-1.193414092063903809e+00 -1.372935533523559570e+00 -5.108902454376220703e+00
-1.176610469818115234e+00 -1.501612663269042969e+00 -5.107607841491699219e+00
-1.156089901924133301e+00 -1.627544999122619629e+00 -5.089993000030517578e+00
-1.144815206527709961e+00 -1.725642561912536621e+00 -5.103914737701416016e+00
-1.129488706588745117e+00 -1.819161534309387207e+00 -5.099997043609619141e+00
-1.112619400024414062e+00 -1.905743241310119629e+00 -5.078695297241210938e+00
-1.089377164840698242e+00 -2.006395816802978516e+00 -5.007433891296386719e+00
-1.069942116737365723e+00 -2.094829559326171875e+00 -4.912041187286376953e+00
-1.047383189201354980e+00 -2.182095527648925781e+00 -4.756038188934326172e+00
-1.032598853111267090e+00 -2.227567434310913086e+00 -4.595592975616455078e+00
-1.017183899879455566e+00 -2.256516456604003906e+00 -4.427457332611083984e+00
-9.981607794761657715e-01 -2.278628110885620117e+00 -4.246658802032470703e+00
-9.763533473014831543e-01 -2.293109178543090820e+00 -4.057707309722900391e+00
-9.385361671447753906e-01 -2.260813474655151367e+00 -3.825893878936767578e+00
-8.903967738151550293e-01 -2.210016012191772461e+00 -3.598846912384033203e+00
-8.400022387504577637e-01 -2.152777194976806641e+00 -3.370546817779541016e+00
-8.046566843986511230e-01 -2.075086116790771484e+00 -3.191254377365112305e+00
-7.820255756378173828e-01 -1.980319380760192871e+00 -3.054908037185668945e+00
-7.584992647171020508e-01 -1.882508754730224609e+00 -2.921482324600219727e+00
-7.343332171440124512e-01 -1.782634258270263672e+00 -2.792442321777343750e+00
-7.097778916358947754e-01 -1.681663870811462402e+00 -2.669102191925048828e+00
-6.843459606170654297e-01 -1.577470898628234863e+00 -2.552680492401123047e+00
-6.640458703041076660e-01 -1.475823640823364258e+00 -2.465538024902343750e+00
-6.496152281761169434e-01 -1.381102204322814941e+00 -2.397908210754394531e+00
-6.351759433746337891e-01 -1.288134694099426270e+00 -2.337335348129272461e+00
-6.208537220954895020e-01 -1.197607994079589844e+00 -2.284070968627929688e+00
-6.069358587265014648e-01 -1.113935947418212891e+00 -2.235938310623168945e+00
-5.939146876335144043e-01 -1.046165347099304199e+00 -2.187543392181396484e+00
-5.810108780860900879e-01 -9.765372276306152344e-01 -2.159502267837524414e+00
-5.654013156890869141e-01 -9.209815263748168945e-01 -2.129611730575561523e+00
-5.467848181724548340e-01 -8.787851333618164062e-01 -2.095431804656982422e+00
-5.294252038002014160e-01 -8.394705653190612793e-01 -2.068345308303833008e+00
-5.130523443222045898e-01 -7.868873476982116699e-01 -2.057048797607421875e+00
-5.013836622238159180e-01 -7.275289893150329590e-01 -2.058578729629516602e+00
-4.906871914863586426e-01 -6.742241978645324707e-01 -2.059039354324340820e+00
-4.781830608844757080e-01 -6.289973855018615723e-01 -2.053808450698852539e+00
-4.659115672111511230e-01 -5.864650607109069824e-01 -2.053794622421264648e+00
-4.556229114532470703e-01 -5.465688109397888184e-01 -2.057505369186401367e+00
-4.470292925834655762e-01 -5.091905593872070312e-01 -2.064344406127929688e+00
-4.398542344570159912e-01 -4.741831421852111816e-01 -2.073735475540161133e+00
-4.338333904743194580e-01 -4.413765966892242432e-01 -2.085128068923950195e+00
-4.287294447422027588e-01 -4.103886783123016357e-01 -2.098398685455322266e+00
-4.244721829891204834e-01 -3.778127431869506836e-01 -2.119492769241333008e+00
-4.206827580928802490e-01 -3.470941185951232910e-01 -2.140701293945312500e+00
-4.171828329563140869e-01 -3.180313706398010254e-01 -2.161654472351074219e+00
-4.138193726539611816e-01 -2.904275953769683838e-01 -2.182039737701416016e+00
-4.104657173156738281e-01 -2.640936970710754395e-01 -2.201600074768066406e+00
-4.070138335227966309e-01 -2.410286217927932739e-01 -2.221043586730957031e+00
-4.033940434455871582e-01 -2.186548411846160889e-01 -2.239212512969970703e+00
-3.995528519153594971e-01 -1.967589110136032104e-01 -2.255979061126708984e+00
-3.954591155052185059e-01 -1.752148270606994629e-01 -2.271289110183715820e+00
-3.911019861698150635e-01 -1.539184004068374634e-01 -2.285132884979248047e+00
-3.874534070491790771e-01 -1.352060139179229736e-01 -2.296497344970703125e+00
-3.844586014747619629e-01 -1.188256219029426575e-01 -2.305527210235595703e+00
-3.813138306140899658e-01 -1.026480197906494141e-01 -2.313212394714355469e+00
-3.780625164508819580e-01 -8.664797991514205933e-02 -2.319665431976318359e+00
-3.747520744800567627e-01 -7.080990076065063477e-02 -2.325017929077148438e+00
-3.714345693588256836e-01 -5.512814223766326904e-02 -2.329416275024414062e+00
-3.681625127792358398e-01 -3.960588574409484863e-02 -2.333012104034423828e+00
-3.649909198284149170e-01 -2.425441518425941467e-02 -2.335962772369384766e+00
-3.619711101055145264e-01 -9.092714637517929077e-03 -2.338420391082763672e+00
-3.591540455818176270e-01 5.850927904248237610e-03 -2.340533494949340820e+00
-3.565855622291564941e-01 2.054311521351337433e-02 -2.342440128326416016e+00
-3.558608889579772949e-01 3.411346673965454102e-02 -2.339354515075683594e+00
-3.554633557796478271e-01 4.734298586845397949e-02 -2.336297512054443359e+00
-3.554028570652008057e-01 6.018884479999542236e-02 -2.333429336547851562e+00
-3.556952178478240967e-01 7.259590178728103638e-02 -2.330853700637817383e+00
-3.563497662544250488e-01 8.450684696435928345e-02 -2.328661918640136719e+00
-3.573674261569976807e-01 9.585958719253540039e-02 -2.326930522918701172e+00
-3.587434291839599609e-01 1.065913289785385132e-01 -2.325722932815551758e+00
-3.604654371738433838e-01 1.166383102536201477e-01 -2.325091123580932617e+00
-3.625147938728332520e-01 1.259387731552124023e-01 -2.325073242187500000e+00
-3.648687005043029785e-01 1.344326138496398926e-01 -2.325699329376220703e+00
-3.674977421760559082e-01 1.420649439096450806e-01 -2.326989412307739258e+00
-3.703432679176330566e-01 1.487045288085937500e-01 -2.329054355621337891e+00
-3.734067678451538086e-01 1.544294804334640503e-01 -2.331753015518188477e+00
-3.766516149044036865e-01 1.592126190662384033e-01 -2.335077285766601562e+00
-3.800366520881652832e-01 1.630309373140335083e-01 -2.339024066925048828e+00
-3.835192322731018066e-01 1.658724993467330933e-01 -2.343583106994628906e+00
-3.870266377925872803e-01 1.676418334245681763e-01 -2.348862171173095703e+00
-3.901766538619995117e-01 1.682564914226531982e-01 -2.353811979293823242e+00
-3.928156793117523193e-01 1.677117943763732910e-01 -2.358072757720947266e+00
-3.953946530818939209e-01 1.662645041942596436e-01 -2.362938165664672852e+00
-3.978906869888305664e-01 1.639820039272308350e-01 -2.368409872055053711e+00
-4.002833962440490723e-01 1.609469801187515259e-01 -2.374484062194824219e+00
-4.025560617446899414e-01 1.572534292936325073e-01 -2.381155490875244141e+00
-4.046948850154876709e-01 1.530087739229202271e-01 -2.388413429260253906e+00
-4.066904485225677490e-01 1.483294218778610229e-01 -2.396244287490844727e+00
-4.084347784519195557e-01 1.432619690895080566e-01 -2.404341697692871094e+00
-4.099051058292388916e-01 1.379182934761047363e-01 -2.412621021270751953e+00
-4.112101495265960693e-01 1.325132250785827637e-01 -2.421366691589355469e+00
-4.123533368110656738e-01 1.271772384643554688e-01 -2.430545806884765625e+00
-4.133432805538177490e-01 1.220371052622795105e-01 -2.440123081207275391e+00
-4.141897261142730713e-01 1.172136291861534119e-01 -2.450061082839965820e+00
-4.149067997932434082e-01 1.128191575407981873e-01 -2.460320711135864258e+00
-4.155113399028778076e-01 1.089542955160140991e-01 -2.470865249633789062e+00
-4.160218536853790283e-01 1.057059466838836670e-01 -2.481653213500976562e+00
-4.164597094058990479e-01 1.031457856297492981e-01 -2.492646694183349609e+00
-4.168478548526763916e-01 1.013275161385536194e-01 -2.503809690475463867e+00
-4.172095060348510742e-01 1.002880632877349854e-01 -2.515105247497558594e+00
-4.175684452056884766e-01 1.000449731945991516e-01 -2.526497602462768555e+00
-4.179493188858032227e-01 1.005975157022476196e-01 -2.537954807281494141e+00
-4.183754026889801025e-01 1.019280627369880676e-01 -2.549442291259765625e+00
-4.188692867755889893e-01 1.040018647909164429e-01 -2.560926675796508789e+00
-4.194527864456176758e-01 1.067691221833229065e-01 -2.572375774383544922e+00
-4.201448261737823486e-01 1.101679950952529907e-01 -2.583752393722534180e+00
-4.209627211093902588e-01 1.141254678368568420e-01 -2.595023393630981445e+00
-4.219221472740173340e-01 1.185611858963966370e-01 -2.606148481369018555e+00
-4.230361878871917725e-01 1.233887746930122375e-01 -2.617089271545410156e+00
-4.243154823780059814e-01 1.285206973552703857e-01 -2.627802371978759766e+00
-4.257682859897613525e-01 1.338693499565124512e-01 -2.638243675231933594e+00
-4.272211194038391113e-01 1.385589241981506348e-01 -2.647756338119506836e+00
-4.284067749977111816e-01 1.413176655769348145e-01 -2.655368089675903320e+00
-4.297724962234497070e-01 1.440310180187225342e-01 -2.662543535232543945e+00
-4.313267469406127930e-01 1.466698795557022095e-01 -2.669257879257202148e+00
-4.330761432647705078e-01 1.492172926664352417e-01 -2.675487995147705078e+00
-4.350255727767944336e-01 1.516653001308441162e-01 -2.681208848953247070e+00
-4.371782541275024414e-01 1.540194749832153320e-01 -2.686398744583129883e+00
-4.395363628864288330e-01 1.562921702861785889e-01 -2.691038131713867188e+00
-4.420993328094482422e-01 1.585051566362380981e-01 -2.695106267929077148e+00
-4.448650479316711426e-01 1.606855690479278564e-01 -2.698587894439697266e+00
-4.478287398815155029e-01 1.628632247447967529e-01 -2.701472282409667969e+00
-4.509834349155426025e-01 1.650691777467727661e-01 -2.703750371932983398e+00
-4.543206989765167236e-01 1.673334687948226929e-01 -2.705421447753906250e+00
-4.578269720077514648e-01 1.696799397468566895e-01 -2.706489324569702148e+00
-4.614887535572052002e-01 1.721272468566894531e-01 -2.706966161727905273e+00
-4.652887582778930664e-01 1.746841967105865479e-01 -2.706870555877685547e+00
-4.692068397998809814e-01 1.773490607738494873e-01 -2.706228733062744141e+00
-4.732210338115692139e-01 1.801094710826873779e-01 -2.705074787139892578e+00
-4.773067235946655273e-01 1.829392611980438232e-01 -2.703447818756103516e+00
-4.814379215240478516e-01 1.858020871877670288e-01 -2.701393604278564453e+00
-4.855868220329284668e-01 1.886491775512695312e-01 -2.698964118957519531e+00
-4.897237420082092285e-01 1.914203464984893799e-01 -2.696213483810424805e+00
-4.934686422348022461e-01 1.930477321147918701e-01 -2.694295883178710938e+00
-4.968236684799194336e-01 1.935494095087051392e-01 -2.693168640136718750e+00
-5.000801086425781250e-01 1.937594115734100342e-01 -2.691889286041259766e+00
-5.032198429107666016e-01 1.936279237270355225e-01 -2.690481662750244141e+00
-5.062262415885925293e-01 1.931062489748001099e-01 -2.688968181610107422e+00
-5.090845227241516113e-01 1.921477317810058594e-01 -2.687368869781494141e+00
-5.117827653884887695e-01 1.907117962837219238e-01 -2.685701370239257812e+00
-5.143100023269653320e-01 1.887649446725845337e-01 -2.683981895446777344e+00
-5.166586041450500488e-01 1.862815320491790771e-01 -2.682224035263061523e+00
-5.188232064247131348e-01 1.832454502582550049e-01 -2.680441856384277344e+00
-5.206845998764038086e-01 1.791433095932006836e-01 -2.678249835968017578e+00
-5.220418572425842285e-01 1.730963885784149170e-01 -2.674974918365478516e+00
-5.232554078102111816e-01 1.666994243860244751e-01 -2.671841859817504883e+00
-5.243336558341979980e-01 1.599986851215362549e-01 -2.668867826461791992e+00
-5.252860188484191895e-01 1.530476957559585571e-01 -2.666065454483032227e+00
-5.261227488517761230e-01 1.459062993526458740e-01 -2.663436651229858398e+00
-5.268546938896179199e-01 1.386380046606063843e-01 -2.660978078842163086e+00
-5.274937748908996582e-01 1.313128769397735596e-01 -2.658679485321044922e+00
-5.280514359474182129e-01 1.240015402436256409e-01 -2.656521081924438477e+00
-5.281537771224975586e-01 1.160906180739402771e-01 -2.654775381088256836e+00
-5.276525020599365234e-01 1.073670461773872375e-01 -2.653535127639770508e+00
-5.270998477935791016e-01 9.886481612920761108e-02 -2.652343273162841797e+00
-5.265189409255981445e-01 9.066982567310333252e-02 -2.651153087615966797e+00
-5.259299278259277344e-01 8.286380022764205933e-02 -2.649909973144531250e+00
-5.253547430038452148e-01 7.552277296781539917e-02 -2.648558139801025391e+00
-5.248146057128906250e-01 6.871672719717025757e-02 -2.647044420242309570e+00
-5.243279337882995605e-01 6.250476092100143433e-02 -2.645311832427978516e+00
-5.239126086235046387e-01 5.693740397691726685e-02 -2.643307924270629883e+00
-5.235852599143981934e-01 5.205329507589340210e-02 -2.640983343124389648e+00
-5.233588218688964844e-01 4.787923395633697510e-02 -2.638293743133544922e+00
-5.232442617416381836e-01 4.443055391311645508e-02 -2.635199069976806641e+00
-5.232499837875366211e-01 4.170999675989151001e-02 -2.631668090820312500e+00
-5.232923626899719238e-01 3.969397395849227905e-02 -2.627227306365966797e+00
-5.234387516975402832e-01 3.837420791387557983e-02 -2.622188091278076172e+00
-5.237084627151489258e-01 3.772314637899398804e-02 -2.616646289825439453e+00
-5.240977406501770020e-01 3.770373761653900146e-02 -2.610601186752319336e+00
-5.246003270149230957e-01 3.827087581157684326e-02 -2.604060173034667969e+00
-5.247601866722106934e-01 3.984957933425903320e-02 -2.597149848937988281e+00
-5.248628854751586914e-01 4.207189381122589111e-02 -2.589820861816406250e+00
-5.250856876373291016e-01 4.468235373497009277e-02 -2.582063674926757812e+00
-5.254169106483459473e-01 4.762196540832519531e-02 -2.573915481567382812e+00
-5.258449316024780273e-01 5.083236843347549438e-02 -2.565426111221313477e+00
-5.263573527336120605e-01 5.425763130187988281e-02 -2.556648015975952148e+00
-5.269416570663452148e-01 5.784434825181961060e-02 -2.547640323638916016e+00
-5.275844335556030273e-01 6.153942644596099854e-02 -2.538467884063720703e+00
-5.282733440399169922e-01 6.529468297958374023e-02 -2.529197216033935547e+00
-5.289952754974365234e-01 6.906281411647796631e-02 -2.519898891448974609e+00
-5.297381877899169922e-01 7.280039787292480469e-02 -2.510647058486938477e+00
-5.304885506629943848e-01 7.646435499191284180e-02 -2.501514434814453125e+00
-5.312342047691345215e-01 8.001285046339035034e-02 -2.492578029632568359e+00
-5.319625735282897949e-01 8.340544998645782471e-02 -2.483911514282226562e+00
-5.326598286628723145e-01 8.660104125738143921e-02 -2.475587844848632812e+00
-5.333127379417419434e-01 8.955822139978408813e-02 -2.467679500579833984e+00
-5.332954525947570801e-01 9.114871174097061157e-02 -2.460721969604492188e+00
-5.330517888069152832e-01 9.214517474174499512e-02 -2.454423904418945312e+00
-5.327610969543457031e-01 9.285231679677963257e-02 -2.448688745498657227e+00
-5.324131846427917480e-01 9.323920309543609619e-02 -2.443557500839233398e+00
-5.319980978965759277e-01 9.327641874551773071e-02 -2.439063310623168945e+00
-5.315041542053222656e-01 9.293331205844879150e-02 -2.435231685638427734e+00
-5.309173464775085449e-01 9.218229353427886963e-02 -2.432078838348388672e+00
-5.302248001098632812e-01 9.099867194890975952e-02 -2.429612874984741211e+00
-5.294134020805358887e-01 8.936332166194915771e-02 -2.427834987640380859e+00
-5.284705162048339844e-01 8.726499229669570923e-02 -2.426736116409301758e+00
-5.273856520652770996e-01 8.470322936773300171e-02 -2.426302909851074219e+00
-5.261512994766235352e-01 8.168799430131912231e-02 -2.426516532897949219e+00
-5.247628688812255859e-01 7.824477553367614746e-02 -2.427349805831909180e+00
-5.235803723335266113e-01 7.351343333721160889e-02 -2.428384780883789062e+00
-5.224542617797851562e-01 6.793545186519622803e-02 -2.429749965667724609e+00
-5.212146639823913574e-01 6.203253567218780518e-02 -2.431598186492919922e+00
-5.198650360107421875e-01 5.592336505651473999e-02 -2.433894157409667969e+00
-5.184125900268554688e-01 4.974549263715744019e-02 -2.436601638793945312e+00
-5.168677568435668945e-01 4.365443438291549683e-02 -2.439678668975830078e+00
-5.152460932731628418e-01 3.781833499670028687e-02 -2.443079710006713867e+00
-5.135644674301147461e-01 3.241439163684844971e-02 -2.446751356124877930e+00
-5.118441581726074219e-01 2.762542478740215302e-02 -2.450639247894287109e+00
-5.101086497306823730e-01 2.363274805247783661e-02 -2.454679012298583984e+00
-5.083837509155273438e-01 2.061197720468044281e-02 -2.458805322647094727e+00
-5.066974163055419922e-01 1.872931607067584991e-02 -2.462947368621826172e+00
-5.050427913665771484e-01 1.804520748555660248e-02 -2.467056035995483398e+00
-5.032253265380859375e-01 1.814320497214794159e-02 -2.471219062805175781e+00
-5.011922717094421387e-01 2.036260999739170074e-02 -2.475251197814941406e+00
-4.991900920867919922e-01 2.454610727727413177e-02 -2.479012489318847656e+00
-4.973598718643188477e-01 3.061862848699092865e-02 -2.482400655746459961e+00
-4.957348108291625977e-01 3.858716040849685669e-02 -2.485351085662841797e+00
-4.943467378616333008e-01 4.841622710227966309e-02 -2.487809896469116211e+00
-4.932245016098022461e-01 6.003063172101974487e-02 -2.489733695983886719e+00
-4.923930168151855469e-01 7.331281155347824097e-02 -2.491092205047607422e+00
-4.919380545616149902e-01 8.713117986917495728e-02 -2.491228103637695312e+00
-4.928675293922424316e-01 9.847832471132278442e-02 -2.488834619522094727e+00
-4.938239455223083496e-01 1.099464073777198792e-01 -2.486047267913818359e+00
-4.951409101486206055e-01 1.219731792807579041e-01 -2.482661247253417969e+00
-4.968209862709045410e-01 1.344046741724014282e-01 -2.478741645812988281e+00
-4.988470673561096191e-01 1.470557153224945068e-01 -2.474378585815429688e+00
-5.011957883834838867e-01 1.597351878881454468e-01 -2.469677448272705078e+00
-5.038353204727172852e-01 1.722488850355148315e-01 -2.464755058288574219e+00
-5.067282319068908691e-01 1.844040602445602417e-01 -2.459737539291381836e+00
-5.098297595977783203e-01 1.960125565528869629e-01 -2.454755783081054688e+00
-5.130894184112548828e-01 2.068946063518524170e-01 -2.449944257736206055e+00
-5.164507031440734863e-01 2.168828845024108887e-01 -2.445432662963867188e+00
-5.202745795249938965e-01 2.234756052494049072e-01 -2.442592144012451172e+00
-5.241681337356567383e-01 2.283696085214614868e-01 -2.440563917160034180e+00
-5.279029011726379395e-01 2.323414236307144165e-01 -2.438972234725952148e+00
-5.314046144485473633e-01 2.353372573852539062e-01 -2.437877178192138672e+00
-5.345981121063232422e-01 2.373187094926834106e-01 -2.437322616577148438e+00
-5.374120473861694336e-01 2.382652312517166138e-01 -2.437333345413208008e+00
-5.397785902023315430e-01 2.381729930639266968e-01 -2.437916040420532227e+00
-5.416358709335327148e-01 2.370551675558090210e-01 -2.439057350158691406e+00
-5.429293513298034668e-01 2.349417209625244141e-01 -2.440726995468139648e+00
-5.436120033264160156e-01 2.318781763315200806e-01 -2.442875623703002930e+00
-5.436470508575439453e-01 2.279234826564788818e-01 -2.445441007614135742e+00
-5.430074334144592285e-01 2.231512516736984253e-01 -2.448346376419067383e+00
-5.416780114173889160e-01 2.176447957754135132e-01 -2.451506853103637695e+00
-5.396542549133300781e-01 2.114968895912170410e-01 -2.454828977584838867e+00
-5.369442105293273926e-01 2.048073858022689819e-01 -2.458215951919555664e+00
-5.336835980415344238e-01 1.970301568508148193e-01 -2.461915493011474609e+00
-5.302498340606689453e-01 1.863394230604171753e-01 -2.466857433319091797e+00
-5.262520313262939453e-01 1.752483695745468140e-01 -2.471669912338256836e+00
-5.217306017875671387e-01 1.639123111963272095e-01 -2.476236581802368164e+00
-5.167362093925476074e-01 1.524834483861923218e-01 -2.480451345443725586e+00
-5.113260149955749512e-01 1.411070376634597778e-01 -2.484215259552001953e+00
-5.055632591247558594e-01 1.299200803041458130e-01 -2.487441539764404297e+00
-4.994022250175476074e-01 1.185423508286476135e-01 -2.489662408828735352e+00
-4.938585758209228516e-01 1.041840091347694397e-01 -2.489446163177490234e+00
-4.883319139480590820e-01 9.014607220888137817e-02 -2.488454580307006836e+00
-4.826679825782775879e-01 7.711818814277648926e-02 -2.486920833587646484e+00
-4.769384562969207764e-01 6.520675122737884521e-02 -2.484845161437988281e+00
-4.712137281894683838e-01 5.449505150318145752e-02 -2.482239246368408203e+00
-4.655654728412628174e-01 4.504599422216415405e-02 -2.479124784469604492e+00
-4.600627422332763672e-01 3.689632564783096313e-02 -2.475533008575439453e+00
-4.547707736492156982e-01 3.006589598953723907e-02 -2.471501827239990234e+00
-4.497509002685546875e-01 2.455082349479198456e-02 -2.467077255249023438e+00
-4.450603127479553223e-01 2.032803185284137726e-02 -2.462309837341308594e+00
-4.407493174076080322e-01 1.735786162316799164e-02 -2.457253456115722656e+00
-4.368620812892913818e-01 1.558164320886135101e-02 -2.451965332031250000e+00
-4.334353506565093994e-01 1.492846198379993439e-02 -2.446501255035400391e+00
-4.304990768432617188e-01 1.531349867582321167e-02 -2.440918922424316406e+00
-4.280756711959838867e-01 1.664258353412151337e-02 -2.435274362564086914e+00
-4.261789917945861816e-01 1.881329901516437531e-02 -2.429619312286376953e+00
-4.248168170452117920e-01 2.171977795660495758e-02 -2.424006223678588867e+00
-4.239886105060577393e-01 2.525242231786251068e-02 -2.418483018875122070e+00
-4.236884713172912598e-01 2.930324710905551910e-02 -2.413095712661743164e+00
-4.239024221897125244e-01 3.376714885234832764e-02 -2.407887935638427734e+00
-4.246126413345336914e-01 3.854546695947647095e-02 -2.402900457382202148e+00
-4.257951080799102783e-01 4.354435205459594727e-02 -2.398173570632934570e+00
-4.272701442241668701e-01 4.797635972499847412e-02 -2.393203735351562500e+00
-4.290283322334289551e-01 5.187346786260604858e-02 -2.388107061386108398e+00
-4.311499893665313721e-01 5.570616573095321655e-02 -2.383326530456542969e+00
-4.335972070693969727e-01 5.942618846893310547e-02 -2.378893375396728516e+00
-4.363315701484680176e-01 6.299602985382080078e-02 -2.374835968017578125e+00
-4.393120110034942627e-01 6.639076024293899536e-02 -2.371178865432739258e+00
-4.424970149993896484e-01 6.959723681211471558e-02 -2.367941617965698242e+00
-4.458453357219696045e-01 7.261551916599273682e-02 -2.365137338638305664e+00
-4.493150711059570312e-01 7.545434683561325073e-02 -2.362771034240722656e+00
-4.528652429580688477e-01 7.813568413257598877e-02 -2.360840320587158203e+00
-4.564555585384368896e-01 8.068869262933731079e-02 -2.359328746795654297e+00
-4.600462913513183594e-01 8.315116167068481445e-02 -2.358207941055297852e+00
-4.634905755519866943e-01 8.522166311740875244e-02 -2.356768369674682617e+00
-4.667471051216125488e-01 8.693868666887283325e-02 -2.354928016662597656e+00
-4.698952734470367432e-01 8.871544152498245239e-02 -2.353306293487548828e+00
-4.729026257991790771e-01 9.061143547296524048e-02 -2.351813316345214844e+00
-4.757364988327026367e-01 9.268157184123992920e-02 -2.350333690643310547e+00
-4.783675074577331543e-01 9.497652947902679443e-02 -2.348728418350219727e+00
-4.807645976543426514e-01 9.754163026809692383e-02 -2.346830368041992188e+00
-4.828993380069732666e-01 1.004124879837036133e-01 -2.344447851181030273e+00
-4.840372800827026367e-01 1.044334992766380310e-01 -2.341577291488647461e+00
-4.849038124084472656e-01 1.087525114417076111e-01 -2.337755441665649414e+00
-4.855254888534545898e-01 1.133177205920219421e-01 -2.332710027694702148e+00
-4.858727455139160156e-01 1.181346997618675232e-01 -2.326173305511474609e+00
-4.860778450965881348e-01 1.227977946400642395e-01 -2.317694664001464844e+00
-4.866452813148498535e-01 1.259705722332000732e-01 -2.306421518325805664e+00
-4.869954586029052734e-01 1.290232837200164795e-01 -2.292675018310546875e+00
-4.871093034744262695e-01 1.319333612918853760e-01 -2.276189804077148438e+00
-4.869703054428100586e-01 1.346811950206756592e-01 -2.256719827651977539e+00
-4.865656495094299316e-01 1.372518390417098999e-01 -2.234050750732421875e+00
-4.858875274658203125e-01 1.396371722221374512e-01 -2.208004951477050781e+00
-4.849344491958618164e-01 1.418378353118896484e-01 -2.178450345993041992e+00
-4.837126731872558594e-01 1.438635438680648804e-01 -2.145308017730712891e+00
-4.822365343570709229e-01 1.457349061965942383e-01 -2.108558893203735352e+00
-4.805301725864410400e-01 1.474846303462982178e-01 -2.068248033523559570e+00
-4.786277413368225098e-01 1.491568237543106079e-01 -2.024489879608154297e+00
-4.765742421150207520e-01 1.508073508739471436e-01 -1.977471351623535156e+00
-4.744252860546112061e-01 1.525056064128875732e-01 -1.927450180053710938e+00
-4.722482860088348389e-01 1.543302088975906372e-01 -1.874758005142211914e+00
-4.700851142406463623e-01 1.567332595586776733e-01 -1.819806575775146484e+00
-4.678815007209777832e-01 1.612916439771652222e-01 -1.763113260269165039e+00
-4.651235640048980713e-01 1.643722504377365112e-01 -1.703266739845275879e+00
-4.616094827651977539e-01 1.651812791824340820e-01 -1.640078067779541016e+00
-4.585067629814147949e-01 1.671653985977172852e-01 -1.576841473579406738e+00
-4.559589922428131104e-01 1.705678105354309082e-01 -1.514283657073974609e+00
-4.541121721267700195e-01 1.756285876035690308e-01 -1.453155398368835449e+00
-4.584732055664062500e-01 1.882512122392654419e-01 -1.402693271636962891e+00
-4.675346910953521729e-01 2.069026529788970947e-01 -1.361039400100708008e+00
-4.779649376869201660e-01 2.281053960323333740e-01 -1.323442459106445312e+00
-4.898675084114074707e-01 2.520001232624053955e-01 -1.290567874908447266e+00
-5.033364295959472656e-01 2.786982059478759766e-01 -1.263041615486145020e+00
-5.184537172317504883e-01 3.082785010337829590e-01 -1.241441011428833008e+00
-5.352320075035095215e-01 3.408800959587097168e-01 -1.226599812507629395e+00
-5.537413358688354492e-01 3.764685392379760742e-01 -1.218845009803771973e+00
-5.733745098114013672e-01 4.158891737461090088e-01 -1.216703295707702637e+00
-5.925410389900207520e-01 4.613523185253143311e-01 -1.217447161674499512e+00
-6.121661067008972168e-01 5.074912905693054199e-01 -1.224593639373779297e+00
-6.294885277748107910e-01 5.371113419532775879e-01 -1.222983598709106445e+00
-6.488373279571533203e-01 5.630611777305603027e-01 -1.222877502441406250e+00
-6.699473261833190918e-01 6.020421981811523438e-01 -1.247380018234252930e+00
-7.009849548339843750e-01 6.489475369453430176e-01 -1.302484750747680664e+00
-7.293702363967895508e-01 6.878182888031005859e-01 -1.358181238174438477e+00
-7.526582479476928711e-01 7.183185219764709473e-01 -1.416352748870849609e+00
-7.759088277816772461e-01 7.478061318397521973e-01 -1.479201912879943848e+00
-7.990072965621948242e-01 7.760598063468933105e-01 -1.546340823173522949e+00
-8.218426108360290527e-01 8.028711080551147461e-01 -1.617370843887329102e+00
-8.368304967880249023e-01 8.241773843765258789e-01 -1.688856601715087891e+00
-8.531796336174011230e-01 8.362532258033752441e-01 -1.768776893615722656e+00
-8.706081509590148926e-01 8.440808653831481934e-01 -1.853821277618408203e+00
-8.880876302719116211e-01 8.506119251251220703e-01 -1.941312789916992188e+00
-9.055327773094177246e-01 8.554761409759521484e-01 -2.030481576919555664e+00
-9.224904179573059082e-01 8.550620079040527344e-01 -2.115657806396484375e+00
-9.393659234046936035e-01 8.530601859092712402e-01 -2.202306985855102539e+00
-9.561436176300048828e-01 8.494645357131958008e-01 -2.290311336517333984e+00
-9.728189706802368164e-01 8.442783951759338379e-01 -2.379607439041137695e+00
-9.893963932991027832e-01 8.375113606452941895e-01 -2.470177173614501953e+00
-1.006901621818542480e+00 8.302730917930603027e-01 -2.564051151275634766e+00
-1.026965975761413574e+00 8.234685063362121582e-01 -2.666162014007568359e+00
-1.046173095703125000e+00 8.107347488403320312e-01 -2.775061845779418945e+00
-1.063013911247253418e+00 7.951480150222778320e-01 -2.884251117706298828e+00
-1.076994776725769043e+00 7.759476304054260254e-01 -2.990157842636108398e+00
-1.090154409408569336e+00 7.547778487205505371e-01 -3.097178220748901367e+00
-1.102506279945373535e+00 7.316862940788269043e-01 -3.205307960510253906e+00
-1.114049911499023438e+00 7.067232131958007812e-01 -3.314475059509277344e+00
-1.125259280204772949e+00 6.800234317779541016e-01 -3.424316883087158203e+00
-1.146739840507507324e+00 6.554010510444641113e-01 -3.544812917709350586e+00
-1.179854512214660645e+00 6.219968795776367188e-01 -3.681267976760864258e+00
-1.216628193855285645e+00 5.783634781837463379e-01 -3.813951969146728516e+00
-1.253744006156921387e+00 5.325379967689514160e-01 -3.945962667465209961e+00
-1.289404034614562988e+00 4.858279824256896973e-01 -4.079276084899902344e+00
-1.324159860610961914e+00 4.370735287666320801e-01 -4.209417343139648438e+00
-1.357668399810791016e+00 3.864787220954895020e-01 -4.335104942321777344e+00
-1.382623672485351562e+00 3.289872705936431885e-01 -4.461091995239257812e+00
-1.404676675796508789e+00 2.695502340793609619e-01 -4.580426692962646484e+00
-1.424314737319946289e+00 2.092278897762298584e-01 -4.690648555755615234e+00
-1.432113766670227051e+00 1.303215771913528442e-01 -4.782651424407958984e+00
-1.433525323867797852e+00 4.438836127519607544e-02 -4.859447956085205078e+00
-1.432060837745666504e+00 -6.841219961643218994e-02 -4.928585052490234375e+00
-1.427538156509399414e+00 -1.790144443511962891e-01 -4.975813388824462891e+00
-1.414220690727233887e+00 -2.949776649475097656e-01 -5.013548374176025391e+00
-1.395659089088439941e+00 -4.121206998825073242e-01 -5.034266471862792969e+00
-1.371812939643859863e+00 -5.292557477951049805e-01 -5.036989212036132812e+00
-1.341985583305358887e+00 -6.530386209487915039e-01 -5.015621185302734375e+00
-1.307120084762573242e+00 -7.737829089164733887e-01 -4.975407600402832031e+00
-1.271631002426147461e+00 -8.906119465827941895e-01 -4.914258480072021484e+00
-1.234867215156555176e+00 -1.006247639656066895e+00 -4.828779220581054688e+00
-1.194974303245544434e+00 -1.118597507476806641e+00 -4.721093654632568359e+00
-1.158254742622375488e+00 -1.211969256401062012e+00 -4.609526157379150391e+00
-1.126711487770080566e+00 -1.293009519577026367e+00 -4.490954875946044922e+00
-1.091916918754577637e+00 -1.371325612068176270e+00 -4.348773479461669922e+00
-1.055616974830627441e+00 -1.438478231430053711e+00 -4.189859867095947266e+00
-1.012540102005004883e+00 -1.517823338508605957e+00 -3.972466468811035156e+00
-9.712306261062622070e-01 -1.583158016204833984e+00 -3.689068794250488281e+00
-9.341648817062377930e-01 -1.618219614028930664e+00 -3.412218570709228516e+00
-9.030582904815673828e-01 -1.624248862266540527e+00 -3.146211624145507812e+00
-8.768183588981628418e-01 -1.604339838027954102e+00 -2.905510425567626953e+00
-8.518022894859313965e-01 -1.567947626113891602e+00 -2.669183015823364258e+00
-8.286044001579284668e-01 -1.505190134048461914e+00 -2.459150075912475586e+00
-8.071320056915283203e-01 -1.425348520278930664e+00 -2.265959739685058594e+00
-7.902747988700866699e-01 -1.329698204994201660e+00 -2.096110105514526367e+00
-7.795809507369995117e-01 -1.222841143608093262e+00 -1.960703253746032715e+00
-7.691049575805664062e-01 -1.115656375885009766e+00 -1.845994234085083008e+00
-7.628449201583862305e-01 -1.002278923988342285e+00 -1.774946212768554688e+00
-7.583065629005432129e-01 -8.819682598114013672e-01 -1.723580241203308105e+00
-7.556986212730407715e-01 -7.564677596092224121e-01 -1.690856933593750000e+00
-7.593653202056884766e-01 -6.186985969543457031e-01 -1.696476340293884277e+00
-7.666795849800109863e-01 -4.758353829383850098e-01 -1.728335380554199219e+00
-7.764034867286682129e-01 -3.320671916007995605e-01 -1.780466437339782715e+00
-7.883113026618957520e-01 -1.957350522279739380e-01 -1.848648548126220703e+00
-8.021360039710998535e-01 -8.443847298622131348e-02 -1.924413442611694336e+00
-8.176294565200805664e-01 2.337943576276302338e-02 -2.015588760375976562e+00
-8.395609259605407715e-01 1.304336786270141602e-01 -2.127083301544189453e+00
-8.705706000328063965e-01 2.463656514883041382e-01 -2.266340255737304688e+00
-8.919050693511962891e-01 3.220182061195373535e-01 -2.363776922225952148e+00
-9.090464115142822266e-01 3.673109412193298340e-01 -2.442869424819946289e+00
-9.266363978385925293e-01 4.054184257984161377e-01 -2.525036573410034180e+00
-9.443599581718444824e-01 4.361883997917175293e-01 -2.608591794967651367e+00
-9.619175195693969727e-01 4.595802724361419678e-01 -2.691918373107910156e+00
-9.810283780097961426e-01 4.756198525428771973e-01 -2.781921386718750000e+00
-9.948815703392028809e-01 4.681560993194580078e-01 -2.866481304168701172e+00
-1.007086396217346191e+00 4.513095021247863770e-01 -2.946669101715087891e+00
-1.018620252609252930e+00 4.297951161861419678e-01 -3.021556854248046875e+00
-1.029285192489624023e+00 4.040603339672088623e-01 -3.090030670166015625e+00
-1.040097713470458984e+00 3.743734061717987061e-01 -3.150586605072021484e+00
-1.053116798400878906e+00 3.390946984291076660e-01 -3.198631286621093750e+00
-1.065117359161376953e+00 3.018050491809844971e-01 -3.243704557418823242e+00
-1.075982928276062012e+00 2.642701864242553711e-01 -3.287197589874267578e+00
-1.084872961044311523e+00 2.251072973012924194e-01 -3.323029518127441406e+00
-1.091708540916442871e+00 1.845581680536270142e-01 -3.350996017456054688e+00
-1.094880819320678711e+00 1.396077722311019897e-01 -3.370025396347045898e+00
-1.094393134117126465e+00 9.035460650920867920e-02 -3.380502700805664062e+00
-1.091880679130554199e+00 4.006385058164596558e-02 -3.384254217147827148e+00
-1.087524652481079102e+00 -1.102203689515590668e-02 -3.382015705108642578e+00
-1.080019235610961914e+00 -6.359113007783889771e-02 -3.375914335250854492e+00
-1.069471597671508789e+00 -1.175512820482254028e-01 -3.366924524307250977e+00
-1.057730436325073242e+00 -1.718221902847290039e-01 -3.354569435119628906e+00
-1.048396587371826172e+00 -2.190844416618347168e-01 -3.346263885498046875e+00
-1.039221644401550293e+00 -2.644979059696197510e-01 -3.338248968124389648e+00
