-1.723144650459289551e+00 -1.350895643234252930e+00 4.644596278667449951e-01
-1.682075500488281250e+00 -1.283842444419860840e+00 5.057091116905212402e-01
-1.641597867012023926e+00 -1.218584060668945312e+00 5.445965528488159180e-01
-1.601858615875244141e+00 -1.155279278755187988e+00 5.811071395874023438e-01
-1.562963485717773438e+00 -1.094037890434265137e+00 6.152448654174804688e-01
-1.524980545043945312e+00 -1.034923195838928223e+00 6.470320224761962891e-01
-1.492926478385925293e+00 -9.837982058525085449e-01 6.688694953918457031e-01
-1.462773799896240234e+00 -9.344056248664855957e-01 6.840378046035766602e-01
-1.438248038291931152e+00 -8.932868838310241699e-01 6.868389844894409180e-01
-1.417661666870117188e+00 -8.655252456665039062e-01 6.849032044410705566e-01
-1.397151112556457520e+00 -8.383998870849609375e-01 6.816951036453247070e-01
-1.376603245735168457e+00 -8.117924928665161133e-01 6.772431135177612305e-01
-1.356004834175109863e+00 -7.866628170013427734e-01 6.716178059577941895e-01
-1.332598567008972168e+00 -7.653568387031555176e-01 6.590359210968017578e-01
-1.308618783950805664e+00 -7.439002394676208496e-01 6.452105045318603516e-01
-1.283938765525817871e+00 -7.221763730049133301e-01 6.301445364952087402e-01
-1.258392333984375000e+00 -7.000168561935424805e-01 6.138193011283874512e-01
-1.231821775436401367e+00 -6.772695183753967285e-01 5.962034463882446289e-01
-1.204084515571594238e+00 -6.538049578666687012e-01 5.772574543952941895e-01
-1.177128911018371582e+00 -6.297534704208374023e-01 5.553377270698547363e-01
-1.136803150177001953e+00 -5.979133248329162598e-01 5.128473043441772461e-01
-1.080685615539550781e+00 -5.566838383674621582e-01 4.518766105175018311e-01
-1.002957344055175781e+00 -5.197878479957580566e-01 3.623498380184173584e-01
-9.094513654708862305e-01 -5.051004886627197266e-01 2.940844893455505371e-01
-8.070535063743591309e-01 -4.990919530391693115e-01 2.327342778444290161e-01
-7.078395485877990723e-01 -5.016022920608520508e-01 1.582553535699844360e-01
-5.808591842651367188e-01 -4.921500980854034424e-01 8.672674000263214111e-02
-4.326532781124114990e-01 -4.826606810092926025e-01 -8.589671924710273743e-03
-2.809429168701171875e-01 -4.906140267848968506e-01 -1.474073976278305054e-01
-1.543552428483963013e-01 -5.104696154594421387e-01 -2.883217334747314453e-01
-5.086237937211990356e-02 -5.762808918952941895e-01 -4.920359253883361816e-01
6.184153258800506592e-02 -6.914244890213012695e-01 -7.803226113319396973e-01
1.377224922180175781e-01 -7.740761041641235352e-01 -9.690088629722595215e-01
1.624695360660552979e-01 -8.123523592948913574e-01 -1.019894599914550781e+00
1.726486831903457642e-01 -8.617770075798034668e-01 -1.083668112754821777e+00
1.763527393341064453e-01 -9.096561670303344727e-01 -1.144900798797607422e+00
1.879879832267761230e-01 -9.499996900558471680e-01 -1.197252035140991211e+00
1.581507176160812378e-01 -1.049779534339904785e+00 -1.321525931358337402e+00
1.201204136013984680e-01 -1.158916592597961426e+00 -1.456975460052490234e+00
8.374037593603134155e-02 -1.264451503753662109e+00 -1.587989211082458496e+00
5.083762109279632568e-02 -1.358757495880126953e+00 -1.705028414726257324e+00
1.964622363448143005e-02 -1.445392012596130371e+00 -1.812461018562316895e+00
-7.914926856756210327e-03 -1.522488355636596680e+00 -1.908083081245422363e+00
-3.549358248710632324e-02 -1.601744651794433594e+00 -2.006450891494750977e+00
-6.807594746351242065e-02 -1.692599177360534668e+00 -2.119128227233886719e+00
-9.956881403923034668e-02 -1.781239151954650879e+00 -2.229084968566894531e+00
-1.457528620958328247e-01 -1.864362955093383789e+00 -2.330720663070678711e+00
-1.874702870845794678e-01 -1.938585400581359863e+00 -2.421430349349975586e+00
-2.262264043092727661e-01 -2.000674962997436523e+00 -2.496969461441040039e+00
-2.629119753837585449e-01 -2.059094905853271484e+00 -2.568024158477783203e+00
-3.167507052421569824e-01 -2.127815723419189453e+00 -2.650659561157226562e+00
-3.726499378681182861e-01 -2.195626497268676758e+00 -2.731954097747802734e+00
-4.291105568408966064e-01 -2.257021427154541016e+00 -2.805037736892700195e+00
-4.869211316108703613e-01 -2.309710502624511719e+00 -2.866927146911621094e+00
-5.473542213439941406e-01 -2.361049413681030273e+00 -2.926866531372070312e+00
-6.186842322349548340e-01 -2.410774946212768555e+00 -2.983786106109619141e+00
-6.710392236709594727e-01 -2.428557157516479492e+00 -3.001757621765136719e+00
-7.253226637840270996e-01 -2.439225673675537109e+00 -3.010509014129638672e+00
-7.897536158561706543e-01 -2.441266775131225586e+00 -3.007384777069091797e+00
-8.707887530326843262e-01 -2.457004785537719727e+00 -3.020209550857543945e+00
-9.637447595596313477e-01 -2.475106954574584961e+00 -3.034983158111572266e+00
-1.086028456687927246e+00 -2.494112014770507812e+00 -3.048301219940185547e+00
-1.229327321052551270e+00 -2.492807149887084961e+00 -2.991776943206787109e+00
-1.370503306388854980e+00 -2.485015630722045898e+00 -2.923657894134521484e+00
-1.505660891532897949e+00 -2.454564809799194336e+00 -2.822257995605468750e+00
-1.611952066421508789e+00 -2.395296573638916016e+00 -2.687845230102539062e+00
-1.712794184684753418e+00 -2.316247701644897461e+00 -2.526379108428955078e+00
-1.833534717559814453e+00 -2.244911909103393555e+00 -2.367751121520996094e+00
-2.000333070755004883e+00 -2.235226631164550781e+00 -2.293040513992309570e+00
-2.171977758407592773e+00 -2.237476110458374023e+00 -2.237136363983154297e+00
-2.334414482116699219e+00 -2.233897924423217773e+00 -2.176563739776611328e+00
-2.486007690429687500e+00 -2.224482774734497070e+00 -2.111917972564697266e+00
-2.611783981323242188e+00 -2.235957145690917969e+00 -2.015691757202148438e+00
-2.717279911041259766e+00 -2.548913002014160156e+00 -1.551875472068786621e+00
-2.856393575668334961e+00 -2.938887834548950195e+00 -9.769295454025268555e-01
-2.933702945709228516e+00 -3.228168010711669922e+00 -5.000739693641662598e-01
-2.902992010116577148e+00 -3.424889802932739258e+00 -1.266341060400009155e-01
-2.856694459915161133e+00 -3.577147960662841797e+00 5.387623608112335205e-02
-2.803608894348144531e+00 -3.618623495101928711e+00 1.045044809579849243e-01
-2.741324663162231445e+00 -3.627608060836791992e+00 1.418010145425796509e-01
-2.670047521591186523e+00 -3.586904048919677734e+00 1.474766284227371216e-01
-2.593096017837524414e+00 -3.511615276336669922e+00 1.335953027009963989e-01
-2.509957551956176758e+00 -3.376836776733398438e+00 7.582135498523712158e-02
-2.438400030136108398e+00 -3.252085685729980469e+00 3.363914787769317627e-02
-2.375573873519897461e+00 -3.130366563796997070e+00 4.642740823328495026e-04
-2.305504560470581055e+00 -2.980054140090942383e+00 -2.675698883831501007e-02
-2.225281953811645508e+00 -2.797127485275268555e+00 -3.685890138149261475e-02
-2.142249345779418945e+00 -2.597633600234985352e+00 -5.967120826244354248e-02
-2.051052808761596680e+00 -2.381990671157836914e+00 -8.275942504405975342e-02
-1.901465296745300293e+00 -2.146330833435058594e+00 -1.058978885412216187e-01
-1.705678820610046387e+00 -1.921874642372131348e+00 -1.764050573110580444e-01
-1.514592170715332031e+00 -1.769895553588867188e+00 -2.120525091886520386e-01
-1.324055910110473633e+00 -1.628304004669189453e+00 -2.403330057859420776e-01
-1.068209648132324219e+00 -1.427828073501586914e+00 -3.043864965438842773e-01
-8.797540068626403809e-01 -1.251129388809204102e+00 -4.606883525848388672e-01
-7.417644262313842773e-01 -1.068848967552185059e+00 -6.589867472648620605e-01
-6.503517627716064453e-01 -8.982692956924438477e-01 -8.606011271476745605e-01
-5.892214179039001465e-01 -9.496969580650329590e-01 -1.024021983146667480e+00
-5.421810150146484375e-01 -1.026813864707946777e+00 -1.182255268096923828e+00
-5.075623989105224609e-01 -1.101512908935546875e+00 -1.328228831291198730e+00
-5.021222233772277832e-01 -1.144410252571105957e+00 -1.383278489112854004e+00
-5.057347416877746582e-01 -1.188172459602355957e+00 -1.438624620437622070e+00
-5.178011059761047363e-01 -1.231463789939880371e+00 -1.492621302604675293e+00
-5.375517606735229492e-01 -1.272984743118286133e+00 -1.543683886528015137e+00
-5.640666484832763672e-01 -1.311501145362854004e+00 -1.590324044227600098e+00
-5.962945222854614258e-01 -1.345872402191162109e+00 -1.631184101104736328e+00
-6.301202178001403809e-01 -1.371925354003906250e+00 -1.661320924758911133e+00
-6.654969453811645508e-01 -1.390050292015075684e+00 -1.681235671043395996e+00
-7.037616372108459473e-01 -1.402329683303833008e+00 -1.693458199501037598e+00
-7.446792721748352051e-01 -1.409168243408203125e+00 -1.698524355888366699e+00
-7.946670651435852051e-01 -1.416862607002258301e+00 -1.703873753547668457e+00
-8.484192490577697754e-01 -1.414157629013061523e+00 -1.691015362739562988e+00
-9.279835224151611328e-01 -1.379577040672302246e+00 -1.598164200782775879e+00
-1.004587292671203613e+00 -1.337134838104248047e+00 -1.494147777557373047e+00
-1.091852188110351562e+00 -1.310411930084228516e+00 -1.412276864051818848e+00
-1.192798733711242676e+00 -1.307848811149597168e+00 -1.365298390388488770e+00
-1.248042583465576172e+00 -1.368368029594421387e+00 -1.238936066627502441e+00
-1.253067612648010254e+00 -1.448075890541076660e+00 -1.071127414703369141e+00
-1.264417767524719238e+00 -1.540082931518554688e+00 -8.970818519592285156e-01
-1.260781049728393555e+00 -1.615801930427551270e+00 -7.269015312194824219e-01
-1.263873457908630371e+00 -1.719886541366577148e+00 -5.010871291160583496e-01
-1.265002489089965820e+00 -1.825202703475952148e+00 -2.550601363182067871e-01
-1.264495611190795898e+00 -1.824651241302490234e+00 -1.771789044141769409e-01
-1.241696119308471680e+00 -1.793648004531860352e+00 -1.338495463132858276e-01
-1.192150592803955078e+00 -1.734327793121337891e+00 -1.122464984655380249e-01
-1.111487507820129395e+00 -1.641055345535278320e+00 -1.206385940313339233e-01
-1.013360857963562012e+00 -1.541678309440612793e+00 -1.231539100408554077e-01
-9.047566056251525879e-01 -1.448970198631286621e+00 -1.050804108381271362e-01
-7.759741544723510742e-01 -1.339571475982666016e+00 -1.032376140356063843e-01
-6.393663883209228516e-01 -1.239439964294433594e+00 -1.330191642045974731e-01
-5.031182765960693359e-01 -1.134546756744384766e+00 -1.801398545503616333e-01
-3.885477185249328613e-01 -1.029507875442504883e+00 -2.816646993160247803e-01
-3.017860352993011475e-01 -9.132785797119140625e-01 -4.290577471256256104e-01
-2.629208564758300781e-01 -8.291179537773132324e-01 -6.579941511154174805e-01
-2.629666626453399658e-01 -7.855120897293090820e-01 -9.163760542869567871e-01
-2.563341557979583740e-01 -8.146248459815979004e-01 -9.856027364730834961e-01
-2.530816495418548584e-01 -8.640584349632263184e-01 -1.048772573471069336e+00
-2.737377285957336426e-01 -9.197770953178405762e-01 -1.117814660072326660e+00
-3.193909823894500732e-01 -9.898137450218200684e-01 -1.202850341796875000e+00
-3.548203110694885254e-01 -1.055360436439514160e+00 -1.283082127571105957e+00
-3.859013617038726807e-01 -1.117201328277587891e+00 -1.358986258506774902e+00
-4.271304011344909668e-01 -1.190250515937805176e+00 -1.448246836662292480e+00
-4.758168160915374756e-01 -1.270471096038818359e+00 -1.545967459678649902e+00
-5.257811546325683594e-01 -1.349557280540466309e+00 -1.642131686210632324e+00
-5.692113041877746582e-01 -1.418399930000305176e+00 -1.725845932960510254e+00
-6.141257882118225098e-01 -1.490029215812683105e+00 -1.812973022460937500e+00
-6.599595546722412109e-01 -1.560829043388366699e+00 -1.898963332176208496e+00
-7.048056125640869141e-01 -1.627176642417907715e+00 -1.979378104209899902e+00
-7.487750053405761719e-01 -1.688980102539062500e+00 -2.054090261459350586e+00
-7.896623611450195312e-01 -1.743706107139587402e+00 -2.120073318481445312e+00
-8.288361430168151855e-01 -1.792672634124755859e+00 -2.178882360458374023e+00
-8.714338541030883789e-01 -1.833510994911193848e+00 -2.227048158645629883e+00
-9.043445587158203125e-01 -1.855791568756103516e+00 -2.252467870712280273e+00
-9.393560290336608887e-01 -1.871392726898193359e+00 -2.269204616546630859e+00
-9.831680059432983398e-01 -1.880286097526550293e+00 -2.276627540588378906e+00
-1.042296051979064941e+00 -1.887616515159606934e+00 -2.280702590942382812e+00
-1.114335179328918457e+00 -1.888142108917236328e+00 -2.274975299835205078e+00
-1.186719298362731934e+00 -1.880719184875488281e+00 -2.259106636047363281e+00
-1.289520144462585449e+00 -1.835400581359863281e+00 -2.143015861511230469e+00
-1.391693115234375000e+00 -1.783051013946533203e+00 -2.015001773834228516e+00
-1.494315385818481445e+00 -1.727424383163452148e+00 -1.878729462623596191e+00
-1.640685319900512695e+00 -1.735753059387207031e+00 -1.830264449119567871e+00
-1.788937449455261230e+00 -1.747586369514465332e+00 -1.786851167678833008e+00
-1.956826567649841309e+00 -1.766673445701599121e+00 -1.742035269737243652e+00
-2.093692779541015625e+00 -1.819014430046081543e+00 -1.651144623756408691e+00
-2.185031652450561523e+00 -2.042412281036376953e+00 -1.351650595664978027e+00
-2.320533752441406250e+00 -2.380806922912597656e+00 -8.788546919822692871e-01
-2.369687557220458984e+00 -2.633538484573364258e+00 -4.674081206321716309e-01
-2.350136995315551758e+00 -2.830990791320800781e+00 -7.091479003429412842e-02
-2.332615613937377930e+00 -2.939989805221557617e+00 1.167451292276382446e-01
-2.274996995925903320e+00 -2.931506395339965820e+00 1.356125026941299438e-01
-2.208470821380615234e+00 -2.889522314071655273e+00 1.374590545892715454e-01
-2.141637563705444336e+00 -2.840852260589599609e+00 1.503296047449111938e-01
-2.086916208267211914e+00 -2.779756069183349609e+00 1.879742294549942017e-01
-2.039897441864013672e+00 -2.730186223983764648e+00 2.391145974397659302e-01
-1.988762021064758301e+00 -2.665745973587036133e+00 2.843216657638549805e-01
-1.932187199592590332e+00 -2.582819223403930664e+00 3.204671442508697510e-01
-1.867366433143615723e+00 -2.473360538482666016e+00 3.468477427959442139e-01
-1.799023389816284180e+00 -2.350392580032348633e+00 3.656022846698760986e-01
-1.722971081733703613e+00 -2.202963113784790039e+00 3.640158474445343018e-01
-1.614827871322631836e+00 -2.026415348052978516e+00 3.326282203197479248e-01
-1.512977957725524902e+00 -1.863963484764099121e+00 3.210076689720153809e-01
-1.439916491508483887e+00 -1.763098478317260742e+00 3.926951289176940918e-01
-1.370699763298034668e+00 -1.665799856185913086e+00 4.553674459457397461e-01
-1.306672811508178711e+00 -1.573663115501403809e+00 5.079104304313659668e-01
-1.244547247886657715e+00 -1.483008503913879395e+00 5.551069378852844238e-01
-1.183942437171936035e+00 -1.392732381820678711e+00 5.980790853500366211e-01
-1.125174045562744141e+00 -1.303078532218933105e+00 6.370504498481750488e-01
-1.075398206710815430e+00 -1.223234772682189941e+00 6.620801687240600586e-01
-1.036810398101806641e+00 -1.155858278274536133e+00 6.705243587493896484e-01
-9.947850704193115234e-01 -1.080896496772766113e+00 6.980908513069152832e-01
-9.552001953125000000e-01 -1.007815599441528320e+00 7.258200645446777344e-01
-9.238153100013732910e-01 -9.527729749679565430e-01 7.449589967727661133e-01
-8.980605602264404297e-01 -9.068645834922790527e-01 7.582045793533325195e-01
-8.760578632354736328e-01 -8.636400103569030762e-01 7.676026225090026855e-01
-8.498789668083190918e-01 -8.274162411689758301e-01 7.614729404449462891e-01
-8.336986303329467773e-01 -7.900346517562866211e-01 7.483457326889038086e-01
-8.224579691886901855e-01 -7.557846307754516602e-01 7.329397797584533691e-01
-8.156211376190185547e-01 -7.243853211402893066e-01 7.163926959037780762e-01
-8.130831718444824219e-01 -6.958084106445312500e-01 6.990391016006469727e-01
-8.146901726722717285e-01 -6.699904799461364746e-01 6.811901330947875977e-01
-8.202481865882873535e-01 -6.468377709388732910e-01 6.631275415420532227e-01
-8.295233845710754395e-01 -6.262279748916625977e-01 6.451038122177124023e-01
-8.422498703002929688e-01 -6.080160737037658691e-01 6.273393630981445312e-01
-8.592531085014343262e-01 -5.918708443641662598e-01 6.084938049316406250e-01
-8.797085881233215332e-01 -5.776867866516113281e-01 5.894181728363037109e-01
-9.024633169174194336e-01 -5.653917789459228516e-01 5.713536739349365234e-01
-9.271830916404724121e-01 -5.547810792922973633e-01 5.543735623359680176e-01
-9.405272603034973145e-01 -5.446248054504394531e-01 5.394322872161865234e-01
-9.532678723335266113e-01 -5.366757512092590332e-01 5.268822312355041504e-01
-9.609051942825317383e-01 -5.366045832633972168e-01 5.233497619628906250e-01
-9.694930911064147949e-01 -5.371770858764648438e-01 5.206540822982788086e-01
-9.787660837173461914e-01 -5.381840467453002930e-01 5.187205076217651367e-01
-9.884608983993530273e-01 -5.394277572631835938e-01 5.174587368965148926e-01
-9.983234405517578125e-01 -5.407259464263916016e-01 5.167693495750427246e-01
-1.008108139038085938e+00 -5.419114828109741211e-01 5.165432691574096680e-01
-1.017584681510925293e+00 -5.428355336189270020e-01 5.166664719581604004e-01
-1.026540160179138184e+00 -5.433667302131652832e-01 5.170246958732604980e-01
-1.034781694412231445e+00 -5.433954000473022461e-01 5.175017118453979492e-01
-1.042140841484069824e+00 -5.428316593170166016e-01 5.179867148399353027e-01
-1.048472404479980469e+00 -5.416058897972106934e-01 5.183753967285156250e-01
-1.053659081459045410e+00 -5.396703481674194336e-01 5.185725092887878418e-01
-1.057611703872680664e+00 -5.369979739189147949e-01 5.184939503669738770e-01
-1.060783624649047852e+00 -5.352859497070312500e-01 5.170114636421203613e-01
-1.062827467918395996e+00 -5.338844656944274902e-01 5.143721103668212891e-01
-1.062356352806091309e+00 -5.326246023178100586e-01 5.096496343612670898e-01
-1.060851812362670898e+00 -5.312283635139465332e-01 5.049782395362854004e-01
-1.058275222778320312e+00 -5.291607975959777832e-01 5.000961422920227051e-01
-1.054685115814208984e+00 -5.265000462532043457e-01 4.949911534786224365e-01
-1.050155997276306152e+00 -5.233352780342102051e-01 4.896601140499114990e-01
-1.044485211372375488e+00 -5.195919871330261230e-01 4.838645756244659424e-01
-1.037796497344970703e+00 -5.153866410255432129e-01 4.776429533958435059e-01
-1.026360034942626953e+00 -5.066476464271545410e-01 4.704262614250183105e-01
-1.013010025024414062e+00 -4.963556230068206787e-01 4.627847969532012939e-01
-9.991852045059204102e-01 -4.861367642879486084e-01 4.547633826732635498e-01
-9.857771396636962891e-01 -4.781507849693298340e-01 4.440450966358184814e-01
-9.721648693084716797e-01 -4.702547490596771240e-01 4.334569573402404785e-01
-9.585099220275878906e-01 -4.625509977340698242e-01 4.231160879135131836e-01
-9.449636340141296387e-01 -4.551305472850799561e-01 4.131288826465606689e-01
-9.316584467887878418e-01 -4.480687081813812256e-01 4.035846590995788574e-01
-9.187116622924804688e-01 -4.412042796611785889e-01 3.926158249378204346e-01
-9.062147736549377441e-01 -4.346118867397308350e-01 3.805667161941528320e-01
-8.959100842475891113e-01 -4.287091493606567383e-01 3.679950833320617676e-01
-8.876863718032836914e-01 -4.235193431377410889e-01 3.550541400909423828e-01
-8.777343034744262695e-01 -4.233304560184478760e-01 3.476888537406921387e-01
-8.684911727905273438e-01 -4.232025146484375000e-01 3.406866788864135742e-01
-8.598970174789428711e-01 -4.231204092502593994e-01 3.340367674827575684e-01
-8.518661856651306152e-01 -4.230640828609466553e-01 3.277164697647094727e-01
-8.442918062210083008e-01 -4.230104088783264160e-01 3.216926455497741699e-01
-8.370454311370849609e-01 -4.229319989681243896e-01 3.159217238426208496e-01
-8.299857974052429199e-01 -4.228003919124603271e-01 3.103531599044799805e-01
-8.226983547210693359e-01 -4.227280616760253906e-01 3.045565485954284668e-01
-8.152239918708801270e-01 -4.231463968753814697e-01 2.977851629257202148e-01
-8.076096773147583008e-01 -4.236053526401519775e-01 2.907890081405639648e-01
-7.993515729904174805e-01 -4.239218831062316895e-01 2.835912108421325684e-01
-7.902744412422180176e-01 -4.240881502628326416e-01 2.760817408561706543e-01
-7.802180051803588867e-01 -4.240993559360504150e-01 2.681549787521362305e-01
-7.690439820289611816e-01 -4.239535629749298096e-01 2.597137093544006348e-01
-7.566372156143188477e-01 -4.236518442630767822e-01 2.506709694862365723e-01
-7.429128885269165039e-01 -4.231989085674285889e-01 2.409538179636001587e-01
-7.278159260749816895e-01 -4.226022660732269287e-01 2.305041700601577759e-01
-7.113260626792907715e-01 -4.218728542327880859e-01 2.192814499139785767e-01
-6.934574842453002930e-01 -4.210242331027984619e-01 2.072646170854568481e-01
-6.742609143257141113e-01 -4.200735688209533691e-01 1.944512873888015747e-01
-6.538224816322326660e-01 -4.190399944782257080e-01 1.808599978685379028e-01
-6.322622299194335938e-01 -4.179454743862152100e-01 1.665285974740982056e-01
-6.097331047058105469e-01 -4.168137609958648682e-01 1.515151411294937134e-01
-5.864180922508239746e-01 -4.156706035137176514e-01 1.358949691057205200e-01
-5.628771185874938965e-01 -4.150423407554626465e-01 1.182949692010879517e-01
-5.389851927757263184e-01 -4.144502282142639160e-01 1.003080159425735474e-01
-5.149840712547302246e-01 -4.139127731323242188e-01 8.208037912845611572e-02
-4.905287623405456543e-01 -4.133764505386352539e-01 6.343366205692291260e-02
-4.632404446601867676e-01 -4.125325977802276611e-01 4.308666288852691650e-02
-4.397818148136138916e-01 -4.121426045894622803e-01 2.553529851138591766e-02
-4.215308129787445068e-01 -4.123023152351379395e-01 1.128072850406169891e-02
-4.033202230930328369e-01 -4.141170084476470947e-01 -5.497561302036046982e-03
-3.852596879005432129e-01 -4.170644879341125488e-01 -2.388213761150836945e-02
-3.692359030246734619e-01 -4.200528264045715332e-01 -4.119555652141571045e-02
-3.596884012222290039e-01 -4.228095710277557373e-01 -5.534468591213226318e-02
-3.521724045276641846e-01 -4.256113469600677490e-01 -6.830619275569915771e-02
-3.468190431594848633e-01 -4.284476637840270996e-01 -7.996480166912078857e-02
-3.437609970569610596e-01 -4.312207698822021484e-01 -9.002701938152313232e-02
-3.439775109291076660e-01 -4.314804673194885254e-01 -9.289436042308807373e-02
-3.459874093532562256e-01 -4.325063228607177734e-01 -9.596775472164154053e-02
-3.486617207527160645e-01 -4.356825351715087891e-01 -1.023825258016586304e-01
-3.538807928562164307e-01 -4.386455714702606201e-01 -1.067873686552047729e-01
-3.615994751453399658e-01 -4.414142966270446777e-01 -1.092796772718429565e-01
-3.721199333667755127e-01 -4.445499777793884277e-01 -1.115660518407821655e-01
-3.849334716796875000e-01 -4.475064277648925781e-01 -1.121228784322738647e-01
-3.998800516128540039e-01 -4.502750337123870850e-01 -1.110191196203231812e-01
-4.167741239070892334e-01 -4.528484940528869629e-01 -1.083421856164932251e-01
-4.354085922241210938e-01 -4.552218616008758545e-01 -1.041973382234573364e-01
-4.555573463439941406e-01 -4.573909640312194824e-01 -9.870345890522003174e-02
-4.769810736179351807e-01 -4.593548774719238281e-01 -9.199391305446624756e-02
-4.966575503349304199e-01 -4.626242518424987793e-01 -8.815287053585052490e-02
-5.092313885688781738e-01 -4.662095606327056885e-01 -8.872394263744354248e-02
-5.212967395782470703e-01 -4.687422811985015869e-01 -8.778952062129974365e-02
-5.336375236511230469e-01 -4.711328446865081787e-01 -8.631630241870880127e-02
-5.495232343673706055e-01 -4.750421047210693359e-01 -8.415891230106353760e-02
-5.632783770561218262e-01 -4.789593815803527832e-01 -8.261178433895111084e-02
-5.761184692382812500e-01 -4.833799898624420166e-01 -8.224369585514068604e-02
-5.885760188102722168e-01 -4.875924587249755859e-01 -8.167530596256256104e-02
-6.003431081771850586e-01 -4.923441112041473389e-01 -8.255375921726226807e-02
-6.115469336509704590e-01 -4.969131052494049072e-01 -8.341251313686370850e-02
-6.221353411674499512e-01 -5.012429356575012207e-01 -8.418338000774383545e-02
-6.320528984069824219e-01 -5.053333044052124023e-01 -8.490775525569915771e-02
-6.412561535835266113e-01 -5.091868042945861816e-01 -8.562426269054412842e-02
-6.497139930725097656e-01 -5.128090381622314453e-01 -8.636884391307830811e-02
-6.574078798294067383e-01 -5.162079334259033203e-01 -8.717380464076995850e-02
-6.643299460411071777e-01 -5.193942785263061523e-01 -8.806847035884857178e-02
-6.704853773117065430e-01 -5.223807692527770996e-01 -8.907781541347503662e-02
-6.758885979652404785e-01 -5.251822471618652344e-01 -9.022347629070281982e-02
-6.805650591850280762e-01 -5.278146862983703613e-01 -9.152244031429290771e-02
-6.845493316650390625e-01 -5.302959084510803223e-01 -9.298841655254364014e-02
-6.878831982612609863e-01 -5.326441526412963867e-01 -9.463034570217132568e-02
-6.906177401542663574e-01 -5.348790287971496582e-01 -9.645400941371917725e-02
-6.928085088729858398e-01 -5.370202064514160156e-01 -9.846119582653045654e-02
-6.945166587829589844e-01 -5.390875339508056641e-01 -1.006502360105514526e-01
-6.957743763923645020e-01 -5.411003232002258301e-01 -1.030336469411849976e-01
-6.965909600257873535e-01 -5.430760979652404785e-01 -1.056325882673263550e-01
-6.971644163131713867e-01 -5.450367331504821777e-01 -1.083707064390182495e-01
-6.975567936897277832e-01 -5.469997525215148926e-01 -1.112393587827682495e-01
-6.978287100791931152e-01 -5.489815473556518555e-01 -1.142276376485824585e-01
-6.980383396148681641e-01 -5.509962439537048340e-01 -1.173220723867416382e-01
-6.982420086860656738e-01 -5.530567765235900879e-01 -1.205082982778549194e-01
-6.984912157058715820e-01 -5.551741123199462891e-01 -1.237707585096359253e-01
-6.988323330879211426e-01 -5.573567748069763184e-01 -1.270936578512191772e-01
-6.993066072463989258e-01 -5.596106648445129395e-01 -1.304594129323959351e-01
-6.999484300613403320e-01 -5.619398355484008789e-01 -1.338515728712081909e-01
-7.007855176925659180e-01 -5.643453598022460938e-01 -1.372533291578292847e-01
-7.018389105796813965e-01 -5.668261051177978516e-01 -1.406481117010116577e-01
-7.031223177909851074e-01 -5.693786740303039551e-01 -1.440208405256271362e-01
-7.046428322792053223e-01 -5.719974040985107422e-01 -1.473564356565475464e-01
-7.064012885093688965e-01 -5.746743083000183105e-01 -1.506407707929611206e-01
-7.083922028541564941e-01 -5.774004459381103516e-01 -1.538619846105575562e-01
-7.106055617332458496e-01 -5.801647901535034180e-01 -1.570080369710922241e-01
-7.130265235900878906e-01 -5.829557180404663086e-01 -1.600694507360458374e-01
-7.156369686126708984e-01 -5.857607722282409668e-01 -1.630371659994125366e-01
-7.184162139892578125e-01 -5.885673165321350098e-01 -1.659040898084640503e-01
-7.213419675827026367e-01 -5.913624167442321777e-01 -1.686637252569198608e-01
-7.243219614028930664e-01 -5.937742590904235840e-01 -1.710113137960433960e-01
-7.273825407028198242e-01 -5.960521101951599121e-01 -1.731611341238021851e-01
-7.305215597152709961e-01 -5.982915759086608887e-01 -1.751990765333175659e-01
-7.337174415588378906e-01 -6.004844903945922852e-01 -1.771246641874313354e-01
-7.369499206542968750e-01 -6.026234030723571777e-01 -1.789381951093673706e-01
-7.402003407478332520e-01 -6.047023534774780273e-01 -1.806405037641525269e-01
-7.434521317481994629e-01 -6.067162156105041504e-01 -1.822331398725509644e-01
-7.466908097267150879e-01 -6.086615920066833496e-01 -1.837186664342880249e-01
-7.499030232429504395e-01 -6.105354428291320801e-01 -1.850988119840621948e-01
-7.530772686004638672e-01 -6.123364567756652832e-01 -1.863775104284286499e-01
-7.562037110328674316e-01 -6.140641570091247559e-01 -1.875576227903366089e-01
-7.592734098434448242e-01 -6.157186031341552734e-01 -1.886434406042098999e-01
-7.622781991958618164e-01 -6.173008680343627930e-01 -1.896393150091171265e-01
-7.652106881141662598e-01 -6.188126206398010254e-01 -1.905501931905746460e-01
-7.680638432502746582e-01 -6.202557086944580078e-01 -1.913813203573226929e-01
-7.708303332328796387e-01 -6.216323375701904297e-01 -1.921388357877731323e-01
-7.735034823417663574e-01 -6.229455471038818359e-01 -1.928293555974960327e-01
-7.760760784149169922e-01 -6.241975426673889160e-01 -1.934594362974166870e-01
-7.785412073135375977e-01 -6.253917217254638672e-01 -1.940368860960006714e-01
-7.808908820152282715e-01 -6.265305280685424805e-01 -1.945695728063583374e-01
-7.831183671951293945e-01 -6.276169419288635254e-01 -1.950658410787582397e-01
-7.852163910865783691e-01 -6.286537647247314453e-01 -1.955342739820480347e-01
-7.871775031089782715e-01 -6.296438574790954590e-01 -1.959842294454574585e-01
-7.889953255653381348e-01 -6.305898427963256836e-01 -1.964242905378341675e-01
-7.906642556190490723e-01 -6.314943432807922363e-01 -1.968635767698287964e-01
-7.921791076660156250e-01 -6.323601007461547852e-01 -1.973108500242233276e-01
-7.935357093811035156e-01 -6.331895589828491211e-01 -1.977749317884445190e-01
-7.947320342063903809e-01 -6.339855194091796875e-01 -1.982638090848922729e-01
-7.957669496536254883e-01 -6.347504854202270508e-01 -1.987843960523605347e-01
-7.966414690017700195e-01 -6.354867219924926758e-01 -1.993430703878402710e-01
-7.973586916923522949e-01 -6.361972689628601074e-01 -1.999457925558090210e-01
-7.979240417480468750e-01 -6.368848085403442383e-01 -2.005965560674667358e-01
-7.983452677726745605e-01 -6.375522613525390625e-01 -2.012985795736312866e-01
-7.986324429512023926e-01 -6.382023692131042480e-01 -2.020534723997116089e-01
-7.987981438636779785e-01 -6.388383507728576660e-01 -2.028617709875106812e-01
-7.988576292991638184e-01 -6.394633054733276367e-01 -2.037218064069747925e-01
-7.988281250000000000e-01 -6.400809884071350098e-01 -2.046317905187606812e-01
-7.987291216850280762e-01 -6.406937241554260254e-01 -2.055864781141281128e-01
-7.985375523567199707e-01 -6.414586901664733887e-01 -2.069049924612045288e-01
-7.982990741729736328e-01 -6.422998905181884766e-01 -2.084132879972457886e-01
-7.980595231056213379e-01 -6.431428194046020508e-01 -2.099397033452987671e-01
-7.978454828262329102e-01 -6.439849734306335449e-01 -2.114634960889816284e-01
-7.976832389831542969e-01 -6.448236703872680664e-01 -2.129633873701095581e-01
-7.975991964340209961e-01 -6.456549763679504395e-01 -2.144156545400619507e-01
-7.976198792457580566e-01 -6.464743018150329590e-01 -2.157948464155197144e-01
-7.977703213691711426e-01 -6.472765803337097168e-01 -2.170753926038742065e-01
-7.980747818946838379e-01 -6.480553746223449707e-01 -2.182299345731735229e-01
-7.985556721687316895e-01 -6.488043665885925293e-01 -2.192313522100448608e-01
-7.992329001426696777e-01 -6.495155692100524902e-01 -2.200519293546676636e-01
-8.001245260238647461e-01 -6.501811742782592773e-01 -2.206650227308273315e-01
-8.012447953224182129e-01 -6.507928967475891113e-01 -2.210453599691390991e-01
-8.026052713394165039e-01 -6.513416767120361328e-01 -2.211686223745346069e-01
-8.042134642601013184e-01 -6.518183946609497070e-01 -2.210119813680648804e-01
-8.060727119445800781e-01 -6.522137522697448730e-01 -2.205557078123092651e-01
-8.081819415092468262e-01 -6.525185704231262207e-01 -2.197833508253097534e-01
-8.105357289314270020e-01 -6.527239680290222168e-01 -2.186813205480575562e-01
-8.131232857704162598e-01 -6.528211832046508789e-01 -2.172406762838363647e-01
-8.158323764801025391e-01 -6.531382203102111816e-01 -2.161661833524703979e-01
-8.186835646629333496e-01 -6.535263061523437500e-01 -2.151585072278976440e-01
-8.216916918754577637e-01 -6.538399457931518555e-01 -2.139280885457992554e-01
-8.248283863067626953e-01 -6.540697216987609863e-01 -2.124758213758468628e-01
-8.280610442161560059e-01 -6.542073488235473633e-01 -2.108072489500045776e-01
-8.313537836074829102e-01 -6.542441844940185547e-01 -2.089293450117111206e-01
-8.346677422523498535e-01 -6.541731357574462891e-01 -2.068530768156051636e-01
-8.379619717597961426e-01 -6.539875864982604980e-01 -2.045926898717880249e-01
-8.411933779716491699e-01 -6.536819338798522949e-01 -2.021643966436386108e-01
-8.443182706832885742e-01 -6.532518267631530762e-01 -1.995881646871566772e-01
-8.472926020622253418e-01 -6.526944041252136230e-01 -1.968852132558822632e-01
-8.500725626945495605e-01 -6.520075798034667969e-01 -1.940792649984359741e-01
-8.526161313056945801e-01 -6.511914730072021484e-01 -1.911958903074264526e-01
-8.548828959465026855e-01 -6.502466797828674316e-01 -1.882603615522384644e-01
-8.568348288536071777e-01 -6.491758227348327637e-01 -1.853002756834030151e-01
-8.584372401237487793e-01 -6.479824185371398926e-01 -1.823420971632003784e-01
-8.596594333648681641e-01 -6.466712355613708496e-01 -1.794123500585556030e-01
-8.604749441146850586e-01 -6.452484130859375000e-01 -1.765370815992355347e-01
-8.608626127243041992e-01 -6.437212824821472168e-01 -1.737408488988876343e-01
-8.608055710792541504e-01 -6.420977115631103516e-01 -1.710465997457504272e-01
-8.602939844131469727e-01 -6.403870582580566406e-01 -1.684757322072982788e-01
-8.593235015869140625e-01 -6.385993361473083496e-01 -1.660472601652145386e-01
-8.578960895538330078e-01 -6.367457509040832520e-01 -1.637784093618392944e-01
-8.560205101966857910e-01 -6.348382234573364258e-01 -1.616833060979843140e-01
-8.537117242813110352e-01 -6.328896284103393555e-01 -1.597747057676315308e-01
-8.509916067123413086e-01 -6.309134960174560547e-01 -1.580617278814315796e-01
-8.478883504867553711e-01 -6.289241909980773926e-01 -1.565515846014022827e-01
-8.444361090660095215e-01 -6.269371509552001953e-01 -1.552499383687973022e-01
-8.406744599342346191e-01 -6.249676346778869629e-01 -1.541588157415390015e-01
-8.366481065750122070e-01 -6.230323314666748047e-01 -1.532795280218124390e-01
-8.324060440063476562e-01 -6.211473345756530762e-01 -1.526107043027877808e-01
-8.280005455017089844e-01 -6.193293333053588867e-01 -1.521495431661605835e-01
-8.234864473342895508e-01 -6.175947785377502441e-01 -1.518915146589279175e-01
-8.189195394515991211e-01 -6.159597039222717285e-01 -1.518315523862838745e-01
-8.143564462661743164e-01 -6.144391298294067383e-01 -1.519619673490524292e-01
-8.098515868186950684e-01 -6.130471825599670410e-01 -1.522754281759262085e-01
-8.054583072662353516e-01 -6.117967963218688965e-01 -1.527631133794784546e-01
-8.012257814407348633e-01 -6.106986403465270996e-01 -1.534153670072555542e-01
-7.971999049186706543e-01 -6.097619533538818359e-01 -1.542221754789352417e-01
-7.934200167655944824e-01 -6.089935898780822754e-01 -1.551729291677474976e-01
-7.899198532104492188e-01 -6.083972454071044922e-01 -1.562563627958297729e-01
-7.867264151573181152e-01 -6.079747676849365234e-01 -1.574613302946090698e-01
-7.838590741157531738e-01 -6.077245473861694336e-01 -1.587759107351303101e-01
-7.813298106193542480e-01 -6.076424717903137207e-01 -1.601881235837936401e-01
-7.791432738304138184e-01 -6.077215075492858887e-01 -1.616857498884201050e-01
-7.772960662841796875e-01 -6.079518795013427734e-01 -1.632568091154098511e-01
-7.757782340049743652e-01 -6.083211898803710938e-01 -1.648883670568466187e-01
-7.745723724365234375e-01 -6.088148951530456543e-01 -1.665685623884201050e-01
-7.736558318138122559e-01 -6.094161272048950195e-01 -1.682848185300827026e-01
-7.730005979537963867e-01 -6.101066470146179199e-01 -1.700250953435897827e-01
-7.725749015808105469e-01 -6.108670830726623535e-01 -1.717770546674728394e-01
-7.723441123962402344e-01 -6.116768717765808105e-01 -1.735285967588424683e-01
-7.722717523574829102e-01 -6.125157475471496582e-01 -1.752681583166122437e-01
-7.723200321197509766e-01 -6.133626699447631836e-01 -1.769838184118270874e-01
-7.724533081054687500e-01 -6.141982078552246094e-01 -1.786640733480453491e-01
-7.726364135742187500e-01 -6.150032281875610352e-01 -1.802978962659835815e-01
-7.728374004364013672e-01 -6.157600879669189453e-01 -1.818735450506210327e-01
-7.730275392532348633e-01 -6.164528727531433105e-01 -1.833805888891220093e-01
-7.731831073760986328e-01 -6.170681715011596680e-01 -1.848080605268478394e-01
-7.732656002044677734e-01 -6.176633834838867188e-01 -1.862914413213729858e-01
-7.732592821121215820e-01 -6.182381510734558105e-01 -1.878384798765182495e-01
-7.731842398643493652e-01 -6.186907291412353516e-01 -1.892381161451339722e-01
-7.730395197868347168e-01 -6.190174818038940430e-01 -1.904801577329635620e-01
-7.728307247161865234e-01 -6.192159056663513184e-01 -1.915526241064071655e-01
-7.725691199302673340e-01 -6.192869544029235840e-01 -1.924447268247604370e-01
-7.722720503807067871e-01 -6.192324161529541016e-01 -1.931431740522384644e-01
-7.719616293907165527e-01 -6.190568208694458008e-01 -1.936361640691757202e-01
-7.716648578643798828e-01 -6.187667250633239746e-01 -1.939121335744857788e-01
-7.714118957519531250e-01 -6.183699965476989746e-01 -1.939592212438583374e-01
-7.712358832359313965e-01 -6.178761720657348633e-01 -1.937668174505233765e-01
-7.711713314056396484e-01 -6.172958016395568848e-01 -1.933249086141586304e-01
-7.712534070014953613e-01 -6.166408658027648926e-01 -1.926256865262985229e-01
-7.715161442756652832e-01 -6.159234046936035156e-01 -1.916627734899520874e-01
-7.719904184341430664e-01 -6.151556968688964844e-01 -1.904319971799850464e-01
