-3.200391829013824463e-01 9.262967109680175781e-01 -1.988699585199356079e-01
-3.186371922492980957e-01 9.095242619514465332e-01 -2.669004797935485840e-01
-3.320645689964294434e-01 8.681502938270568848e-01 -3.688469827175140381e-01
-3.476344048976898193e-01 7.990772128105163574e-01 -4.905363619327545166e-01
-3.504049181938171387e-01 7.156498432159423828e-01 -6.042033433914184570e-01
-3.426982462406158447e-01 6.315934658050537109e-01 -6.954477429389953613e-01
-3.288107216358184814e-01 5.534477829933166504e-01 -7.652313709259033203e-01
-3.114613592624664307e-01 4.845225811004638672e-01 -8.174531459808349609e-01
-2.925083637237548828e-01 4.256484508514404297e-01 -8.563073277473449707e-01
-2.730864286422729492e-01 3.762718141078948975e-01 -8.853493332862854004e-01
-2.538244128227233887e-01 3.352591395378112793e-01 -9.072896838188171387e-01
-2.350397109985351562e-01 3.013399243354797363e-01 -9.240944385528564453e-01
-2.168689519166946411e-01 2.733209133148193359e-01 -9.371571540832519531e-01
-1.993518769741058350e-01 2.501600980758666992e-01 -9.474591612815856934e-01
-1.824766844511032104e-01 2.309756577014923096e-01 -9.556947946548461914e-01
-1.662079542875289917e-01 2.150352001190185547e-01 -9.623589515686035156e-01
-1.504997164011001587e-01 2.017273604869842529e-01 -9.678097963333129883e-01
-1.353011131286621094e-01 1.905415505170822144e-01 -9.723104238510131836e-01
-1.205591112375259399e-01 1.810412853956222534e-01 -9.760581254959106445e-01
-1.062229871749877930e-01 1.728546172380447388e-01 -9.792027473449707031e-01
-9.223543107509613037e-02 1.656474173069000244e-01 -9.818623065948486328e-01
-7.853890210390090942e-02 1.591211408376693726e-01 -9.841300845146179199e-01
-6.506861001253128052e-02 1.529914885759353638e-01 -9.860829710960388184e-01
-5.175442993640899658e-02 1.469912528991699219e-01 -9.877828955650329590e-01
-3.851642832159996033e-02 1.408500671386718750e-01 -9.892814755439758301e-01
-2.526113949716091156e-02 1.342949271202087402e-01 -9.906194210052490234e-01
-1.188124436885118484e-02 1.270386427640914917e-01 -9.918266534805297852e-01
1.750846393406391144e-03 1.187689304351806641e-01 -9.929203391075134277e-01
1.578664034605026245e-02 1.091407686471939087e-01 -9.939010143280029297e-01
3.041042014956474304e-02 9.775865823030471802e-02 -9.947453141212463379e-01
4.584800824522972107e-02 8.416458219289779663e-02 -9.953964948654174805e-01
6.237475201487541199e-02 6.782101094722747803e-02 -9.957457780838012695e-01
8.033023029565811157e-02 4.808681085705757141e-02 -9.956076741218566895e-01
1.001304686069488525e-01 2.420401200652122498e-02 -9.946798086166381836e-01
1.222712025046348572e-01 -4.710179753601551056e-03 -9.924855828285217285e-01
1.473227888345718384e-01 -3.964839875698089600e-02 -9.882934689521789551e-01
1.758950948715209961e-01 -8.164401352405548096e-02 -9.810174107551574707e-01
2.085447162389755249e-01 -1.316104978322982788e-01 -9.691170454025268555e-01
2.456142008304595947e-01 -1.900510191917419434e-01 -9.505547285079956055e-01
2.869902551174163818e-01 -2.566110193729400635e-01 -9.229233264923095703e-01
3.318270742893218994e-01 -3.295611143112182617e-01 -8.839005827903747559e-01
3.784049451351165771e-01 -4.054838120937347412e-01 -8.321012854576110840e-01
4.243439733982086182e-01 -4.795628190040588379e-01 -7.680832147598266602e-01
4.672332704067230225e-01 -5.466799139976501465e-01 -6.948627233505249023e-01
5.053994655609130859e-01 -6.028670072555541992e-01 -6.173514127731323242e-01
5.383314490318298340e-01 -6.462650895118713379e-01 -5.408703684806823730e-01
5.665353536605834961e-01 -6.770960688591003418e-01 -4.696579575538635254e-01
5.910559892654418945e-01 -6.969235539436340332e-01 -4.061408340930938721e-01
6.129987835884094238e-01 -7.078261971473693848e-01 -3.510194122791290283e-01
6.332545280456542969e-01 -7.118343114852905273e-01 -3.037770986557006836e-01
6.524103879928588867e-01 -7.106847167015075684e-01 -2.632261216640472412e-01
6.707699894905090332e-01 -7.057738304138183594e-01 -2.279275804758071899e-01
6.884221434593200684e-01 -6.982010006904602051e-01 -1.964441239833831787e-01
7.053120732307434082e-01 -6.888294219970703125e-01 -1.674785017967224121e-01
7.212977409362792969e-01 -6.783435940742492676e-01 -1.399265974760055542e-01
7.362003922462463379e-01 -6.672813296318054199e-01 -1.128917261958122253e-01
7.498281598091125488e-01 -6.560631990432739258e-01 -8.566743880510330200e-02
7.619933485984802246e-01 -6.450079679489135742e-01 -5.771303549408912659e-02
7.725213766098022461e-01 -6.343433260917663574e-01 -2.862180210649967194e-02
7.812470197677612305e-01 -6.242190599441528320e-01 1.907829660922288895e-03
7.880101799964904785e-01 -6.147174835205078125e-01 3.409469872713088989e-02
7.926486134529113770e-01 -6.058641076087951660e-01 6.809461861848831177e-02
7.949907183647155762e-01 -5.976381897926330566e-01 1.040120571851730347e-01
7.948497533798217773e-01 -5.899806618690490723e-01 1.419038623571395874e-01
7.920200824737548828e-01 -5.828047990798950195e-01 1.817762255668640137e-01
7.862811088562011719e-01 -5.759990215301513672e-01 2.235780060291290283e-01
7.774016857147216797e-01 -5.694358944892883301e-01 2.671878635883331299e-01
7.651534676551818848e-01 -5.629769563674926758e-01 3.124052882194519043e-01
7.493281364440917969e-01 -5.564798116683959961e-01 3.589395582675933838e-01
7.297603487968444824e-01 -5.498027801513671875e-01 4.064072668552398682e-01
7.063471674919128418e-01 -5.428159832954406738e-01 4.543394148349761963e-01
6.790676712989807129e-01 -5.354080200195312500e-01 5.022006630897521973e-01
6.479947566986083984e-01 -5.274900794029235840e-01 5.494151711463928223e-01
6.132923364639282227e-01 -5.190026164054870605e-01 5.954064130783081055e-01
5.752041935920715332e-01 -5.099125504493713379e-01 6.396321058273315430e-01
5.340266227722167969e-01 -5.002118349075317383e-01 6.816183924674987793e-01
4.900771677494049072e-01 -4.899072647094726562e-01 7.209821343421936035e-01
4.436621367931365967e-01 -4.790116250514984131e-01 7.574376463890075684e-01
3.950500786304473877e-01 -4.675332605838775635e-01 7.907895445823669434e-01
3.444554209709167480e-01 -4.554676115512847900e-01 8.209138512611389160e-01
2.920348942279815674e-01 -4.427936375141143799e-01 8.477318882942199707e-01
2.379032969474792480e-01 -4.294725358486175537e-01 8.711804747581481934e-01
1.821548938751220703e-01 -4.154530465602874756e-01 8.911892771720886230e-01
1.248968839645385742e-01 -4.006807208061218262e-01 9.076650142669677734e-01
6.628458946943283081e-02 -3.851107954978942871e-01 9.204869270324707031e-01
6.557873915880918503e-03 -3.687238395214080811e-01 9.295158386230468750e-01
-5.393673479557037354e-02 -3.515400290489196777e-01 9.346178174018859863e-01
-1.147321686148643494e-01 -3.336376547813415527e-01 9.356935620307922363e-01
-1.752530932426452637e-01 -3.151567578315734863e-01 9.327178001403808594e-01
-2.348446398973464966e-01 -2.963045537471771240e-01 9.257708191871643066e-01
-2.928155064582824707e-01 -2.773478627204895020e-01 9.150613546371459961e-01
-3.484966754913330078e-01 -2.585969567298889160e-01 9.009315371513366699e-01
-4.012961387634277344e-01 -2.403805702924728394e-01 8.838430643081665039e-01
-4.507461786270141602e-01 -2.230256348848342896e-01 8.643422126770019531e-01
-4.965282380580902100e-01 -2.068311274051666260e-01 8.430187106132507324e-01
-5.384827852249145508e-01 -1.920515745878219604e-01 8.204587697982788086e-01
-5.765958428382873535e-01 -1.788871288299560547e-01 7.972055077552795410e-01
-6.109797954559326172e-01 -1.674808263778686523e-01 7.737272381782531738e-01
-6.418396830558776855e-01 -1.579233556985855103e-01 7.504012584686279297e-01
-6.694449186325073242e-01 -1.502594649791717529e-01 7.275063991546630859e-01
-6.940987110137939453e-01 -1.445004492998123169e-01 7.052280902862548828e-01
-7.161154747009277344e-01 -1.406354606151580811e-01 6.836668848991394043e-01
-7.358049154281616211e-01 -1.386402249336242676e-01 6.628499031066894531e-01
-7.534584403038024902e-01 -1.384869813919067383e-01 6.427454352378845215e-01
-7.693405747413635254e-01 -1.401515305042266846e-01 6.232757568359375000e-01
-7.836850881576538086e-01 -1.436173170804977417e-01 6.043274998664855957e-01
-7.966932654380798340e-01 -1.488790512084960938e-01 5.857599973678588867e-01
-8.085315823554992676e-01 -1.559427380561828613e-01 5.674138665199279785e-01
-8.193331956863403320e-01 -1.648242622613906860e-01 5.491138696670532227e-01
-8.291983008384704590e-01 -1.755472421646118164e-01 5.306725502014160156e-01
-8.381949663162231445e-01 -1.881367564201354980e-01 5.118923187255859375e-01
-8.463619351387023926e-01 -2.026110589504241943e-01 4.925649464130401611e-01
-8.537114858627319336e-01 -2.189702689647674561e-01 4.724708199501037598e-01
-8.602329492568969727e-01 -2.371824979782104492e-01 4.513797461986541748e-01
-8.658993840217590332e-01 -2.571676671504974365e-01 4.290489852428436279e-01
-8.706746697425842285e-01 -2.787781655788421631e-01 4.052263796329498291e-01
-8.745234012603759766e-01 -3.017823398113250732e-01 3.796528279781341553e-01
-8.774217963218688965e-01 -3.258502483367919922e-01 3.520690500736236572e-01
-8.793691396713256836e-01 -3.505440950393676758e-01 3.222245573997497559e-01
-8.803965449333190918e-01 -3.753215372562408447e-01 2.898889183998107910e-01
-8.805715441703796387e-01 -3.995454907417297363e-01 2.548668980598449707e-01
-8.799953460693359375e-01 -4.225082397460937500e-01 2.170138806104660034e-01
-8.787928819656372070e-01 -4.434609115123748779e-01 1.762541085481643677e-01
-8.770939707756042480e-01 -4.616522490978240967e-01 1.326025426387786865e-01
-8.750126361846923828e-01 -4.763670265674591064e-01 8.618222922086715698e-02
-8.726229667663574219e-01 -4.869718253612518311e-01 3.725044801831245422e-02
-8.699446320533752441e-01 -4.929565489292144775e-01 -1.378469727933406830e-02
-8.669384717941284180e-01 -4.939779341220855713e-01 -6.635794788599014282e-02
-8.635163307189941406e-01 -4.898963570594787598e-01 -1.197545379400253296e-01
-8.595645427703857422e-01 -4.808017611503601074e-01 -1.731428951025009155e-01
-8.549744486808776855e-01 -4.670195579528808594e-01 -2.256355583667755127e-01
-8.496742844581604004e-01 -4.490852952003479004e-01 -2.763620018959045410e-01
-8.436507582664489746e-01 -4.276933073997497559e-01 -3.245487511157989502e-01
-8.369547724723815918e-01 -4.036255478858947754e-01 -3.695850074291229248e-01
-8.296964168548583984e-01 -3.776694834232330322e-01 -4.110592901706695557e-01
-8.220248222351074219e-01 -3.505462110042572021e-01 -4.487677216529846191e-01
-8.141095638275146484e-01 -3.228564560413360596e-01 -4.826898276805877686e-01
-8.061186671257019043e-01 -2.950551211833953857e-01 -5.129475593566894531e-01
-7.982081770896911621e-01 -2.674424648284912109e-01 -5.397576093673706055e-01
-7.905122041702270508e-01 -2.401796728372573853e-01 -5.633862614631652832e-01
-7.831426262855529785e-01 -2.133109718561172485e-01 -5.841113328933715820e-01
-7.761898636817932129e-01 -1.867881864309310913e-01 -6.021955609321594238e-01
-7.697262763977050781e-01 -1.604981273412704468e-01 -6.178687810897827148e-01
-7.638087272644042969e-01 -1.342896074056625366e-01 -6.313180327415466309e-01
-7.584812045097351074e-01 -1.079876944422721863e-01 -6.426857113838195801e-01
-7.537757754325866699e-01 -8.141268044710159302e-02 -6.520690917968750000e-01
-7.497128248214721680e-01 -5.438779667019844055e-02 -6.595244407653808594e-01
-7.462999224662780762e-01 -2.674765884876251221e-02 -6.650722026824951172e-01
-7.435325980186462402e-01 1.661828719079494476e-03 -6.686975955963134766e-01
-7.413873076438903809e-01 3.098174743354320526e-02 -6.703618168830871582e-01
-7.398243546485900879e-01 6.134985387325286865e-02 -6.699970960617065430e-01
-7.387817502021789551e-01 9.290251135826110840e-02 -6.675106883049011230e-01
-7.381752729415893555e-01 1.257824599742889404e-01 -6.627789735794067383e-01
-7.378890514373779297e-01 1.601423919200897217e-01 -6.556478738784790039e-01
-7.377727627754211426e-01 1.961424052715301514e-01 -6.459253430366516113e-01
-7.376309037208557129e-01 2.339422106742858887e-01 -6.333811879158020020e-01
-7.372155785560607910e-01 2.736810743808746338e-01 -6.177473664283752441e-01
-7.362167835235595703e-01 3.154436647891998291e-01 -5.987321138381958008e-01
-7.342560887336730957e-01 3.592208325862884521e-01 -5.760455131530761719e-01
-7.308934330940246582e-01 4.048575758934020996e-01 -5.494407415390014648e-01
-7.256473302841186523e-01 4.520096480846405029e-01 -5.187706947326660156e-01
-7.180347442626953125e-01 5.001145601272583008e-01 -4.840574264526367188e-01
-7.076342701911926270e-01 5.483967065811157227e-01 -4.455498754978179932e-01
-6.941570043563842773e-01 5.959221124649047852e-01 -4.037609398365020752e-01
-6.775113344192504883e-01 6.416918635368347168e-01 -3.594577908515930176e-01
-6.578403711318969727e-01 6.847674846649169922e-01 -3.135913908481597900e-01
-6.355088353157043457e-01 7.243893146514892578e-01 -2.671865820884704590e-01
-6.110531687736511230e-01 7.600549459457397461e-01 -2.212022244930267334e-01
-5.850952863693237305e-01 7.915434837341308594e-01 -1.764152646064758301e-01
-5.582601428031921387e-01 8.188798427581787109e-01 -1.333469599485397339e-01
-5.311124920845031738e-01 8.422658443450927734e-01 -9.223758429288864136e-02
-5.041230320930480957e-01 8.619993329048156738e-01 -5.307746678590774536e-02
-4.776673913002014160e-01 8.784010410308837891e-01 -1.566503569483757019e-02
-4.520448744297027588e-01 8.917636871337890625e-01 2.031769044697284698e-02
-4.275135993957519531e-01 9.023204445838928223e-01 5.522675439715385437e-02
-4.043189585208892822e-01 9.102401733398437500e-01 8.938077092170715332e-02
-3.827172219753265381e-01 9.156410098075866699e-01 1.230000331997871399e-01
-3.629934787750244141e-01 9.186140894889831543e-01 1.561533957719802856e-01
-3.454568088054656982e-01 9.192624092102050781e-01 1.887227892875671387e-01
-3.304284811019897461e-01 9.177393317222595215e-01 2.203891724348068237e-01
-3.182199597358703613e-01 9.142853617668151855e-01 2.506357431411743164e-01
-3.090984523296356201e-01 9.092519283294677734e-01 2.787815928459167480e-01
-3.032648861408233643e-01 9.031043648719787598e-01 3.040276169776916504e-01
-3.008292615413665771e-01 8.964061737060546875e-01 3.255115747451782227e-01
-3.018024861812591553e-01 8.897747993469238281e-01 3.423681855201721191e-01
-3.061007559299468994e-01 8.838266730308532715e-01 3.537692725658416748e-01
-3.135515153408050537e-01 8.791128396987915039e-01 3.589512705802917480e-01
-3.239097595214843750e-01 8.760583400726318359e-01 3.572172522544860840e-01
-3.368628621101379395e-01 8.749098777770996094e-01 3.479310274124145508e-01
-3.520290255546569824e-01 8.756924867630004883e-01 3.305121064186096191e-01
-3.689406812191009521e-01 8.781810998916625977e-01 3.044351637363433838e-01
-3.870182037353515625e-01 8.818831443786621094e-01 2.692566514015197754e-01
-4.055453836917877197e-01 8.860335350036621094e-01 2.246717959642410278e-01
-4.236457943916320801e-01 8.896180391311645508e-01 1.705986559391021729e-01
-4.402876198291778564e-01 8.914223909378051758e-01 1.072983741760253906e-01
-4.543176889419555664e-01 8.901327848434448242e-01 3.548252582550048828e-02
-4.645462334156036377e-01 8.844747543334960938e-01 -4.360260441899299622e-02
-4.698758721351623535e-01 8.733779788017272949e-01 -1.281700581312179565e-01
-4.694299697875976562e-01 8.561443686485290527e-01 -2.159913033246994019e-01
-4.626843929290771484e-01 8.325527906417846680e-01 -3.045963048934936523e-01
-4.495319128036499023e-01 8.028841018676757812e-01 -3.915329873561859131e-01
-4.302636384963989258e-01 7.678511142730712891e-01 -4.746343493461608887e-01
-4.054995775222778320e-01 7.284536957740783691e-01 -5.522003769874572754e-01
-3.760625422000885010e-01 6.858074069023132324e-01 -6.230932474136352539e-01
-3.428608179092407227e-01 6.409978270530700684e-01 -6.867082118988037109e-01
-3.067742884159088135e-01 5.949701070785522461e-01 -7.428998351097106934e-01
-2.685929834842681885e-01 5.484696626663208008e-01 -7.918578386306762695e-01
-2.289702147245407104e-01 5.020334124565124512e-01 -8.339874744415283203e-01
-1.884077489376068115e-01 4.559964537620544434e-01 -8.698101639747619629e-01
-1.472668200731277466e-01 4.105192720890045166e-01 -8.998813033103942871e-01
-1.057680472731590271e-01 3.656159043312072754e-01 -9.247367382049560547e-01
-6.400577723979949951e-02 3.211846649646759033e-01 -9.448511600494384766e-01
-2.196409553289413452e-02 2.770204544067382812e-01 -9.606129527091979980e-01
2.048888616263866425e-02 2.328305989503860474e-01 -9.723014831542968750e-01
6.358582526445388794e-02 1.882449090480804443e-01 -9.800615906715393066e-01
1.076580211520195007e-01 1.428226381540298462e-01 -9.838756918907165527e-01
1.531232446432113647e-01 9.606422483921051025e-02 -9.835267663002014160e-01
2.004606872797012329e-01 4.743553325533866882e-02 -9.785526990890502930e-01
2.501519918441772461e-01 -3.578467294573783875e-03 -9.682000279426574707e-01
3.025726974010467529e-01 -5.736583098769187927e-02 -9.513984918594360352e-01
3.578361570835113525e-01 -1.140287667512893677e-01 -9.267958998680114746e-01
4.155707955360412598e-01 -1.731615364551544189e-01 -8.929255604743957520e-01
4.747142493724822998e-01 -2.336237132549285889e-01 -8.485672473907470703e-01
5.334442853927612305e-01 -2.934320867061614990e-01 -7.933063507080078125e-01
5.893855690956115723e-01 -3.499380648136138916e-01 -7.281263470649719238e-01
6.401588320732116699e-01 -4.003568887710571289e-01 -6.556760668754577637e-01
6.840478181838989258e-01 -4.424783587455749512e-01 -5.799064636230468750e-01
7.204375267028808594e-01 -4.752032756805419922e-01 -5.051253437995910645e-01
7.497848272323608398e-01 -4.986358582973480225e-01 -4.349539875984191895e-01
7.732335329055786133e-01 -5.137715935707092285e-01 -3.716833889484405518e-01
7.921475172042846680e-01 -5.220418572425842285e-01 -3.161877691745758057e-01
8.077693581581115723e-01 -5.249372124671936035e-01 -2.682341039180755615e-01
8.210656642913818359e-01 -5.237981677055358887e-01 -2.269067466259002686e-01
8.327069878578186035e-01 -5.197345018386840820e-01 -1.909846365451812744e-01
8.431123495101928711e-01 -5.136286616325378418e-01 -1.592083573341369629e-01
8.525177240371704102e-01 -5.061611533164978027e-01 -1.304391175508499146e-01
8.610374331474304199e-01 -4.978494644165039062e-01 -1.037321910262107849e-01
8.687134981155395508e-01 -4.890771508216857910e-01 -7.836051285266876221e-02
8.755528926849365234e-01 -4.801167249679565430e-01 -5.380635708570480347e-02
8.815513253211975098e-01 -4.711511135101318359e-01 -2.973186224699020386e-02
8.867099881172180176e-01 -4.622877538204193115e-01 -5.946422461420297623e-03
8.910422325134277344e-01 -4.535778462886810303e-01 1.762984506785869598e-02
8.945778012275695801e-01 -4.450273513793945312e-01 4.100225493311882019e-02
8.973618745803833008e-01 -4.366109669208526611e-01 6.412871181964874268e-02
8.994504213333129883e-01 -4.282866120338439941e-01 8.694487065076828003e-02
9.009072184562683105e-01 -4.200024604797363281e-01 1.093808040022850037e-01
9.017968177795410156e-01 -4.117081463336944580e-01 1.313731819391250610e-01
9.021824002265930176e-01 -4.033574759960174561e-01 1.528716385364532471e-01
9.021202921867370605e-01 -3.949151635169982910e-01 1.738419383764266968e-01
9.016584157943725586e-01 -3.863590359687805176e-01 1.942648142576217651e-01
9.008349776268005371e-01 -3.776798248291015625e-01 2.141359299421310425e-01
8.996779322624206543e-01 -3.688831925392150879e-01 2.334625869989395142e-01
8.982061743736267090e-01 -3.599865436553955078e-01 2.522603869438171387e-01
8.964294791221618652e-01 -3.510206937789916992e-01 2.705523669719696045e-01
8.943518996238708496e-01 -3.420234322547912598e-01 2.883655726909637451e-01
8.919703960418701172e-01 -3.330433368682861328e-01 3.057299256324768066e-01
8.892794251441955566e-01 -3.241316080093383789e-01 3.226774334907531738e-01
8.862696290016174316e-01 -3.153432607650756836e-01 3.392412960529327393e-01
8.829303383827209473e-01 -3.067342638969421387e-01 3.554549217224121094e-01
8.792495727539062500e-01 -2.983579039573669434e-01 3.713524043560028076e-01
8.752157688140869141e-01 -2.902644872665405273e-01 3.869674801826477051e-01
8.708165287971496582e-01 -2.824998199939727783e-01 4.023337960243225098e-01
8.660404086112976074e-01 -2.751026153564453125e-01 4.174835681915283203e-01
8.608763813972473145e-01 -2.681049704551696777e-01 4.324482381343841553e-01
8.553142547607421875e-01 -2.615314424037933350e-01 4.472569227218627930e-01
8.493455052375793457e-01 -2.553983926773071289e-01 4.619348645210266113e-01
8.429627418518066406e-01 -2.497136294841766357e-01 4.765049219131469727e-01
8.361606597900390625e-01 -2.444780915975570679e-01 4.909844398498535156e-01
8.289369940757751465e-01 -2.396846860647201538e-01 5.053856968879699707e-01
8.212915658950805664e-01 -2.353195846080780029e-01 5.197160243988037109e-01
8.132293820381164551e-01 -2.313629090785980225e-01 5.339748859405517578e-01
8.047590851783752441e-01 -2.277880162000656128e-01 5.481563806533813477e-01
7.958943247795104980e-01 -2.245635986328125000e-01 5.622485876083374023e-01
7.866541147232055664e-01 -2.216559946537017822e-01 5.762325525283813477e-01
7.770629525184631348e-01 -2.190266251564025879e-01 5.900850296020507812e-01
7.671510577201843262e-01 -2.166360020637512207e-01 6.037782430648803711e-01
7.569536566734313965e-01 -2.144425958395004272e-01 6.172809004783630371e-01
7.465111017227172852e-01 -2.124053239822387695e-01 6.305594444274902344e-01
7.358677983283996582e-01 -2.104847580194473267e-01 6.435796618461608887e-01
7.250716686248779297e-01 -2.086429446935653687e-01 6.563072800636291504e-01
7.141720056533813477e-01 -2.068450897932052612e-01 6.687102913856506348e-01
7.032200694084167480e-01 -2.050614804029464722e-01 6.807579994201660156e-01
6.922661662101745605e-01 -2.032651752233505249e-01 6.924239397048950195e-01
6.813598871231079102e-01 -2.014357298612594604e-01 7.036848068237304688e-01
6.705471277236938477e-01 -1.995583027601242065e-01 7.145230174064636230e-01
6.598708033561706543e-01 -1.976243406534194946e-01 7.249242067337036133e-01
6.493687033653259277e-01 -1.956311017274856567e-01 7.348801493644714355e-01
6.390721797943115234e-01 -1.935816705226898193e-01 7.443875074386596680e-01
6.290071010589599609e-01 -1.914866417646408081e-01 7.534474134445190430e-01
6.191887855529785156e-01 -1.893600225448608398e-01 7.620682716369628906e-01
6.096266508102416992e-01 -1.872237324714660645e-01 7.702613472938537598e-01
6.003197431564331055e-01 -1.851024180650711060e-01 7.780445218086242676e-01
5.912573337554931641e-01 -1.830238550901412964e-01 7.854406833648681641e-01
5.824196934700012207e-01 -1.810206770896911621e-01 7.924763560295104980e-01
5.737767219543457031e-01 -1.791278421878814697e-01 7.991830706596374512e-01
5.652877092361450195e-01 -1.773816049098968506e-01 8.055964708328247070e-01
5.569033622741699219e-01 -1.758186817169189453e-01 8.117551207542419434e-01
5.485654473304748535e-01 -1.744766384363174438e-01 8.177003860473632812e-01
5.402052402496337891e-01 -1.733905673027038574e-01 8.234767317771911621e-01
5.317479968070983887e-01 -1.725962013006210327e-01 8.291288018226623535e-01
5.231117606163024902e-01 -1.721220761537551880e-01 8.347023725509643555e-01
5.142087936401367188e-01 -1.719943583011627197e-01 8.402423858642578125e-01
5.049478411674499512e-01 -1.722326278686523438e-01 8.457916975021362305e-01
4.952350258827209473e-01 -1.728489398956298828e-01 8.513903617858886719e-01
4.849758446216583252e-01 -1.738458722829818726e-01 8.570741415023803711e-01
4.740773737430572510e-01 -1.752155870199203491e-01 8.628731966018676758e-01
4.624510705471038818e-01 -1.769422292709350586e-01 8.688098192214965820e-01
4.500145614147186279e-01 -1.789944618940353394e-01 8.748987913131713867e-01
4.366964101791381836e-01 -1.813315749168395996e-01 8.811441659927368164e-01
4.224366545677185059e-01 -1.839036345481872559e-01 8.875397443771362305e-01
4.071921706199645996e-01 -1.866491287946701050e-01 8.940674662590026855e-01
3.909400701522827148e-01 -1.895030587911605835e-01 9.006966352462768555e-01
3.736799657344818115e-01 -1.923934370279312134e-01 9.073852896690368652e-01
3.554372489452362061e-01 -1.952491849660873413e-01 9.140799641609191895e-01
3.362649679183959961e-01 -1.980009377002716064e-01 9.207179546356201172e-01
3.162450492382049561e-01 -2.005856335163116455e-01 9.272294640541076660e-01
2.954885661602020264e-01 -2.029509246349334717e-01 9.335402846336364746e-01
2.741318643093109131e-01 -2.050533443689346313e-01 9.395769834518432617e-01
2.523375749588012695e-01 -2.068637609481811523e-01 9.452688097953796387e-01
2.302867770195007324e-01 -2.083653509616851807e-01 9.505534768104553223e-01
2.081762850284576416e-01 -2.095573395490646362e-01 9.553787112236022949e-01
1.862108260393142700e-01 -2.104452103376388550e-01 9.597074389457702637e-01
1.645992100238800049e-01 -2.110447883605957031e-01 9.635181427001953125e-01
1.435452699661254883e-01 -2.113770842552185059e-01 9.668063521385192871e-01
1.232445165514945984e-01 -2.114621549844741821e-01 9.695847034454345703e-01
1.038785874843597412e-01 -2.113188803195953369e-01 9.718814492225646973e-01
8.561458438634872437e-02 -2.109589278697967529e-01 9.737384319305419922e-01
6.859941780567169189e-02 -2.103856801986694336e-01 9.752086997032165527e-01
5.296447128057479858e-02 -2.095933109521865845e-01 9.763531088829040527e-01
3.882116079330444336e-02 -2.085649520158767700e-01 9.772377014160156250e-01
2.626785077154636383e-02 -2.072720229625701904e-01 9.779306650161743164e-01
1.538758631795644760e-02 -2.056790888309478760e-01 9.784985184669494629e-01
6.251127924770116806e-03 -2.037435621023178101e-01 9.790043234825134277e-01
-1.080099958926439285e-03 -2.014182060956954956e-01 9.795047640800476074e-01
-6.554855033755302429e-03 -1.986566632986068726e-01 9.800472259521484375e-01
-1.013415213674306870e-02 -1.954154223203659058e-01 9.806681871414184570e-01
-1.179072447121143341e-02 -1.916578114032745361e-01 9.813909530639648438e-01
-1.151258964091539383e-02 -1.873615086078643799e-01 9.822235107421875000e-01
-9.310672990977764130e-03 -1.825165003538131714e-01 9.831586480140686035e-01
-5.223323591053485870e-03 -1.771321445703506470e-01 9.841731786727905273e-01
6.805303273722529411e-04 -1.712391972541809082e-01 9.852292537689208984e-01
8.291298523545265198e-03 -1.648882627487182617e-01 9.862773418426513672e-01
1.745683699846267700e-02 -1.581511795520782471e-01 9.872605800628662109e-01
2.798175811767578125e-02 -1.511225849390029907e-01 9.881188869476318359e-01
3.963115811347961426e-02 -1.439119428396224976e-01 9.887965321540832520e-01
5.213354155421257019e-02 -1.366396695375442505e-01 9.892480969429016113e-01
6.519456207752227783e-02 -1.294324547052383423e-01 9.894427657127380371e-01
7.850689440965652466e-02 -1.224167644977569580e-01 9.893688559532165527e-01
9.176509827375411987e-02 -1.157101169228553772e-01 9.890350103378295898e-01
1.046797633171081543e-01 -1.094169914722442627e-01 9.884685277938842773e-01
1.169898137450218201e-01 -1.036223471164703369e-01 9.877124428749084473e-01
1.284758150577545166e-01 -9.838884323835372925e-02 9.868199825286865234e-01
1.389618366956710815e-01 -9.375404566526412964e-02 9.858497977256774902e-01
1.483191847801208496e-01 -8.973360061645507812e-02 9.848600029945373535e-01
1.564681082963943481e-01 -8.631756156682968140e-02 9.839040040969848633e-01
1.633735746145248413e-01 -8.347599953413009644e-02 9.830263257026672363e-01
1.690389662981033325e-01 -8.116073161363601685e-02 9.822620749473571777e-01
1.735001355409622192e-01 -7.930719107389450073e-02 9.816353917121887207e-01
1.768169254064559937e-01 -7.783722132444381714e-02 9.811611175537109375e-01
1.790701597929000854e-01 -7.666197419166564941e-02 9.808449745178222656e-01
1.803484112024307251e-01 -7.568336278200149536e-02 9.806867241859436035e-01
1.807462871074676514e-01 -7.479691505432128906e-02 9.806815385818481445e-01
1.803521811962127686e-01 -7.388968765735626221e-02 9.808228015899658203e-01
1.792473495006561279e-01 -7.284655421972274780e-02 9.811033010482788086e-01
1.774984896183013916e-01 -7.154395431280136108e-02 9.815170168876647949e-01
1.751526445150375366e-01 -6.985765695571899414e-02 9.820598959922790527e-01
1.722362786531448364e-01 -6.766039133071899414e-02 9.827291965484619141e-01
1.687503606081008911e-01 -6.482336670160293579e-02 9.835249185562133789e-01
1.646718680858612061e-01 -6.121819093823432922e-02 9.844468235969543457e-01
1.599542945623397827e-01 -5.671809986233711243e-02 9.854936003684997559e-01
1.545319706201553345e-01 -5.120098218321800232e-02 9.866601824760437012e-01
1.483164578676223755e-01 -4.455195367336273193e-02 9.879359006881713867e-01
1.412134468555450439e-01 -3.666701912879943848e-02 9.892998933792114258e-01
1.331204324960708618e-01 -2.745450846850872040e-02 9.907195568084716797e-01
1.239363402128219604e-01 -1.684488542377948761e-02 9.921471476554870605e-01
1.135741397738456726e-01 -4.790334962308406830e-03 9.935179948806762695e-01
1.019664406776428223e-01 8.728631772100925446e-03 9.947496056556701660e-01
8.908046036958694458e-02 2.369704656302928925e-02 9.957424998283386230e-01
7.492177933454513550e-02 4.006308689713478088e-02 9.963843226432800293e-01
5.954201146960258484e-02 5.773379653692245483e-02 9.965548515319824219e-01
4.304654523730278015e-02 7.657683640718460083e-02 9.961339831352233887e-01
2.559425681829452515e-02 9.642029553651809692e-02 9.950115680694580078e-01
7.396725937724113464e-03 1.170570552349090576e-01 9.930976033210754395e-01
-1.129251345992088318e-02 1.382552981376647949e-01 9.903322458267211914e-01
-3.018512204289436340e-02 1.597688794136047363e-01 9.866928458213806152e-01
-4.897240549325942993e-02 1.813486516475677490e-01 9.821987152099609375e-01
-6.734070926904678345e-02 2.027531862258911133e-01 9.769117236137390137e-01
-8.498938381671905518e-02 2.237631380558013916e-01 9.709308743476867676e-01
-1.016412749886512756e-01 2.441869080066680908e-01 9.643867015838623047e-01
-1.170531883835792542e-01 2.638705074787139893e-01 9.574292898178100586e-01
-1.310246437788009644e-01 2.826945483684539795e-01 9.502190947532653809e-01
-1.434011310338973999e-01 3.005767166614532471e-01 9.429155588150024414e-01
-1.540786921977996826e-01 3.174670636653900146e-01 9.356678128242492676e-01
-1.629953235387802124e-01 3.333431482315063477e-01 9.286091327667236328e-01
-1.701358854770660400e-01 3.482032418251037598e-01 9.218505024909973145e-01
-1.755244284868240356e-01 3.620643019676208496e-01 9.154784083366394043e-01
-1.792202740907669067e-01 3.749495744705200195e-01 9.095565080642700195e-01
-1.813180893659591675e-01 3.868912756443023682e-01 9.041232466697692871e-01
-1.819431185722351074e-01 3.979228436946868896e-01 8.991963863372802734e-01
-1.812501102685928345e-01 4.080776274204254150e-01 8.947742581367492676e-01
-1.794211119413375854e-01 4.173907041549682617e-01 8.908384442329406738e-01
-1.766605973243713379e-01 4.258987903594970703e-01 8.873562812805175781e-01
-1.731977164745330811e-01 4.336356222629547119e-01 8.842865824699401855e-01
-1.692793518304824829e-01 4.406405687332153320e-01 8.815783262252807617e-01
-1.651680469512939453e-01 4.469533264636993408e-01 8.791770339012145996e-01
-1.611333638429641724e-01 4.526254236698150635e-01 8.770212531089782715e-01
-1.574475467205047607e-01 4.577080905437469482e-01 8.750506639480590820e-01
-1.543752551078796387e-01 4.622607231140136719e-01 8.732029199600219727e-01
-1.521650254726409912e-01 4.663495123386383057e-01 8.714148402214050293e-01
-1.510419398546218872e-01 4.700431227684020996e-01 8.696239590644836426e-01
-1.511946916580200195e-01 4.734091460704803467e-01 8.677695393562316895e-01
-1.527716666460037231e-01 4.765160381793975830e-01 8.657904863357543945e-01
-1.558708995580673218e-01 4.794251322746276855e-01 8.636294007301330566e-01
-1.605338752269744873e-01 4.821902811527252197e-01 8.612324595451354980e-01
-1.667439192533493042e-01 4.848541915416717529e-01 8.585528135299682617e-01
-1.744289547204971313e-01 4.874502420425415039e-01 8.555505871772766113e-01
-1.834609210491180420e-01 4.899966716766357422e-01 8.522002696990966797e-01
-1.936645954847335815e-01 4.925048053264617920e-01 8.484886884689331055e-01
-2.048255503177642822e-01 4.949753582477569580e-01 8.444204926490783691e-01
-2.167018055915832520e-01 4.974049925804138184e-01 8.400169610977172852e-01
-2.290340960025787354e-01 4.997856318950653076e-01 8.353189229965209961e-01
-2.415602356195449829e-01 5.021110773086547852e-01 8.303813338279724121e-01
-2.540257275104522705e-01 5.043730139732360840e-01 8.252750039100646973e-01
-2.661940455436706543e-01 5.065687894821166992e-01 8.200785517692565918e-01
-2.778517305850982666e-01 5.086995363235473633e-01 8.148761391639709473e-01
-2.888187766075134277e-01 5.107656121253967285e-01 8.097543716430664062e-01
-2.989476919174194336e-01 5.127726793289184570e-01 8.047947287559509277e-01
-3.081282973289489746e-01 5.147252678871154785e-01 8.000717163085937500e-01
-3.162851631641387939e-01 5.166270732879638672e-01 7.956508398056030273e-01
-3.233774304389953613e-01 5.184791088104248047e-01 7.915847301483154297e-01
-3.293933570384979248e-01 5.202805399894714355e-01 7.879138588905334473e-01
-3.343527913093566895e-01 5.220238566398620605e-01 7.846651077270507812e-01
-3.383004665374755859e-01 5.236963033676147461e-01 7.818534374237060547e-01
-3.413055837154388428e-01 5.252815485000610352e-01 7.794804573059082031e-01
-3.434595465660095215e-01 5.267550349235534668e-01 7.775376439094543457e-01
-3.448705971240997314e-01 5.280903577804565430e-01 7.760057449340820312e-01
-3.456640839576721191e-01 5.292563438415527344e-01 7.748574018478393555e-01
-3.459796905517578125e-01 5.302170515060424805e-01 7.740594148635864258e-01
-3.459673225879669189e-01 5.309379100799560547e-01 7.735707163810729980e-01
-3.457859158515930176e-01 5.313819646835327148e-01 7.733469009399414062e-01
-3.455988466739654541e-01 5.315143465995788574e-01 7.733395099639892578e-01
-3.455707132816314697e-01 5.313042998313903809e-01 7.734964489936828613e-01
-3.458639681339263916e-01 5.307214260101318359e-01 7.737654447555541992e-01
-3.465507924556732178e-01 5.297100543975830078e-01 7.741509675979614258e-01
-3.474833667278289795e-01 5.285406112670898438e-01 7.745322585105895996e-01
-3.477416932582855225e-01 5.277936458587646484e-01 7.749254703521728516e-01
