-4.814186990261077881e-01 8.749453425407409668e-01 5.202700570225715637e-02
-3.919014036655426025e-01 9.197471141815185547e-01 2.187510579824447632e-02
-3.965508639812469482e-01 9.178898334503173828e-01 -1.502079516649246216e-02
-4.678448736667633057e-01 8.797053694725036621e-01 -8.508588373661041260e-02
-5.206500887870788574e-01 8.517501950263977051e-01 -5.869635194540023804e-02
-4.504149556159973145e-01 8.918616771697998047e-01 -4.134088009595870972e-02
-3.659612834453582764e-01 9.289259314537048340e-01 -5.629439279437065125e-02
-3.972629606723785400e-01 9.158536195755004883e-01 -5.825990065932273865e-02
-2.742415368556976318e-01 9.602366685867309570e-01 -5.231800675392150879e-02
-2.920627593994140625e-01 9.463724493980407715e-01 -1.381255537271499634e-01
-3.421835899353027344e-01 9.171105027198791504e-01 -2.044961601495742798e-01
-4.468724131584167480e-01 8.769334554672241211e-01 -1.768974959850311279e-01
-4.729367196559906006e-01 8.739177584648132324e-01 -1.122431308031082153e-01
-4.452500939369201660e-01 8.945426940917968750e-01 -3.931580111384391785e-02
-3.580794334411621094e-01 9.292371273040771484e-01 9.109057486057281494e-02
-1.769859641790390015e-01 9.761398434638977051e-01 1.258051842451095581e-01
2.174864150583744049e-02 9.983316063880920410e-01 5.348707363009452820e-02
2.598185539245605469e-01 9.655293226242065430e-01 -1.573061011731624603e-02
4.106488525867462158e-01 9.112617373466491699e-01 -3.113725222647190094e-02
5.162974596023559570e-01 8.507716059684753418e-01 -9.810458123683929443e-02
6.571790575981140137e-01 7.490749359130859375e-01 -8.368097245693206787e-02
7.674574255943298340e-01 6.361625790596008301e-01 -7.941091060638427734e-02
8.248891234397888184e-01 5.549623966217041016e-01 -1.075854599475860596e-01
8.295463919639587402e-01 5.483667850494384766e-01 -1.055782362818717957e-01
8.277016878128051758e-01 5.381850004196166992e-01 -1.589557528495788574e-01
8.405974507331848145e-01 4.988299608230590820e-01 -2.111034691333770752e-01
8.489137291908264160e-01 4.544931948184967041e-01 -2.697803974151611328e-01
8.959649801254272461e-01 3.639662563800811768e-01 -2.545099258422851562e-01
9.267268180847167969e-01 3.105477988719940186e-01 -2.115127593278884888e-01
9.303158521652221680e-01 3.480623960494995117e-01 -1.156069710850715637e-01
9.384899139404296875e-01 3.386504948139190674e-01 -6.747218221426010132e-02
9.562581777572631836e-01 2.790068089962005615e-01 -8.789454400539398193e-02
9.730035066604614258e-01 2.157590836286544800e-01 -8.192773908376693726e-02
9.891814589500427246e-01 1.440681368112564087e-01 -2.764968387782573700e-02
9.987273216247558594e-01 4.915544390678405762e-02 1.128863077610731125e-02
9.997271299362182617e-01 -2.260363847017288208e-02 -5.888920277357101440e-03
9.986337423324584961e-01 -5.225604772567749023e-02 -4.913660450256429613e-05
9.975565075874328613e-01 -5.877786502242088318e-02 3.776453435420989990e-02
9.936044216156005859e-01 -1.128510385751724243e-01 -3.870956134051084518e-03
9.889591336250305176e-01 -1.468418389558792114e-01 -1.993407122790813446e-02
9.895044565200805664e-01 -1.427042633295059204e-01 -2.272459119558334351e-02
9.897428750991821289e-01 -1.352422684431076050e-01 -4.602879658341407776e-02
9.953764081001281738e-01 -8.555119484663009644e-02 -4.366647079586982727e-02
9.996610879898071289e-01 -2.603201940655708313e-02 -3.654633183032274246e-04
9.999619722366333008e-01 -3.045541001483798027e-03 8.168506436049938202e-03
9.987313151359558105e-01 -1.122434623539447784e-02 4.908869415521621704e-02
9.935348033905029297e-01 -1.374588254839181900e-02 1.126929074525833130e-01
9.868433475494384766e-01 -2.336878329515457153e-02 1.599819213151931763e-01
9.706156849861145020e-01 -7.282710820436477661e-02 2.293499559164047241e-01
9.472504258155822754e-01 -1.241682022809982300e-01 2.954638004302978516e-01
9.227727055549621582e-01 -1.731788814067840576e-01 3.442378640174865723e-01
8.888464570045471191e-01 -2.336926907300949097e-01 3.941315412521362305e-01
8.591964840888977051e-01 -2.828007042407989502e-01 4.263863265514373779e-01
8.325176239013671875e-01 -3.262862265110015869e-01 4.477184116840362549e-01
8.227548003196716309e-01 -3.330930471420288086e-01 4.605687260627746582e-01
8.371701836585998535e-01 -2.989093363285064697e-01 4.580384790897369385e-01
8.522980809211730957e-01 -2.871073782444000244e-01 4.372154772281646729e-01
8.318372964859008789e-01 -3.193691968917846680e-01 4.539272487163543701e-01
7.931004166603088379e-01 -3.479208052158355713e-01 4.999428689479827881e-01
7.546613812446594238e-01 -3.496171534061431885e-01 5.552062392234802246e-01
6.582485437393188477e-01 -3.379097282886505127e-01 6.727004647254943848e-01
6.220580339431762695e-01 -2.892284691333770752e-01 7.275923490524291992e-01
5.924522876739501953e-01 -2.476983666419982910e-01 7.665805816650390625e-01
6.030469536781311035e-01 -2.596808373928070068e-01 7.542547583580017090e-01
6.035619974136352539e-01 -2.235083878040313721e-01 7.653475403785705566e-01
5.358782410621643066e-01 -2.503424882888793945e-01 8.063269257545471191e-01
4.859896004199981689e-01 -2.720008194446563721e-01 8.305599093437194824e-01
3.736924231052398682e-01 -2.997986674308776855e-01 8.777669072151184082e-01
2.728879451751708984e-01 -4.195596873760223389e-01 8.657377362251281738e-01
1.777989417314529419e-01 -4.552158117294311523e-01 8.724483251571655273e-01
2.503008022904396057e-02 -4.501152336597442627e-01 8.926196694374084473e-01
-1.026581525802612305e-01 -4.249191582202911377e-01 8.993914723396301270e-01
-1.938071697950363159e-01 -4.144234061241149902e-01 8.892086744308471680e-01
-2.497278451919555664e-01 -4.076100587844848633e-01 8.783450722694396973e-01
-2.811474800109863281e-01 -4.455991685390472412e-01 8.499397039413452148e-01
-3.178122043609619141e-01 -4.694045186042785645e-01 8.238050341606140137e-01
-2.633422017097473145e-01 -4.652782380580902100e-01 8.450840115547180176e-01
-2.131316512823104858e-01 -4.020476639270782471e-01 8.904675841331481934e-01
-2.347739785909652710e-01 -3.289558887481689453e-01 9.146961569786071777e-01
-2.342448681592941284e-01 -2.980920970439910889e-01 9.253488183021545410e-01
-2.530739605426788330e-01 -3.561607897281646729e-01 8.995016217231750488e-01
-2.673218548297882080e-01 -3.770851194858551025e-01 8.867614865303039551e-01
-2.264892607927322388e-01 -4.265827536582946777e-01 8.756310939788818359e-01
-2.036409080028533936e-01 -4.617224633693695068e-01 8.633323311805725098e-01
-2.082714587450027466e-01 -5.014297366142272949e-01 8.397566676139831543e-01
-2.451325058937072754e-01 -5.076110363006591797e-01 8.259788751602172852e-01
-2.689910531044006348e-01 -5.516155958175659180e-01 7.895340919494628906e-01
-2.975273728370666504e-01 -6.213952302932739258e-01 7.248071432113647461e-01
-3.216001093387603760e-01 -7.021380066871643066e-01 6.352760791778564453e-01
-3.438916504383087158e-01 -7.498162984848022461e-01 5.652557015419006348e-01
-3.561090826988220215e-01 -7.873811721801757812e-01 5.032069087028503418e-01
-3.874114751815795898e-01 -7.920230627059936523e-01 4.718175828456878662e-01
-3.883685469627380371e-01 -8.152441382408142090e-01 4.295892417430877686e-01
-3.914254903793334961e-01 -8.381742238998413086e-01 3.798024356365203857e-01
-3.837965428829193115e-01 -8.347856402397155762e-01 3.947570919990539551e-01
-4.028587937355041504e-01 -8.182752132415771484e-01 4.100370705127716064e-01
-3.731117546558380127e-01 -8.402891755104064941e-01 3.933213651180267334e-01
-3.934110999107360840e-01 -8.476188778877258301e-01 3.560478389263153076e-01
-3.889931142330169678e-01 -8.679338097572326660e-01 3.088288903236389160e-01
-3.501122295856475830e-01 -9.027250409126281738e-01 2.500177323818206787e-01
-3.465529680252075195e-01 -9.308111667633056641e-01 1.161537021398544312e-01
-3.383948802947998047e-01 -9.409410953521728516e-01 1.090174261480569839e-02
-3.639856874942779541e-01 -9.296751618385314941e-01 -5.673236772418022156e-02
-3.265621066093444824e-01 -9.419353008270263672e-01 -7.819908857345581055e-02
-2.891908288002014160e-01 -9.451345205307006836e-01 -1.519522219896316528e-01
-2.455917447805404663e-01 -9.311179518699645996e-01 -2.696367800235748291e-01
-2.142904251813888550e-01 -9.011262059211730957e-01 -3.768967390060424805e-01
-1.496830880641937256e-01 -8.786020874977111816e-01 -4.534901678562164307e-01
-1.346819698810577393e-01 -8.341138958930969238e-01 -5.348969697952270508e-01
-1.383430063724517822e-01 -7.878114581108093262e-01 -6.001785397529602051e-01
-1.178410798311233521e-01 -7.449693083763122559e-01 -6.566080451011657715e-01
-1.229564100503921509e-01 -7.340254783630371094e-01 -6.678985357284545898e-01
-1.460333764553070068e-01 -7.337019443511962891e-01 -6.635930538177490234e-01
-1.545221656560897827e-01 -7.152281403541564941e-01 -6.815949678421020508e-01
-1.398519426584243774e-01 -6.656422615051269531e-01 -7.330497503280639648e-01
-1.095379516482353210e-01 -6.111331582069396973e-01 -7.839118242263793945e-01
-1.124457940459251404e-01 -5.619860887527465820e-01 -8.194679021835327148e-01
-9.427002072334289551e-02 -5.077456831932067871e-01 -8.563337326049804688e-01
-1.043222844600677490e-01 -4.779996573925018311e-01 -8.721428513526916504e-01
-1.251863688230514526e-01 -4.281695485115051270e-01 -8.949855566024780273e-01
-1.717027723789215088e-01 -3.997704982757568359e-01 -9.003897905349731445e-01
-2.015969008207321167e-01 -3.632604181766510010e-01 -9.096156358718872070e-01
-2.413620054721832275e-01 -3.415818810462951660e-01 -9.083315134048461914e-01
-2.573093771934509277e-01 -3.001527786254882812e-01 -9.185315370559692383e-01
-2.800412178039550781e-01 -2.649800181388854980e-01 -9.226930141448974609e-01
-2.740288078784942627e-01 -2.873927652835845947e-01 -9.177764058113098145e-01
-3.009681105613708496e-01 -2.969325184822082520e-01 -9.062280654907226562e-01
-3.243449330329895020e-01 -2.759783565998077393e-01 -9.047852754592895508e-01
-3.323970139026641846e-01 -2.538341581821441650e-01 -9.083394408226013184e-01
-3.617441356182098389e-01 -2.176347672939300537e-01 -9.065187573432922363e-01
-4.368224740028381348e-01 -1.865390539169311523e-01 -8.799939155578613281e-01
-4.596377015113830566e-01 -1.645976752042770386e-01 -8.727203607559204102e-01
-4.492809176445007324e-01 -1.807431280612945557e-01 -8.749163746833801270e-01
-4.447584152221679688e-01 -1.837501078844070435e-01 -8.765990734100341797e-01
-4.936794638633728027e-01 -1.368288546800613403e-01 -8.588123321533203125e-01
-5.407468080520629883e-01 -1.291558891534805298e-01 -8.312109112739562988e-01
-5.622355341911315918e-01 -1.303541064262390137e-01 -8.166388273239135742e-01
-5.877994298934936523e-01 -4.334659874439239502e-02 -8.078445196151733398e-01
-6.464012861251831055e-01 3.541488945484161377e-02 -7.621753811836242676e-01
-6.508449316024780273e-01 2.342936955392360687e-02 -7.588490843772888184e-01
-6.326937079429626465e-01 -6.661566440016031265e-03 -7.743734717369079590e-01
-5.918560028076171875e-01 -4.597662389278411865e-02 -8.047314286231994629e-01
-6.195358633995056152e-01 -7.650591433048248291e-02 -7.812311649322509766e-01
-5.763705372810363770e-01 -4.955639317631721497e-02 -8.156844377517700195e-01
-6.254892349243164062e-01 -3.495994582772254944e-02 -7.794492840766906738e-01
-6.007301807403564453e-01 -2.449518814682960510e-02 -7.990764379501342773e-01
-6.042038202285766602e-01 -3.433697670698165894e-02 -7.960897088050842285e-01
-5.154008865356445312e-01 -1.044915914535522461e-01 -8.505547642707824707e-01
-3.386807441711425781e-01 -1.254272013902664185e-01 -9.325038790702819824e-01
-2.657491564750671387e-01 -2.931840345263481140e-02 -9.635962843894958496e-01
-4.368766546249389648e-01 3.906030058860778809e-01 -8.102889060974121094e-01
-4.473637044429779053e-01 6.598745584487915039e-01 -6.036814451217651367e-01
-5.520968437194824219e-01 6.713070273399353027e-01 -4.945058524608612061e-01
-5.968105792999267578e-01 7.138369679450988770e-01 -3.664069175720214844e-01
-6.195130348205566406e-01 7.523553967475891113e-01 -2.239753305912017822e-01
-6.877553462982177734e-01 7.037800550460815430e-01 -1.780062168836593628e-01
-7.110507488250732422e-01 6.968183517456054688e-01 -9.407948702573776245e-02
-6.828266978263854980e-01 7.304322123527526855e-01 -1.470924634486436844e-02
-6.228197813034057617e-01 7.807627916336059570e-01 5.004959553480148315e-02
-5.373889803886413574e-01 8.417115211486816406e-01 5.229497700929641724e-02
-3.568829596042633057e-01 9.327543973922729492e-01 5.102760344743728638e-02
-2.499568313360214233e-01 9.675493240356445312e-01 3.701359778642654419e-02
-1.745771914720535278e-01 9.838935136795043945e-01 3.842386230826377869e-02
-1.399426609277725220e-01 9.885268807411193848e-01 5.683991685509681702e-02
-1.098318845033645630e-01 9.926331639289855957e-01 5.114956572651863098e-02
-7.177795283496379852e-03 9.990900754928588867e-01 4.204095155000686646e-02
6.409268826246261597e-02 9.978262782096862793e-01 -1.532763987779617310e-02
2.437340170145034790e-01 9.626335501670837402e-01 -1.180264502763748169e-01
3.889087438583374023e-01 9.169382452964782715e-01 -8.929800987243652344e-02
4.537032842636108398e-01 8.911388516426086426e-01 -4.987673368304967880e-03
5.312498211860656738e-01 8.467201590538024902e-01 -2.895669266581535339e-02
6.149437427520751953e-01 7.883752584457397461e-01 -1.757079549133777618e-02
6.751379370689392090e-01 7.375774979591369629e-01 -1.296718977391719818e-02
7.075119018554687500e-01 7.048013210296630859e-01 5.178925395011901855e-02
6.634141206741333008e-01 7.432820796966552734e-01 8.610121160745620728e-02
5.538631677627563477e-01 8.259969949722290039e-01 1.047116592526435852e-01
4.232568442821502686e-01 8.827783465385437012e-01 2.038531303405761719e-01
1.551063656806945801e-01 9.849355220794677734e-01 7.644588500261306763e-02
1.205027848482131958e-01 9.897914528846740723e-01 7.610616087913513184e-02
4.056550860404968262e-01 9.032288193702697754e-01 -1.400769501924514771e-01
5.814533233642578125e-01 6.955954432487487793e-01 -4.219704866409301758e-01
5.496429204940795898e-01 6.694464683532714844e-01 -4.997341036796569824e-01
5.481985807418823242e-01 7.076322436332702637e-01 -4.457969665527343750e-01
4.845227301120758057e-01 6.989624500274658203e-01 -5.260125398635864258e-01
2.533163726329803467e-01 7.315855622291564941e-01 -6.329402327537536621e-01
6.550152599811553955e-02 7.311112880706787109e-01 -6.791066527366638184e-01
-2.381196022033691406e-01 7.063320875167846680e-01 -6.666288375854492188e-01
-1.591295450925827026e-01 7.703399658203125000e-01 -6.174578070640563965e-01
3.512458875775337219e-02 8.640958070755004883e-01 -5.021003484725952148e-01
2.770752310752868652e-01 8.937371373176574707e-01 -3.527932167053222656e-01
3.869016468524932861e-01 8.688777089118957520e-01 -3.088019490242004395e-01
5.364966392517089844e-01 7.944622039794921875e-01 -2.846072018146514893e-01
5.702297687530517578e-01 7.699044942855834961e-01 -2.865048050880432129e-01
6.128808259963989258e-01 7.394268512725830078e-01 -2.786127328872680664e-01
6.021834611892700195e-01 7.372838854789733887e-01 -3.062475025653839111e-01
6.023041605949401855e-01 7.328774333000183105e-01 -3.164181411266326904e-01
5.831253528594970703e-01 7.417588829994201660e-01 -3.312983214855194092e-01
5.867439508438110352e-01 7.584488391876220703e-01 -2.837023138999938965e-01
6.771694421768188477e-01 6.767186522483825684e-01 -2.889522910118103027e-01
8.245605826377868652e-01 4.859175086021423340e-01 -2.897998690605163574e-01
9.024544954299926758e-01 3.124026954174041748e-01 -2.966148555278778076e-01
9.173347353935241699e-01 2.683469355106353760e-01 -2.940865457057952881e-01
9.038251042366027832e-01 3.544249534606933594e-01 -2.397565990686416626e-01
8.496788144111633301e-01 4.698196649551391602e-01 -2.394062727689743042e-01
7.959650158882141113e-01 5.607780218124389648e-01 -2.279642224311828613e-01
8.254250884056091309e-01 5.095723271369934082e-01 -2.429185360670089722e-01
8.815350532531738281e-01 3.962380588054656982e-01 -2.566929161548614502e-01
8.855925202369689941e-01 3.029886782169342041e-01 -3.520280122756958008e-01
9.032003283500671387e-01 2.371846139430999756e-01 -3.577326834201812744e-01
9.068660140037536621e-01 2.034947872161865234e-01 -3.690311014652252197e-01
9.146689176559448242e-01 1.550046205520629883e-01 -3.733018040657043457e-01
9.417095184326171875e-01 8.247910439968109131e-02 -3.261601626873016357e-01
9.667366147041320801e-01 -3.076272830367088318e-02 -2.539173662662506104e-01
9.630537033081054688e-01 -3.362387046217918396e-02 -2.672021389007568359e-01
9.667677879333496094e-01 2.998066507279872894e-02 -2.538920938968658447e-01
9.651702642440795898e-01 4.889640584588050842e-02 -2.570126950740814209e-01
9.617238640785217285e-01 9.257517009973526001e-02 -2.579088509082794189e-01
9.567168354988098145e-01 8.818142116069793701e-02 -2.773392200469970703e-01
9.652637839317321777e-01 4.995533823966979980e-02 -2.564569413661956787e-01
9.694643616676330566e-01 1.017099153250455856e-02 -2.450215518474578857e-01
9.843203425407409668e-01 6.878956686705350876e-03 -1.762559860944747925e-01
9.902239441871643066e-01 -2.217143587768077850e-02 -1.377130150794982910e-01
9.952593445777893066e-01 -2.784110978245735168e-02 -9.318614006042480469e-02
9.962568283081054688e-01 -7.649415731430053711e-02 -4.026168584823608398e-02
9.771759510040283203e-01 -2.082418203353881836e-01 4.198209196329116821e-02
9.418569207191467285e-01 -3.237424790859222412e-01 8.997973054647445679e-02
9.104489684104919434e-01 -3.985907137393951416e-01 1.104907020926475525e-01
9.193376302719116211e-01 -3.541574180126190186e-01 1.714375913143157959e-01
9.115837812423706055e-01 -3.234468996524810791e-01 2.537656128406524658e-01
9.093236923217773438e-01 -2.844505012035369873e-01 3.036746382713317871e-01
8.878662586212158203e-01 -2.841769754886627197e-01 3.618522584438323975e-01
8.324189186096191406e-01 -3.321901261806488037e-01 4.435408413410186768e-01
8.043769598007202148e-01 -3.395125567913055420e-01 4.875541329383850098e-01
7.573885917663574219e-01 -3.984065949916839600e-01 5.173342823982238770e-01
6.925988793373107910e-01 -4.333372116088867188e-01 5.766502618789672852e-01
6.329733133316040039e-01 -4.121882915496826172e-01 6.553209424018859863e-01
6.156486868858337402e-01 -3.696185946464538574e-01 6.959589123725891113e-01
6.295465230941772461e-01 -3.604047000408172607e-01 6.883165240287780762e-01
6.277688741683959961e-01 -3.786880373954772949e-01 6.800746917724609375e-01
6.052615642547607422e-01 -4.329840540885925293e-01 6.679695248603820801e-01
5.728298425674438477e-01 -4.539658427238464355e-01 6.824814677238464355e-01
4.819330275058746338e-01 -4.238938987255096436e-01 7.668470740318298340e-01
4.437465071678161621e-01 -4.185942709445953369e-01 7.923811674118041992e-01
4.005549848079681396e-01 -4.246374964714050293e-01 8.119351863861083984e-01
3.919622004032135010e-01 -4.309826791286468506e-01 8.127850890159606934e-01
2.931681871414184570e-01 -4.466657638549804688e-01 8.453059196472167969e-01
2.769585847854614258e-01 -4.461226463317871094e-01 8.510396480560302734e-01
2.465046942234039307e-01 -4.800779223442077637e-01 8.418792486190795898e-01
2.066698670387268066e-01 -5.011004209518432617e-01 8.403486609458923340e-01
1.919992715120315552e-01 -4.735041856765747070e-01 8.596104383468627930e-01
2.227211296558380127e-01 -4.122246503829956055e-01 8.834399580955505371e-01
2.461674362421035767e-01 -4.805212914943695068e-01 8.417249321937561035e-01
2.509834766387939453e-01 -4.876253306865692139e-01 8.361991047859191895e-01
2.160042971372604370e-01 -4.212491810321807861e-01 8.808469176292419434e-01
7.907783240079879761e-02 -4.961196482181549072e-01 8.646456003189086914e-01
-7.477152347564697266e-02 -6.690080165863037109e-01 7.394846677780151367e-01
-4.843724668025970459e-01 -7.105097770690917969e-01 5.104499459266662598e-01
-7.849316000938415527e-01 -6.110735535621643066e-01 1.023306697607040405e-01
-8.508105874061584473e-01 -4.516003131866455078e-01 -2.686606943607330322e-01
-8.902140259742736816e-01 -1.478022038936614990e-01 -4.308986365795135498e-01
-8.914309144020080566e-01 -2.179556638002395630e-01 -3.972988128662109375e-01
-8.288267254829406738e-01 -3.574370145797729492e-01 -4.304473400115966797e-01
-9.510343074798583984e-01 -2.697876989841461182e-01 -1.508257389068603516e-01
-9.972630739212036133e-01 -7.270409166812896729e-02 1.343340426683425903e-02
-9.860167503356933594e-01 1.365956962108612061e-01 9.545943140983581543e-02
-9.348517060279846191e-01 3.457807898521423340e-01 8.054748177528381348e-02
-8.902201056480407715e-01 4.501796364784240723e-01 6.961669027805328369e-02
-8.499385118484497070e-01 4.674946069717407227e-01 2.430090308189392090e-01
-8.147860765457153320e-01 4.206046164035797119e-01 3.990180790424346924e-01
-7.753946781158447266e-01 2.906072437763214111e-01 5.606340169906616211e-01
-8.309972882270812988e-01 1.263440996408462524e-01 5.417386889457702637e-01
-8.257968425750732422e-01 -7.205610629171133041e-03 5.639216899871826172e-01
-7.469205856323242188e-01 -3.064253926277160645e-01 5.900959372520446777e-01
-6.478454470634460449e-01 -5.309094190597534180e-01 5.462887883186340332e-01
-5.438997149467468262e-01 -6.830508112907409668e-01 4.874574542045593262e-01
-4.198268949985504150e-01 -7.597934603691101074e-01 4.964467287063598633e-01
-3.609868288040161133e-01 -7.681107521057128906e-01 5.288613438606262207e-01
-3.610073029994964600e-01 -7.696283459663391113e-01 5.266363620758056641e-01
-4.093534648418426514e-01 -7.230191826820373535e-01 5.564827919006347656e-01
-4.546430110931396484e-01 -6.516959071159362793e-01 6.071179509162902832e-01
-4.481642544269561768e-01 -6.499511003494262695e-01 6.137689352035522461e-01
-4.224565923213958740e-01 -6.947002410888671875e-01 5.821700692176818848e-01
-4.137867093086242676e-01 -7.116761803627014160e-01 5.677125453948974609e-01
-4.267295300960540771e-01 -7.004990577697753906e-01 5.720167160034179688e-01
-4.424284100532531738e-01 -6.661645770072937012e-01 6.004015803337097168e-01
-4.340540468692779541e-01 -6.992085576057434082e-01 5.680709481239318848e-01
-4.487519264221191406e-01 -7.388725280761718750e-01 5.026819109916687012e-01
-4.716333448886871338e-01 -7.824179530143737793e-01 4.066743552684783936e-01
-5.060543417930603027e-01 -7.828245759010314941e-01 3.620701432228088379e-01
-4.844700992107391357e-01 -7.937564253807067871e-01 3.677492439746856689e-01
-4.771894812583923340e-01 -7.757002711296081543e-01 4.130124151706695557e-01
-4.745643138885498047e-01 -7.889519333839416504e-01 3.903121948242187500e-01
-4.702907800674438477e-01 -7.915449738502502441e-01 3.902349770069122314e-01
-4.883879423141479492e-01 -7.896879315376281738e-01 3.713087141513824463e-01
-4.921625554561614990e-01 -7.952370643615722656e-01 3.540818691253662109e-01
-4.875518679618835449e-01 -8.076692819595336914e-01 3.316075205802917480e-01
-4.685796797275543213e-01 -8.278290033340454102e-01 3.084352016448974609e-01
-4.572420120239257812e-01 -8.504419326782226562e-01 2.601504623889923096e-01
-4.603402614593505859e-01 -8.489709496498107910e-01 2.594902515411376953e-01
-4.330601692199707031e-01 -8.714654445648193359e-01 2.302320897579193115e-01
-4.523679912090301514e-01 -8.671272993087768555e-01 2.084546089172363281e-01
-4.257774055004119873e-01 -8.846451640129089355e-01 1.900436878204345703e-01
-4.057896435260772705e-01 -8.977137804031372070e-01 1.715948581695556641e-01
-3.849627673625946045e-01 -9.080415368080139160e-01 1.651191860437393188e-01
-3.883264362812042236e-01 -9.108199477195739746e-01 1.400338411331176758e-01
-3.395207226276397705e-01 -9.378782510757446289e-01 7.148487120866775513e-02
-3.068156838417053223e-01 -9.517689347267150879e-01 -1.623390708118677139e-04
-3.218946456909179688e-01 -9.451810121536254883e-01 -5.492390692234039307e-02
-3.218490481376647949e-01 -9.366598129272460938e-01 -1.381356120109558105e-01
-3.322502970695495605e-01 -9.221326708793640137e-01 -1.981946229934692383e-01
-3.459889292716979980e-01 -9.090849757194519043e-01 -2.320695817470550537e-01
-3.479466736316680908e-01 -8.945246338844299316e-01 -2.806401252746582031e-01
-3.101229965686798096e-01 -8.824305534362792969e-01 -3.537515401840209961e-01
-2.665939033031463623e-01 -8.446909785270690918e-01 -4.641389548778533936e-01
-2.094519138336181641e-01 -7.956565022468566895e-01 -5.683841705322265625e-01
-1.501199603080749512e-01 -7.599870562553405762e-01 -6.323634982109069824e-01
-1.274096220731735229e-01 -7.467101812362670898e-01 -6.528326869010925293e-01
-1.261855512857437134e-01 -7.451743483543395996e-01 -6.548224687576293945e-01
-9.478631615638732910e-02 -7.636193037033081055e-01 -6.386713385581970215e-01
-8.249948918819427490e-02 -7.313156127929687500e-01 -6.770312190055847168e-01
-6.388509273529052734e-02 -6.866500973701477051e-01 -7.241756916046142578e-01
-3.774299100041389465e-02 -6.542059183120727539e-01 -7.553741335868835449e-01
-6.287883967161178589e-03 -6.591964960098266602e-01 -7.519444227218627930e-01
-9.671961888670921326e-03 -6.397269368171691895e-01 -7.685413360595703125e-01
-3.009935468435287476e-02 -5.772219300270080566e-01 -8.160324096679687500e-01
-4.210672155022621155e-02 -5.299848318099975586e-01 -8.469610214233398438e-01
-4.259852692484855652e-02 -4.834605753421783447e-01 -8.743290305137634277e-01
-7.197167724370956421e-02 -3.901517689228057861e-01 -9.179334640502929688e-01
-1.398667693138122559e-01 -2.674820125102996826e-01 -9.533576369285583496e-01
-1.905265450477600098e-01 -1.442017108201980591e-01 -9.710332155227661133e-01
-2.287313044071197510e-01 -7.940943539142608643e-02 -9.702453613281250000e-01
-3.185538947582244873e-01 -3.939217329025268555e-02 -9.470858573913574219e-01
-3.873201608657836914e-01 1.269708666950464249e-02 -9.218577742576599121e-01
-3.777954280376434326e-01 6.165937706828117371e-02 -9.238336682319641113e-01
-4.044767618179321289e-01 1.451677978038787842e-01 -9.029533863067626953e-01
-3.615937232971191406e-01 1.754288226366043091e-01 -9.156826734542846680e-01
-3.760590255260467529e-01 1.000811085104942322e-01 -9.211750030517578125e-01
-3.696760535240173340e-01 9.789446741342544556e-02 -9.239893555641174316e-01
-4.278474152088165283e-01 1.296970546245574951e-01 -8.944972157478332520e-01
-4.558607935905456543e-01 2.189972698688507080e-01 -8.626883029937744141e-01
-5.628277659416198730e-01 2.387829869985580444e-01 -7.913328409194946289e-01
-5.965158343315124512e-01 2.569189965724945068e-01 -7.603693008422851562e-01
-6.309686899185180664e-01 2.321025729179382324e-01 -7.402749061584472656e-01
-7.068467736244201660e-01 1.714734435081481934e-01 -6.862685680389404297e-01
-7.382470965385437012e-01 7.076235860586166382e-02 -6.708084344863891602e-01
-7.291550040245056152e-01 4.551468789577484131e-02 -6.828333139419555664e-01
-7.035609483718872070e-01 7.821929454803466797e-02 -7.063170075416564941e-01
-6.785501837730407715e-01 7.579817622900009155e-02 -7.306327223777770996e-01
-6.593204140663146973e-01 9.983424097299575806e-02 -7.452043890953063965e-01
-6.549564003944396973e-01 1.317042559385299683e-01 -7.441008687019348145e-01
-6.651667356491088867e-01 1.387448012828826904e-01 -7.336915135383605957e-01
-6.763031482696533203e-01 2.008899599313735962e-01 -7.087011337280273438e-01
-6.833891272544860840e-01 4.220332205295562744e-01 -5.957072973251342773e-01
-5.739970207214355469e-01 7.284520864486694336e-01 -3.740120530128479004e-01
-4.091163575649261475e-01 8.844615817070007324e-01 -2.243917286396026611e-01
-2.299959361553192139e-01 9.591964483261108398e-01 -1.644503474235534668e-01
-1.506377607583999634e-01 9.702336788177490234e-01 -1.896174103021621704e-01
-1.104868873953819275e-01 9.719757437705993652e-01 -2.074992060661315918e-01
-1.952372342348098755e-01 9.362153410911560059e-01 -2.922041118144989014e-01
-2.569380998611450195e-01 8.654848337173461914e-01 -4.300218820571899414e-01
-2.859742641448974609e-01 8.710118532180786133e-01 -3.994460999965667725e-01
-3.185100853443145752e-01 8.880042433738708496e-01 -3.316620290279388428e-01
-3.217879831790924072e-01 9.261144399642944336e-01 -1.968869864940643311e-01
-3.159306943416595459e-01 9.481166601181030273e-01 -3.553272411227226257e-02
-2.523653209209442139e-01 9.666285514831542969e-01 4.405684769153594971e-02
-2.879944443702697754e-01 9.454578757286071777e-01 1.522124856710433960e-01
-2.458687126636505127e-01 9.537926912307739258e-01 1.727078109979629517e-01
-2.130222916603088379e-01 9.592200517654418945e-01 1.857914179563522339e-01
-2.489199042320251465e-01 9.602270722389221191e-01 1.265024244785308838e-01
-2.300321161746978760e-01 9.702746868133544922e-01 7.518132030963897705e-02
-2.464005351066589355e-01 9.661419987678527832e-01 -7.652782648801803589e-02
-1.916841119527816772e-01 9.768253564834594727e-01 -9.523377567529678345e-02
-2.118991762399673462e-01 9.722085595130920410e-01 -9.954570233821868896e-02
-1.173815429210662842e-01 9.871186017990112305e-01 -1.087123081088066101e-01
2.373221330344676971e-02 9.951798915863037109e-01 -9.515185654163360596e-02
1.626092195510864258e-01 9.835315942764282227e-01 -7.889191061258316040e-02
3.186351656913757324e-01 9.435227513313293457e-01 -9.075445681810379028e-02
3.516978025436401367e-01 9.330181479454040527e-01 -7.606483250856399536e-02
4.007729589939117432e-01 9.142353534698486328e-01 -5.962132662534713745e-02
4.074496030807495117e-01 9.084643721580505371e-01 -9.315210580825805664e-02
4.862652420997619629e-01 8.715206384658813477e-01 -6.322927772998809814e-02
5.552873611450195312e-01 8.311401605606079102e-01 -2.935811318457126617e-02
6.164994835853576660e-01 7.824413180351257324e-01 -8.782913535833358765e-02
6.600145101547241211e-01 7.429162859916687012e-01 -1.116075739264488220e-01
6.867662072181701660e-01 7.203994989395141602e-01 -9.683378785848617554e-02
6.442434787750244141e-01 7.626517415046691895e-01 -5.755586177110671997e-02
6.640612483024597168e-01 7.453659176826477051e-01 -5.875560268759727478e-02
6.785029172897338867e-01 7.269487977027893066e-01 -1.057316362857818604e-01
7.393247485160827637e-01 6.677585244178771973e-01 -8.658800274133682251e-02
7.581391930580139160e-01 6.408591866493225098e-01 -1.205176413059234619e-01
7.455444335937500000e-01 6.475157141685485840e-01 -1.577562987804412842e-01
6.593574881553649902e-01 7.415755391120910645e-01 -1.237477809190750122e-01
5.819342732429504395e-01 7.962924242019653320e-01 -1.651387512683868408e-01
5.540681481361389160e-01 8.106915950775146484e-01 -1.891762316226959229e-01
5.616609454154968262e-01 7.734048962593078613e-01 -2.939078807830810547e-01
6.911132335662841797e-01 6.965454816818237305e-01 -1.928388178348541260e-01
8.263720273971557617e-01 5.471820831298828125e-01 -1.330448389053344727e-01
8.651625514030456543e-01 4.913499951362609863e-01 -1.003439947962760925e-01
8.749526739120483398e-01 4.815376996994018555e-01 -5.078772082924842834e-02
8.797877430915832520e-01 4.753664135932922363e-01 -5.614330293610692024e-04
8.963553309440612793e-01 4.243291616439819336e-01 1.284205466508865356e-01
9.192122220993041992e-01 3.774215579032897949e-01 1.122583672404289246e-01
9.557436108589172363e-01 2.920522987842559814e-01 -3.549224510788917542e-02
9.722486138343811035e-01 2.220054566860198975e-01 -7.379867881536483765e-02
9.846277236938476562e-01 1.343516856431961060e-01 -1.116149723529815674e-01
9.860681891441345215e-01 6.517305225133895874e-02 -1.530427336692810059e-01
9.919144511222839355e-01 -3.143495705444365740e-04 -1.269077956676483154e-01
9.850010871887207031e-01 -1.250540465116500854e-01 -1.188877150416374207e-01
9.781430363655090332e-01 -1.746443659067153931e-01 -1.128517687320709229e-01
9.682835340499877930e-01 -2.144164741039276123e-01 -1.282675713300704956e-01
9.621357321739196777e-01 -2.658359110355377197e-01 -6.021752208471298218e-02
9.567083120346069336e-01 -2.793480753898620605e-01 -8.169391006231307983e-02
9.600409865379333496e-01 -2.797177731990814209e-01 -8.905000053346157074e-03
9.453287720680236816e-01 -3.258361220359802246e-01 1.357785705476999283e-02
9.471188187599182129e-01 -2.975601553916931152e-01 1.200992316007614136e-01
9.201469421386718750e-01 -3.493800759315490723e-01 1.768137961626052856e-01
8.860146999359130859e-01 -3.886609077453613281e-01 2.528251707553863525e-01
7.955629229545593262e-01 -4.856397807598114014e-01 3.622618615627288818e-01
7.194657325744628906e-01 -4.996959865093231201e-01 4.823618829250335693e-01
6.855440735816955566e-01 -5.350848436355590820e-01 4.936735630035400391e-01
5.546971559524536133e-01 -5.755013227462768555e-01 6.009237170219421387e-01
5.101212263107299805e-01 -5.672325491905212402e-01 6.465474367141723633e-01
5.287802815437316895e-01 -5.662003755569458008e-01 6.323041915893554688e-01
4.832462668418884277e-01 -5.784116387367248535e-01 6.572008132934570312e-01
5.119244456291198730e-01 -5.320221781730651855e-01 6.744522452354431152e-01
5.089927315711975098e-01 -4.997421503067016602e-01 7.008453607559204102e-01
5.384444594383239746e-01 -4.925006031990051270e-01 6.837549209594726562e-01
5.418368577957153320e-01 -4.611192941665649414e-01 7.026961445808410645e-01
5.633207559585571289e-01 -4.230111539363861084e-01 7.097403407096862793e-01
5.366186499595642090e-01 -4.489152729511260986e-01 7.145036458969116211e-01
4.998252689838409424e-01 -5.001065731048583984e-01 7.071548700332641602e-01
4.779924750328063965e-01 -5.286278724670410156e-01 7.014811038970947266e-01
4.068212807178497314e-01 -5.490326881408691406e-01 7.301092147827148438e-01
2.907944917678833008e-01 -5.568387508392333984e-01 7.780547142028808594e-01
2.687122523784637451e-01 -5.386677384376525879e-01 7.985178232192993164e-01
2.043043076992034912e-01 -5.009945631027221680e-01 8.409900069236755371e-01
1.164748892188072205e-01 -4.725012183189392090e-01 8.735994696617126465e-01
3.204734623432159424e-02 -4.255432188510894775e-01 9.043704867362976074e-01
-2.859919704496860504e-02 -4.359339177608489990e-01 8.995240926742553711e-01
-4.213221254758536816e-04 -4.665121734142303467e-01 8.845146894454956055e-01
1.841889880597591400e-02 -5.198135375976562500e-01 8.540811538696289062e-01
1.998062245547771454e-02 -5.826127529144287109e-01 8.125042915344238281e-01
5.438813567161560059e-02 -5.360065698623657227e-01 8.424600362777709961e-01
2.921480312943458557e-02 -5.160591602325439453e-01 8.560545444488525391e-01
3.706659749150276184e-02 -5.231348872184753418e-01 8.514434695243835449e-01
3.420804068446159363e-02 -5.429072976112365723e-01 8.390956521034240723e-01
-1.273919921368360519e-02 -5.594818592071533203e-01 8.287447094917297363e-01
-1.365219056606292725e-01 -6.470783948898315430e-01 7.501008510589599609e-01
-2.383253723382949829e-01 -7.541492581367492676e-01 6.119313240051269531e-01
-3.218265473842620850e-01 -8.155868053436279297e-01 4.808802306652069092e-01
-3.525863885879516602e-01 -7.750632762908935547e-01 5.243660211563110352e-01
-3.314327895641326904e-01 -7.553673386573791504e-01 5.653073787689208984e-01
-3.679686486721038818e-01 -7.625519633293151855e-01 5.320841670036315918e-01
-3.206174969673156738e-01 -7.454898953437805176e-01 5.843365192413330078e-01
-3.214356005191802979e-01 -7.662621140480041504e-01 5.563464760780334473e-01
-3.328152298927307129e-01 -7.663967013359069824e-01 5.494271516799926758e-01
-2.523714601993560791e-01 -8.254058957099914551e-01 5.049887895584106445e-01
-2.521726191043853760e-01 -8.700768351554870605e-01 4.235272109508514404e-01
-2.360450029373168945e-01 -9.316939115524291992e-01 2.760965228080749512e-01
-2.640011906623840332e-01 -9.444530606269836426e-01 1.957337558269500732e-01
-3.053607642650604248e-01 -9.490110278129577637e-01 7.831270992755889893e-02
-2.745301127433776855e-01 -9.601817131042480469e-01 -5.181147158145904541e-02
-3.185768127441406250e-01 -9.381366968154907227e-01 -1.356777995824813843e-01
-2.460469752550125122e-01 -9.606543779373168945e-01 -1.288567334413528442e-01
-2.917939126491546631e-01 -9.463471174240112305e-01 -1.388648897409439087e-01
-2.615776956081390381e-01 -9.570612907409667969e-01 -1.249428540468215942e-01
-1.934693753719329834e-01 -9.656144976615905762e-01 -1.736609041690826416e-01
-1.888017207384109497e-01 -9.230841994285583496e-01 -3.350663781166076660e-01
-2.009557187557220459e-01 -8.895227909088134766e-01 -4.103243947029113770e-01
-1.908352375030517578e-01 -8.712823390960693359e-01 -4.521602988243103027e-01
-2.041960954666137695e-01 -8.743820190429687500e-01 -4.401818215847015381e-01
-2.976181507110595703e-01 -8.558705449104309082e-01 -4.229763746261596680e-01
-3.208750486373901367e-01 -8.225112557411193848e-01 -4.695896208286285400e-01
-2.778386175632476807e-01 -8.003364801406860352e-01 -5.312883257865905762e-01
-1.855474263429641724e-01 -7.830909490585327148e-01 -5.935829281806945801e-01
-1.560937911272048950e-01 -7.292065620422363281e-01 -6.662525534629821777e-01
-1.841357946395874023e-01 -6.974457502365112305e-01 -6.925774216651916504e-01
-1.915709227323532104e-01 -6.495635509490966797e-01 -7.357769608497619629e-01
-1.871648877859115601e-01 -6.155644059181213379e-01 -7.655389308929443359e-01
-1.681824624538421631e-01 -5.885339379310607910e-01 -7.907859683036804199e-01
-1.830356270074844360e-01 -5.936252474784851074e-01 -7.836498022079467773e-01
-2.035094648599624634e-01 -5.506405830383300781e-01 -8.095546960830688477e-01
-2.058226317167282104e-01 -5.377529859542846680e-01 -8.175933361053466797e-01
-1.690027713775634766e-01 -5.141459107398986816e-01 -8.408877253532409668e-01
-2.151400744915008545e-01 -5.010077357292175293e-01 -8.382756114006042480e-01
-2.888764739036560059e-01 -4.244982004165649414e-01 -8.581092953681945801e-01
-3.539358675479888916e-01 -2.912712693214416504e-01 -8.887578845024108887e-01
-4.027067720890045166e-01 -1.441898643970489502e-01 -9.039006829261779785e-01
-4.588824212551116943e-01 -2.114389650523662567e-02 -8.882453441619873047e-01
-5.266725420951843262e-01 5.035787820816040039e-02 -8.485752940177917480e-01
-5.854339003562927246e-01 4.823054745793342590e-02 -8.092842102050781250e-01
-6.419762372970581055e-01 1.030534580349922180e-01 -7.597674727439880371e-01
-6.713945269584655762e-01 1.863145381212234497e-01 -7.172979116439819336e-01
-7.292630076408386230e-01 2.942787110805511475e-01 -6.177179813385009766e-01
-7.334372401237487793e-01 4.267660081386566162e-01 -5.290940403938293457e-01
-7.365422248840332031e-01 4.665996134281158447e-01 -4.896840453147888184e-01
-7.453750967979431152e-01 5.128567218780517578e-01 -4.259037971496582031e-01
-7.269005775451660156e-01 5.622543692588806152e-01 -3.943165242671966553e-01
-6.768577098846435547e-01 6.387786865234375000e-01 -3.658215701580047607e-01
-6.326769590377807617e-01 7.209610342979431152e-01 -2.827280461788177490e-01
-6.388494968414306641e-01 7.447782158851623535e-01 -1.928126066923141479e-01
-6.339738368988037109e-01 7.669988274574279785e-01 -9.894395619630813599e-02
-6.325170993804931641e-01 7.675080299377441406e-01 -1.041807755827903748e-01
-6.184729337692260742e-01 7.718028426170349121e-01 -1.476873159408569336e-01
-5.929537415504455566e-01 7.806431651115417480e-01 -1.974892616271972656e-01
-4.874256253242492676e-01 8.240374922752380371e-01 -2.887532711029052734e-01
-4.762688577175140381e-01 8.429014086723327637e-01 -2.503701448440551758e-01
-4.308923482894897461e-01 8.822609782218933105e-01 -1.895981431007385254e-01
-3.667706847190856934e-01 9.194086790084838867e-01 -1.420103460550308228e-01
-2.091915756464004517e-01 9.736469388008117676e-01 -9.083212912082672119e-02
-2.286191470921039581e-02 9.965736865997314453e-01 -7.948674261569976807e-02
1.887099444866180420e-01 9.764690995216369629e-01 -1.043868586421012878e-01
1.521608084440231323e-01 9.848714470863342285e-01 -8.291783928871154785e-02
-6.085317209362983704e-02 9.892682433128356934e-01 1.328353434801101685e-01
-3.987985551357269287e-01 7.821812033653259277e-01 4.786984324455261230e-01
-6.329503655433654785e-01 6.474249362945556641e-01 4.245170950889587402e-01
-5.543784499168395996e-01 8.190411329269409180e-01 1.477707922458648682e-01
-8.493682146072387695e-01 4.214551746845245361e-01 -3.177249431610107422e-01
-8.273833990097045898e-01 4.540635347366333008e-01 -3.305496573448181152e-01
-5.719134807586669922e-01 8.193463087081909180e-01 -3.983294963836669922e-02
-5.126594305038452148e-01 8.583514690399169922e-01 -2.032574452459812164e-02
-4.945303201675415039e-01 8.690620660781860352e-01 -1.307323388755321503e-02
-5.800064206123352051e-01 8.146111369132995605e-01 1.078095869161188602e-03
-5.668631196022033691e-01 8.227530717849731445e-01 4.175494238734245300e-02
-5.622777342796325684e-01 8.245581388473510742e-01 6.283134222030639648e-02
-5.696110725402832031e-01 8.189028501510620117e-01 7.029586285352706909e-02
-5.253167152404785156e-01 8.442890644073486328e-01 1.059167161583900452e-01
-4.987084865570068359e-01 8.561527132987976074e-01 1.352492421865463257e-01
-5.287087559700012207e-01 8.368951082229614258e-01 1.416816711425781250e-01
-5.249558091163635254e-01 8.292831778526306152e-01 1.916007995605468750e-01
-4.721252322196960449e-01 8.541650176048278809e-01 2.179447263479232788e-01
-4.297401607036590576e-01 8.723888397216796875e-01 2.329402714967727661e-01
-3.560008406639099121e-01 9.096196889877319336e-01 2.141389101743698120e-01
-2.788901329040527344e-01 9.376055002212524414e-01 2.076445519924163818e-01
-2.084301412105560303e-01 9.541304707527160645e-01 2.149226814508438110e-01
-1.382384598255157471e-01 9.673273563385009766e-01 2.125273346900939941e-01
-6.556948274374008179e-02 9.735017418861389160e-01 2.190773636102676392e-01
-1.638229750096797943e-02 9.772301316261291504e-01 2.115486711263656616e-01
-3.672031685709953308e-02 9.753394722938537598e-01 2.176342159509658813e-01
-3.563852608203887939e-02 9.831913709640502930e-01 1.790658831596374512e-01
-2.736492082476615906e-02 9.888594746589660645e-01 1.463154554367065430e-01
1.938420161604881287e-02 9.897620081901550293e-01 1.414052248001098633e-01
8.856687694787979126e-02 9.928475618362426758e-01 8.006060123443603516e-02
1.296175271272659302e-01 9.904736280441284180e-01 4.648961871862411499e-02
1.435942798852920532e-01 9.896364808082580566e-01 5.463052657432854176e-04
3.397091478109359741e-02 9.945822358131408691e-01 -9.824520349502563477e-02
-3.722557723522186279e-01 8.980599045753479004e-01 -2.343370765447616577e-01
-4.573349058628082275e-01 8.218079805374145508e-01 -3.398182392120361328e-01
-4.220058023929595947e-01 8.251250386238098145e-01 -3.756058514118194580e-01
-4.355797171592712402e-01 8.643236756324768066e-01 -2.514256834983825684e-01
-4.847728312015533447e-01 8.411639332771301270e-01 -2.396635711193084717e-01
-5.257073640823364258e-01 8.079549670219421387e-01 -2.661586701869964600e-01
-7.147662043571472168e-01 6.369554996490478516e-01 -2.887855768203735352e-01
-7.627381682395935059e-01 6.332100629806518555e-01 -1.314364671707153320e-01
-7.593209147453308105e-01 6.488829851150512695e-01 4.881198331713676453e-02
-6.532139778137207031e-01 7.460665106773376465e-01 1.292138695716857910e-01
-5.944079160690307617e-01 7.985240817070007324e-01 9.507112205028533936e-02
-4.954097568988800049e-01 8.635854125022888184e-01 9.375205636024475098e-02
-4.034022688865661621e-01 9.141808748245239258e-01 -3.924190998077392578e-02
-2.451506704092025757e-01 9.672062397003173828e-01 -6.643175333738327026e-02
-3.399592638015747070e-01 9.379604458808898926e-01 -6.824965775012969971e-02
-4.084093272686004639e-01 9.119110107421875000e-01 4.025026410818099976e-02
-5.208792090415954590e-01 8.464624285697937012e-01 -1.103904098272323608e-01
-5.953388810157775879e-01 8.019709587097167969e-01 -4.913373664021492004e-02
-5.357710719108581543e-01 8.302335739135742188e-01 1.538227498531341553e-01
-4.352089166641235352e-01 8.926852941513061523e-01 1.170726045966148376e-01
-9.465778619050979614e-02 9.935030937194824219e-01 6.317829340696334839e-02
1.668874770402908325e-01 9.848548173904418945e-01 4.700629785656929016e-02
4.836409091949462891e-01 8.748873472213745117e-01 2.576197497546672821e-02
6.605793833732604980e-01 7.430264949798583984e-01 -1.074546724557876587e-01
8.056219220161437988e-01 5.839295387268066406e-01 -9.999897330999374390e-02
7.456723451614379883e-01 6.602290272712707520e-01 -8.983483910560607910e-02
6.000443696975708008e-01 7.997334003448486328e-01 1.931715384125709534e-02
3.116947412490844727e-01 9.435427784919738770e-01 -1.121308282017707825e-01
7.186880707740783691e-02 9.762417078018188477e-01 -2.044188231229782104e-01
-1.275099813938140869e-01 9.915511608123779297e-01 2.382363192737102509e-02
-1.018885597586631775e-01 9.679839015007019043e-01 2.294032126665115356e-01
-3.590488433837890625e-02 9.931445717811584473e-01 1.112421527504920959e-01
-1.617193073034286499e-01 9.856600165367126465e-01 4.817883670330047607e-02
-9.499166160821914673e-02 9.944203495979309082e-01 4.587682336568832397e-02
-3.839198872447013855e-02 9.973366856575012207e-01 6.201237067580223083e-02
3.306525200605392456e-02 9.860343337059020996e-01 -1.632269620895385742e-01
-3.428856730461120605e-01 9.155146479606628418e-01 -2.103861868381500244e-01
-5.738231539726257324e-01 8.130451440811157227e-01 -9.840977191925048828e-02
-6.715298295021057129e-01 7.404644489288330078e-01 2.756854146718978882e-02
-6.715641021728515625e-01 7.408764362335205078e-01 -1.019008923321962357e-02
-7.030531167984008789e-01 7.111372351646423340e-01 3.149253607261925936e-04
-6.787163019180297852e-01 7.122361660003662109e-01 1.790633052587509155e-01
-6.105256080627441406e-01 7.541919946670532227e-01 2.417703121900558472e-01
-4.444023668766021729e-01 8.302211761474609375e-01 3.365105986595153809e-01
-3.570165634155273438e-01 8.431288599967956543e-01 4.020858705043792725e-01
-2.505972981452941895e-01 8.165792822837829590e-01 5.199992060661315918e-01
-4.634953737258911133e-01 7.722764611244201660e-01 4.344665110111236572e-01
-4.783515036106109619e-01 8.060554862022399902e-01 3.485030829906463623e-01
-5.182295441627502441e-01 7.525827288627624512e-01 4.062724113464355469e-01
-4.131705760955810547e-01 8.255859613418579102e-01 3.843148350715637207e-01
-2.168864905834197998e-01 9.223154783248901367e-01 3.198351562023162842e-01
1.017582342028617859e-01 9.773445725440979004e-01 1.855875998735427856e-01
6.923431158065795898e-01 7.215232849121093750e-01 -8.076168596744537354e-03
8.771058320999145508e-01 4.799403250217437744e-01 -1.850990392267704010e-02
9.841806888580322266e-01 1.500803232192993164e-01 -9.415051341056823730e-02
9.838527441024780273e-01 4.540747031569480896e-02 -1.731239557266235352e-01
9.595051407814025879e-01 -8.612995035946369171e-03 -2.815596461296081543e-01
9.021822214126586914e-01 3.831740915775299072e-01 -1.981031000614166260e-01
3.698488473892211914e-01 9.206737279891967773e-01 -1.247864663600921631e-01
-4.743970930576324463e-01 8.377652764320373535e-01 2.703639566898345947e-01
-2.402609288692474365e-01 7.750967144966125488e-01 5.843799710273742676e-01
5.844283849000930786e-02 7.938978075981140137e-01 6.052361130714416504e-01
3.274681270122528076e-01 8.369535207748413086e-01 4.384899735450744629e-01
4.890880584716796875e-01 7.964779734611511230e-01 3.555498719215393066e-01
8.020763397216796875e-01 5.253461599349975586e-01 2.840510904788970947e-01
8.598366975784301758e-01 4.458384811878204346e-01 2.488149106502532959e-01
8.994606733322143555e-01 3.462373018264770508e-01 2.666275203227996826e-01
8.398715853691101074e-01 5.073213577270507812e-01 1.929787248373031616e-01
6.449950933456420898e-01 7.397516965866088867e-01 1.916993856430053711e-01
5.056085586547851562e-01 8.260628581047058105e-01 2.489580810070037842e-01
5.669304132461547852e-01 7.943835854530334473e-01 2.180470079183578491e-01
7.534159421920776367e-01 6.572604179382324219e-01 1.931779831647872925e-02
8.630387187004089355e-01 5.029445886611938477e-01 -4.701989144086837769e-02
9.221073985099792480e-01 3.647477626800537109e-01 -1.291398853063583374e-01
9.496358036994934082e-01 2.671660184860229492e-01 -1.637504249811172485e-01
9.587352871894836426e-01 2.069020122289657593e-01 -1.949825584888458252e-01
9.697332978248596191e-01 1.760445982217788696e-01 -1.691908091306686401e-01
9.760247468948364258e-01 1.664430350065231323e-01 -1.402576565742492676e-01
9.813169240951538086e-01 1.280021369457244873e-01 -1.436402797698974609e-01
9.819733500480651855e-01 8.958375453948974609e-02 -1.664423793554306030e-01
9.801821708679199219e-01 6.005823612213134766e-02 -1.887746900320053101e-01
9.785299301147460938e-01 -5.244489759206771851e-03 -2.060379385948181152e-01
9.506344795227050781e-01 -8.821021765470504761e-02 -2.975114881992340088e-01
8.652439117431640625e-01 -2.009664624929428101e-01 -4.593098163604736328e-01
8.134502172470092773e-01 -3.012836575508117676e-01 -4.975207448005676270e-01
7.861588597297668457e-01 -3.205353617668151855e-01 -5.284045338630676270e-01
8.331501483917236328e-01 -3.241501748561859131e-01 -4.480931162834167480e-01
8.885131478309631348e-01 -3.502669930458068848e-01 -2.964074015617370605e-01
8.858649730682373047e-01 -3.802333772182464600e-01 -2.658305764198303223e-01
8.528201580047607422e-01 -4.281627833843231201e-01 -2.989553511142730713e-01
7.883453369140625000e-01 -4.809596538543701172e-01 -3.836528658866882324e-01
8.783141970634460449e-01 -3.248475790023803711e-01 -3.507680892944335938e-01
9.716682434082031250e-01 -8.427480608224868774e-02 -2.208135128021240234e-01
9.986473321914672852e-01 -2.002529799938201904e-02 -4.798482358455657959e-02
9.976392388343811035e-01 -4.951474070549011230e-02 -4.758561030030250549e-02
9.956033825874328613e-01 -9.219300001859664917e-02 -1.656489074230194092e-02
9.853417873382568359e-01 -1.690022349357604980e-01 -2.323239110410213470e-02
9.676368832588195801e-01 -2.515538632869720459e-01 1.998642086982727051e-02
9.583773612976074219e-01 -2.805566489696502686e-01 5.292172729969024658e-02
9.818700551986694336e-01 -1.788214296102523804e-01 6.288167834281921387e-02
9.854658246040344238e-01 -1.382823884487152100e-01 9.866654872894287109e-02
9.873832464218139648e-01 -9.544568508863449097e-02 1.263505667448043823e-01
9.765164256095886230e-01 -1.181269586086273193e-01 1.801711320877075195e-01
9.524954557418823242e-01 -1.660017073154449463e-01 2.553345263004302979e-01
9.170174598693847656e-01 -2.159280925989151001e-01 3.353415429592132568e-01
8.897260427474975586e-01 -2.334855049848556519e-01 3.922652006149291992e-01
8.439941406250000000e-01 -2.593894004821777344e-01 4.694582819938659668e-01
8.129056692123413086e-01 -2.891797423362731934e-01 5.055288672447204590e-01
7.653911709785461426e-01 -3.246010541915893555e-01 5.557072162628173828e-01
7.037748098373413086e-01 -3.457730412483215332e-01 6.205980777740478516e-01
6.332989931106567383e-01 -3.579207658767700195e-01 6.861669421195983887e-01
5.911166071891784668e-01 -3.759883344173431396e-01 7.135923504829406738e-01
5.241515636444091797e-01 -4.031762778759002686e-01 7.501426935195922852e-01
4.350533187389373779e-01 -4.164689779281616211e-01 7.982995510101318359e-01
3.964107930660247803e-01 -3.993214666843414307e-01 8.266806006431579590e-01
3.408702909946441650e-01 -4.015614688396453857e-01 8.500327467918395996e-01
2.646124660968780518e-01 -4.008183479309082031e-01 8.771116733551025391e-01
2.023591548204421997e-01 -3.918689787387847900e-01 8.974906802177429199e-01
1.380187720060348511e-01 -4.208389222621917725e-01 8.965742588043212891e-01
3.451795130968093872e-02 -4.724966883659362793e-01 8.806561827659606934e-01
2.776465006172657013e-02 -4.498281180858612061e-01 8.926835060119628906e-01
-5.217063799500465393e-02 -4.125835597515106201e-01 9.094246029853820801e-01
-5.631328001618385315e-02 -3.686798810958862305e-01 9.278491735458374023e-01
-9.663482755422592163e-02 -3.089258372783660889e-01 9.461640715599060059e-01
-1.064977720379829407e-01 -3.303475379943847656e-01 9.378319382667541504e-01
-1.083878725767135620e-01 -3.423309326171875000e-01 9.333068132400512695e-01
-1.566291898488998413e-01 -3.166925013065338135e-01 9.355069398880004883e-01
-2.366205900907516479e-01 -3.445098996162414551e-01 9.084732532501220703e-01
-2.635925114154815674e-01 -4.001770615577697754e-01 8.777113556861877441e-01
-2.738789916038513184e-01 -4.147286713123321533e-01 8.677501678466796875e-01
-2.764011919498443604e-01 -4.736461639404296875e-01 8.362187743186950684e-01
-2.823500931262969971e-01 -5.207119584083557129e-01 8.056907057762145996e-01
-3.067324459552764893e-01 -5.566052794456481934e-01 7.720788717269897461e-01
-3.481400907039642334e-01 -5.544009208679199219e-01 7.559352517127990723e-01
-3.225094676017761230e-01 -5.706515908241271973e-01 7.552114129066467285e-01
-3.206045925617218018e-01 -6.624140739440917969e-01 6.770674586296081543e-01
-3.783657252788543701e-01 -7.393075227737426758e-01 5.570133328437805176e-01
-3.824584782123565674e-01 -8.085593581199645996e-01 4.471658468246459961e-01
-3.522530496120452881e-01 -8.807818293571472168e-01 3.164510130882263184e-01
-3.857998251914978027e-01 -9.123997688293457031e-01 1.366931945085525513e-01
-3.917392790317535400e-01 -9.194878339767456055e-01 3.290033340454101562e-02
-3.409317135810852051e-01 -9.400147795677185059e-01 -1.174171082675457001e-02
-3.330888748168945312e-01 -9.425911903381347656e-01 -2.395201101899147034e-02
-3.072022497653961182e-01 -9.478304386138916016e-01 -8.511338382959365845e-02
-2.889640331268310547e-01 -9.460983872413635254e-01 -1.462794542312622070e-01
-2.242799401283264160e-01 -9.559391140937805176e-01 -1.894176155328750610e-01
-2.425460815429687500e-01 -9.581431746482849121e-01 -1.520957946777343750e-01
-2.156079411506652832e-01 -9.652606844902038574e-01 -1.475979238748550415e-01
-2.602562010288238525e-01 -9.617940187454223633e-01 -8.496405184268951416e-02
-2.421271353960037231e-01 -9.663171172142028809e-01 -8.721113204956054688e-02
-2.646872401237487793e-01 -9.560409784317016602e-01 -1.261996626853942871e-01
-2.441157698631286621e-01 -9.404090046882629395e-01 -2.367244660854339600e-01
-2.483367770910263062e-01 -9.165075421333312988e-01 -3.135963678359985352e-01
-2.362183630466461182e-01 -8.829923272132873535e-01 -4.056174457073211670e-01
-2.258224785327911377e-01 -8.429629206657409668e-01 -4.882803261280059814e-01
-1.960840970277786255e-01 -7.842996716499328613e-01 -5.885787606239318848e-01
-1.830683946609497070e-01 -6.884292960166931152e-01 -7.018197774887084961e-01
-1.514385193586349487e-01 -5.871676206588745117e-01 -7.951733469963073730e-01
-1.118199825286865234e-01 -5.179698467254638672e-01 -8.480587005615234375e-01
-8.893621712923049927e-02 -4.812924563884735107e-01 -8.720366358757019043e-01
-1.178378015756607056e-01 -4.743977785110473633e-01 -8.723881244659423828e-01
-1.426606327295303345e-01 -4.736135900020599365e-01 -8.691018819808959961e-01
-1.631930768489837646e-01 -4.738060832023620605e-01 -8.653761148452758789e-01
-1.865000575780868530e-01 -4.773683845996856689e-01 -8.586833477020263672e-01
-1.975311040878295898e-01 -4.588559865951538086e-01 -8.662751913070678711e-01
-2.309747338294982910e-01 -4.220206141471862793e-01 -8.766694068908691406e-01
-2.570518255233764648e-01 -3.876446485519409180e-01 -8.852434754371643066e-01
-2.820707857608795166e-01 -3.024089932441711426e-01 -9.104860424995422363e-01
-2.903605699539184570e-01 -2.283801287412643433e-01 -9.292649626731872559e-01
-2.999856472015380859e-01 -1.717311888933181763e-01 -9.383586645126342773e-01
-3.400086760520935059e-01 -1.129982322454452515e-01 -9.336088895797729492e-01
-3.345336318016052246e-01 -6.658563762903213501e-02 -9.400284886360168457e-01
-3.209896683692932129e-01 -8.446972072124481201e-02 -9.433082342147827148e-01
-3.029098510742187500e-01 -8.335616439580917358e-02 -9.493668079376220703e-01
-3.520018756389617920e-01 -1.395402699708938599e-01 -9.255394339561462402e-01
-4.040893614292144775e-01 -1.605169922113418579e-01 -9.005254507064819336e-01
-4.650574922561645508e-01 -1.607411354780197144e-01 -8.705652356147766113e-01
-5.488312840461730957e-01 -7.614564150571823120e-02 -8.324579000473022461e-01
-6.004137992858886719e-01 1.499823946505784988e-02 -7.995488047599792480e-01
-6.365489363670349121e-01 1.068480685353279114e-01 -7.637990713119506836e-01
-6.192881464958190918e-01 1.873940378427505493e-01 -7.624734044075012207e-01
-6.185553073883056641e-01 2.489680349826812744e-01 -7.452545166015625000e-01
-6.052641272544860840e-01 2.568694651126861572e-01 -7.534410357475280762e-01
-5.561063885688781738e-01 2.788236141204833984e-01 -7.829451560974121094e-01
-4.969045817852020264e-01 2.320177704095840454e-01 -8.362137675285339355e-01
-5.398891568183898926e-01 1.857000589370727539e-01 -8.209965229034423828e-01
-5.314540863037109375e-01 1.921081542968750000e-01 -8.250157237052917480e-01
-4.993260204792022705e-01 2.180171459913253784e-01 -8.385356068611145020e-01
-5.960009694099426270e-01 1.649370938539505005e-01 -7.858617305755615234e-01
-7.494849562644958496e-01 1.724597215652465820e-01 -6.391634345054626465e-01
-8.525560498237609863e-01 1.803549826145172119e-01 -4.905305504798889160e-01
-8.753285408020019531e-01 1.350520700216293335e-01 -4.642854928970336914e-01
-8.623235225677490234e-01 8.351922966539859772e-03 -5.062889456748962402e-01
-8.413473963737487793e-01 -5.263439565896987915e-02 -5.379257798194885254e-01
-7.426687479019165039e-01 -1.635867208242416382e-01 -6.493707895278930664e-01
-7.465393543243408203e-01 -7.030499726533889771e-02 -6.616164445877075195e-01
-8.036795854568481445e-01 -1.324943900108337402e-01 -5.801243782043457031e-01
-9.295575022697448730e-01 -9.761732816696166992e-02 -3.555188775062561035e-01
-9.468268752098083496e-01 1.085169315338134766e-01 -3.028908669948577881e-01
-8.999137878417968750e-01 2.806900739669799805e-01 -3.337188661098480225e-01
-9.089819788932800293e-01 3.014772534370422363e-01 -2.878595292568206787e-01
-8.865764141082763672e-01 4.200765490531921387e-01 -1.936959922313690186e-01
-7.559837698936462402e-01 6.201013326644897461e-01 -2.096732556819915771e-01
-6.505214571952819824e-01 7.131898403167724609e-01 -2.611170113086700439e-01
-5.713288187980651855e-01 7.703741788864135742e-01 -2.830317914485931396e-01
-5.357540845870971680e-01 7.755619287490844727e-01 -3.338732123374938965e-01
-4.955857396125793457e-01 8.071903586387634277e-01 -3.206842541694641113e-01
-5.414962768554687500e-01 8.222624063491821289e-01 -1.751182526350021362e-01
-5.505973100662231445e-01 8.347586989402770996e-01 -4.518528468906879425e-03
-5.825297236442565918e-01 8.094136118888854980e-01 7.422054558992385864e-02
-6.329594254493713379e-01 7.642273902893066406e-01 1.237691268324851990e-01
-5.733751058578491211e-01 8.090896606445312500e-01 1.288989484310150146e-01
-2.022086977958679199e-01 9.793043136596679688e-01 8.644963614642620087e-03
2.898795306682586670e-01 9.553331136703491211e-01 -5.752026289701461792e-02
5.748799443244934082e-01 8.002278208732604980e-01 -1.707291305065155029e-01
6.997905969619750977e-01 6.920590400695800781e-01 -1.770521551370620728e-01
8.276431560516357422e-01 5.373119115829467773e-01 -1.621807664632797241e-01
8.969412446022033691e-01 4.330860376358032227e-01 -8.906660974025726318e-02
9.496866464614868164e-01 3.122368156909942627e-01 -2.456769719719886780e-02
9.706487655639648438e-01 2.397611886262893677e-01 -1.885451748967170715e-02
9.865683913230895996e-01 1.614241749048233032e-01 -2.500294148921966553e-02
9.906671047210693359e-01 1.186209172010421753e-01 -6.714005768299102783e-02
9.963753819465637207e-01 3.885714337229728699e-02 -7.567156106233596802e-02
9.939439296722412109e-01 -2.074570581316947937e-02 -1.079126223921775818e-01
9.814790487289428711e-01 -1.081518456339836121e-01 -1.581201553344726562e-01
9.746769666671752930e-01 -1.385733932256698608e-01 -1.755057573318481445e-01
9.842315316200256348e-01 -8.024815469980239868e-02 -1.576343029737472534e-01
9.948737621307373047e-01 -4.348381981253623962e-02 -9.129852056503295898e-02
9.958919286727905273e-01 -4.428883641958236694e-02 -7.897962629795074463e-02
9.947585463523864746e-01 -8.843069896101951599e-03 -1.018684953451156616e-01
9.888263940811157227e-01 2.529625594615936279e-02 -1.469098776578903198e-01
9.777364730834960938e-01 1.416212618350982666e-01 -1.548375636339187622e-01
9.743144512176513672e-01 1.886820644140243530e-01 -1.229242160916328430e-01
9.583766460418701172e-01 2.586894631385803223e-01 -1.208052858710289001e-01
9.635141491889953613e-01 2.514462471008300781e-01 -9.173502027988433838e-02
9.555687308311462402e-01 2.589932382106781006e-01 -1.407515704631805420e-01
9.390624761581420898e-01 2.993290424346923828e-01 -1.690082997083663940e-01
9.079306721687316895e-01 3.798798024654388428e-01 -1.770686358213424683e-01
8.747428059577941895e-01 4.376482963562011719e-01 -2.080600261688232422e-01
8.942868709564208984e-01 3.747404813766479492e-01 -2.445821613073348999e-01
9.255817532539367676e-01 2.666445672512054443e-01 -2.686989009380340576e-01
9.375991225242614746e-01 1.975036561489105225e-01 -2.861821055412292480e-01
9.463618993759155273e-01 1.773415654897689819e-01 -2.700909376144409180e-01
9.570708870887756348e-01 1.431505084037780762e-01 -2.520385086536407471e-01
9.324750304222106934e-01 2.074310779571533203e-01 -2.957407832145690918e-01
8.794153928756713867e-01 2.946041226387023926e-01 -3.739477396011352539e-01
8.817656040191650391e-01 3.455110192298889160e-01 -3.211101293563842773e-01
8.549034595489501953e-01 3.663896620273590088e-01 -3.672856688499450684e-01
8.656196594238281250e-01 3.471437096595764160e-01 -3.608239293098449707e-01
9.269250631332397461e-01 3.194096684455871582e-01 -1.969449520111083984e-01
9.593255519866943359e-01 2.561954855918884277e-01 -1.185677647590637207e-01
9.560256600379943848e-01 2.734256684780120850e-01 -1.060817241668701172e-01
9.639558792114257812e-01 2.304839193820953369e-01 -1.329142898321151733e-01
9.703664183616638184e-01 1.953389197587966919e-01 -1.422384679317474365e-01
9.758709073066711426e-01 1.673603206872940063e-01 -1.402374505996704102e-01
9.677135348320007324e-01 1.752293407917022705e-01 -1.811768561601638794e-01
9.817284345626831055e-01 1.267544776201248169e-01 -1.419246345758438110e-01
9.498689770698547363e-01 2.234653681516647339e-01 -2.186602652072906494e-01
9.063220024108886719e-01 3.174397945404052734e-01 -2.789488434791564941e-01
9.073188304901123047e-01 3.393364548683166504e-01 -2.482405453920364380e-01
9.363784193992614746e-01 2.505913376808166504e-01 -2.457631826400756836e-01
9.645205736160278320e-01 1.818373352289199829e-01 -1.914033889770507812e-01
9.850593805313110352e-01 1.256443411111831665e-01 -1.177774816751480103e-01
9.937602877616882324e-01 1.063625514507293701e-01 -3.357897326350212097e-02
9.935571551322937012e-01 6.411445885896682739e-02 9.345331788063049316e-02
9.825478196144104004e-01 -6.200674455612897873e-03 1.859068721532821655e-01
9.475944042205810547e-01 -1.037905216217041016e-01 3.021464347839355469e-01
9.260171651840209961e-01 -1.481629759073257446e-01 3.471885025501251221e-01
8.950282335281372070e-01 -1.554249078035354614e-01 4.180521070957183838e-01
8.653585910797119141e-01 -1.638323366641998291e-01 4.736174941062927246e-01
8.334904909133911133e-01 -1.708170622587203979e-01 5.254665017127990723e-01
7.618883848190307617e-01 -2.905239462852478027e-01 5.788971781730651855e-01
5.557200908660888672e-01 -4.377286136150360107e-01 7.068018317222595215e-01
4.384629726409912109e-01 -4.275816380977630615e-01 7.905213832855224609e-01
3.304404318332672119e-01 -5.142034888267517090e-01 7.914568781852722168e-01
2.234503924846649170e-01 -5.568066239356994629e-01 8.000226616859436035e-01
2.006621658802032471e-01 -5.178085565567016602e-01 8.316303491592407227e-01
1.872657537460327148e-01 -5.333926081657409668e-01 8.248781561851501465e-01
1.435422748327255249e-01 -5.717735290527343750e-01 8.077565431594848633e-01
1.751091331243515015e-01 -5.896291136741638184e-01 7.884631752967834473e-01
1.933878660202026367e-01 -5.565853118896484375e-01 8.079689741134643555e-01
1.869455873966217041e-01 -6.218167543411254883e-01 7.605230808258056641e-01
1.509322524070739746e-01 -6.916842460632324219e-01 7.062522172927856445e-01
6.712084263563156128e-02 -8.098223209381103516e-01 5.828229784965515137e-01
4.646100476384162903e-02 -8.505226373672485352e-01 5.238822102546691895e-01
2.419679239392280579e-02 -8.294596076011657715e-01 5.580422878265380859e-01
-9.607680886983871460e-02 -7.837207317352294922e-01 6.136376261711120605e-01
-1.594562828540802002e-01 -6.788139343261718750e-01 7.167881727218627930e-01
-2.082560807466506958e-01 -6.483988165855407715e-01 7.322625517845153809e-01
-2.560255229473114014e-01 -6.035786867141723633e-01 7.550785541534423828e-01
-3.599728643894195557e-01 -5.970429778099060059e-01 7.169094085693359375e-01
-3.842425048351287842e-01 -6.474249362945556641e-01 6.581783294677734375e-01
-4.320791363716125488e-01 -6.894772052764892578e-01 5.813164114952087402e-01
-4.407794475555419922e-01 -7.091001272201538086e-01 5.503547787666320801e-01
-4.161040186882019043e-01 -7.175521850585937500e-01 5.585483908653259277e-01
-3.706408441066741943e-01 -6.638442873954772949e-01 6.495660543441772461e-01
-2.737674117088317871e-01 -6.036338806152343750e-01 7.487841248512268066e-01
-2.443198859691619873e-01 -6.488623023033142090e-01 7.206146717071533203e-01
-2.703033387660980225e-01 -6.712457537651062012e-01 6.901921033859252930e-01
-2.673004865646362305e-01 -7.303552627563476562e-01 6.285950541496276855e-01
-2.897193729877471924e-01 -7.433211803436279297e-01 6.029397845268249512e-01
-3.099079430103302002e-01 -7.627825736999511719e-01 5.675559639930725098e-01
-2.977581918239593506e-01 -7.882725000381469727e-01 5.384854674339294434e-01
-2.827476859092712402e-01 -8.131272792816162109e-01 5.088003277778625488e-01
-2.957561612129211426e-01 -8.353207111358642578e-01 4.634302556514739990e-01
-2.967044711112976074e-01 -8.837689161300659180e-01 3.618271350860595703e-01
-3.170107603073120117e-01 -8.961839079856872559e-01 3.104165792465209961e-01
-3.130994439125061035e-01 -9.359462261199951172e-01 1.611625701189041138e-01
-3.450315892696380615e-01 -9.355933666229248047e-01 7.495437562465667725e-02
-3.074797391891479492e-01 -9.501492381095886230e-01 5.169695988297462463e-02
-3.536458313465118408e-01 -9.310648441314697266e-01 8.973803371191024780e-02
-3.575566112995147705e-01 -9.334962368011474609e-01 2.716801501810550690e-02
-3.656741082668304443e-01 -9.307258129119873047e-01 5.642010830342769623e-03
-3.334593176841735840e-01 -9.419024586677551270e-01 -4.030643031001091003e-02
-3.322075307369232178e-01 -9.426606893539428711e-01 -3.207622841000556946e-02
-3.045463263988494873e-01 -9.464134573936462402e-01 -1.074850559234619141e-01
-3.624995052814483643e-01 -9.108144044876098633e-01 -1.975126862525939941e-01
-3.358795344829559326e-01 -8.844619989395141602e-01 -3.239011764526367188e-01
-3.313370048999786377e-01 -8.843906521797180176e-01 -3.287384808063507080e-01
-3.639767169952392578e-01 -8.853958845138549805e-01 -2.891279757022857666e-01
-4.011750519275665283e-01 -8.910823464393615723e-01 -2.122049182653427124e-01
-4.053804278373718262e-01 -8.808103203773498535e-01 -2.446218132972717285e-01
-4.148427248001098633e-01 -8.531992435455322266e-01 -3.161590695381164551e-01
-3.122761845588684082e-01 -8.309119939804077148e-01 -4.605094492435455322e-01
-2.442028373479843140e-01 -7.620451450347900391e-01 -5.997100472450256348e-01
-1.575490087270736694e-01 -7.304966449737548828e-01 -6.644945740699768066e-01
-1.519217491149902344e-01 -6.370946764945983887e-01 -7.556654214859008789e-01
-1.762334108352661133e-01 -5.278103947639465332e-01 -8.308778405189514160e-01
-2.695416808128356934e-01 -5.109895467758178711e-01 -8.162333965301513672e-01
-2.843503952026367188e-01 -5.286943912506103516e-01 -7.997668981552124023e-01
-2.651974260807037354e-01 -5.175365805625915527e-01 -8.135269880294799805e-01
-2.311471253633499146e-01 -4.891563355922698975e-01 -8.410096168518066406e-01
-2.493254095315933228e-01 -4.028084278106689453e-01 -8.806714415550231934e-01
-2.296537905931472778e-01 -3.640492856502532959e-01 -9.026224613189697266e-01
-2.482749074697494507e-01 -3.249932825565338135e-01 -9.125453233718872070e-01
-3.173071444034576416e-01 -2.429220229387283325e-01 -9.166815280914306641e-01
-4.073553681373596191e-01 -2.225377112627029419e-01 -8.857418298721313477e-01
-4.527649581432342529e-01 -1.623563617467880249e-01 -8.767235875129699707e-01
-4.195724427700042725e-01 -1.141462028026580811e-01 -9.005162715911865234e-01
-4.078618288040161133e-01 -9.637095779180526733e-02 -9.079434871673583984e-01
-4.401412308216094971e-01 -5.378787964582443237e-02 -8.963160514831542969e-01
-4.560436010360717773e-01 -1.083634886890649796e-02 -8.898913860321044922e-01
-4.337187111377716064e-01 3.595876321196556091e-02 -9.003305435180664062e-01
-4.879295825958251953e-01 6.035967543721199036e-02 -8.707935214042663574e-01
-5.324728488922119141e-01 5.668240785598754883e-02 -8.445470333099365234e-01
-5.544682145118713379e-01 6.813555955886840820e-02 -8.294109702110290527e-01
-5.956711173057556152e-01 3.754743188619613647e-02 -8.023503422737121582e-01
-5.691322088241577148e-01 -3.704963624477386475e-02 -8.214108943939208984e-01
-5.149227380752563477e-01 -1.233678683638572693e-01 -8.483129739761352539e-01
-5.322535634040832520e-01 -1.143602728843688965e-01 -8.388252258300781250e-01
-5.662381052970886230e-01 -4.127429798245429993e-02 -8.232076764106750488e-01
-6.111987233161926270e-01 -1.299675437621772289e-03 -7.914760708808898926e-01
-6.125276088714599609e-01 3.490724414587020874e-02 -7.896780371665954590e-01
-6.543732285499572754e-01 1.069324687123298645e-01 -7.485728263854980469e-01
-6.619312167167663574e-01 1.963691413402557373e-01 -7.233852744102478027e-01
-7.841060757637023926e-01 2.586583793163299561e-01 -5.641573071479797363e-01
-8.828681707382202148e-01 3.390023112297058105e-01 -3.249942064285278320e-01
-9.131422042846679688e-01 3.603493869304656982e-01 -1.905770301818847656e-01
-9.159209728240966797e-01 3.624806106090545654e-01 -1.723270714282989502e-01
-9.200579524040222168e-01 2.988339960575103760e-01 -2.533607482910156250e-01
-9.187309145927429199e-01 1.889375299215316772e-01 -3.467507958412170410e-01
-9.296583533287048340e-01 1.230342164635658264e-01 -3.472721874713897705e-01
-9.678340554237365723e-01 6.025345996022224426e-02 -2.442679256200790405e-01
-9.864162802696228027e-01 6.723337620496749878e-02 -1.498751491308212280e-01
-9.751353859901428223e-01 2.210648506879806519e-01 -1.553285773843526840e-02
-9.233322143554687500e-01 3.837951421737670898e-01 1.260457746684551239e-02
-8.409588932991027832e-01 5.405488014221191406e-01 2.439644746482372284e-02
-7.948180437088012695e-01 5.890199542045593262e-01 1.460130512714385986e-01
-7.882736921310424805e-01 5.610542297363281250e-01 2.526713907718658447e-01
-7.718294858932495117e-01 5.262264013290405273e-01 3.568823933601379395e-01
-7.677190303802490234e-01 4.814031124114990234e-01 4.229165911674499512e-01
-7.626627683639526367e-01 4.960463643074035645e-01 4.150705039501190186e-01
-5.991644859313964844e-01 6.986775398254394531e-01 3.909624516963958740e-01
-4.474374651908874512e-01 8.345865607261657715e-01 3.213487863540649414e-01
-2.475612163543701172e-01 9.289975166320800781e-01 2.750946283340454102e-01
-6.776519119739532471e-02 9.512999057769775391e-01 3.007262945175170898e-01
-4.238133842591196299e-04 9.246904850006103516e-01 3.807195425033569336e-01
-4.546975716948509216e-02 9.271575212478637695e-01 3.719024658203125000e-01
-2.263658940792083740e-01 9.238361716270446777e-01 3.086833059787750244e-01
-4.046897292137145996e-01 8.823472857475280762e-01 2.401865720748901367e-01
-5.418667197227478027e-01 8.236595392227172852e-01 1.672284305095672607e-01
-6.388975977897644043e-01 7.564573287963867188e-01 1.399367451667785645e-01
-6.710935235023498535e-01 7.291037440299987793e-01 1.343178153038024902e-01
-6.663255691528320312e-01 7.297002673149108887e-01 1.534529328346252441e-01
-6.606798768043518066e-01 7.315061092376708984e-01 1.685256063938140869e-01
-6.424310803413391113e-01 7.350310683250427246e-01 2.168215662240982056e-01
-6.147485971450805664e-01 7.566252946853637695e-01 2.227156162261962891e-01
-6.017673015594482422e-01 7.691699862480163574e-01 2.150667905807495117e-01
-5.504792332649230957e-01 8.043520450592041016e-01 2.235850840806961060e-01
-5.121469497680664062e-01 8.269428014755249023e-01 2.321014702320098877e-01
-4.466034770011901855e-01 8.734646439552307129e-01 1.939196586608886719e-01
