1.771670579910278320e-02 -1.128987446427345276e-01 1.431270241737365723e-01
-1.808867305517196655e-01 -1.355815976858139038e-01 8.840335905551910400e-02
-1.643938720226287842e-01 -1.392748951911926270e-01 1.135424822568893433e-01
-9.111811965703964233e-02 1.358635723590850830e-01 1.559272259473800659e-01
-9.365548938512802124e-02 1.284539848566055298e-01 1.466120332479476929e-01
2.285786122083663940e-01 1.274514347314834595e-01 1.388988941907882690e-01
-1.193710714578628540e-01 1.258396506309509277e-01 5.853661894798278809e-02
-7.625028491020202637e-02 1.405994743108749390e-01 1.191173046827316284e-01
-2.846887707710266113e-02 1.448659598827362061e-01 1.346784085035324097e-02
-1.293318271636962891e-01 1.201373562216758728e-01 2.064732462167739868e-02
5.802910029888153076e-02 1.714680790901184082e-01 1.456363499164581299e-02
-1.795115172863006592e-01 -1.337134838104248047e-01 8.462233841419219971e-02
-1.525890231132507324e-01 -1.408892422914505005e-01 1.445619314908981323e-01
2.068172246217727661e-01 1.417054980993270874e-01 9.950278699398040771e-02
5.249047279357910156e-02 1.256711035966873169e-01 -1.066786646842956543e-01
-1.681267023086547852e-01 -1.260630637407302856e-01 9.060484170913696289e-02
-9.288159012794494629e-02 1.322852969169616699e-01 1.489141434431076050e-01
-1.697606146335601807e-01 6.086625158786773682e-02 -1.273935437202453613e-01
-8.415804803371429443e-02 1.130164228379726410e-02 5.254302173852920532e-02
-9.296925365924835205e-02 1.293825060129165649e-01 1.504647731781005859e-01
1.158991307020187378e-01 -1.361831426620483398e-01 9.557324647903442383e-02
-1.695782244205474854e-01 6.150804460048675537e-02 -1.252247244119644165e-01
-1.820667684078216553e-01 -1.345116496086120605e-01 8.717943727970123291e-02
-1.692081093788146973e-01 6.402481347322463989e-02 -1.208906546235084534e-01
-1.692733913660049438e-01 6.213923543691635132e-02 -1.215753853321075439e-01
-1.698850989341735840e-01 6.228140741586685181e-02 -1.289764344692230225e-01
-8.102389425039291382e-02 -1.007164865732192993e-01 1.776210963726043701e-02
-1.292148530483245850e-01 8.233611285686492920e-02 -1.247135996818542480e-01
-1.644792407751083374e-01 8.580768853425979614e-02 -1.011127829551696777e-01
1.144632846117019653e-01 -1.225398108363151550e-01 1.095599830150604248e-01
1.207284182310104370e-01 -1.179043501615524292e-01 1.450224667787551880e-01
-1.530854105949401855e-01 6.017272919416427612e-02 -3.952682763338088989e-02
-1.690080016851425171e-01 6.874132901430130005e-02 -1.187333315610885620e-01
-1.702986061573028564e-01 7.067421078681945801e-02 -1.344386935234069824e-01
-1.829353421926498413e-01 -1.402000188827514648e-01 9.296961128711700439e-02
-1.665182560682296753e-01 8.489432185888290405e-02 -1.065324172377586365e-01
6.860294938087463379e-02 1.072291210293769836e-01 1.278001517057418823e-01
1.110883206129074097e-01 -1.324094682931900024e-01 9.078188240528106689e-02
-9.513907879590988159e-02 1.317381709814071655e-01 1.418833285570144653e-01
-1.695329695940017700e-01 6.053984910249710083e-02 -1.246240437030792236e-01
-9.216167032718658447e-02 1.333785355091094971e-01 1.483919471502304077e-01
-1.797939836978912354e-01 -1.362687349319458008e-01 8.137838542461395264e-02
-1.692971736192703247e-01 6.290849298238754272e-02 -1.219053268432617188e-01
2.323798686265945435e-01 1.465297639369964600e-01 1.483302265405654907e-01
-9.263423085212707520e-02 1.341111361980438232e-01 1.494329571723937988e-01
1.327893882989883423e-01 7.344611734151840210e-02 -1.246024295687675476e-01
-1.767655909061431885e-01 -1.345690041780471802e-01 8.562710881233215332e-02
-1.698040664196014404e-01 6.420788913965225220e-02 -1.281035840511322021e-01
-9.137447178363800049e-02 1.355149000883102417e-01 1.545303612947463989e-01
-1.157592236995697021e-01 -1.286443173885345459e-01 9.568117558956146240e-02
-1.695331931114196777e-01 6.306105107069015503e-02 -1.247663646936416626e-01
1.302741914987564087e-01 1.883415132761001587e-01 -2.159327268600463867e-02
-1.786253303289413452e-01 -1.355497092008590698e-01 8.472184836864471436e-02
-1.791745424270629883e-01 -1.343884170055389404e-01 8.143500983715057373e-02
-1.802052855491638184e-01 -1.404342502355575562e-01 8.201865851879119873e-02
1.182730346918106079e-01 -1.150389760732650757e-01 1.298024654388427734e-01
-9.435880184173583984e-02 1.322958618402481079e-01 1.442732214927673340e-01
-9.517737478017807007e-02 1.345169544219970703e-01 1.419598460197448730e-01
-1.774377524852752686e-01 -1.370347440242767334e-01 8.800321817398071289e-02
-2.648353576660156250e-03 -2.048172503709793091e-01 -1.758535504341125488e-01
-1.773528158664703369e-01 -1.322197169065475464e-01 8.595399558544158936e-02
-9.302299469709396362e-02 1.273080855607986450e-01 1.456021666526794434e-01
5.765259265899658203e-04 -2.067237794399261475e-01 -1.876444071531295776e-01
-1.795516610145568848e-01 -1.323296725749969482e-01 8.848853409290313721e-02
1.088701039552688599e-01 -1.278628557920455933e-01 1.061655879020690918e-01
-1.698991060256958008e-01 6.875406205654144287e-02 -1.295039504766464233e-01
1.189827769994735718e-01 -1.136983484029769897e-01 1.392622441053390503e-01
-9.261471033096313477e-02 1.287030577659606934e-01 1.471662968397140503e-01
-1.800827831029891968e-01 -1.431152671575546265e-01 8.585618436336517334e-02
-9.433136880397796631e-02 1.319514065980911255e-01 1.458328068256378174e-01
2.110667377710342407e-01 1.521562933921813965e-01 1.153906434774398804e-01
-9.396317601203918457e-02 1.320963203907012939e-01 1.457569748163223267e-01
-1.818329244852066040e-01 -1.307515949010848999e-01 6.176925450563430786e-02
-9.838595986366271973e-02 1.308648884296417236e-01 1.340147256851196289e-01
-9.648637473583221436e-02 1.292388737201690674e-01 1.399830132722854614e-01
-1.792993843555450439e-01 -1.356695741415023804e-01 8.740285038948059082e-02
-9.246140718460083008e-02 1.298042237758636475e-01 1.480298787355422974e-01
-1.765096336603164673e-01 -1.363944709300994873e-01 8.234541118144989014e-02
9.043918550014495850e-02 -1.109808906912803650e-01 6.406230479478836060e-02
-2.422153949737548828e-03 -2.054276615381240845e-01 -1.793469488620758057e-01
9.926365315914154053e-02 -1.141684800386428833e-01 7.488352060317993164e-02
-1.787615716457366943e-01 -1.343751847743988037e-01 8.597715198993682861e-02
-1.776525974273681641e-01 -1.383483409881591797e-01 7.785697281360626221e-02
-1.800902336835861206e-01 -1.349877119064331055e-01 8.655367791652679443e-02
1.218017190694808960e-01 -1.185184419155120850e-01 1.454850286245346069e-01
-9.790285676717758179e-02 1.282150894403457642e-01 1.306833624839782715e-01
-1.770599931478500366e-01 -1.365005820989608765e-01 8.202552795410156250e-02
1.154436320066452026e-01 -1.217082962393760681e-01 9.887178242206573486e-02
-1.772297620773315430e-01 -1.346136480569839478e-01 8.488620817661285400e-02
-9.297651052474975586e-02 1.306640654802322388e-01 1.498035043478012085e-01
1.328247338533401489e-01 1.622843742370605469e-01 -1.328743398189544678e-01
-1.053009256720542908e-01 1.456295698881149292e-01 1.076913625001907349e-01
-1.383968293666839600e-01 1.154456585645675659e-01 -8.966282010078430176e-03
-1.805068254470825195e-01 -1.353613138198852539e-01 8.637115359306335449e-02
-1.846561580896377563e-01 -1.363530158996582031e-01 8.347246050834655762e-02
-1.692480742931365967e-01 6.539417058229446411e-02 -1.214494928717613220e-01
-1.007920354604721069e-01 -3.901083022356033325e-02 5.021303892135620117e-02
1.297232061624526978e-01 1.465197056531906128e-01 -1.333296000957489014e-01
1.341672241687774658e-02 -1.717878729104995728e-01 -1.677598357200622559e-01
-1.792440414428710938e-01 -1.307499110698699951e-01 8.753857016563415527e-02
2.277006059885025024e-01 1.521209329366683960e-01 1.413566768169403076e-01
1.517953723669052124e-01 2.001720219850540161e-01 -8.035393804311752319e-02
-9.365687519311904907e-02 1.271500140428543091e-01 1.475354582071304321e-01
-1.043992862105369568e-01 8.318793773651123047e-02 1.129186749458312988e-01
-9.419417381286621094e-02 1.280278712511062622e-01 1.456556171178817749e-01
-9.146761149168014526e-02 1.345356851816177368e-01 1.536841243505477905e-01
2.162551432847976685e-01 1.581592857837677002e-01 1.252036690711975098e-01
-1.801099479198455811e-01 -1.354053616523742676e-01 8.098731935024261475e-02
-1.037962883710861206e-01 -2.564738504588603973e-02 1.602038741111755371e-02
1.148055642843246460e-01 -1.201425492763519287e-01 1.245237886905670166e-01
4.945667088031768799e-02 1.466472148895263672e-01 1.217148751020431519e-01
1.428275257349014282e-01 -5.837668851017951965e-02 1.508332192897796631e-01
-1.887232363224029541e-01 -1.304290890693664551e-01 8.249224722385406494e-02
-1.792068779468536377e-01 -1.380748599767684937e-01 9.680174291133880615e-02
-1.797945797443389893e-01 -1.353160291910171509e-01 8.621729910373687744e-02
-1.852320879697799683e-01 -1.483534425497055054e-01 1.015578508377075195e-01
-9.235992282629013062e-02 1.317493468523025513e-01 1.536017805337905884e-01
-1.744894981384277344e-01 -1.279661208391189575e-01 1.009404063224792480e-01
-1.694019138813018799e-01 6.443525850772857666e-02 -1.232558637857437134e-01
1.595467329025268555e-04 -2.029423415660858154e-01 -1.828731000423431396e-01
-1.773492544889450073e-01 -1.346847265958786011e-01 8.422231674194335938e-02
-1.779032647609710693e-01 -1.354578286409378052e-01 8.291731774806976318e-02
-1.860283762216567993e-01 -1.358376592397689819e-01 8.949039876461029053e-02
1.206304579973220825e-01 -3.011182509362697601e-02 -1.236849576234817505e-01
-1.386322677135467529e-01 8.731301873922348022e-02 -1.276635825634002686e-01
-1.646605134010314941e-01 9.029303491115570068e-02 -9.975489228963851929e-02
-6.570832431316375732e-02 -1.285808235406875610e-01 7.030352950096130371e-02
-9.181942045688629150e-02 1.314213722944259644e-01 1.516260355710983276e-01
-1.795529127120971680e-01 -1.369825601577758789e-01 8.708226680755615234e-02
-9.551528096199035645e-02 1.323866844177246094e-01 1.394490152597427368e-01
1.352335363626480103e-01 1.343534514307975769e-02 -1.268932521343231201e-01
-1.783078014850616455e-01 -1.375228762626647949e-01 8.389009535312652588e-02
-9.387388080358505249e-02 1.319633275270462036e-01 1.470914483070373535e-01
-9.238509833812713623e-02 1.301131099462509155e-01 1.528494060039520264e-01
1.304144114255905151e-01 1.681656241416931152e-01 -1.414333581924438477e-01
-1.697304844856262207e-01 6.582581251859664917e-02 -1.273038089275360107e-01
-4.100110381841659546e-02 1.454923599958419800e-01 7.833243906497955322e-02
1.879191398620605469e-02 -1.567141413688659668e-01 -1.327223479747772217e-01
1.007523387670516968e-01 -1.315561383962631226e-01 7.688659429550170898e-02
-1.772524863481521606e-01 -1.185747832059860229e-01 6.471647322177886963e-02
2.708852291107177734e-03 -1.923171728849411011e-01 -1.731778234243392944e-01
-5.019009113311767578e-04 -2.009578794240951538e-01 -1.768082976341247559e-01
-1.816045790910720825e-01 -1.363328397274017334e-01 8.650980889797210693e-02
-1.771678328514099121e-01 -1.352194845676422119e-01 8.497051894664764404e-02
-1.748494803905487061e-01 -1.342154145240783691e-01 8.836813271045684814e-02
2.096875458955764771e-01 1.505189836025238037e-01 1.152266263961791992e-01
-1.783813089132308960e-01 -1.365845948457717896e-01 8.913050591945648193e-02
5.899579823017120361e-02 2.033860422670841217e-02 -1.244498416781425476e-01
1.184030920267105103e-01 -1.188804656267166138e-01 1.382795870304107666e-01
-1.694618165493011475e-01 -1.237447857856750488e-01 1.085703074932098389e-02
-1.793885380029678345e-01 -1.382550895214080811e-01 7.699428498744964600e-02
-1.772547066211700439e-01 -1.351208984851837158e-01 8.810605108737945557e-02
-1.806218177080154419e-01 -1.346899271011352539e-01 8.834360539913177490e-02
1.285796910524368286e-01 6.499932706356048584e-02 -1.176524981856346130e-01
4.923552274703979492e-03 -1.729668229818344116e-01 -1.696811914443969727e-01
-1.786930412054061890e-01 -1.326477527618408203e-01 9.082479774951934814e-02
-1.789803504943847656e-01 -1.394521147012710571e-01 8.879332244396209717e-02
9.454844892024993896e-02 -3.526851534843444824e-02 -1.324848830699920654e-01
-9.331274032592773438e-02 1.295354217290878296e-01 1.443126797676086426e-01
-1.791779696941375732e-01 -1.388125568628311157e-01 7.429055869579315186e-02
-1.860606670379638672e-01 -1.346918195486068726e-01 8.757279813289642334e-02
1.047344952821731567e-01 -1.326047629117965698e-01 8.642284572124481201e-02
-1.696085035800933838e-01 6.143978983163833618e-02 -1.255868077278137207e-01
-1.691039949655532837e-01 6.569225341081619263e-02 -1.197247505187988281e-01
-1.692153364419937134e-01 6.576418131589889526e-02 -1.210742890834808350e-01
-1.693242341279983521e-01 7.296628504991531372e-02 -1.227892488241195679e-01
1.096265465021133423e-01 -3.558649495244026184e-02 -1.254905760288238525e-01
-1.690958738327026367e-01 8.242709189653396606e-02 -1.205528378486633301e-01
-1.786465346813201904e-01 -1.352238655090332031e-01 8.040715754032135010e-02
1.146254092454910278e-01 -1.286957710981369019e-01 1.088440865278244019e-01
-1.799286454916000366e-01 -1.404557228088378906e-01 7.793559134006500244e-02
1.155820637941360474e-01 -1.258738040924072266e-01 1.135552078485488892e-01
-9.411729872226715088e-02 1.316427588462829590e-01 1.418081074953079224e-01
-1.023331582546234131e-01 1.390801072120666504e-01 1.173287481069564819e-01
-1.690586507320404053e-01 7.291151583194732666e-02 -1.195762678980827332e-01
-9.959167242050170898e-02 1.306135654449462891e-01 1.262906938791275024e-01
-1.939217299222946167e-01 -1.522936969995498657e-01 6.169582903385162354e-02
-1.817718595266342163e-01 -1.366194635629653931e-01 8.056433498859405518e-02
-1.815825104713439941e-01 -1.337011605501174927e-01 8.608260750770568848e-02
-5.489528179168701172e-03 3.391973674297332764e-02 8.158788084983825684e-02
-9.150702506303787231e-02 1.283218115568161011e-01 1.549701392650604248e-01
-1.253421008586883545e-01 1.122734397649765015e-01 3.261313587427139282e-02
-1.792053133249282837e-01 -1.320216208696365356e-01 8.626653254032135010e-02
-1.695897728204727173e-01 6.740052253007888794e-02 -1.256903409957885742e-01
-1.795096397399902344e-01 -1.376000046730041504e-01 8.216750621795654297e-02
1.170794814825057983e-01 -1.199520230293273926e-01 1.175605356693267822e-01
-9.344767034053802490e-02 1.325039416551589966e-01 1.472357809543609619e-01
-9.394633024930953979e-02 1.310908347368240356e-01 1.451741009950637817e-01
-1.807643771171569824e-01 -1.355747580528259277e-01 8.117374777793884277e-02
-1.784280836582183838e-01 -1.335570514202117920e-01 9.017042815685272217e-02
-1.780455112457275391e-01 -1.341361105442047119e-01 9.206569194793701172e-02
-1.011315807700157166e-01 1.324658989906311035e-01 1.185028105974197388e-01
1.251852959394454956e-01 -2.128793857991695404e-02 -1.207014024257659912e-01
-1.839597374200820923e-01 -1.472415626049041748e-01 5.600087344646453857e-02
-1.808549463748931885e-01 -1.367505341768264771e-01 8.595046401023864746e-02
-9.518267214298248291e-02 1.305986195802688599e-01 1.384457796812057495e-01
-3.137394785881042480e-03 -2.179319709539413452e-01 -1.856161653995513916e-01
-1.682624816894531250e-01 8.050975203514099121e-02 -1.155039817094802856e-01
-1.872199177742004395e-01 -1.563283205032348633e-01 4.584462195634841919e-02
5.398239195346832275e-02 -1.221507564187049866e-01 -1.044664233922958374e-01
-9.751769900321960449e-02 1.315105557441711426e-01 1.312551349401473999e-01
-1.783386915922164917e-01 -1.367557048797607422e-01 8.062480390071868896e-02
-1.019780337810516357e-01 -3.597410768270492554e-02 5.423788726329803467e-02
-1.807829141616821289e-01 -1.316838562488555908e-01 8.536492288112640381e-02
1.223564893007278442e-01 1.115411520004272461e-01 -1.222530007362365723e-01
-9.494005143642425537e-02 1.305880993604660034e-01 1.415539085865020752e-01
-1.824700087308883667e-01 -1.320490390062332153e-01 8.665989339351654053e-02
-9.246417880058288574e-02 1.293778568506240845e-01 1.523490846157073975e-01
-1.698940992355346680e-01 6.482688337564468384e-02 -1.292259842157363892e-01
-1.748123019933700562e-01 -1.327734738588333130e-01 8.799545466899871826e-02
-1.693511456251144409e-01 6.797374039888381958e-02 -1.228379905223846436e-01
-1.884696632623672485e-01 -1.503050774335861206e-01 3.570842742919921875e-02
-9.211681038141250610e-02 1.305188834667205811e-01 1.521406620740890503e-01
1.098737865686416626e-01 1.187479048967361450e-01 -8.700928092002868652e-02
-1.633350849151611328e-01 9.856557846069335938e-02 -9.387183189392089844e-02
-1.565916985273361206e-01 -1.347572654485702515e-01 9.732265770435333252e-02
1.102790385484695435e-01 -1.287512481212615967e-01 9.530602395534515381e-02
-1.760926246643066406e-01 -1.321610212326049805e-01 8.661839365959167480e-02
-9.263590723276138306e-02 1.416584551334381104e-01 1.543709635734558105e-01
-1.802806258201599121e-01 -1.410629153251647949e-01 8.104993402957916260e-02
2.467503696680068970e-01 1.567259430885314941e-01 1.543324440717697144e-01
-9.239193052053451538e-02 1.334467530250549316e-01 1.487537622451782227e-01
-1.796574741601943970e-01 -1.336427927017211914e-01 8.193042874336242676e-02
-1.690506190061569214e-01 6.769996881484985352e-02 -1.191906407475471497e-01
-1.692200303077697754e-01 6.808859109878540039e-02 -1.212597191333770752e-01
-9.416617453098297119e-02 1.354672461748123169e-01 1.474822908639907837e-01
-1.818393170833587646e-01 -1.457815766334533691e-01 8.187933266162872314e-02
-9.231694787740707397e-02 1.335377693176269531e-01 1.518416255712509155e-01
-1.804922670125961304e-01 -1.367146372795104980e-01 8.802260458469390869e-02
-1.760192960500717163e-01 -1.348495781421661377e-01 8.195196092128753662e-02
-1.824054419994354248e-01 -1.441686898469924927e-01 7.667204737663269043e-02
-1.701963096857070923e-01 6.155729293823242188e-02 -1.326975971460342407e-01
-9.260024875402450562e-02 1.322129815816879272e-01 1.480369716882705688e-01
-1.766661703586578369e-01 -1.291409581899642944e-01 8.518882095813751221e-02
2.196701616048812866e-01 1.588120907545089722e-01 1.215924620628356934e-01
-9.294933080673217773e-02 1.323784738779067993e-01 1.477480232715606689e-01
-9.594597667455673218e-02 1.344310343265533447e-01 1.367985904216766357e-01
-9.986823052167892456e-02 1.379519104957580566e-01 1.238938271999359131e-01
-1.364032775163650513e-01 1.153388991951942444e-01 -3.937192261219024658e-03
-1.775560230016708374e-01 -1.326055675745010376e-01 8.796052634716033936e-02
-1.786384284496307373e-01 -1.389117985963821411e-01 7.633264362812042236e-02
1.159442216157913208e-01 -1.228044629096984863e-01 1.139179319143295288e-01
-9.478992968797683716e-02 1.314207464456558228e-01 1.417808532714843750e-01
1.173783391714096069e-01 -1.268223077058792114e-01 1.075298488140106201e-01
-1.700542718172073364e-01 6.648672372102737427e-02 -1.312537491321563721e-01
-1.700627058744430542e-01 6.439861655235290527e-02 -1.312402188777923584e-01
-9.347918629646301270e-02 1.320567429065704346e-01 1.456296890974044800e-01
-1.773853152990341187e-01 -1.334231644868850708e-01 8.264294266700744629e-02
-1.831437498331069946e-01 -1.363174170255661011e-01 8.367411792278289795e-02
1.147064119577407837e-01 -1.349178105592727661e-01 1.013793796300888062e-01
1.172282248735427856e-01 -1.275011003017425537e-01 1.045750975608825684e-01
-1.701885461807250977e-01 7.051766663789749146e-02 -1.330997198820114136e-01
-1.786430925130844116e-01 -1.357341855764389038e-01 9.059286117553710938e-02
-1.756469011306762695e-01 -1.368347704410552979e-01 8.569738268852233887e-02
-1.585106402635574341e-01 -1.358794569969177246e-01 1.254507005214691162e-01
-1.916769146919250488e-01 -1.539289951324462891e-01 5.898933112621307373e-02
-9.362582862377166748e-02 1.265228837728500366e-01 1.448217779397964478e-01
-1.740047633647918701e-01 -1.281495094299316406e-01 9.659956395626068115e-02
-1.820183247327804565e-01 -1.340015232563018799e-01 8.427119255065917969e-02
4.898695647716522217e-02 -1.072080880403518677e-01 6.922204792499542236e-02
4.873245954513549805e-03 -1.667728722095489502e-01 -1.700616776943206787e-01
-1.663401573896408081e-01 8.753823488950729370e-02 -1.068230345845222473e-01
-7.315278053283691406e-04 -2.090655118227005005e-01 -1.798185706138610840e-01
2.322550117969512939e-02 -1.695441007614135742e-01 -1.325681656599044800e-01
-9.252578020095825195e-02 1.326984167098999023e-01 1.499422043561935425e-01
1.167121529579162598e-02 -1.937304437160491943e-01 -1.834181398153305054e-01
1.141128391027450562e-01 -1.195814162492752075e-01 1.124090403318405151e-01
-1.802972108125686646e-01 -1.358513236045837402e-01 8.309400081634521484e-02
-1.667536944150924683e-01 8.358447253704071045e-02 -1.096578985452651978e-01
1.325613707304000854e-01 1.418580710887908936e-01 -1.283066868782043457e-01
-2.776890993118286133e-03 -2.160113751888275146e-01 -1.813967525959014893e-01
-9.053507447242736816e-02 1.356849223375320435e-01 1.567025184631347656e-01
-1.695005148649215698e-01 6.316183507442474365e-02 -1.243769153952598572e-01
-1.078953444957733154e-01 -1.289244145154953003e-01 8.761732280254364014e-02
-1.792181879281997681e-01 -1.350978612899780273e-01 9.229223430156707764e-02
1.340068429708480835e-01 1.080717667937278748e-01 -1.242940053343772888e-01
2.005876451730728149e-01 6.463373452425003052e-02 1.479874551296234131e-01
-9.184131026268005371e-02 1.320418417453765869e-01 1.537533402442932129e-01
-1.692068129777908325e-01 6.487507373094558716e-02 -1.209221631288528442e-01
-9.315098077058792114e-02 1.338719129562377930e-01 1.461825519800186157e-01
-1.755969524383544922e-01 -1.386080682277679443e-01 5.900733172893524170e-03
1.090315133333206177e-01 1.526916176080703735e-01 1.334791928529739380e-01
1.133598834276199341e-01 -1.240825131535530090e-01 1.135868132114410400e-01
-9.192971885204315186e-02 1.310715973377227783e-01 1.500198692083358765e-01
-1.824243664741516113e-01 -1.330451816320419312e-01 8.524265885353088379e-02
-1.813504397869110107e-01 -1.317645162343978882e-01 9.012153744697570801e-02
-1.619892120361328125e-01 -1.305150985717773438e-01 1.270736157894134521e-01
-1.789171844720840454e-01 -1.352893412113189697e-01 9.224690496921539307e-02
-9.063077718019485474e-02 1.325383037328720093e-01 1.558965444564819336e-01
-1.690428256988525391e-01 9.033741801977157593e-02 -1.203495860099792480e-01
-9.406406432390213013e-02 1.324341148138046265e-01 1.449649930000305176e-01
-1.674873083829879761e-01 -1.386855691671371460e-01 1.018006205558776855e-01
-1.749920099973678589e-01 -1.389794647693634033e-01 8.955073356628417969e-02
-1.813990622758865356e-01 -1.382217258214950562e-01 8.810596168041229248e-02
1.063469797372817993e-01 -9.084367007017135620e-02 1.028444916009902954e-01
-1.737851649522781372e-01 -1.449461132287979126e-01 8.861438930034637451e-02
-1.493438482284545898e-01 9.313613921403884888e-02 -8.182561397552490234e-02
-1.905249208211898804e-01 -1.336505413055419922e-01 4.489464312791824341e-02
1.151234358549118042e-01 1.322187781333923340e-01 -1.496762484312057495e-01
-1.678969562053680420e-01 7.108931988477706909e-02 -1.185075119137763977e-01
-1.509335637092590332e-01 -1.379567384719848633e-01 1.552195996046066284e-01
-1.525456011295318604e-01 1.006245762109756470e-01 -5.881006643176078796e-02
-9.273637086153030396e-02 1.291653066873550415e-01 1.502190232276916504e-01
-1.853047311305999756e-01 -1.432179212570190430e-01 9.544758498668670654e-02
-9.331320226192474365e-02 1.312161087989807129e-01 1.504840999841690063e-01
-1.692580729722976685e-01 6.977158039808273315e-02 -1.218127459287643433e-01
-1.804077774286270142e-01 -1.368711739778518677e-01 8.319121599197387695e-02
-1.694375872611999512e-01 6.323630362749099731e-02 -1.236205324530601501e-01
1.157883554697036743e-01 -1.144208461046218872e-01 1.216410249471664429e-01
2.300143688917160034e-01 1.278064996004104614e-01 1.374693065881729126e-01
1.151176244020462036e-01 -1.251684874296188354e-01 1.064768284559249878e-01
-1.648639887571334839e-01 9.679795801639556885e-02 -1.016938686370849609e-01
-9.212180227041244507e-02 1.326822489500045776e-01 1.529914289712905884e-01
-8.979141712188720703e-04 -2.029724568128585815e-01 -1.807072162628173828e-01
-9.277042001485824585e-02 1.299539357423782349e-01 1.506082862615585327e-01
-1.698255091905593872e-01 6.349874287843704224e-02 -1.283235251903533936e-01
2.375899106264114380e-01 1.568607538938522339e-01 1.500090956687927246e-01
-1.059040427207946777e-03 -2.022728919982910156e-01 -1.814818978309631348e-01
-9.325233846902847290e-02 1.332878023386001587e-01 1.477437764406204224e-01
-1.773613989353179932e-01 -1.373276263475418091e-01 8.908675611019134521e-02
-9.292940050363540649e-02 1.330812573432922363e-01 1.502601206302642822e-01
-1.791311204433441162e-01 -1.331210285425186157e-01 9.105512499809265137e-02
-2.011795639991760254e-01 -1.856716275215148926e-01 -1.247428357601165771e-02
-1.358053386211395264e-01 1.162502840161323547e-01 -2.358019351959228516e-03
1.183087080717086792e-01 -1.290637850761413574e-01 1.073807030916213989e-01
-9.549202024936676025e-02 1.255646646022796631e-01 1.367725878953933716e-01
-1.079318448901176453e-01 1.360594779253005981e-01 9.588323533535003662e-02
2.133444398641586304e-01 1.470490694046020508e-01 8.372479677200317383e-02
-9.259438514709472656e-02 1.325530409812927246e-01 1.494847983121871948e-01
-1.339667141437530518e-01 -5.038803815841674805e-02 4.994719475507736206e-02
-9.331809729337692261e-02 1.317512542009353638e-01 1.499207168817520142e-01
2.031474560499191284e-01 6.634747236967086792e-02 1.568786501884460449e-01
1.091849654912948608e-01 -1.248309612274169922e-01 1.076918095350265503e-01
-1.696404814720153809e-01 6.769177317619323730e-02 -1.263193637132644653e-01
7.052978873252868652e-02 9.992434084415435791e-02 -4.462778195738792419e-02
1.119367331266403198e-01 -1.255530118942260742e-01 1.038775593042373657e-01
-9.004774689674377441e-02 1.324631720781326294e-01 1.618675738573074341e-01
-9.124275296926498413e-02 1.346579641103744507e-01 1.550338566303253174e-01
-1.815386116504669189e-01 -1.372118294239044189e-01 8.067724108695983887e-02
-1.771530359983444214e-01 -1.342284828424453735e-01 8.266408741474151611e-02
-1.712018102407455444e-01 -1.392242461442947388e-01 1.015281677246093750e-01
-1.858988851308822632e-01 -1.381423026323318481e-01 9.106631577014923096e-02
1.276019960641860962e-01 1.580598354339599609e-01 -1.326781362295150757e-01
-1.673675030469894409e-01 -2.191808372735977173e-01 -7.115195691585540771e-02
-2.068373560905456543e-01 -1.908996403217315674e-01 -3.406293690204620361e-03
-1.701055616140365601e-01 7.013250887393951416e-02 -1.320755481719970703e-01
-1.769695580005645752e-01 -1.352280080318450928e-01 8.683635294437408447e-02
-1.773967295885086060e-01 -1.365171372890472412e-01 8.402906358242034912e-02
-1.692976206541061401e-01 6.756007671356201172e-02 -1.221682354807853699e-01
-9.278281778097152710e-02 1.330841630697250366e-01 1.506873071193695068e-01
1.160423308610916138e-01 -1.231838911771774292e-01 1.290499716997146606e-01
1.276601403951644897e-01 6.160926539450883865e-03 -1.151576936244964600e-01
-1.785363107919692993e-01 -1.340761482715606689e-01 8.364997804164886475e-02
-1.798698455095291138e-01 -1.352375447750091553e-01 8.607007563114166260e-02
-1.695803552865982056e-01 5.840775370597839355e-02 -1.250787377357482910e-01
-1.694304496049880981e-01 6.025634706020355225e-02 -1.233693957328796387e-01
-9.112949669361114502e-02 1.321546733379364014e-01 1.532391160726547241e-01
-1.823429912328720093e-01 -1.315169036388397217e-01 9.141564369201660156e-02
-1.810883879661560059e-01 -1.344309896230697632e-01 7.986722886562347412e-02
-1.800587177276611328e-01 -1.418263316154479980e-01 8.326895534992218018e-02
-1.793701052665710449e-01 -1.341130733489990234e-01 8.218877017498016357e-02
-1.761338859796524048e-01 -1.352959722280502319e-01 8.095091581344604492e-02
-9.569780528545379639e-02 1.305592507123947144e-01 1.396368592977523804e-01
-1.688428521156311035e-01 8.893503993749618530e-02 -1.178551241755485535e-01
-1.750476360321044922e-01 -1.313778311014175415e-01 8.390118181705474854e-02
-1.073175668716430664e-01 1.252603381872177124e-01 9.884689748287200928e-02
1.130231469869613647e-01 -1.125701367855072021e-01 9.472246468067169189e-02
-1.776031851768493652e-01 -1.369986534118652344e-01 7.928000390529632568e-02
-1.737909913063049316e-01 -1.334992945194244385e-01 1.055857241153717041e-01
-1.695843636989593506e-01 6.322503834962844849e-02 -1.253938525915145874e-01
-9.599326550960540771e-02 1.306800842285156250e-01 1.392187923192977905e-01
-9.055340290069580078e-02 1.319604068994522095e-01 1.565802246332168579e-01
-9.880146384239196777e-02 1.295670270919799805e-01 1.273453980684280396e-01
1.120031028985977173e-01 -1.120227724313735962e-01 1.004564911127090454e-01
1.251669377088546753e-01 -6.165539845824241638e-02 9.742179512977600098e-02
-1.697901934385299683e-01 6.470098346471786499e-02 -1.279632598161697388e-01
-1.668407171964645386e-01 8.094540238380432129e-02 -1.135431528091430664e-01
1.118833571672439575e-01 -1.264230310916900635e-01 1.057527363300323486e-01
-1.093885973095893860e-01 1.481965035200119019e-01 9.507703781127929688e-02
-1.694991290569305420e-01 6.858459115028381348e-02 -1.246604993939399719e-01
-1.834971904754638672e-01 -1.366538554430007935e-01 8.516485989093780518e-02
-1.670135706663131714e-01 7.878894358873367310e-02 -1.112121865153312683e-01
3.882750868797302246e-03 -1.408755630254745483e-01 -1.596374660730361938e-01
-1.812650114297866821e-01 -1.348420530557632446e-01 8.263738453388214111e-02
4.996199905872344971e-02 -1.110440194606781006e-01 1.030466407537460327e-01
1.315076798200607300e-01 7.027044147253036499e-02 -1.201080381870269775e-01
1.293294876813888550e-01 1.115250661969184875e-01 -1.246179491281509399e-01
-1.760552525520324707e-01 -1.373125463724136353e-01 8.010622859001159668e-02
1.134067624807357788e-01 -1.252363622188568115e-01 1.076042205095291138e-01
-1.769491285085678101e-01 -1.330902129411697388e-01 8.783333003520965576e-02
9.227146208286285400e-02 6.735735386610031128e-02 -7.550127804279327393e-02
-1.764432936906814575e-01 -1.314031332731246948e-01 9.116156399250030518e-02
-1.077997982501983643e-01 1.329964697360992432e-01 9.693871438503265381e-02
-1.792973875999450684e-01 -1.371047198772430420e-01 8.203436434268951416e-02
-1.528034806251525879e-01 -1.673615425825119019e-01 -4.991404712200164795e-04
-1.696665436029434204e-01 6.625849008560180664e-02 -1.265550106763839722e-01
-1.692441850900650024e-01 6.490881741046905518e-02 -1.213756799697875977e-01
-1.495932787656784058e-01 -1.351323425769805908e-01 9.769359230995178223e-02
-9.162962436676025391e-02 1.338735222816467285e-01 1.540246754884719849e-01
-1.772643476724624634e-01 -1.332330554723739624e-01 8.543422818183898926e-02
-1.785609275102615356e-01 -1.385817378759384155e-01 7.768981158733367920e-02
1.793382912874221802e-01 2.676350437104701996e-02 1.371194869279861450e-01
-1.653286069631576538e-01 1.181581243872642517e-01 -1.035477891564369202e-01
-9.387067705392837524e-02 1.369524002075195312e-01 1.468906849622726440e-01
-1.488538384437561035e-01 1.041905954480171204e-01 -4.776719957590103149e-02
-1.799877732992172241e-01 -1.433729827404022217e-01 1.010907739400863647e-01
-1.403543204069137573e-01 1.142452359199523926e-01 -1.481703668832778931e-02
2.251963764429092407e-01 1.336523145437240601e-01 1.365951299667358398e-01
-1.839876323938369751e-01 -1.361041069030761719e-01 8.978305757045745850e-02
-1.736080497503280640e-01 -1.021329686045646667e-01 6.229443848133087158e-02
5.370765924453735352e-03 -1.712252795696258545e-01 -1.697750985622406006e-01
-1.812551468610763550e-01 -1.356928050518035889e-01 8.374586701393127441e-02
-1.655891984701156616e-01 8.557204157114028931e-02 -1.033864617347717285e-01
-1.812476068735122681e-01 -1.445120573043823242e-01 9.482167661190032959e-02
-1.091037988662719727e-01 1.404531598091125488e-01 9.565609693527221680e-02
-1.692727506160736084e-01 6.396504491567611694e-02 -1.216686815023422241e-01
-1.694885194301605225e-01 6.884745508432388306e-02 -1.245467364788055420e-01
2.016332894563674927e-01 1.597575247287750244e-01 9.231905639171600342e-02
-1.773525178432464600e-01 -1.220410689711570740e-01 5.929914116859436035e-02
1.972547918558120728e-01 4.177891090512275696e-02 1.488786935806274414e-01
-1.689290255308151245e-01 6.794475018978118896e-02 -1.177346557378768921e-01
-1.796908527612686157e-01 -1.349684894084930420e-01 8.390040695667266846e-02
-9.103219956159591675e-02 1.341627091169357300e-01 1.557488739490509033e-01
-1.691717803478240967e-01 6.577270478010177612e-02 -1.205484271049499512e-01
-5.894240736961364746e-02 1.510914117097854614e-01 9.914223849773406982e-02
-8.985488861799240112e-02 1.349925100803375244e-01 1.604408472776412964e-01
-1.386185586452484131e-01 1.176315993070602417e-01 -9.585004299879074097e-03
2.062052488327026367e-03 -1.732018589973449707e-01 -1.732685416936874390e-01
-1.671295166015625000e-01 8.366143703460693359e-02 -1.099103316664695740e-01
-9.340797364711761475e-02 1.362812668085098267e-01 1.463470906019210815e-01
-1.440999209880828857e-01 -1.306016445159912109e-01 1.646691411733627319e-01
-1.694564372301101685e-01 6.334757059812545776e-02 -1.238544806838035583e-01
2.212098687887191772e-01 1.269270926713943481e-01 1.495619267225265503e-01
-7.563936710357666016e-02 9.804046154022216797e-02 -1.342822611331939697e-01
-1.691935062408447266e-01 6.798961758613586426e-02 -1.209337785840034485e-01
-1.838359236717224121e-01 -1.352024823427200317e-01 8.651334047317504883e-02
-1.818190217018127441e-01 -1.345796436071395874e-01 8.133724331855773926e-02
-1.690917611122131348e-01 6.739585101604461670e-02 -1.196711361408233643e-01
8.071680366992950439e-02 5.905614793300628662e-02 -1.141238659620285034e-01
-1.696316003799438477e-01 7.315813750028610229e-02 -1.265147030353546143e-01
-9.442895650863647461e-02 1.279140412807464600e-01 1.459649503231048584e-01
-9.422737360000610352e-02 1.276118755340576172e-01 1.419622451066970825e-01
-1.794873923063278198e-01 -1.399152278900146484e-01 8.137348294258117676e-02
-1.799654662609100342e-01 -1.349542140960693359e-01 9.396840631961822510e-02
-1.659628450870513916e-01 8.573897927999496460e-02 -1.063900515437126160e-01
-4.461007565259933472e-02 -7.945565134286880493e-02 -5.821935459971427917e-02
