2.088517397642135620e-01 2.567501664161682129e-01 -3.484991312026977539e+00
1.987759917974472046e-01 3.415465950965881348e-01 -3.417398691177368164e+00
1.728622168302536011e-01 3.939236998558044434e-01 -3.341348171234130859e+00
1.473599821329116821e-01 4.438062310218811035e-01 -3.263510942459106445e+00
1.142640560865402222e-01 5.013193488121032715e-01 -3.185576677322387695e+00
4.285140335559844971e-02 5.288218855857849121e-01 -3.096816539764404297e+00
-2.498570084571838379e-02 4.965321421623229980e-01 -2.989646911621093750e+00
-9.100326895713806152e-02 4.585986733436584473e-01 -2.877929687500000000e+00
-1.550940424203872681e-01 4.184685349464416504e-01 -2.760531187057495117e+00
-2.143329083919525146e-01 3.723559975624084473e-01 -2.621700763702392578e+00
-2.478514164686203003e-01 3.443836569786071777e-01 -2.513064861297607422e+00
-2.781182527542114258e-01 3.185865283012390137e-01 -2.407980680465698242e+00
-3.081231117248535156e-01 2.928692698478698730e-01 -2.303052425384521484e+00
-3.322806358337402344e-01 2.709851861000061035e-01 -2.190023183822631836e+00
-2.994441986083984375e-01 2.870582938194274902e-01 -1.991558551788330078e+00
-2.669142186641693115e-01 3.028923869132995605e-01 -1.795118570327758789e+00
-1.171889156103134155e-01 4.504113197326660156e-01 -1.350689649581909180e+00
6.646503508090972900e-02 4.547065198421478271e-01 -8.992180824279785156e-01
1.202386766672134399e-01 3.758249878883361816e-01 -5.793589353561401367e-01
1.424248367547988892e-01 2.894471883773803711e-01 -2.800145149230957031e-01
2.393432706594467163e-01 2.098300457000732422e-01 -9.931740164756774902e-02
4.132966995239257812e-01 1.888081133365631104e-01 -3.597080707550048828e-03
5.848465561866760254e-01 1.590138971805572510e-01 1.221863254904747009e-01
7.348912954330444336e-01 1.462027281522750854e-01 2.127438783645629883e-01
8.511802554130554199e-01 1.657066941261291504e-01 2.417090833187103271e-01
9.032856822013854980e-01 2.218756675720214844e-01 1.545656025409698486e-01
9.078584313392639160e-01 2.983628809452056885e-01 1.546251773834228516e-02
9.007368683815002441e-01 3.718813061714172363e-01 -1.256830990314483643e-01
9.823520779609680176e-01 4.200524687767028809e-01 -1.957952380180358887e-01
1.082050323486328125e+00 4.505352675914764404e-01 -2.366876304149627686e-01
1.142141819000244141e+00 4.649454057216644287e-01 -2.734357118606567383e-01
1.164513230323791504e+00 4.497563540935516357e-01 -3.253913819789886475e-01
1.172429680824279785e+00 4.229283332824707031e-01 -3.997776210308074951e-01
1.166683673858642578e+00 4.798468351364135742e-01 -4.366917312145233154e-01
1.146093487739562988e+00 6.520555019378662109e-01 -4.216066300868988037e-01
1.147996068000793457e+00 8.950729966163635254e-01 -3.335455358028411865e-01
1.183611631393432617e+00 1.104773998260498047e+00 -3.545144200325012207e-02
1.199845910072326660e+00 1.203181028366088867e+00 1.427329480648040771e-01
1.228256225585937500e+00 1.186088562011718750e+00 7.360854744911193848e-02
1.252796888351440430e+00 1.165622949600219727e+00 -2.501517534255981445e-03
1.257198333740234375e+00 1.143335103988647461e+00 4.264086484909057617e-03
1.222505450248718262e+00 1.138116836547851562e+00 2.150168120861053467e-01
1.172480225563049316e+00 1.113945722579956055e+00 3.827601969242095947e-01
1.114431858062744141e+00 1.058468580245971680e+00 8.407208919525146484e-01
1.189613223075866699e+00 1.005295276641845703e+00 1.305234551429748535e+00
1.287561535835266113e+00 9.418554306030273438e-01 1.638135552406311035e+00
1.384106755256652832e+00 8.765124082565307617e-01 1.970200538635253906e+00
1.437362551689147949e+00 8.680778145790100098e-01 2.289768218994140625e+00
1.520973563194274902e+00 8.961547017097473145e-01 2.588494062423706055e+00
1.615179777145385742e+00 7.343672513961791992e-01 2.783610820770263672e+00
1.544213652610778809e+00 5.426733493804931641e-01 2.831799745559692383e+00
1.494234085083007812e+00 3.132289052009582520e-01 2.852435350418090820e+00
1.490492820739746094e+00 1.355794668197631836e-01 2.932691574096679688e+00
1.532964825630187988e+00 3.581881523132324219e-02 3.055018424987792969e+00
1.543617606163024902e+00 -7.754594087600708008e-02 3.121511459350585938e+00
1.548543334007263184e+00 -1.960768401622772217e-01 3.174869298934936523e+00
1.537032485008239746e+00 -3.130003809928894043e-01 3.207928419113159180e+00
1.492207407951354980e+00 -4.080376029014587402e-01 3.230899333953857422e+00
1.440448999404907227e+00 -5.039255619049072266e-01 3.227669000625610352e+00
1.393359661102294922e+00 -5.734233260154724121e-01 3.202281475067138672e+00
1.394490242004394531e+00 -5.661584138870239258e-01 3.195997953414916992e+00
1.308381438255310059e+00 -5.880973935127258301e-01 3.245379209518432617e+00
1.211869239807128906e+00 -6.162526607513427734e-01 3.273531913757324219e+00
1.114362001419067383e+00 -6.446372270584106445e-01 3.301788330078125000e+00
1.115414619445800781e+00 -6.511002779006958008e-01 3.322221755981445312e+00
1.117648601531982422e+00 -6.510469913482666016e-01 3.323403596878051758e+00
1.108276367187500000e+00 -7.079504728317260742e-01 3.322935581207275391e+00
1.093905329704284668e+00 -7.437461614608764648e-01 3.320098161697387695e+00
1.075395584106445312e+00 -7.775804400444030762e-01 3.307692050933837891e+00
1.052936673164367676e+00 -8.091799616813659668e-01 3.285977363586425781e+00
1.018012523651123047e+00 -8.333508372306823730e-01 3.225448131561279297e+00
9.693502783775329590e-01 -8.707047700881958008e-01 3.105115413665771484e+00
9.164664149284362793e-01 -9.047839045524597168e-01 2.973251342773437500e+00
8.198857903480529785e-01 -9.077058434486389160e-01 2.868336439132690430e+00
7.211136817932128906e-01 -9.076394438743591309e-01 2.754270315170288086e+00
6.212584376335144043e-01 -9.046128392219543457e-01 2.632059335708618164e+00
5.581526756286621094e-01 -9.332289099693298340e-01 2.507389068603515625e+00
5.409981608390808105e-01 -1.040730953216552734e+00 2.355777740478515625e+00
5.569464564323425293e-01 -1.136417388916015625e+00 2.241815567016601562e+00
6.113373637199401855e-01 -1.204255342483520508e+00 2.119688272476196289e+00
6.421764492988586426e-01 -1.233664751052856445e+00 1.909161210060119629e+00
6.472223997116088867e-01 -1.258672237396240234e+00 1.640044569969177246e+00
5.654224157333374023e-01 -1.306779861450195312e+00 1.458928227424621582e+00
3.669961094856262207e-01 -1.256787538528442383e+00 1.227813482284545898e+00
1.710436493158340454e-01 -1.213062047958374023e+00 9.668216705322265625e-01
1.907451450824737549e-02 -1.193566083908081055e+00 7.283685207366943359e-01
-1.527786701917648315e-01 -1.128971099853515625e+00 6.087201833724975586e-01
-2.775231003761291504e-01 -1.068907260894775391e+00 5.208500623703002930e-01
-2.990502119064331055e-01 -1.065122604370117188e+00 4.351737499237060547e-01
-3.336889743804931641e-01 -1.034161806106567383e+00 3.534288704395294189e-01
-3.481415510177612305e-01 -1.007529497146606445e+00 3.353602886199951172e-01
-3.545027375221252441e-01 -9.851233363151550293e-01 3.254104852676391602e-01
-3.573151826858520508e-01 -9.491750597953796387e-01 2.978965640068054199e-01
-3.481650948524475098e-01 -9.026173949241638184e-01 2.552960813045501709e-01
-3.249756395816802979e-01 -8.681526780128479004e-01 2.347105443477630615e-01
-2.953647375106811523e-01 -8.240683674812316895e-01 2.114107310771942139e-01
-2.647876143455505371e-01 -7.785084247589111328e-01 1.888103485107421875e-01
-2.434839904308319092e-01 -7.195734381675720215e-01 1.644974648952484131e-01
-2.229368686676025391e-01 -6.618266701698303223e-01 1.404919922351837158e-01
-1.909600645303726196e-01 -4.878079891204833984e-01 1.048546433448791504e-01
-1.006853878498077393e-01 -2.128059566020965576e-01 1.826740205287933350e-01
-9.827029705047607422e-02 -5.411356687545776367e-02 3.438827097415924072e-01
-8.228787779808044434e-02 3.813666850328445435e-02 5.540139675140380859e-01
-1.258617341518402100e-01 5.360529571771621704e-02 7.125710248947143555e-01
-1.528442203998565674e-01 4.875622689723968506e-02 8.544907569885253906e-01
-1.124478578567504883e-01 -2.028399705886840820e-02 1.022375464439392090e+00
-7.153226435184478760e-02 -9.417311847209930420e-02 1.141807317733764648e+00
-3.429695963859558105e-02 -1.640937030315399170e-01 1.214975833892822266e+00
-1.040771603584289551e-03 -2.271559834480285645e-01 1.258379817008972168e+00
1.127754151821136475e-02 -2.584877014160156250e-01 1.334386229515075684e+00
3.423671424388885498e-02 -2.677551805973052979e-01 1.377834081649780273e+00
7.517935335636138916e-02 -2.685739398002624512e-01 1.376919746398925781e+00
1.011364907026290894e-01 -3.037616908550262451e-01 1.337913274765014648e+00
1.020620614290237427e-01 -3.759811818599700928e-01 1.262503147125244141e+00
8.427734673023223877e-02 -4.300709366798400879e-01 1.146611809730529785e+00
7.395152747631072998e-02 -4.486820697784423828e-01 1.068070411682128906e+00
1.118602305650711060e-01 -5.051890611648559570e-01 9.904255867004394531e-01
1.196366697549819946e-01 -7.016774415969848633e-01 9.573235511779785156e-01
1.049868017435073853e-01 -8.888924121856689453e-01 9.197988510131835938e-01
7.120610773563385010e-02 -9.369365572929382324e-01 8.732831478118896484e-01
3.879465162754058838e-02 -9.918386340141296387e-01 8.392287492752075195e-01
1.561966538429260254e-02 -1.065750360488891602e+00 8.036135435104370117e-01
-4.800534248352050781e-02 -1.098037004470825195e+00 7.504477500915527344e-01
-1.197558790445327759e-01 -1.122418642044067383e+00 6.839603185653686523e-01
-1.978984028100967407e-01 -1.138204574584960938e+00 6.057086586952209473e-01
-2.454247325658798218e-01 -1.129505634307861328e+00 5.888708233833312988e-01
-2.982305884361267090e-01 -1.105032205581665039e+00 5.602473020553588867e-01
-3.176654577255249023e-01 -1.097166061401367188e+00 4.980818033218383789e-01
-3.291152119636535645e-01 -1.087721347808837891e+00 4.349405765533447266e-01
-3.348032832145690918e-01 -1.056494712829589844e+00 3.959496617317199707e-01
-3.384558558464050293e-01 -1.009930133819580078e+00 3.577992916107177734e-01
-3.382612466812133789e-01 -9.564937949180603027e-01 3.109304904937744141e-01
-3.242301940917968750e-01 -8.990946412086486816e-01 2.566927075386047363e-01
-3.026782870292663574e-01 -8.352935314178466797e-01 2.038911283016204834e-01
-2.722349166870117188e-01 -7.899284362792968750e-01 1.815638691186904907e-01
-2.392529249191284180e-01 -7.407492995262145996e-01 1.586057990789413452e-01
-2.156992405652999878e-01 -6.650456786155700684e-01 1.315542310476303101e-01
-1.647455394268035889e-01 -4.167096614837646484e-01 8.460296690464019775e-02
-1.436395943164825439e-02 -1.848643422126770020e-01 1.868592649698257446e-01
-4.776759445667266846e-02 2.701254934072494507e-02 4.131727516651153564e-01
-1.229788661003112793e-01 8.559760451316833496e-02 6.820223927497863770e-01
-1.845292150974273682e-01 9.377188980579376221e-02 9.468432664871215820e-01
-1.707122623920440674e-01 2.841016650199890137e-02 1.299493908882141113e+00
-1.222838908433914185e-01 -6.629987061023712158e-02 1.520106554031372070e+00
-5.682462453842163086e-02 -1.779150962829589844e-01 1.730692028999328613e+00
3.223614394664764404e-02 -2.934579253196716309e-01 1.917253255844116211e+00
2.206745594739913940e-01 -4.344742298126220703e-01 2.127268075942993164e+00
3.294815421104431152e-01 -4.753776192665100098e-01 2.295454502105712891e+00
4.252365231513977051e-01 -5.179875493049621582e-01 2.423321962356567383e+00
5.127587318420410156e-01 -5.559284687042236328e-01 2.531532287597656250e+00
5.591877102851867676e-01 -5.773408412933349609e-01 2.596910476684570312e+00
5.944324731826782227e-01 -5.928736329078674316e-01 2.639577388763427734e+00
6.185858845710754395e-01 -6.042265295982360840e-01 2.662853717803955078e+00
6.146001219749450684e-01 -6.160927414894104004e-01 2.678904056549072266e+00
6.360468268394470215e-01 -6.377595663070678711e-01 2.708346605300903320e+00
6.486091613769531250e-01 -6.876292228698730469e-01 2.740191936492919922e+00
6.544919013977050781e-01 -7.394986152648925781e-01 2.764482498168945312e+00
6.474667191505432129e-01 -7.685372233390808105e-01 2.762095451354980469e+00
6.342318654060363770e-01 -8.001927733421325684e-01 2.753016948699951172e+00
6.150419116020202637e-01 -8.343626856803894043e-01 2.737498998641967773e+00
6.044813990592956543e-01 -8.639646172523498535e-01 2.694253921508789062e+00
6.026356816291809082e-01 -8.886368870735168457e-01 2.623743295669555664e+00
5.981811881065368652e-01 -9.133164286613464355e-01 2.543570756912231445e+00
5.911714434623718262e-01 -9.376938939094543457e-01 2.454532861709594727e+00
5.805319547653198242e-01 -9.531261324882507324e-01 2.382016181945800781e+00
5.590966939926147461e-01 -9.787285923957824707e-01 2.361071825027465820e+00
5.354994535446166992e-01 -1.003175973892211914e+00 2.333476305007934570e+00
4.690088629722595215e-01 -1.027800798416137695e+00 2.249045610427856445e+00
4.714198708534240723e-01 -1.057311773300170898e+00 2.181798219680786133e+00
4.769815206527709961e-01 -1.089902877807617188e+00 2.094755411148071289e+00
4.698404669761657715e-01 -1.077069520950317383e+00 1.963289380073547363e+00
4.545120000839233398e-01 -1.090188980102539062e+00 1.829205393791198730e+00
4.286003112792968750e-01 -1.130038499832153320e+00 1.690261244773864746e+00
4.060425162315368652e-01 -1.171920299530029297e+00 1.563238501548767090e+00
3.866044878959655762e-01 -1.215163946151733398e+00 1.447543263435363770e+00
2.810891866683959961e-01 -1.224217653274536133e+00 1.269631147384643555e+00
1.423426419496536255e-01 -1.218687772750854492e+00 1.066600680351257324e+00
2.325005829334259033e-02 -1.237527132034301758e+00 8.886666297912597656e-01
-1.179094463586807251e-01 -1.231710672378540039e+00 7.273465394973754883e-01
-2.259255498647689819e-01 -1.209813356399536133e+00 6.302458047866821289e-01
-3.060313463211059570e-01 -1.174654483795166016e+00 5.860072374343872070e-01
-3.396866321563720703e-01 -1.169247627258300781e+00 4.946063756942749023e-01
-3.770976066589355469e-01 -1.130885124206542969e+00 4.284115433692932129e-01
-3.968752622604370117e-01 -1.099995613098144531e+00 4.068665206432342529e-01
-4.092597365379333496e-01 -1.074377059936523438e+00 3.723630011081695557e-01
-4.155605435371398926e-01 -1.054035663604736328e+00 3.353576660156250000e-01
-4.208269119262695312e-01 -1.032874107360839844e+00 2.990142703056335449e-01
-4.239397048950195312e-01 -1.016549825668334961e+00 2.707890868186950684e-01
-4.277269840240478516e-01 -1.022336483001708984e+00 2.679214179515838623e-01
-4.283709228038787842e-01 -1.023419618606567383e+00 2.635296583175659180e-01
-4.281649291515350342e-01 -1.023223161697387695e+00 2.590254545211791992e-01
-4.271797537803649902e-01 -1.021853208541870117e+00 2.544367909431457520e-01
-4.254862666130065918e-01 -1.019416332244873047e+00 2.497885674238204956e-01
-4.233463406562805176e-01 -1.016302585601806641e+00 2.452524900436401367e-01
-4.223346412181854248e-01 -1.014816999435424805e+00 2.436444610357284546e-01
-4.206750392913818359e-01 -1.012351989746093750e+00 2.421068847179412842e-01
-4.185718894004821777e-01 -1.009223222732543945e+00 2.403661310672760010e-01
-4.160769581794738770e-01 -1.005507707595825195e+00 2.384480088949203491e-01
-4.132381975650787354e-01 -1.001276969909667969e+00 2.363763451576232910e-01
-4.083638787269592285e-01 -9.940856099128723145e-01 2.299713492393493652e-01
-4.018010795116424561e-01 -9.844368100166320801e-01 2.199953794479370117e-01
-3.951178193092346191e-01 -9.746028780937194824e-01 2.101734280586242676e-01
-3.883392214775085449e-01 -9.646207690238952637e-01 2.005034983158111572e-01
-3.814862966537475586e-01 -9.545231461524963379e-01 1.909822672605514526e-01
-3.745769262313842773e-01 -9.443365931510925293e-01 1.816044151782989502e-01
-3.676251173019409180e-01 -9.340824484825134277e-01 1.723633110523223877e-01
-3.606420755386352539e-01 -9.237777590751647949e-01 1.632518023252487183e-01
-3.536364436149597168e-01 -9.134362339973449707e-01 1.542628407478332520e-01
-3.466137647628784180e-01 -9.030659794807434082e-01 1.453883498907089233e-01
-3.409242630004882812e-01 -8.946264386177062988e-01 1.396901011466979980e-01
-3.391934037208557129e-01 -8.919275403022766113e-01 1.431437432765960693e-01
-3.373575210571289062e-01 -8.890730142593383789e-01 1.464764475822448730e-01
-3.304430246353149414e-01 -8.787530660629272461e-01 1.420482397079467773e-01
-3.036925196647644043e-01 -8.391569852828979492e-01 1.119407564401626587e-01
-2.703568935394287109e-01 -7.896370887756347656e-01 8.138151466846466064e-02
-2.375754863023757935e-01 -7.409372925758361816e-01 5.145585536956787109e-02
-1.718809157609939575e-01 -7.198646068572998047e-01 7.017123699188232422e-02
-9.711438417434692383e-02 -6.782287359237670898e-01 5.306363105773925781e-02
-1.537762582302093506e-02 -6.184267997741699219e-01 4.290014505386352539e-03
6.574364006519317627e-02 -5.591380596160888672e-01 -4.400727152824401855e-02
1.464274078607559204e-01 -5.002682805061340332e-01 -9.192416071891784668e-02
2.682126164436340332e-01 -3.370783925056457520e-01 -1.571757793426513672e-01
3.864741921424865723e-01 -1.409629285335540771e-01 -2.223487198352813721e-01
4.804943203926086426e-01 3.714765608310699463e-02 -3.044300377368927002e-01
4.689874053001403809e-01 1.364714801311492920e-01 -3.673401772975921631e-01
5.048648715019226074e-01 2.343300580978393555e-01 -3.768571317195892334e-01
6.141476631164550781e-01 2.634338438510894775e-01 -2.976850569248199463e-01
7.195813059806823730e-01 2.874000370502471924e-01 -2.376931011676788330e-01
8.240004181861877441e-01 3.118088245391845703e-01 -1.811914443969726562e-01
9.271478056907653809e-01 3.365981578826904297e-01 -1.283122897148132324e-01
1.021044254302978516e+00 3.627176284790039062e-01 -8.472010493278503418e-02
1.104866385459899902e+00 3.901349008083343506e-01 -5.084860324859619141e-02
1.184282183647155762e+00 4.152258336544036865e-01 -2.297604084014892578e-02
1.261533141136169434e+00 4.356923103332519531e-01 -1.107296347618103027e-02
1.309327602386474609e+00 4.635017216205596924e-01 -3.184084594249725342e-02
1.353529691696166992e+00 4.927568435668945312e-01 -5.761489272117614746e-02
1.404205679893493652e+00 5.236349701881408691e-01 -8.222040534019470215e-02
1.440145492553710938e+00 5.476201772689819336e-01 -1.035455167293548584e-01
1.462906837463378906e+00 5.653772950172424316e-01 -1.218183040618896484e-01
1.484325885772705078e+00 5.821800231933593750e-01 -1.391858458518981934e-01
1.504344582557678223e+00 5.979764461517333984e-01 -1.555892229080200195e-01
1.519849419593811035e+00 6.029939055442810059e-01 -1.593501269817352295e-01
1.533422112464904785e+00 6.032665967941284180e-01 -1.574147343635559082e-01
1.545704841613769531e+00 6.033828854560852051e-01 -1.555689275264739990e-01
1.554105520248413086e+00 6.063136458396911621e-01 -1.540738046169281006e-01
1.560149073600769043e+00 6.104310154914855957e-01 -1.527921557426452637e-01
1.565375566482543945e+00 6.141090393066406250e-01 -1.515850126743316650e-01
1.569869399070739746e+00 6.173810958862304688e-01 -1.504550278186798096e-01
1.573724746704101562e+00 6.202861666679382324e-01 -1.494031846523284912e-01
1.577044844627380371e+00 6.228685975074768066e-01 -1.484294235706329346e-01
1.579940319061279297e+00 6.251774430274963379e-01 -1.475327312946319580e-01
1.582527160644531250e+00 6.272654533386230469e-01 -1.467102468013763428e-01
1.584922909736633301e+00 6.291871666908264160e-01 -1.459585726261138916e-01
1.587244987487792969e+00 6.309987306594848633e-01 -1.452731788158416748e-01
1.589609146118164062e+00 6.327559351921081543e-01 -1.446484327316284180e-01
1.592126131057739258e+00 6.345139145851135254e-01 -1.440783143043518066e-01
1.594899892807006836e+00 6.363251209259033203e-01 -1.435561478137969971e-01
1.598025441169738770e+00 6.382389664649963379e-01 -1.430744826793670654e-01
1.601586937904357910e+00 6.403003334999084473e-01 -1.426261663436889648e-01
1.605656027793884277e+00 6.425489783287048340e-01 -1.422034800052642822e-01
1.610290884971618652e+00 6.450185179710388184e-01 -1.417991816997528076e-01
1.615535020828247070e+00 6.477364897727966309e-01 -1.414057910442352295e-01
1.621415734291076660e+00 6.507225632667541504e-01 -1.410166621208190918e-01
1.627945780754089355e+00 6.539900898933410645e-01 -1.406252086162567139e-01
1.635119795799255371e+00 6.575436592102050781e-01 -1.402256190776824951e-01
1.642918944358825684e+00 6.613814234733581543e-01 -1.398124992847442627e-01
1.651308059692382812e+00 6.654936671257019043e-01 -1.393813788890838623e-01
1.660238265991210938e+00 6.698642373085021973e-01 -1.389283239841461182e-01
1.669647574424743652e+00 6.744704842567443848e-01 -1.384500861167907715e-01
1.678089499473571777e+00 6.773336529731750488e-01 -1.408677995204925537e-01
1.686688780784606934e+00 6.801357269287109375e-01 -1.436079740524291992e-01
1.695429921150207520e+00 6.829449534416198730e-01 -1.465115845203399658e-01
1.704228162765502930e+00 6.857359409332275391e-01 -1.495553553104400635e-01
1.713994622230529785e+00 6.890867948532104492e-01 -1.524058878421783447e-01
1.724846720695495605e+00 6.930968165397644043e-01 -1.549713313579559326e-01
1.735540151596069336e+00 6.970427632331848145e-01 -1.575777828693389893e-01
1.745986342430114746e+00 7.008990645408630371e-01 -1.601956188678741455e-01
1.756101250648498535e+00 7.046430706977844238e-01 -1.627934873104095459e-01
1.765808701515197754e+00 7.082547545433044434e-01 -1.653400659561157227e-01
1.775042414665222168e+00 7.117183804512023926e-01 -1.678036749362945557e-01
1.783745050430297852e+00 7.150216698646545410e-01 -1.701535284519195557e-01
1.791870713233947754e+00 7.181563973426818848e-01 -1.723596453666687012e-01
1.799384713172912598e+00 7.211180329322814941e-01 -1.743942499160766602e-01
1.806265234947204590e+00 7.239065766334533691e-01 -1.762312650680541992e-01
1.812502264976501465e+00 7.265248298645019531e-01 -1.778485178947448730e-01
1.818097949028015137e+00 7.289798855781555176e-01 -1.792258918285369873e-01
1.823064446449279785e+00 7.312806248664855957e-01 -1.803482174873352051e-01
1.827426314353942871e+00 7.334394454956054688e-01 -1.812039017677307129e-01
1.831217408180236816e+00 7.354702353477478027e-01 -1.817860305309295654e-01
1.834479451179504395e+00 7.373877167701721191e-01 -1.820928156375885010e-01
1.837528109550476074e+00 7.393749952316284180e-01 -1.820109486579895020e-01
1.841124892234802246e+00 7.418915629386901855e-01 -1.812402904033660889e-01
1.844229578971862793e+00 7.442620396614074707e-01 -1.802734434604644775e-01
1.846906065940856934e+00 7.465018630027770996e-01 -1.791278123855590820e-01
1.849220871925354004e+00 7.486261129379272461e-01 -1.778236031532287598e-01
1.851243853569030762e+00 7.506499886512756348e-01 -1.763845384120941162e-01
1.853047251701354980e+00 7.525889873504638672e-01 -1.748366057872772217e-01
1.854700446128845215e+00 7.544564604759216309e-01 -1.732077896595001221e-01
1.856272578239440918e+00 7.562662959098815918e-01 -1.715269684791564941e-01
1.857831597328186035e+00 7.580304741859436035e-01 -1.698247790336608887e-01
1.859438538551330566e+00 7.597603201866149902e-01 -1.681308448314666748e-01
1.861151337623596191e+00 7.614652514457702637e-01 -1.664748787879943848e-01
1.863023638725280762e+00 7.631546258926391602e-01 -1.648856997489929199e-01
1.865098595619201660e+00 7.648349404335021973e-01 -1.633898615837097168e-01
1.867416501045227051e+00 7.665124535560607910e-01 -1.620123982429504395e-01
1.870007157325744629e+00 7.681914567947387695e-01 -1.607753038406372070e-01
1.872892975807189941e+00 7.698749899864196777e-01 -1.596974730491638184e-01
1.876088976860046387e+00 7.715653777122497559e-01 -1.587947607040405273e-01
1.879603266716003418e+00 7.732638716697692871e-01 -1.580796539783477783e-01
1.883433461189270020e+00 7.749698758125305176e-01 -1.575602293014526367e-01
1.887570977210998535e+00 7.766829133033752441e-01 -1.572411656379699707e-01
1.892001271247863770e+00 7.784011960029602051e-01 -1.571234464645385742e-01
1.896702885627746582e+00 7.801230549812316895e-01 -1.572038829326629639e-01
1.901647686958312988e+00 7.818455100059509277e-01 -1.574764549732208252e-01
1.906804919242858887e+00 7.835659384727478027e-01 -1.579314172267913818e-01
1.912137389183044434e+00 7.852814197540283203e-01 -1.585560441017150879e-01
1.917607665061950684e+00 7.869893312454223633e-01 -1.593351960182189941e-01
1.923174500465393066e+00 7.886863350868225098e-01 -1.602516472339630127e-01
1.928796648979187012e+00 7.903704047203063965e-01 -1.612860858440399170e-01
1.934432387351989746e+00 7.920391559600830078e-01 -1.624180674552917480e-01
1.940041422843933105e+00 7.936912178993225098e-01 -1.636261045932769775e-01
1.945584416389465332e+00 7.953245043754577637e-01 -1.648887693881988525e-01
1.951024413108825684e+00 7.969384193420410156e-01 -1.661842465400695801e-01
1.956327557563781738e+00 7.985324263572692871e-01 -1.674912571907043457e-01
1.961463809013366699e+00 8.001065850257873535e-01 -1.687893271446228027e-01
1.966405749320983887e+00 8.016610741615295410e-01 -1.700591146945953369e-01
1.971129536628723145e+00 8.031960129737854004e-01 -1.712830960750579834e-01
1.975617766380310059e+00 8.047122359275817871e-01 -1.724455952644348145e-01
1.979853987693786621e+00 8.062108755111694336e-01 -1.735317409038543701e-01
1.983828902244567871e+00 8.076924681663513184e-01 -1.745303273200988770e-01
1.987533688545227051e+00 8.091580867767333984e-01 -1.754306554794311523e-01
1.990965962409973145e+00 8.106085658073425293e-01 -1.762253046035766602e-01
1.994123339653015137e+00 8.120442628860473633e-01 -1.769076883792877197e-01
1.997010350227355957e+00 8.134664297103881836e-01 -1.774739325046539307e-01
1.999630570411682129e+00 8.148753046989440918e-01 -1.779210865497589111e-01
2.001992464065551758e+00 8.162717223167419434e-01 -1.782482564449310303e-01
2.004106044769287109e+00 8.176563978195190430e-01 -1.784553527832031250e-01
2.005982398986816406e+00 8.190301060676574707e-01 -1.785428524017333984e-01
2.007633447647094727e+00 8.203931450843811035e-01 -1.785127222537994385e-01
2.009074211120605469e+00 8.217464089393615723e-01 -1.783671379089355469e-01
2.010318994522094727e+00 8.230906128883361816e-01 -1.781089603900909424e-01
2.011383771896362305e+00 8.244267106056213379e-01 -1.777410507202148438e-01
2.012284040451049805e+00 8.257553577423095703e-01 -1.772667467594146729e-01
2.013034820556640625e+00 8.270769715309143066e-01 -1.766893267631530762e-01
2.013655185699462891e+00 8.283930420875549316e-01 -1.760128736495971680e-01
2.014159679412841797e+00 8.297033905982971191e-01 -1.752411723136901855e-01
2.014565229415893555e+00 8.310090899467468262e-01 -1.743786931037902832e-01
2.014888048171997070e+00 8.323100805282592773e-01 -1.734300851821899414e-01
2.015146017074584961e+00 8.336072564125061035e-01 -1.724007129669189453e-01
2.015355348587036133e+00 8.349004983901977539e-01 -1.712967157363891602e-01
2.015533447265625000e+00 8.361902236938476562e-01 -1.701247096061706543e-01
2.015696763992309570e+00 8.374760746955871582e-01 -1.688924431800842285e-01
2.015863180160522461e+00 8.387581706047058105e-01 -1.676084697246551514e-01
2.016048669815063477e+00 8.400365114212036133e-01 -1.662822067737579346e-01
2.016270875930786133e+00 8.413102030754089355e-01 -1.649241149425506592e-01
2.016546964645385742e+00 8.425794243812561035e-01 -1.635456085205078125e-01
2.016892671585083008e+00 8.438437581062316895e-01 -1.621586382389068604e-01
2.017323732376098633e+00 8.451029658317565918e-01 -1.607758402824401855e-01
2.017854928970336914e+00 8.463564515113830566e-01 -1.594104766845703125e-01
2.018500089645385742e+00 8.476044535636901855e-01 -1.580758094787597656e-01
2.019271612167358398e+00 8.488466143608093262e-01 -1.567845940589904785e-01
2.020182371139526367e+00 8.500843644142150879e-01 -1.555502414703369141e-01
2.021241426467895508e+00 8.513178229331970215e-01 -1.543844342231750488e-01
2.022457838058471680e+00 8.525490164756774902e-01 -1.532979309558868408e-01
2.023839235305786133e+00 8.537799715995788574e-01 -1.523004472255706787e-01
2.025390863418579102e+00 8.550136685371398926e-01 -1.513995230197906494e-01
2.027117967605590820e+00 8.562535643577575684e-01 -1.506010890007019043e-01
2.029024362564086914e+00 8.575051426887512207e-01 -1.499087214469909668e-01
2.031111955642700195e+00 8.587732911109924316e-01 -1.493234336376190186e-01
2.033381938934326172e+00 8.600648641586303711e-01 -1.488437354564666748e-01
2.035833835601806641e+00 8.613870739936828613e-01 -1.484650969505310059e-01
2.038466930389404297e+00 8.627479672431945801e-01 -1.481807827949523926e-01
2.041278123855590820e+00 8.641551136970520020e-01 -1.479815840721130371e-01
2.044263124465942383e+00 8.656175136566162109e-01 -1.478556692600250244e-01
2.047416925430297852e+00 8.671433329582214355e-01 -1.477889716625213623e-01
2.050732374191284180e+00 8.687400221824645996e-01 -1.477656662464141846e-01
2.054199457168579102e+00 8.704141974449157715e-01 -1.477691233158111572e-01
2.057807445526123047e+00 8.721716403961181641e-01 -1.477806270122528076e-01
2.061543703079223633e+00 8.740165233612060547e-01 -1.477820277214050293e-01
2.065390110015869141e+00 8.759503960609436035e-01 -1.477544605731964111e-01
2.069330453872680664e+00 8.779734373092651367e-01 -1.476800441741943359e-01
2.073342323303222656e+00 8.800824284553527832e-01 -1.475416719913482666e-01
2.077402353286743164e+00 8.822719454765319824e-01 -1.473237872123718262e-01
2.081484079360961914e+00 8.845332264900207520e-01 -1.470129191875457764e-01
2.085557937622070312e+00 8.868548274040222168e-01 -1.465975344181060791e-01
2.089591741561889648e+00 8.892218470573425293e-01 -1.460693180561065674e-01
2.093551874160766602e+00 8.916165232658386230e-01 -1.454226374626159668e-01
2.097401857376098633e+00 8.940184712409973145e-01 -1.446553468704223633e-01
2.101102590560913086e+00 8.964040875434875488e-01 -1.437677741050720215e-01
2.104615688323974609e+00 8.987480998039245605e-01 -1.427645683288574219e-01
2.107899188995361328e+00 9.010222554206848145e-01 -1.416527032852172852e-01
2.110912084579467773e+00 9.031971096992492676e-01 -1.404433846473693848e-01
2.113613605499267578e+00 9.052425622940063477e-01 -1.391496658325195312e-01
2.115964412689208984e+00 9.071275591850280762e-01 -1.377880871295928955e-01
2.117923974990844727e+00 9.088204503059387207e-01 -1.363774240016937256e-01
2.119457483291625977e+00 9.102914929389953613e-01 -1.349381506443023682e-01
2.120377302169799805e+00 9.115061163902282715e-01 -1.334299445152282715e-01
2.119953870773315430e+00 9.124136567115783691e-01 -1.315899491310119629e-01
2.119547367095947266e+00 9.130361676216125488e-01 -1.300074756145477295e-01
2.119167804718017578e+00 9.133543372154235840e-01 -1.287175416946411133e-01
2.118817090988159180e+00 9.133502244949340820e-01 -1.277503669261932373e-01
2.118133783340454102e+00 9.129998683929443359e-01 -1.269819736480712891e-01
2.116008043289184570e+00 9.122574925422668457e-01 -1.259799897670745850e-01
2.113332986831665039e+00 9.111495614051818848e-01 -1.251236200332641602e-01
2.110123634338378906e+00 9.096792340278625488e-01 -1.244281232357025146e-01
2.106400251388549805e+00 9.078534245491027832e-01 -1.239055097103118896e-01
2.102193593978881836e+00 9.056864380836486816e-01 -1.235649883747100830e-01
2.097539901733398438e+00 9.031965732574462891e-01 -1.234126091003417969e-01
2.092482089996337891e+00 9.004070162773132324e-01 -1.234509944915771484e-01
2.087071657180786133e+00 8.973471522331237793e-01 -1.236799061298370361e-01
2.081363201141357422e+00 8.940489292144775391e-01 -1.240961551666259766e-01
2.075419664382934570e+00 8.905486464500427246e-01 -1.246941089630126953e-01
2.069303750991821289e+00 8.868853449821472168e-01 -1.254653334617614746e-01
2.063084363937377930e+00 8.830999135971069336e-01 -1.263999938964843750e-01
2.056832313537597656e+00 8.792358040809631348e-01 -1.274864971637725830e-01
2.050617218017578125e+00 8.753353953361511230e-01 -1.287118494510650635e-01
2.047074794769287109e+00 8.704087138175964355e-01 -1.329453289508819580e-01
2.047440767288208008e+00 8.640272021293640137e-01 -1.414847671985626221e-01
2.047003269195556641e+00 8.581587076187133789e-01 -1.489438414573669434e-01
2.045756340026855469e+00 8.528705239295959473e-01 -1.552286744117736816e-01
2.043703317642211914e+00 8.482210636138916016e-01 -1.602647006511688232e-01
2.040861606597900391e+00 8.442584872245788574e-01 -1.639961004257202148e-01
2.037259340286254883e+00 8.410206437110900879e-01 -1.663885414600372314e-01
2.032937288284301758e+00 8.385349512100219727e-01 -1.674273014068603516e-01
2.027944326400756836e+00 8.368167281150817871e-01 -1.671186089515686035e-01
2.022342920303344727e+00 8.358721137046813965e-01 -1.654877066612243652e-01
2.016201019287109375e+00 8.356956243515014648e-01 -1.625789403915405273e-01
2.009594678878784180e+00 8.362722992897033691e-01 -1.584530770778656006e-01
2.002605915069580078e+00 8.375769257545471191e-01 -1.531871557235717773e-01
2.000575304031372070e+00 8.374580740928649902e-01 -1.527790427207946777e-01
2.001053571701049805e+00 8.368983864784240723e-01 -1.544758081436157227e-01
2.002101182937622070e+00 8.366680741310119629e-01 -1.561075150966644287e-01
2.003693103790283203e+00 8.367598652839660645e-01 -1.576630771160125732e-01
2.005799293518066406e+00 8.371626734733581543e-01 -1.591334939002990723e-01
2.008384227752685547e+00 8.378632068634033203e-01 -1.605092883110046387e-01
2.011406183242797852e+00 8.388444185256958008e-01 -1.617825329303741455e-01
2.014822483062744141e+00 8.400878310203552246e-01 -1.629460752010345459e-01
2.018585681915283203e+00 8.415724635124206543e-01 -1.639938056468963623e-01
2.022646188735961914e+00 8.432754874229431152e-01 -1.649210155010223389e-01
2.026955604553222656e+00 8.451732993125915527e-01 -1.657247245311737061e-01
2.031460523605346680e+00 8.472400903701782227e-01 -1.664024591445922852e-01
2.036111116409301758e+00 8.494506478309631348e-01 -1.669540107250213623e-01
2.040856599807739258e+00 8.517783284187316895e-01 -1.673798263072967529e-01
2.045644998550415039e+00 8.541962504386901855e-01 -1.676819622516632080e-01
2.050428390502929688e+00 8.566781282424926758e-01 -1.678635179996490479e-01
2.055158376693725586e+00 8.591977953910827637e-01 -1.679285168647766113e-01
2.059787511825561523e+00 8.617288470268249512e-01 -1.678819954395294189e-01
2.064271211624145508e+00 8.642466664314270020e-01 -1.677291095256805420e-01
2.068563938140869141e+00 8.667253255844116211e-01 -1.674761176109313965e-01
2.072624206542968750e+00 8.691413998603820801e-01 -1.671290099620819092e-01
2.076409339904785156e+00 8.714714646339416504e-01 -1.666936278343200684e-01
2.079879999160766602e+00 8.736935257911682129e-01 -1.661763787269592285e-01
2.082998037338256836e+00 8.757856488227844238e-01 -1.655832827091217041e-01
2.085725784301757812e+00 8.777273297309875488e-01 -1.649191975593566895e-01
2.088027954101562500e+00 8.794997334480285645e-01 -1.641895771026611328e-01
2.089871406555175781e+00 8.810841441154479980e-01 -1.633988916873931885e-01
2.091226339340209961e+00 8.824644684791564941e-01 -1.625515818595886230e-01
2.092064619064331055e+00 8.836250901222229004e-01 -1.616509556770324707e-01
2.092360973358154297e+00 8.845523595809936523e-01 -1.607001423835754395e-01
2.092093944549560547e+00 8.852338790893554688e-01 -1.597023308277130127e-01
2.091246128082275391e+00 8.856599926948547363e-01 -1.586594581604003906e-01
2.089802980422973633e+00 8.858221173286437988e-01 -1.575734913349151611e-01
2.087758064270019531e+00 8.857148289680480957e-01 -1.564463973045349121e-01
2.085105419158935547e+00 8.853334784507751465e-01 -1.552800536155700684e-01
2.081847906112670898e+00 8.846769928932189941e-01 -1.540759503841400146e-01
2.077991247177124023e+00 8.837462067604064941e-01 -1.528359353542327881e-01
2.073548316955566406e+00 8.825436830520629883e-01 -1.515623033046722412e-01
2.068538188934326172e+00 8.810757994651794434e-01 -1.502574682235717773e-01
2.062983751296997070e+00 8.793498277664184570e-01 -1.489246189594268799e-01
2.056916236877441406e+00 8.773764967918395996e-01 -1.475674510002136230e-01
2.050368547439575195e+00 8.751672506332397461e-01 -1.461906135082244873e-01
