-1.372476898909872034e+01 3.170345092738386938e+00 -3.894855966950387938e-01
-1.815832126910436273e+01 5.615224278257869628e+00 -1.498634929877255217e+00
-2.420889795061111727e+01 9.082573286044748784e+00 -2.785681720947707163e+00
-3.206222282117369105e+01 1.374942813773122907e+01 -4.162366282648235938e+00
-4.186046014655585168e+01 1.976395196857848191e+01 -5.507089579180387773e+00
-5.369398427176463429e+01 2.722892324003584008e+01 -6.667033686250533719e+00
-6.759636891645345713e+01 3.618562298055843485e+01 -7.461189562256208774e+00
-8.354279130000520581e+01 4.659998770333619689e+01 -7.684828571017305876e+00
-1.014515090262351578e+02 5.835316276369602662e+01 -7.116190004895656784e+00
-1.211877145358330949e+02 7.123830348709880411e+01 -5.525786257622030462e+00
-1.425689790155425385e+02 8.496457192853524987e+01 -2.687930078593467442e+00
-1.653716237880761923e+02 9.916797165195606567e+01 1.606701694607863828e+00
-1.893375961044806672e+02 1.134273656269642458e+02 7.539034531262586825e+00
-2.141816557505325136e+02 1.272831916075385834e+02 1.525146934583608527e+01
-2.395987967644886112e+02 1.402562979333901012e+02 2.484036913513637046e+01
-2.652717736176424523e+02 1.518649312588203202e+02 3.635099639935060623e+01
-2.908783692964476018e+02 1.616389372674360061e+02 4.977407550352199905e+01
-3.160977414222039670e+02 1.691313153922251900e+02 6.504307025952834920e+01
-3.406150574102938435e+02 1.739280374425077298e+02 8.203183587588478076e+01
-3.641239112385408134e+02 1.756572399620949909e+02 1.005531703901679066e+02
-3.863266789323502053e+02 1.739984970244363467e+02 1.203593987960935010e+02
-4.069337242206955807e+02 1.686921054597428906e+02 1.411461386818727988e+02
-4.256629019242469667e+02 1.595475494710121893e+02 1.625598975955542755e+02
-4.422409954481321392e+02 1.464499015218116256e+02 1.842094579625068036e+02
-4.564085419823557572e+02 1.293630448073524803e+02 2.056803924003020256e+02
-4.679289035378689050e+02 1.083292348700957746e+02 2.265516280992121665e+02
-4.766014608856055474e+02 8.346539394832586822e+01 2.464127373383113309e+02
-4.822776786182647015e+02 5.495727634488957847e+01 2.648805750609051302e+02
-4.848778785969192882e+02 2.305297862173006251e+01 2.816140668644148946e+02
-4.844061320696355324e+02 -1.194285847492892572e+01 2.963263834219403066e+02
-4.809608143373285429e+02 -4.967328375645263350e+01 3.087942875888855951e+02
-4.747390065292880195e+02 -8.973149732306052329e+01 3.188648858909486421e+02
-4.660339204909711839e+02 -1.316620492555956616e+02 3.264602265084859596e+02
-4.552255935218656759e+02 -1.749619077968271483e+02 3.315801983013431027e+02
-4.427659421396630250e+02 -2.190828837802892508e+02 3.343040836410818315e+02
-4.291596882244911058e+02 -2.634368298920232405e+02 3.347909241129534621e+02
-4.149426817715087736e+02 -3.074045296930869426e+02 3.332785824085836452e+02
-4.006589006272754432e+02 -3.503484263222895834e+02 3.300810940425745343e+02
-3.868371331973428369e+02 -3.916285635739394593e+02 3.255836977613722070e+02
-3.739682248114854701e+02 -4.306204990675011004e+02 3.202348897333922650e+02
-3.624838252867576784e+02 -4.667335880419889236e+02 3.145349937886579710e+02
-3.527377085099477654e+02 -4.994279793745262737e+02 3.090210506782698303e+02
-3.449908152204295675e+02 -5.282289189815417103e+02 3.042482382040491302e+02
-3.394011150161652495e+02 -5.527374371074846522e+02 3.007684802881069004e+02
-3.360191366285398544e+02 -5.726370502647723697e+02 2.991073330989530632e+02
-3.347895528102876597e+02 -5.876965808880245277e+02 2.997405814751232356e+02
-3.355585852229310149e+02 -5.977694947866235680e+02 3.030721608407227450e+02
-3.380863456234053501e+02 -6.027902572544421673e+02 3.094149676710392214e+02
-3.420626965980789009e+02 -6.027681534515061230e+02 3.189757972346070005e+02
-3.471249077129543821e+02 -5.977789026127359193e+02 3.318451141715963786e+02
-3.528753338451917898e+02 -5.879543332202036936e+02 3.479918289255875834e+02
-3.588975189561272146e+02 -5.734704504956411029e+02 3.672629753151757086e+02
-3.647695309084770088e+02 -5.545344273924642948e+02 3.893882477943037657e+02
-3.700740217313618814e+02 -5.313713394882681769e+02 4.139895697261906662e+02
-3.744054557772578846e+02 -5.042117420812862747e+02 4.405959061265173773e+02
-3.773758998866031789e+02 -4.732813217795218179e+02 4.686632237577762226e+02
-3.786213155602183633e+02 -4.387937433328802399e+02 4.975988842696662573e+02
-3.778101242998066027e+02 -4.009474416308544846e+02 5.267889914234762045e+02
-3.746549435929066476e+02 -3.599265602160198796e+02 5.556264891929154146e+02
-3.689271371153050723e+02 -3.159056423304144801e+02 5.835373584449529289e+02
-3.604726404865134555e+02 -2.690571679647131305e+02 6.100023363416677284e+02
-3.492267884085298988e+02 -2.195607075800103303e+02 6.345723069483120753e+02
-3.352257339358943682e+02 -1.676123888671306474e+02 6.568767385898233897e+02
-3.186124305081727925e+02 -1.134335391761330527e+02 6.766258780971336364e+02
-2.996358617039658725e+02 -5.727771780086529674e+01 6.936084129565310832e+02
-2.786431004275634677e+02 5.642224027466298253e-01 7.076867218982674785e+02
-2.560647039462031103e+02 5.976108540286736570e+01 7.187916473796998389e+02
-2.323947181469650616e+02 1.199402612799980545e+02 7.269180960064786632e+02
-2.081670444180591062e+02 1.806887309865110467e+02 7.321219160215941884e+02
-1.839301237747012578e+02 2.415563805397404451e+02 7.345176391344368767e+02
-1.602219143733781834e+02 3.020618097669457711e+02 7.342760328320218832e+02
-1.375470414400731158e+02 3.617005495722947899e+02 7.316201646539137755e+02
-1.163577352288820634e+02 4.199552603406846742e+02 7.268188662616829561e+02
-9.703965530959875707e+01 4.763072661240267962e+02 7.201769595197160925e+02
-7.990294173376850040e+01 5.302487597764300062e+02 7.120221519412509679e+02
-6.517802887882527330e+01 5.812951549950075787e+02 7.026889872184319756e+02
-5.301518815919308025e+01 6.289972838353510269e+02 6.925006282915617248e+02
-4.348657411475380741e+01 6.729533286781031620e+02 6.817495770970638205e+02
-3.658963035261761831e+01 7.128203917541543433e+02 6.706786897703135537e+02
-3.225089256239195379e+01 7.483253531264657568e+02 6.594639675072405680e+02
-3.032946567808573235e+01 7.792742137007114707e+02 6.482004985505001287e+02
-3.061979806548170302e+01 8.055586942965196613e+02 6.368925620823781628e+02
-3.285380014831426365e+01 8.271587516850835300e+02 6.254483885105956915e+02
-3.670274407280533069e+01 8.441400577878476952e+02 6.136796115013580675e+02
-4.177963634429960393e+01 8.566463267829576580e+02 6.013052096968074238e+02
-4.764284080617971995e+01 8.648873821273938347e+02 5.879597314311924947e+02
-5.380164079517436448e+01 8.691246290015309341e+02 5.732057023802102549e+02
-5.972418302524448563e+01 8.696558704082195845e+02 5.565501798656791834e+02
-6.484789622163151535e+01 8.668012075256363005e+02 5.374653257759522376e+02
-6.859210492855470420e+01 8.608913026794293728e+02 5.154125885280571993e+02
-7.037225846468891177e+01 8.522587080546027209e+02 4.898696686465501671e+02
-6.961508100037565328e+01 8.412323277587995562e+02 4.603589929510969796e+02
-6.577406995084390928e+01 8.281344360058758411e+02 4.264760414770103125e+02
-5.834499608866269682e+01 8.132791232791008724e+02 3.879156792430657674e+02
-4.688115774332072760e+01 7.969707512603383748e+02 3.444947525657672145e+02
-3.100799973672474152e+01 7.795011545749659945e+02 2.961696116306010254e+02
-1.043643212707615930e+01 7.611449948545881625e+02 2.430477800785773184e+02
1.502598529576289366e+01 7.421536592049824321e+02 1.853935628826556012e+02
4.546668926526263022e+01 7.227490163835523163e+02 1.236278834267006914e+02
8.086283988181412496e+01 7.031188064293030493e+02 5.832298914974592208e+01
1.210788342455452948e+02 6.834152256777952061e+02 -9.807238763882594412e+00
1.658659505723887833e+02 6.637574612664595861e+02 -7.992081153139832850e+01
2.148634612865459985e+02 6.442378885277527161e+02 -1.510647596054124051e+02
2.676008976241078017e+02 6.249307992984031443e+02 -2.221959301044831818e+02
3.235016574944299919e+02 6.059021085661538564e+02 -2.922056812888615696e+02
3.818885722109203016e+02 5.872184442607314168e+02 -3.599486122656364842e+02
4.419922349589528494e+02 5.689542157762468833e+02 -4.242750959797386940e+02
5.029628621799261055e+02 5.511956357028774391e+02 -4.840668187603193928e+02
5.638862888099645261e+02 5.340412641928814992e+02 -5.382739417749291988e+02
6.238043913955532389e+02 5.175993967999490906e+02 -5.859520491741760679e+02
6.817397281703754288e+02 5.019833175785124695e+02 -6.262968465251426551e+02
7.367235054347959249e+02 4.873058314587862014e+02 -6.586746558586762603e+02
7.878253082543474193e+02 4.736744256234067052e+02 -6.826470501932572006e+02
8.341826142745992456e+02 4.611879614883376917e+02 -6.979883691797303982e+02
8.750280925317881611e+02 4.499352177693119756e+02 -7.046952982172314250e+02
9.097130577250654824e+02 4.399951501855328502e+02 -7.029881557768928815e+02
9.377260262050126585e+02 4.314385250854062406e+02 -6.933039719882725649e+02
9.587058514539116914e+02 4.243305923823845660e+02 -6.762817999586438873e+02
9.724492556391762719e+02 4.187345914461603797e+02 -6.527409886762319502e+02
9.789127810468442021e+02 4.147160209873155736e+02 -6.236534409364796829e+02
9.782094319813101038e+02 4.123476141065719389e+02 -5.901112466655455364e+02
9.706006512621241882e+02 4.117147289259276022e+02 -5.532914929339732453e+02
9.564846802744666547e+02 4.129204357587255458e+02 -5.144203567893781610e+02
9.363825807299239159e+02 4.160891941494988941e+02 -4.747385808852326932e+02
9.109231123614514445e+02 4.213679514731734912e+02 -4.354700245844740039e+02
8.808273131201352726e+02 4.289238819346350056e+02 -3.977943058406383443e+02
8.468931927190720899e+02 4.389387098688703190e+02 -3.628238512835719121e+02
8.099805805301831469e+02 4.516003451666209685e+02 -3.315851370486694236e+02
7.709959242700988398e+02 4.670930859743578480e+02 -3.050035891007308351e+02
7.308767232181638747e+02 4.855877248160675776e+02 -2.838915132557081620e+02
6.905753074357759260e+02 5.072325758761989505e+02 -2.689385085778309872e+02
6.510418274375119836e+02 5.321459374143557852e+02 -2.607040077184663005e+02
6.132065159677538304e+02 5.604100079819297662e+02 -2.596117881009714665e+02
5.779614221952758726e+02 5.920658958067014055e+02 -2.659464388481803212e+02
5.461418478104957330e+02 6.271091796806900902e+02 -2.798518100191701024e+02
5.185076513940800851e+02 6.654855530656606106e+02 -3.013314040474335229e+02
4.957245192866804473e+02 7.070863990490989863e+02 -3.302505373070381438e+02
4.783453766002953671e+02 7.517446266050409349e+02 -3.663399819676117204e+02
4.667924349258969983e+02 7.992315938701054847e+02 -4.092007779849109852e+02
4.613408681303301364e+02 8.492562142839656190e+02 -4.583100537623457740e+02
4.621055478742145510e+02 9.014671848467153268e+02 -5.130280332881444565e+02
4.690324517277862810e+02 9.554586845292976705e+02 -5.726068589150931984e+02
4.818961926531607105e+02 1.010779086608665693e+03 -6.362022206495880710e+02
5.003046025844823816e+02 1.066941553210973325e+03 -7.028887696622826979e+02
5.237104961025725061e+02 1.123435113180295502e+03 -7.716797367514669759e+02
5.514298250340872301e+02 1.179735040648697122e+03 -8.415502722695861166e+02
5.826646734884201351e+02 1.235311902564026013e+03 -9.114632583119820310e+02
6.165291222602315884e+02 1.289639246164516408e+03 -9.803960702914240528e+02
6.520759763581224888e+02 1.342200300608237058e+03 -1.047366938187372398e+03
6.883226654865646879e+02 1.392494201865000605e+03 -1.111459901316527066e+03
7.242751909416554099e+02 1.440042218368049362e+03 -1.171847657323362000e+03
7.589495993650074297e+02 1.484394386597507037e+03 -1.227811817078666991e+03
7.913909127819836158e+02 1.525136921698098604e+03 -1.278760182012321138e+03
8.206896835752302195e+02 1.561900725378048264e+03 -1.324240646236330349e+03
8.459964490530933290e+02 1.594371179235804448e+03 -1.363951208351328887e+03
8.665344035048045725e+02 1.622299076079954830e+03 -1.397745429714493866e+03
8.816105848098122806e+02 1.645511966791623536e+03 -1.425632631714674062e+03
8.906257551282981240e+02 1.663924506705858448e+03 -1.447772322895606749e+03
8.930829566427872805e+02 1.677545864012485026e+03 -1.464462798133862179e+03
8.885945454097636684e+02 1.686482226781616191e+03 -1.476124399664361590e+03
8.768874611482829096e+02 1.690933042928773602e+03 -1.483278395059058084e+03
8.578065694454758159e+02 1.691180664731644129e+03 -1.486522745402674673e+03
8.313159865896620886e+02 1.687574165508834994e+03 -1.486506225675341057e+03
7.974982838156624894e+02 1.680508912408097331e+03 -1.483902436428053079e+03
7.565514420562142277e+02 1.670403893456275000e+03 -1.479385219998000366e+03
7.087835302206835877e+02 1.657678908586141915e+03 -1.473606876269851000e+03
6.546053545464433228e+02 1.642733715247805549e+03 -1.467180346257208612e+03
5.945216709638791599e+02 1.625931124401400211e+03 -1.460666158585316225e+03
5.291217733696092864e+02 1.607585760339233502e+03 -1.454564414059725323e+03
4.590701927870242116e+02 1.587959595825381257e+03 -1.449311473396550582e+03
3.850978314899037969e+02 1.567264462827998614e+03 -1.445280409507182867e+03
3.079932790709822825e+02 1.545670686390122682e+03 -1.442783832947897736e+03
2.285936005778943922e+02 1.523320046407581685e+03 -1.442077546274446831e+03
1.477737767421457988e+02 1.500340689724874892e+03 -1.443363677255399125e+03
6.643424859389716630e+01 1.476861539021829003e+03 -1.446792407538818907e+03
-1.451346023399059959e+01 1.453024146464377964e+03 -1.452462035883321278e+03
-9.416248637292281387e+01 1.428990642926574310e+03 -1.460417770392862167e+03
-1.716267033044254049e+02 1.404947216161616552e+03 -1.470650169726848617e+03
-2.460558965736560708e+02 1.381103250149179075e+03 -1.483094360795433431e+03
-3.166489768146917640e+02 1.357686799191169712e+03 -1.497630950991223017e+03
-3.826646965751054950e+02 1.334937431678727080e+03 -1.514089019430863118e+03
-4.434300469822696869e+02 1.313097662576561561e+03 -1.532250949205790448e+03
-4.983471362233419200e+02 1.292404216021156799e+03 -1.551858382800800200e+03
-5.468996214327921734e+02 1.273080210673664624e+03 -1.572618387249493935e+03
-5.886595575537479590e+02 1.255329018214085863e+03 -1.594209048273047983e+03
-6.232949481491539245e+02 1.239330050074989458e+03 -1.616284131151033307e+03
-6.505775781176487271e+02 1.225236193742513933e+03 -1.638477025621859184e+03
-6.703901414646853709e+02 1.213172182844433792e+03 -1.660404720792160560e+03
-6.827314691708012333e+02 1.203232984926069321e+03 -1.681672789779731829e+03
-6.877188821111217294e+02 1.195481435045633816e+03 -1.701882186950271944e+03
-6.855871646224812821e+02 1.189944797920183873e+03 -1.720638199020891989e+03
-6.766840695050254908e+02 1.186610501154394342e+03 -1.737561408324618242e+03
-6.614624534854835929e+02 1.185421708646990282e+03 -1.752300200824864987e+03
-6.404691411854711305e+02 1.186273584410922467e+03 -1.764544178505472473e+03
-6.143305147268664541e+02 1.189011066819961343e+03 -1.774037713876805356e+03
-5.837346975558459690e+02 1.193428810781991842e+03 -1.780592747702986344e+03
-5.494101840438454474e+02 1.199273715976015410e+03 -1.784099815210688575e+03
-5.121010246610516106e+02 1.206250206890514391e+03 -1.784536297701429703e+03
-4.725392171679933426e+02 1.214028266765986928e+03 -1.781971102103149860e+03
-4.314156062914831864e+02 1.222254228331915556e+03 -1.776565310886022417e+03
-3.893511822359369603e+02 1.230564432728585416e+03 -1.768568686219893152e+03
-3.468710956176524292e+02 1.238601878262035598e+03 -1.758312168105922183e+03
-3.043838746730280604e+02 1.246035674850475743e+03 -1.746196667820646098e+03
-2.621681267006823077e+02 1.252582456619199320e+03 -1.732678555169727360e+03
-2.203684054090753079e+02 1.258028074579642862e+03 -1.718252322731077356e+03
-1.790010165560467499e+02 1.262247186309000881e+03 -1.703431052608909340e+03
-1.379694486539865466e+02 1.265218018933574740e+03 -1.688725547151790806e+03
-9.708803525890937181e+01 1.267029769285343946e+03 -1.674623237843667084e+03
-5.611163326328767198e+01 1.267880926354253916e+03 -1.661568061027570593e+03
-1.476874470766620107e+01 1.268068201843641191e+03 -1.649942218670404145e+03
2.720438461397168339e+01 1.267967408336401149e+03 -1.640050197966433871e+03
7.003079242341209465e+01 1.268009007159060957e+03 -1.632104933209193405e+03
1.138626773871458226e+02 1.268651683097010846e+03 -1.626215884264744318e+03
1.587556158956703030e+02 1.270357006360694868e+03 -1.622379118905367704e+03
2.046485449401851611e+02 1.273567219470214241e+03 -1.620469950298410822e+03
2.513509231425869075e+02 1.278686926591703696e+03 -1.620238956213058600e+03
2.985382812760874458e+02 1.286068462684134829e+03 -1.621312149125400083e+03
3.457568342740473213e+02 1.296000214974092614e+03 -1.623195780564592496e+03
3.924370403210320433e+02 1.308697082167603412e+03 -1.625285952521582885e+03
4.379152055432687121e+02 1.324292386050094365e+03 -1.626883020277303785e+03
4.814616129735114782e+02 1.342830767724936322e+03 -1.627210734229963919e+03
5.223132114649625919e+02 1.364261878107267194e+03 -1.625440097117478217e+03
5.597086060167039250e+02 1.388435004776008554e+03 -1.620717838739028139e+03
5.929229966887762657e+02 1.415095128169227564e+03 -1.612199065153372430e+03
6.213009167932350465e+02 1.443881186462283267e+03 -1.599082980190023591e+03
6.442851220698933048e+02 1.474327452070227764e+03 -1.580649762364752405e+03
6.614405986630440566e+02 1.505868828921138629e+03 -1.556296022491401800e+03
6.724731461611299892e+02 1.537850580644417278e+03 -1.525566086603770600e+03
6.772422620264420630e+02 1.569542554311298545e+03 -1.488176802554981805e+03
6.757682043923509809e+02 1.600157477224171089e+03 -1.444034536237853899e+03
6.682332762395420787e+02 1.628872533314598286e+03 -1.393244145863244285e+03
6.549776059332216391e+02 1.654853296227180635e+03 -1.336110600248031460e+03
6.364899616866827046e+02 1.677279162811859351e+03 -1.273134295460215526e+03
6.133943341684499728e+02 1.695369487162870882e+03 -1.205001005646994599e+03
5.864330341067241079e+02 1.708409485017230509e+03 -1.132566956352718535e+03
5.564468386017088051e+02 1.715774670957748867e+03 -1.056839025037547344e+03
5.243523936839412727e+02 1.716952286823151553e+03 -9.789498391945803633e+02
4.911168565748883452e+02 1.711558124508909941e+03 -9.001277010659310918e+02
4.577298103881756219e+02 1.699347532951015864e+03 -8.216617570046460060e+02
4.251728292031734782e+02 1.680220235774549565e+03 -7.448634486598790545e+02
3.943875883631375245e+02 1.654219631953831367e+03 -6.710258359050468471e+02
3.662439050153484459e+02 1.621528122359122335e+03 -6.013827508018088110e+02
3.415093772495972075e+02 1.582460370410005908e+03 -5.370698671256564012e+02
3.208222890156907852e+02 1.537456139628188339e+03 -4.790896255758700590e+02
3.046692189959509278e+02 1.487073581048567576e+03 -4.282815829554815537e+02
2.933684643356775723e+02 1.431982864961243195e+03 -3.852992735946065750e+02
2.870600602269466322e+02 1.372959169674231362e+03 -3.505942000167318611e+02
2.857028614314382935e+02 1.310873497441146355e+03 -3.244071322658039662e+02
2.890788165082586829e+02 1.246679780854025921e+03 -3.067664503949258687e+02
2.968041557693268260e+02 1.181397349467621780e+03 -2.974928189659439113e+02
3.083467199512140269e+02 1.116088866746923259e+03 -2.962091445823695040e+02
3.230481828547916621e+02 1.051834908339198591e+03 -3.023546755246018165e+02
3.401496443256605744e+02 9.897070086045512198e+02 -3.152023003401495771e+02
3.588190967137398957e+02 9.307410397768405801e+02 -3.338784920885411793e+02
3.781795546064058726e+02 8.759122800857576294e+02 -3.573857518171689662e+02
3.973370259180467201e+02 8.261127508547310754e+02 -3.846276573509032914e+02
4.154078072838171920e+02 7.821306843160414246e+02 -4.144365889366513329e+02
4.315446887345437972e+02 7.446315871467892293e+02 -4.456038418066036684e+02
4.449615521886639726e+02 7.141404458838713936e+02 -4.769112845338534044e+02
4.549556432169031268e+02 6.910251614283477011e+02 -5.071632628519162154e+02
4.609266256312009773e+02 6.754820381355891641e+02 -5.352173090184239754e+02
4.623915262946486564e+02 6.675246823397325215e+02 -5.600124102153918102e+02
4.589948940637452779e+02 6.669777083039352874e+02 -5.805939616061123161e+02
4.505138400473847469e+02 6.734762351535034668e+02 -5.961349118036564505e+02
4.368579251284709244e+02 6.864715360496439871e+02 -6.059529070197183955e+02
4.180640308138545151e+02 7.052426314442359399e+02 -6.095234453240809671e+02
3.942864801848527350e+02 7.289132351935763836e+02 -6.064892119128012382e+02
3.657829247428362578e+02 7.564732512035304808e+02 -5.966659156381513185e+02
3.328969359133516264e+02 7.868038897974872725e+02 -5.800450367997971171e+02
2.960387395248972098e+02 8.187053766685387473e+02 -5.567938243159292142e+02
2.556659191034373180e+02 8.509261906146020920e+02 -5.272526107817982393e+02
2.122659870569236773e+02 8.821928228596343615e+02 -4.919291187380636075e+02
1.663423696417480642e+02 9.112391738566725508e+02 -4.514890385651120823e+02
1.184046587281341090e+02 9.368348288716108527e+02 -4.067419335069409954e+02
6.896320155485182113e+01 9.578115379193770877e+02 -3.586216536564705848e+02
1.852745283932972598e+01 9.730872625196691388e+02 -3.081609912766347179e+02
-3.239292907886328976e+01 9.816871560923605102e+02 -2.564611460545970658e+02
-8.328551550353222410e+01 9.827608577839316695e+02 -2.046574164274653640e+02
-1.336323968211031570e+02 9.755955812937711471e+02 -1.538831385423775373e+02
-1.829084826799537495e+02 9.596247451999929581e+02 -1.052341291378895676e+02
-2.305816164551858947e+02 9.344323096512994198e+02 -5.973577213604346525e+01
-2.761148734852101825e+02 8.997534392936572658e+02 -1.831453276118634221e+01
-3.189709815870432976e+02 8.554724322326314905e+02 1.822479750517624097e+01
-3.586184523116985474e+02 8.016189140465396576e+02 4.921535012127714026e+01
-3.945388084506375890e+02 7.383630971614657028e+02 7.413766828211663551e+01
-4.262342574051401698e+02 6.660105501652553812e+02 9.262264887358139731e+01
-4.532352609435993145e+02 5.849965170886205215e+02 1.044485539994244903e+02
-4.751076354442650427e+02 4.958794675589913368e+02 1.095330559744342054e+02
-4.914590315574823762e+02 3.993333471246323825e+02 1.079215616925741017e+02
-5.019448585792231370e+02 2.961380138842107499e+02 9.977325168794402543e+01
-5.062739286441294553e+02 1.871675806957889563e+02 8.534635558965763380e+01
-5.042142911947707944e+02 7.337671518327783815e+01 6.498416278785990130e+01
-4.955998564328992870e+02 -4.421472483501565875e+01 3.910310721079835616e+01
-4.803383415032897119e+02 -1.645380394124872510e+02 8.183928558403493980e+00
-4.584206968506834983e+02 -2.864920888321219081e+02 -2.723363785013293636e+01
-4.299315213487955134e+02 -4.089587903599833680e+02 -6.655296033109223686e+01
-3.950592723535796722e+02 -5.308170820736690985e+02 -1.091206128881309496e+02
-3.541045800063393472e+02 -6.509553360609800166e+02 -1.542264873444760553e+02
-3.074848433170066073e+02 -7.682827953881783287e+02 -2.011063255482404486e+02
-2.557335457661536111e+02 -8.817409008713809726e+02 -2.489488840227612911e+02
-1.994933201839703543e+02 -9.903152697821515176e+02 -2.969091172346704184e+02
-1.395026033979540898e+02 -1.093048695598496352e+03 -3.441274848273170619e+02
-7.657657871523451831e+01 -1.189055044880037485e+03 -3.897540782099173384e+02
-1.158381549545993039e+01 -1.277533478191063523e+03 -4.329750905810619770e+02
5.457953868543268072e+01 -1.357782092289424099e+03 -4.730385026932950723e+02
1.210159910272634534e+02 -1.429209922742854133e+03 -5.092758486594667602e+02
1.868514280195402080e+02 -1.491346290622714150e+03 -5.411175432799936971e+02
2.512567219536376797e+02 -1.543846700815943450e+03 -5.681003610401993456e+02
3.134651297477191747e+02 -1.586494844312212763e+03 -5.898670065509867300e+02
3.727850196369186051e+02 -1.619200683482298473e+03 -6.061589591338420178e+02
4.286080534470802377e+02 -1.641995077919563528e+03 -6.168045689744335505e+02
4.804133627960445665e+02 -1.655021846237644695e+03 -6.217045598387858263e+02
5.277683960273150205e+02 -1.658528400025730207e+03 -6.208167631136193449e+02
5.703270126135707869e+02 -1.652856020976352511e+03 -6.141413787944348996e+02
6.078252291143060120e+02 -1.638430506619043172e+03 -6.017076267022695220e+02
6.400749817362930116e+02 -1.615753420146506187e+03 -5.835624462310357785e+02
6.669564659191689771e+02 -1.585393727250474512e+03 -5.597618921989064802e+02
6.884099571899528200e+02 -1.547979356919433030e+03 -5.303659328390025394e+02
7.044282767742706710e+02 -1.504188268592888562e+03 -4.954373230520080824e+02
7.150509944216436224e+02 -1.454738893206444118e+03 -4.550449489606940006e+02
7.203609692063371313e+02 -1.400380163777878124e+03 -4.092714412839527540e+02
7.204830669953719280e+02 -1.341881537138498516e+03 -3.582240355446942885e+02
7.155841737782344580e+02 -1.280023289368438554e+03 -3.020469382980739397e+02
7.058732536804985784e+02 -1.215586994929257571e+03 -2.409332255844710744e+02
6.916003362256535638e+02 -1.149345705584086318e+03 -1.751347045227662989e+02
6.730538806227410760e+02 -1.082053201239591999e+03 -1.049689937231210592e+02
6.505566372304292599e+02 -1.014431927190308102e+03 -3.082390950946495423e+01
6.244605082720084965e+02 -9.471597577238505892e+02 4.684025295975294512e+01
5.951408025617664634e+02 -8.808562442260340504e+02 1.274899088594928571e+02
5.629898371661145120e+02 -8.160692487465132672e+02 2.105185500624822339e+02
5.284094262522585268e+02 -7.532627854168786143e+02 2.952485155826378218e+02
4.918017191547662037e+02 -6.928066660729386967e+02 3.809348172035531661e+02
4.535582169176702223e+02 -6.349683808255795157e+02 4.667717771100482196e+02
4.140475208287984401e+02 -5.799076180746440059e+02 5.519029671802248913e+02
3.736031792981319199e+02 -5.276738859721565404e+02 6.354344334421150506e+02
3.325135410385355499e+02 -4.782077381890238144e+02 7.164506667521677628e+02
2.910155302556385664e+02 -4.313460655224259881e+02 7.940324330005990987e+02
2.492936893158444036e+02 -3.868317913714382712e+02 8.672755017912085123e+02
2.074848155168833728e+02 -3.443281350891046486e+02 9.353095028414487615e+02
1.656872918331916935e+02 -3.034373744548474292e+02 9.973164815814636768e+02
1.239731296637218065e+02 -2.637236799194439527e+02 1.052549044517398897e+03
8.240018286515214641e+01 -2.247390736875347557e+02 1.100348117873246338e+03
4.102214811868373090e+01 -1.860509922318883582e+02 1.140160198644178763e+03
-1.052685874752796735e-01 -1.472695082287020227e+02 1.171553584398987368e+03
-4.092254543452384041e+01 -1.080721352278385439e+02 1.194232610666413620e+03
-8.136828269473380715e+01 -6.822429634612717564e+01 1.208048666649475990e+03
-1.213833349551039191e+02 -2.759394057617424778e+01 1.213006870010085777e+03
-1.609151071380163103e+02 1.384060869293557516e+01 1.209267745856262763e+03
-1.999201155895734701e+02 5.598979475717464993e+01 1.197143940469457220e+03
-2.383636148819327900e+02 9.865856312377394488e+01 1.177092719733980175e+03
-2.762161144231082517e+02 1.415578847506016018e+02 1.149705534721455024e+03
-3.134476203700240831e+02 1.843210715585888124e+02 1.115696089531176085e+03
-3.500211215178462680e+02 2.265238390805247946e+02 1.075888062790476170e+03
-3.858869859241747236e+02 2.677070145476700986e+02 1.031203041319928388e+03
-4.209795330548979564e+02 3.074006004021062495e+02 9.826485583819758176e+02
-4.552162977181556585e+02 3.451475975150382283e+02 9.313056127199326966e+02
-4.884997188931964160e+02 3.805257410844785113e+02 8.783148168873854047e+02
-5.207204104277220722e+02 4.131652965028699214e+02 8.248604028391305292e+02
-5.517608895285079598e+02 4.427613920291916543e+02 7.721515924120061527e+02
-5.814986186855790038e+02 4.690800346831642287e+02 7.214011740228422696e+02
-6.098073725617530272e+02 4.919578971486221235e+02 6.738014352947767520e+02
-6.365562380333271904e+02 5.112969552022312314e+02 6.304978699550729289e+02
-6.616060544297404249e+02 5.270557452305929473e+02 5.925613189888781562e+02
-6.848038270195313544e+02 5.392391524000713616e+02 5.609594617815953370e+02
-7.059764047332644168e+02 5.478882845750883916e+02 5.365288652712482644e+02
-7.249251511071857976e+02 5.530714057763191249e+02 5.199490528790726103e+02
-7.414232412502071838e+02 5.548763745299569337e+02 5.117201320762791283e+02
-7.552166944588529987e+02 5.534047350611874663e+02 5.121453473300190353e+02
-7.660296028753868995e+02 5.487675895816055345e+02 5.213195507570927703e+02
-7.735734706421419560e+02 5.410835381422980390e+02 5.391241135456128859e+02
-7.775601968236585435e+02 5.304791114831858749e+02 5.652283563273215350e+02
-7.777180276978399434e+02 5.170920480504991019e+02 5.990972780722131574e+02
-7.738097893010573216e+02 5.010773824630622357e+02 6.400052621247612024e+02
-7.656527999697917721e+02 4.826156958748448460e+02 6.870554201031864068e+02
-7.531397977519480946e+02 4.619222735473451849e+02 7.392040865475954661e+02
-7.362597768914305334e+02 4.392555807932197922e+02 7.952896016347098112e+02
-7.151168721047845338e+02 4.149234968593768826e+02 8.540640506441974367e+02
-6.899446957027984126e+02 3.892860507204058536e+02 9.142263220237069845e+02
-6.611132218579139135e+02 3.627538613401486032e+02 9.744548548663583460e+02
-6.291256948209204438e+02 3.357820181295708153e+02 1.033438725455238909e+03
-5.946041488787438993e+02 3.088596487131516142e+02 1.089906137201131969e+03
-5.582637540223141741e+02 2.824957854774190764e+02 1.142649848344402471e+03
-5.208779636130218478e+02 2.572023261200678235e+02 1.190549545313854878e+03
-4.832379162508667605e+02 2.334750078431420661e+02 1.232591522289460499e+03
-4.461103777527222292e+02 2.117735264924349394e+02 1.267886090383938381e+03
-4.101985230157266642e+02 1.925022136687176442e+02 1.295682861076955760e+03
-3.761091341718355352e+02 1.759928232966667849e+02 1.315383613526092859e+03
-3.443286330831958821e+02 1.624907571071634607e+02 1.326552196294262558e+03
-3.152091140149130979e+02 1.521454929763098107e+02 1.328921033875549256e+03
-2.889643961800718444e+02 1.450053395923335984e+02 1.322394186548622201e+03
-2.656751324529675458e+02 1.410162194742599695e+02 1.307047200610447589e+03
-2.453012487383637108e+02 1.400240788327279233e+02 1.283123904057260461e+03
-2.276995761202541644e+02 1.417806351027983283e+02 1.251029882007636843e+03
-2.126445606658428460e+02 1.459523479888329121e+02 1.211321945064821193e+03
-1.998502943091712041e+02 1.521326177070313861e+02 1.164692854344088119e+03
-1.889925325663496096e+02 1.598571592902983411e+02 1.111951013609629854e+03
-1.797296111219854993e+02 1.686221933723295479e+02 1.053995632400764407e+03
-1.717212477551329357e+02 1.779046079629795258e+02 9.917887398168877553e+02
-1.646443267602687683e+02 1.871828238098919428e+02 9.263261252641826786e+02
-1.582050640111210669e+02 1.959569546343659567e+02 8.586095676855698002e+02
-1.521473859191778502e+02 2.037670118490775621e+02 7.896224238299383842e+02
-1.462577502597532657e+02 2.102082363055169481e+02 7.203097850061390091e+02
-1.403668817287268666e+02 2.149430500113560356e+02 6.515632510382956752e+02
-1.343490290051404372e+02 2.177095654301658669e+02 5.842093792398811729e+02
-1.281194619070524823e+02 2.183269588405387367e+02 5.190004436863639512e+02
-1.216309832411880052e+02 2.166981316736830649e+02 4.566063510653048638e+02
-1.148700844821123610e+02 2.128099020622451008e+02 3.976071448647603574e+02
-1.078530004064537025e+02 2.067306672338431781e+02 3.424861449505700648e+02
-1.006215355629119586e+02 1.986052931884432837e+02 2.916241816743714708e+02
-9.323841875176026406e+01 1.886470086341355454e+02 2.452955130091564797e+02
-8.578212382399760827e+01 1.771262506103639680e+02 2.036659105177867559e+02
-7.834134785849983018e+01 1.643566729212686823e+02 1.667932070339635402e+02
-7.100944673036906352e+01 1.506788771864228238e+02 1.346304639302086343e+02
-6.387910009230449759e+01 1.364428356433770659e+02 1.070318971275185049e+02
-5.703743831724273150e+01 1.219903554831059864e+02 8.376174615425884440e+01
-5.056185262676740422e+01 1.076391551903484469e+02 6.450627277249736835e+01
-4.451666889338503097e+01 9.367006955930332879e+01 4.888893229461939427e+01
-3.895077578655968864e+01 8.031854459235523791e+01 3.648841315754270909e+01
-3.389622244853444499e+01 6.777101425106889110e+01 2.685872668377351147e+01
-2.936779397942837022e+01 5.616608224542414973e+01 1.955001142036337569e+01
-2.536361283934388666e+01 4.559970926445748773e+01 1.412840277183681792e+01
-2.186684371536352955e+01 3.613288204110597235e+01 1.019332173045995660e+01
-1.884855517915752898e+01 2.779970722115638182e+01 7.390829931183247936e+00
-1.627167734107706565e+01 2.061380750687874297e+01 5.422195783603910968e+00
-1.409576554283466976e+01 1.457146037792040261e+01 4.047426580348769676e+00
-1.228196604613481213e+01 9.651018718946829722e+00 3.084121605694690516e+00
-1.079728007223707209e+01 5.809464113339345204e+00 2.402448089241033813e+00
-9.617069742421335832e+00 2.978025811346014962e+00 1.917256314332917100e+00
-8.724879411221763803e+00 1.059243288191737520e+00 1.578366052636283712e+00
