1.668441733429371743e+00 -2.904989493709345116e-01 4.914041426664003787e+00
1.733853488640619167e+00 -2.167116720575724409e-01 4.918817114242067134e+00
1.814902224327272107e+00 -1.198352752211106070e-01 4.886788949315575614e+00
1.909679777453004990e+00 -6.205056937745452280e-04 4.819778225862842547e+00
2.016019920506965324e+00 1.399458997356351486e-01 4.720089755910530371e+00
2.131574009641015621e+00 3.007133419033105604e-01 4.590433378994125846e+00
2.253888005648147619e+00 4.804268817826208848e-01 4.433843856940254291e+00
2.380476472592446768e+00 6.777707717533217879e-01 4.253600950866710306e+00
2.508888948724631973e+00 8.913945948410061382e-01 4.053152318955166145e+00
2.636764814581309402e+00 1.119922426340295596e+00 3.836042551346103835e+00
2.761874459774423141e+00 1.361947124940564580e+00 3.605851388468029661e+00
2.882146632079003901e+00 1.616013217981897343e+00 3.366142773138895983e+00
2.995683719154466296e+00 1.880592648616666418e+00 3.120424501690013841e+00
3.100767913913482499e+00 2.154058097391404303e+00 2.872116810522823638e+00
3.195861546603222525e+00 2.434658810193458756e+00 2.624527647739487879e+00
3.279604485588849094e+00 2.720503420463135313e+00 2.380832285143505089e+00
3.350810894658156958e+00 3.009553015209500249e+00 2.144054862669839689e+00
3.408467238821815570e+00 3.299626541668922552e+00 1.917049380587500407e+00
3.451733252923310236e+00 3.588420149405431747e+00 1.702477845845823845e+00
3.479947235233343150e+00 3.873541377805616914e+00 1.502783938676033548e+00
3.492636259009042288e+00 4.152557407073728335e+00 1.320161580095631226e+00
3.489530898175559503e+00 4.423054531582968352e+00 1.156518859585973891e+00
3.470583187690355675e+00 4.682704795935087816e+00 1.013438757774280052e+00
3.435986004714621789e+00 4.929335700759670758e+00 8.921389068536877964e-01
3.386191936237104017e+00 5.160999561556311122e+00 7.934330873145175600e-01
3.321929908625031569e+00 5.376039879943120603e+00 7.176971611617418700e-01
3.244218125491515892e+00 5.573152503433047578e+00 6.648419947624351067e-01
3.154371919330666074e+00 5.751439253497887982e+00 6.342960081412059026e-01
3.054004953980243631e+00 5.910451326990179055e+00 6.250001027757161598e-01
2.945022058087476413e+00 6.050219517551783888e+00 6.354172115903624629e-01
2.829602086557518437e+00 6.171268432581575425e+00 6.635574701777112727e-01
2.710169722200648224e+00 6.274612423473967304e+00 7.070188119738932686e-01
2.589356018150160033e+00 6.361731707470802633e+00 7.630422267537133596e-01
2.469948572068067172e+00 6.434527920524110378e+00 8.285805715323376619e-01
2.354833197628895203e+00 6.495259056474464998e+00 9.003790135249327697e-01
2.246929487249141655e+00 6.546454555915917517e+00 9.750638752244157326e-01
2.149122683394111277e+00 6.590812430694771074e+00 1.049235328407201129e+00
2.064194084222403802e+00 6.631081920429311438e+00 1.119558662611575661e+00
1.994752093041088914e+00 6.669937176403678336e+00 1.182849190817268470e+00
1.943165945988506671e+00 6.709849205906153635e+00 1.236147191025145142e+00
1.911503922376264430e+00 6.752963786678984448e+00 1.276781003227415834e+00
1.901477446901808310e+00 6.800991970172656664e+00 1.302417826962633640e+00
1.914392139736438514e+00 6.855118136676964014e+00 1.311102552173517566e+00
1.951106733998143605e+00 6.915929567641941667e+00 1.301285113725594300e+00
2.012000836503046841e+00 6.983371227615220889e+00 1.271836648744232745e+00
2.096952626260920383e+00 7.056729087582534810e+00 1.222054485866995499e+00
2.205327675668740550e+00 7.134644411905059158e+00 1.151655902423765587e+00
2.335980072180068756e+00 7.215160253379667488e+00 1.060760784780970134e+00
2.487266831742117823e+00 7.295800275624249487e+00 9.498639463257190219e-01
2.657076215650007622e+00 7.373678710064811348e+00 8.197986916311245098e-01
2.842870006216035250e+00 7.445638317950677987e+00 6.716937216971399227e-01
3.041738989116149927e+00 7.508410761823370194e+00 5.069254704868020323e-01
3.250469814900024179e+00 7.558791488887954380e+00 3.270678302434753548e-01
3.465620386148795529e+00 7.593819807012465617e+00 1.338411000858753808e-01
3.683600457424753394e+00 7.610954550041246769e+00 -7.093855201723248127e-02
3.900754438576767846e+00 7.608236242555551421e+00 -2.854088931034134968e-01
4.113444077868709137e+00 7.584427317109742717e+00 -5.077112947361620554e-01
4.318129174399989445e+00 7.539122428355401695e+00 -7.360406204487073278e-01
4.511444455064501646e+00 7.472821764039822234e+00 -9.686944656480280802e-01
4.690270435017254158e+00 7.386962216188424080e+00 -1.204119477066196486e+00
4.851795855454893669e+00 7.283904411702772919e+00 -1.440951461894729668e+00
4.993569470064061377e+00 7.166877115934104481e+00 -1.678045513336825723e+00
5.113539607686941046e+00 7.039883484153493853e+00 -1.914492560961476908e+00
5.210080889349061550e+00 6.907575677531381686e+00 -2.149619785594341970e+00
5.282008383617009528e+00 6.775105487837356222e+00 -2.382974031049663211e+00
5.328580060606228130e+00 6.647958716244397159e+00 -2.614289116959908288e+00
5.349488603772449835e+00 6.531780050045455255e+00 -2.843439352232361994e+00
5.344843623660264775e+00 6.432193358624103574e+00 -3.070382512551767196e+00
5.315145246670851975e+00 6.354620236102704212e+00 -3.295096211465470049e+00
5.261249969660799053e+00 6.304098034378857740e+00 -3.517512020297571596e+00
5.184329629764589775e+00 6.285098590994225631e+00 -3.737451793966501068e+00
5.085824439939780284e+00 6.301350988274314169e+00 -3.954570271211684585e+00
4.967391341190344534e+00 6.355675227263088978e+00 -4.168307030189107643e+00
4.830849429777489767e+00 6.449836715787501618e+00 -4.377849492894714700e+00
4.678124850398043932e+00 6.584432371705164044e+00 -4.582107471666938991e+00
4.511198009671586462e+00 6.758817809983440839e+00 -4.779699227237714787e+00
4.332055920786539893e+00 6.971082348811853180e+00 -4.968948920740928088e+00
4.142651918240745523e+00 7.218075143353678058e+00 -5.147894999327401244e+00
3.944874145915609365e+00 7.495481859547155956e+00 -5.314308372553036897e+00
3.740523348433204553e+00 7.797947140958336298e+00 -5.465718964429463256e+00
3.531299695557028606e+00 8.119234553658284170e+00 -5.599449798882980112e+00
3.318797725112828001e+00 8.452414036424768184e+00 -5.712658569901738481e+00
3.104507990144050211e+00 8.790067630537489407e+00 -5.802386812875720778e+00
2.889823548085075799e+00 9.124506380629634705e+00 -5.865616324000066051e+00
2.676049083396190298e+00 9.447993276659373052e+00 -5.899332096339614750e+00
2.464410405932610626e+00 9.752968213974485323e+00 -5.900591314810961663e+00
2.256062356219369125e+00 1.003227109762670999e+01 -5.866598642039664746e+00
2.052093584545683580e+00 1.027935830440908482e+01 -5.794788342572684492e+00
1.853527081646492380e+00 1.048850579704036079e+01 -5.682913201819872029e+00
1.661315690596538941e+00 1.065499011519806949e+01 -5.529138829107086650e+00
1.476332144252028300e+00 1.077523756365787300e+01 -5.332140304443503176e+00
1.299353529490096637e+00 1.084693276981866639e+01 -5.091196755216547132e+00
1.131040617979330865e+00 1.086907997319799790e+01 -4.806278587925954859e+00
9.719132777307980531e-01 1.084201339470122427e+01 -4.478121598173692597e+00
8.223240487073235627e-01 1.076735664979019269e+01 -4.108281879948613380e+00
6.824326581493533883e-01 1.064793512589568358e+01 -3.699165791574323681e+00
5.521845424230971133e-01 1.048764863844416517e+01 -3.254030889720105346e+00
4.312962883142245074e-01 1.029131350121302546e+01 -2.776956572855951766e+00
3.192503902686215089e-01 1.006448324357616286e+01 -2.272786106156019947e+00
2.153009121996026509e-01 9.813256430802253405e+00 -1.747043754071414545e+00
1.184906455338173847e-01 9.544079409991217844e+00 -1.205831695207864929e+00
2.767940373092112744e-02 9.263551748650446171e+00 -6.557114621703603596e-01
-5.841762612781874198e-02 8.978242359251069615e+00 -1.035741482088284177e-01
-1.411831547679783250e-01 8.694523909419814345e+00 4.434971025519003907e-01
-2.220450884690712279e-01 8.418431208579303160e+00 9.783694401068072644e-01
-3.024210547197802024e-01 8.155546046377864400e+00 1.494005020180683152e+00
-3.836638387382075854e-01 7.910907884874061935e+00 1.983605898348376417e+00
-4.670112433852752765e-01 7.688948084354783497e+00 2.440757233058422848e+00
-5.535431494124830598e-01 7.493444820607504830e+00 2.859567215705110854e+00
-6.441476596658753939e-01 7.327495778159609507e+00 3.234802138253542125e+00
-7.394974661914095471e-01 7.193505790387992427e+00 3.562014409954040062e+00
-8.400369915894503325e-01 7.093186795770201059e+00 3.837660127901646678e+00
-9.459803352249155362e-01 7.027567553001367706e+00 4.059201433655586833e+00
-1.057319580610023513e+00 6.997010418734221915e+00 4.225188070494575676e+00
-1.173842558715641360e+00 7.001232449955896442e+00 4.335312748011255657e+00
-1.295158636524664564e+00 7.039328489079308859e+00 4.390436010868960182e+00
-1.420730544955021379e+00 7.109794696791897906e+00 4.392577883568359098e+00
-1.549909870823790392e+00 7.210551881792481410e+00 4.344875292512906384e+00
-1.681973777541165171e+00 7.338968717334813263e+00 4.251506061916141554e+00
-1.816160744786951220e+00 7.491885644415781087e+00 4.117582207608998068e+00
-1.951703477151617294e+00 7.665641110828991245e+00 3.949017179508134134e+00
-2.087857586803777199e+00 7.856102670273208410e+00 3.752373076553950249e+00
-2.223925272302334388e+00 8.058705987672633242e+00 3.534694141299142611e+00
-2.359273935600982863e+00 8.268504614530936436e+00 3.303332159264815271e+00
-2.493350213894541589e+00 8.480232402628063326e+00 3.065768450654696053e+00
-2.625689959803193307e+00 8.688378739811135176e+00 2.829436519099150171e+00
-2.755924314513090501e+00 8.887274815177406140e+00 2.601549136906816440e+00
-2.883781570476331435e+00 9.071187663665940093e+00 2.388933502149368504e+00
-3.009084400638622814e+00 9.234418646123909724e+00 2.197878062851648107e+00
-3.131742303763289659e+00 9.371404211072118073e+00 2.033994665888901210e+00
-3.251739595004747407e+00 9.476818044000589580e+00 1.902099651253567059e+00
-3.369119757982961705e+00 9.545673897512344297e+00 1.806117091538807617e+00
-3.483967290545665563e+00 9.573427527410641957e+00 1.749006540901228979e+00
-3.596388185380035907e+00 9.556074983665046929e+00 1.732716742741113425e+00
-3.706489966374477696e+00 9.490243593559448243e+00 1.758166049310294854e+00
-3.814362000523317420e+00 9.373271654565710875e+00 1.825249672094566566e+00
-3.920056742847381592e+00 9.203273386692979230e+00 1.932873021455911111e+00
-4.023572576783464250e+00 8.979186971001483997e+00 2.079009446123984972e+00
-4.124838919953279337e+00 8.700804953445709700e+00 2.260780012524104876e+00
-4.223704289481270635e+00 8.368787441291269502e+00 2.474552608987865554e+00
-4.319928093681657089e+00 7.984659328196972439e+00 2.716057304846420717e+00
-4.413177038906072269e+00 7.550793336489407537e+00 2.980514264742277764e+00
-4.503027128074183594e+00 7.070380878717921647e+00 3.262769674589110380e+00
-4.588972068163863050e+00 6.547392542458220888e+00 3.557434434728419248e+00
-4.670438273982345123e+00 5.986529476182465004e+00 3.859020235427097045e+00
-4.746805659561686319e+00 5.393166311092361553e+00 4.162068306828361486e+00
-4.817432601710154749e+00 4.773285785705012607e+00 4.461267497468995202e+00
-4.881683324879580788e+00 4.133405125103943867e+00 4.751559796484710496e+00
-4.938956341902338565e+00 3.480494358522594034e+00 5.028232385600114540e+00
-4.988712956204084392e+00 2.821886834202424144e+00 5.286995705577417937e+00
-5.030504899292306931e+00 2.165181889135542548e+00 5.524047072529817193e+00
-5.064000015976611202e+00 1.518138890931711948e+00 5.736119142758262512e+00
-5.089004690161231359e+00 8.885611319427765276e-01 5.920512062914100149e+00
-5.105481612189795904e+00 2.841679790367923064e-01 6.075107952770809838e+00
-5.113561699339044253e+00 -2.875454098633870026e-01 6.198367136846202996e+00
-5.113549457193065528e+00 -8.194597057179333621e-01 6.289307380488838639e+00
-5.105921526193710314e+00 -1.304991039913040440e+00 6.347469539614074563e+00
-5.091318383949587911e+00 -1.738253393175842376e+00 6.372874448551389293e+00
-5.070529288527720446e+00 -2.114217521141861234e+00 6.365975983764912804e+00
-5.044470834072370735e+00 -2.428860194607382450e+00 6.327614187071009866e+00
-5.014160021643440324e+00 -2.679297835718870147e+00 6.258970603214439876e+00
-4.980683277636750894e+00 -2.863898579315676596e+00 6.161526118715115352e+00
-4.945163108301956711e+00 -2.982366337022186009e+00 6.037020156416363470e+00
-4.908724040930712462e+00 -3.035790135110073340e+00 5.887409654567821171e+00
-4.872459290203350335e+00 -3.026652488976548927e+00 5.714826953329499304e+00
-4.837399272891126145e+00 -2.958792277665696524e+00 5.521536863536705475e+00
-4.804482755310123032e+00 -2.837320543992105204e+00 5.309893927444715445e+00
-4.774531240672208021e+00 -2.668491466594447026e+00 5.082300948100526128e+00
-4.748227344876646328e+00 -2.459534573090900178e+00 4.841169637562943606e+00
-4.726098242670506266e+00 -2.218457061984630219e+00 4.588884091835674361e+00
-4.708505368625308662e+00 -1.953826192830532937e+00 4.327767825559321047e+00
-4.695641105943845872e+00 -1.674541249887693040e+00 4.060055180159613641e+00
-4.687532347751271367e+00 -1.389603493828422742e+00 3.787867856152271173e+00
-4.684050063274258768e+00 -1.107891532999265349e+00 3.513197015001289003e+00
-4.684923696361922296e+00 -8.379485821850441996e-01 3.237891034862964812e+00
-4.689759315813572194e+00 -5.877867205628976022e-01 2.963648909334965165e+00
-4.698060599922460945e+00 -3.647116132392798638e-01 2.692019558713564464e+00
-4.709251695389535364e+00 -1.751698647571642009e-01 2.424407686655718930e+00
-4.722700774689257308e+00 -2.462077818656973824e-02 2.162086737799975733e+00
-4.737743008866382333e+00 8.256521559161210388e-02 1.906218783300623887e+00
-4.753701876487424371e+00 1.431783524993018863e-01 1.657880209704976737e+00
-4.769908149250978724e+00 1.552081022718743986e-01 1.418091463634596039e+00
-4.785716277031304422e+00 1.178460913184840586e-01 1.187848751295875749e+00
-4.800518087765321518e+00 3.145356404138686252e-02 9.681550333464643554e-01
-4.813753778918822057e+00 -1.025033512873312763e-01 7.600468796148942552e-01
-4.824920283397689857e+00 -2.815452024132251707e-01 5.646134127582237427e-01
-4.833577311447109004e+00 -5.022914784868293125e-01 3.830042076690450270e-01
-4.839351557078758859e+00 -7.605873691400232284e-01 2.164244012177211351e-01
-4.841939525305655856e+00 -1.051638832775357635e+00 6.611678218862579448e-02
-4.841109137943532481e+00 -1.370150013240263531e+00 -6.666808464348518426e-02
-4.836699838137349161e+00 -1.710457726268339584e+00 -1.807116079789657936e-01
-4.828620597232005096e+00 -2.066658962789321929e+00 -2.748738790768867624e-01
-4.816845259578034444e+00 -2.432728807205366550e+00 -3.481438617394287949e-01
-4.801405020345231200e+00 -2.802627184740047461e+00 -3.996893111236009544e-01
-4.782378285988346356e+00 -3.170393100502758799e+00 -4.289026937015121832e-01
-4.759878534444916376e+00 -3.530225058764337565e+00 -4.354397229791490131e-01
-4.734041062208990347e+00 -3.876547176785480442e+00 -4.192477871193927563e-01
-4.705009715529438807e+00 -4.204062583424405197e+00 -3.805824293124957514e-01
-4.672924823122182936e+00 -4.507798281386384609e+00 -3.200110483049021237e-01
-4.637913543541868577e+00 -4.783147447251556272e+00 -2.384041340219185123e-01
-4.600083743346845111e+00 -5.025915390591790377e+00 -1.369156027509664808e-01
-4.559522343549129886e+00 -5.232374088732809625e+00 -1.695483974468789054e-02
-4.516298736470756303e+00 -5.399327585403922214e+00 1.198464789035855599e-01
-4.470473333573029784e+00 -5.524186985556522878e+00 2.716699051324349412e-01
-4.422110636522880611e+00 -5.605050127673403715e+00 4.365458067944473775e-01
-4.371295586091114238e+00 -5.640778337590242053e+00 6.123875197579932150e-01
-4.318151486785161808e+00 -5.631061705227213388e+00 7.970233956020347232e-01
-4.262857615878669293e+00 -5.576465085714345626e+00 9.882269187926023823e-01
-4.205664670862524268e+00 -5.478448797258201886e+00 1.183745715364645124e+00
-4.146906390622693728e+00 -5.339359982158876861e+00 1.381330486658689072e+00
-4.087005979375916809e+00 -5.162392647693414105e+00 1.578764554344252113e+00
-4.026476402573424984e+00 -4.951516609464689189e+00 1.773893867661429091e+00
-3.965914174869741515e+00 -4.711377583645225187e+00 1.964656299021795061e+00
-3.905986828072895545e+00 -4.447172066399582846e+00 2.149108206264837229e+00
-3.847414744662924324e+00 -4.164501380765837979e+00 2.325445725468726632e+00
-3.790948381048133253e+00 -3.869209573734055496e+00 2.492018064757754114e+00
-3.737342035442692723e+00 -3.567209943707422504e+00 2.647330256520914471e+00
-3.687325316535162489e+00 -3.264305246734128918e+00 2.790033537341842784e+00
-3.641573507541566723e+00 -2.966007446175247697e+00 2.918902882799847553e+00
-3.600678182845810316e+00 -2.677364220544216966e+00 3.032803191336887583e+00
-3.565119621467443878e+00 -2.402800738510734391e+00 3.130647754139372463e+00
-3.535242608392581420e+00 -2.145985529128652036e+00 3.211354205470916323e+00
-3.511237112649162828e+00 -1.909727995461560024e+00 3.273803583311915677e+00
-3.493125196496516427e+00 -1.695912515785398034e+00 3.316807457168011730e+00
-3.480755350680456939e+00 -1.505471205279726998e+00 3.339086656059182978e+00
-3.473805146524560961e+00 -1.338395191356428704e+00 3.339263425709566580e+00
-3.471792611789213279e+00 -1.193782708863801556e+00 3.315867323784294385e+00
-3.474096213589109361e+00 -1.069920841641055720e+00 3.267354130166673087e+00
-3.479982937362653850e+00 -9.643960228037125049e-01 3.192136565878620935e+00
-3.488643673370513731e+00 -8.742268695904471532e-01 3.088625441459623033e+00
-3.499234751198165405e+00 -7.960121607002680344e-01 2.955279613339822475e+00
-3.510923863597163574e+00 -7.260869171151373980e-01 2.790662807249130406e+00
-3.522937961292081699e+00 -6.606803076341299930e-01 2.593505343139733910e+00
-3.534610277301649894e+00 -5.960699746823284739e-01 2.362769032803945457e+00
-3.545423570852660689e+00 -5.287279758151561815e-01 2.097713455475592070e+00
-3.555046926959098297e+00 -4.554538264670076053e-01 1.797961313120230553e+00
-3.563363996065667116e+00 -3.734904810519048546e-01 1.463560246692920952e+00
-3.570491364380612875e+00 -2.806199214850682022e-01 1.095038790605069590e+00
-3.576786594025006760e+00 -1.752362678711350263e-01 6.934547147728153949e-01
-3.582846105804351033e+00 -5.639544176213573401e-02 2.604343581867502033e-01
-3.589493415761355610e+00 7.615902800578744358e-02 -2.017984026690531618e-01
-3.597758354726714902e+00 2.219944594990741205e-01 -6.904051558468726757e-01
-3.608847918546244760e+00 3.800123057413001271e-01 -1.201930078382120071e+00
-3.624109516694675293e+00 5.484964969156204129e-01 -1.732313908817671777e+00
-3.644987812951163253e+00 7.251856548223094556e-01 -2.276927540164481734e+00
-3.672976992695228038e+00 9.073658740847487802e-01 -2.830627184455857925e+00
-3.709570761382477322e+00 1.091978734268590268e+00 -3.387831597150195773e+00
-3.756212409712758493e+00 1.275737792636524981e+00 -3.942620362554658087e+00
-3.814246903088337692e+00 1.455246261635154470e+00 -4.488851176254537556e+00
-3.884876304520321622e+00 1.627109152569240047e+00 -5.020293300818935656e+00
-3.969119120460099737e+00 1.788034867727969823e+00 -5.530773496764060937e+00
-4.067773700597080655e+00 1.934923450056764027e+00 -6.014329609178610703e+00
-4.181385850081616340e+00 2.064940571065771113e+00 -6.465365924171513790e+00
-4.310221142365512570e+00 2.175577475027895780e+00 -6.878803703823618498e+00
-4.454242677713739162e+00 2.264697757067375417e+00 -7.250219984576744992e+00
-4.613095088456319104e+00 2.330572237232966248e+00 -7.575967833293717923e+00
-4.786095541623314631e+00 2.371903234011595085e+00 -7.853272155642246233e+00
-4.972232372760549524e+00 2.387839370850517451e+00 -8.080297082827646804e+00
-5.170171800783483818e+00 2.377981959515974353e+00 -8.256183529005971522e+00
-5.378272976091741597e+00 2.342383976860139772e+00 -8.381057941067705741e+00
-5.594611421965648645e+00 2.281542477622905185e+00 -8.456015007105012415e+00
-5.817010710315972055e+00 2.196384963267909107e+00 -8.483077955785226720e+00
-6.043081976630501728e+00 2.088249942948472437e+00 -8.465140123805168670e+00
-6.270270655393553660e+00 1.958861832163971473e+00 -8.405891028266493592e+00
-6.495909600241142279e+00 1.810300436349069786e+00 -8.309729664257604398e+00
-6.717277530763963611e+00 1.644965405679030601e+00 -8.181667273363180115e+00
-6.931661518504525610e+00 1.465536030377101007e+00 -8.027221347957878450e+00
-7.136421987087481433e+00 1.274926478473926705e+00 -7.852302272172826392e+00
-7.329058472678537051e+00 1.076236174081576680e+00 -7.663093891089269860e+00
-7.507274192745886587e+00 8.726947556757606028e-01 -7.465929320721582663e+00
-7.669037315532590604e+00 6.676010772096966361e-01 -7.267163242090584063e+00
-7.812636769677646420e+00 4.642558717549816749e-01 -7.073041766313496126e+00
-7.936730579835261423e+00 2.658879725427558127e-01 -6.889570990306028264e+00
-8.040385026474677232e+00 7.557478905785500189e-02 -6.722385896431097407e+00
-8.123103199511286121e+00 -1.038405562837874385e-01 -6.576622434188323929e+00
-8.184841646960032691e+00 -2.698307110004688480e-01 -6.456797391173715539e+00
-8.226014016127683348e+00 -4.202575360250739855e-01 -6.366702477502746760e+00
-8.247481086031713815e+00 -5.534302320725789093e-01 -6.309319791624934837e+00
-8.250527341321427954e+00 -6.681417967708783712e-01 -6.286764601879339054e+00
-8.236824966118904356e+00 -7.636795392629396328e-01 -6.300258487133319818e+00
-8.208386608834711495e+00 -8.398080938606423684e-01 -6.350132661131765666e+00
-8.167508425682902029e+00 -8.967262023797583081e-01 -6.435858912371068996e+00
-8.116704902810020883e+00 -9.350010255927846403e-01 -6.556104273388805304e+00
-8.058637078401572396e+00 -9.554858466168969500e-01 -6.708804919376682108e+00
-7.996036191619162459e+00 -9.592288593314689527e-01 -6.891254512095862594e+00
-7.931625282576228564e+00 -9.473818212662050708e-01 -7.100202101671777122e+00
-7.868041531411025247e+00 -9.211168415194986858e-01 -7.331954788466473083e+00
-7.807762064211794417e+00 -8.815574218382440375e-01 -7.582480769482916827e+00
-7.753035721258788371e+00 -8.297270802305065640e-01 -7.847509236973264635e+00
-7.705823001056530508e+00 -7.665164904224540665e-01 -8.122624597923348233e+00
-7.667746055560232143e+00 -6.926684498732691431e-01 -8.403353214354728706e+00
-7.640050198408687265e+00 -6.087791179756575355e-01 -8.685241368255681493e+00
-7.623577916482865646e+00 -5.153136751122023851e-01 -8.963923948671713049e+00
-7.618755850215456427e+00 -4.126346012443465328e-01 -9.235184589527365873e+00
-7.625594644691659596e+00 -3.010409514303876155e-01 -9.495009029818136881e+00
-7.643701102769743017e+00 -1.808170364237899341e-01 -9.739633583053977972e+00
-7.672301906022316764e+00 -5.228830340546302552e-02 -9.965589687291206644e+00
-7.710278352113618894e+00 8.411930705100342798e-02 -1.016974412753393864e+01
-7.756211801377021153e+00 2.278220865344927348e-01 -1.034933344757574503e+01
-7.808439423377914856e+00 3.780299647637912486e-01 -1.050199075187576625e+01
-7.865119235479693494e+00 5.337127349344803484e-01 -1.062576341651720035e+01
-7.924302525279038001e+00 6.935852859511643098e-01 -1.071912076139607706e+01
-7.984010810300711469e+00 8.561131195500223390e-01 -1.078095135972735363e+01
-8.042313646056729937e+00 1.019536600193223341e+00 -1.081055060111304122e+01
-8.097402976473771830e+00 1.181910732258770524e+00 -1.080760033314334834e+01
-8.147659539910710791e+00 1.341157014574549944e+00 -1.077214329233070700e+01
-8.191707228834255616e+00 1.495124342702530695e+00 -1.070455504114544887e+01
-8.228452181433411283e+00 1.641656235324403523e+00 -1.060551537229172148e+01
-8.257104609988749289e+00 1.778661709592935791e+00 -1.047598030424555837e+01
-8.277182828346619559e+00 1.904187182432710790e+00 -1.031715539123270275e+01
-8.288500459686579447e+00 2.016486948685584313e+00 -1.013047098510390320e+01
-8.291139102249967863e+00 2.114089832066856189e+00 -9.917559914504732177e+00
-8.285409618054485392e+00 2.195859232945899464e+00 -9.680237781494453131e+00
-8.271805792937183099e+00 2.261043211021681820e+00 -9.420486103977895098e+00
-8.250954540715689234e+00 2.309311059345369177e+00 -9.140438977920643637e+00
-8.223566914050941534e+00 2.340773441950418920e+00 -8.842374302492769900e+00
-8.190393639148012994e+00 2.355984423090363933e+00 -8.528710219189996167e+00
-8.152187751929673709e+00 2.355925066773769228e+00 -8.202006095519426054e+00
-8.109675568385330990e+00 2.341969120432221274e+00 -7.864965679465076853e+00
-8.063536058048903499e+00 2.315831453191048439e+00 -7.520438767317618733e+00
-8.014387890531708081e+00 2.279500059595971351e+00 -7.171417445418301284e+00
-7.962782985367703681e+00 2.235153571898341962e+00 -6.821023802569951222e+00
-7.909205223739000701e+00 2.185068583975453116e+00 -6.472487465242118709e+00
-7.854073018097609271e+00 2.131523634252439070e+00 -6.129112558109457431e+00
-7.797744651137280769e+00 2.076707895717006203e+00 -5.794234424024412355e+00
-7.740525568973922077e+00 2.022641694341874796e+00 -5.471167128398337631e+00
-7.682676991046111681e+00 1.971113269945292013e+00 -5.163143864857168808e+00
-7.624425288898015296e+00 1.923632696676338627e+00 -4.873253547824529797e+00
-7.565971665322763329e+00 1.881400693782950828e+00 -4.604377410896140610e+00
-7.507501629743110527e+00 1.845288100951983701e+00 -4.359129027622671515e+00
-7.449193486172434930e+00 1.815821510202570099e+00 -4.139800089917117454e+00
-7.391224724344768404e+00 1.793171684038604052e+00 -3.948312937148409141e+00
-7.333775219888946317e+00 1.777143248989905500e+00 -3.786179719056124604e+00
-7.277026632642412451e+00 1.767166158425607980e+00 -3.654467858506494249e+00
-7.221158127997162168e+00 1.762291273796722235e+00 -3.553772479456861255e+00
-7.166339271892724128e+00 1.761193806538491780e+00 -3.484198064697605624e+00
-7.112721528066484389e+00 1.762188928776908803e+00 -3.445352628631234371e+00
-7.060430125861367756e+00 1.763263465305405564e+00 -3.436357341255023012e+00
-7.009558077353819527e+00 1.762126287360084920e+00 -3.455872874524722249e+00
-6.960163788582078404e+00 1.756277961179238956e+00 -3.502141539186006014e+00
-6.912273122686802829e+00 1.743097772723212424e+00 -3.573042630627410343e+00
-6.865886078665274894e+00 1.719944108899921442e+00 -3.666158024727410591e+00
-6.820987599353838249e+00 1.684262589649474506e+00 -3.778845651879214618e+00
-6.777561530308164883e+00 1.633695189992296015e+00 -3.908318866171941686e+00
-6.735606469174768129e+00 1.566183144003044259e+00 -4.051729071029855689e+00
-6.695152170274673686e+00 1.480057366723678713e+00 -4.206247695732311165e+00
-6.656275211234775391e+00 1.374112552564976442e+00 -4.369142983818175452e+00
-6.619112622531953427e+00 1.247663965151089238e+00 -4.537847722450733201e+00
-6.583872119754943242e+00 1.100587723209619284e+00 -4.710015386289022388e+00
-6.550837748995879117e+00 9.333454455594820676e-01 -4.883563043573547091e+00
-6.520370370849343011e+00 7.469931825337096098e-01 -5.056699408477817848e+00
-6.492903202767472237e+00 5.431738264939872662e-01 -5.227936238609121489e+00
-6.468933125224380021e+00 3.240921097995750344e-01 -5.396081617523172724e+00
-6.449008488538977346e+00 9.247171500846300407e-02 -5.560214833384130806e+00
-6.433713992988987052e+00 -1.485049997941770838e-01 -5.719644418365362526e+00
-6.423653141651920251e+00 -3.952724348807121757e-01 -5.873852919559662489e+00
-6.419428884923145340e+00 -6.439680447431918031e-01 -6.022433448385364763e+00
-6.421623353822239366e+00 -8.905238290822646841e-01 -6.165023597572645286e+00
-6.430777891039067384e+00 -1.130757648391175207e+00 -6.301242003473238817e+00
-6.447374736123142824e+00 -1.360460988812226102e+00 -6.430632034316065671e+00
-6.471821576276386878e+00 -1.575482548953729856e+00 -6.552616134871544595e+00
-6.504439842228023849e+00 -1.771809470758751281e+00 -6.666463432831269742e+00
-6.545457322694796964e+00 -1.945649610647228078e+00 -6.771272438011077810e+00
-6.595005421196841411e+00 -2.093518592828522706e+00 -6.865970089796639364e+00
-6.653121058697395895e+00 -2.212334337712229981e+00 -6.949327749320199032e+00
-6.719752819849428072e+00 -2.299519570016408831e+00 -7.019993488183708941e+00
-6.794770580561567463e+00 -2.353109830861296103e+00 -7.076538105575013837e+00
-6.877977656694024056e+00 -2.371861056352937869e+00 -7.117510323487626245e+00
-6.969124529507374710e+00 -2.355347772624191371e+00 -7.141495409932288929e+00
-7.067923381156405505e+00 -2.304041814857356929e+00 -7.147171562810556544e+00
-7.174062778119730588e+00 -2.219362718994215111e+00 -7.133359684203556483e+00
-7.287221641712305242e+00 -2.103693628836157181e+00 -7.099064111348905470e+00
-7.407081268109196870e+00 -1.960359494812779824e+00 -7.043503714335912491e+00
-7.533334002319336697e+00 -1.793567091131428759e+00 -6.966134063842657653e+00
-7.665687416887736028e+00 -1.608309141031148304e+00 -6.866662005232815780e+00
-7.803863307892565437e+00 -1.410237654606522062e+00 -6.745054005996668600e+00
-7.947591236641889267e+00 -1.205513905840589040e+00 -6.601539290597824738e+00
-8.096596613781098739e+00 -1.000643554686017067e+00 -6.436608432879894259e+00
-8.250583475770444153e+00 -8.023049923404529382e-01 -6.251008010833757567e+00
-8.409212255582971807e+00 -6.171773024256632656e-01 -6.045732011312651366e+00
-8.572073143096577752e+00 -4.517716526589463655e-01 -5.822010617023556378e+00
-8.738656118827195840e+00 -3.122671205366422398e-01 -5.581296822784253209e+00
-8.908319327353936501e+00 -2.043500818019721443e-01 -5.325251230771844035e+00
-9.080257957520512235e+00 -1.330562703969737914e-01 -5.055725321372023906e+00
-9.253476062919116174e+00 -1.026163310273621315e-01 -4.774743137262765558e+00
-9.426763692376951553e+00 -1.163082452265419287e-01 -4.484480457959650224e+00
-9.598681279294519086e+00 -1.763223813281055430e-01 -4.187239479449829105e+00
-9.767552542479153388e+00 -2.836462054358085960e-01 -3.885416416683990626e+00
-9.931466409117431837e+00 -4.379755729124440444e-01 -3.581459854996260628e+00
-1.008828800091954925e+01 -6.376586072678728234e-01 -3.277819091465362433e+00
-1.023567867559154010e+01 -8.796773436710171312e-01 -2.976883709641128029e+00
-1.037112523851079438e+01 -1.159671612609868507e+00 -2.680917694363176729e+00
-1.049197828648992115e+01 -1.472008509778732988e+00 -2.391992923158845041e+00
-1.059549902158851786e+01 -1.809899104375980228e+00 -2.111927328694433559e+00
-1.067891299162904062e+01 -2.165561943950135237e+00 -1.842232381723315271e+00
-1.073946845326456057e+01 -2.530430336984869744e+00 -1.584073409129939547e+00
-1.077449663216612663e+01 -2.895397339519528934e+00 -1.338245335198628760e+00
-1.078147107322380549e+01 -3.251089209789870260e+00 -1.105165863029291096e+00
-1.075806354667831677e+01 -3.588155358155541652e+00 -8.848874909894814955e-01
-1.070219472335363520e+01 -3.897561194261959017e+00 -6.771286603757712408e-01
-1.061207895024380932e+01 -4.170870343202631503e+00 -4.813227849144118831e-01
-1.048626342136288692e+01 -4.400504362661990854e+00 -2.966824149488396789e-01
-1.032366234197107069e+01 -4.579970597937605525e+00 -1.222748312488594474e-01
-1.012358637412848594e+01 -4.704051345709049592e+00 4.289505175832085404e-02
-9.885767197330869394e+00 -4.768949549136108246e+00 1.997988658238799287e-01
-9.610376748866624297e+00 -4.772387721143565464e+00 3.493008267190984006e-01
-9.298040564218180037e+00 -4.713657914104674163e+00 4.920807423355914034e-01
-8.949844422718571835e+00 -4.593621678179446555e+00 6.285690791184488369e-01
-8.567333203800920671e+00 -4.414660424470483235e+00 7.588985720158016868e-01
-8.152500651399542164e+00 -4.180578617801089081e+00 8.828756623246429847e-01
-7.707768812723887031e+00 -3.896464633157962876e+00 9.999735038181083446e-01
-7.235956370872556498e+00 -3.568516336903594155e+00 1.109346773526268759e+00
-6.740235981255234599e+00 -3.203839669337542606e+00 1.209867228881330581e+00
-6.224081941912527505e+00 -2.810228444141601667e+00 1.300177777815895608e+00
-5.691210649781442754e+00 -2.395932950699940722e+00 1.378761714907219549e+00
-5.145516777531099706e+00 -1.969424554837711394e+00 1.444022882228993332e+00
-4.591007803773210938e+00 -1.539163445550533638e+00 1.494372077896603201e+00
-4.031738822558619262e+00 -1.113376826721132140e+00 1.528315122786983338e+00
-3.471748923732012937e+00 -6.998552616519468916e-01 1.544538476230920221e+00
-2.915000070997373793e+00 -3.057751843005592218e-01 1.541988978467213389e+00
-2.365319235058035652e+00 6.244537784519450102e-02 1.519944902003332654e+00
-1.826344421137149787e+00 3.992539573100566952e-01 1.478075733261001723e+00
-1.301475123751343332e+00 7.000343074890290618e-01 1.416488118834213328e+00
-7.938277181395382298e-01 9.611451839201441416e-01 1.335755651588833137e+00
-3.061963838737265520e-01 1.179933782247674534e+00 1.236930779721645113e+00
1.589797420798058081e-01 1.354729953633353912e+00 1.121537847637105179e+00
5.996424336977614900e-01 1.484825165077019893e+00 9.915470202124444521e-01
1.014132444155374291e+00 1.570437521297429972e+00 8.493298196612583117e-01
1.401198847190693542e+00 1.612662494359242693e+00 6.975983334853216311e-01
1.759998792886869667e+00 1.613409037287721226e+00 5.393315216553590252e-01
2.090087243812737139e+00 1.575321904445438292e+00 3.776929201357190347e-01
2.391396944949814252e+00 1.501692159422863382e+00 2.159441005563584870e-01
2.664209597642211325e+00 1.396358555490265108e+00 5.735764993839498338e-02
2.909119761907422941e+00 1.263602899469741025e+00 -9.486749323319620952e-02
3.126993262991311529e+00 1.108042674511018344e+00 -2.376866356389441826e-01
3.318921844034873114e+00 9.345239072611706277e-01 -3.682853938073426536e-01
3.486175731587374038e+00 7.480165731054888578e-01 -4.841517105183854031e-01
