1.803114517929008453e+00
2.009506378626146006e+00
2.218298543013966562e+00
2.427751135500272994e+00
2.636125533222877682e+00
2.841716085047171436e+00
3.042880195617788441e+00
3.238066310057882813e+00
3.425839407892639965e+00
3.604903658486447338e+00
3.774121927152064959e+00
3.932531866184250546e+00
4.079358377578393480e+00
4.214022287258972099e+00
4.336145123572410220e+00
4.445549948466704038e+00
4.542258248598528780e+00
4.626482955413523612e+00
4.698617728668651239e+00
4.759222706290863414e+00
4.809006994371110899e+00
4.848808246369721964e+00
4.879569762656910115e+00
4.902315628310827123e+00
4.918124488505486447e+00
4.928102622519092257e+00
4.933357010096051098e+00
4.934969085277428391e+00
4.933969842377724291e+00
4.931316897681292666e+00
4.927874026021261677e+00
4.924393596441148269e+00
4.921502235066125053e+00
4.919689944860502706e+00
4.919302804754694058e+00
4.920539258727884224e+00
4.923449907205303511e+00
4.927940644012985594e+00
4.933778938964666239e+00
4.940603033892525531e+00
4.947933787645002468e+00
4.955188872175740222e+00
4.961698993001328439e+00
4.966725789383435341e+00
4.969481062718873687e+00
4.969146978188203612e+00
4.964896875094598094e+00
4.955916301580678862e+00
4.941423867170125384e+00
4.920691497976847018e+00
4.893063694974599365e+00
4.857975430811954709e+00
4.814968362045623174e+00
4.763705071707636129e+00
4.703981089933304993e+00
4.635734468602762171e+00
4.559052707950222327e+00
4.474176849236309650e+00
4.381502566122426501e+00
4.281578118589431270e+00
4.175099078187792578e+00
4.062899785924473761e+00
3.945941564966042758e+00
3.825297792836471533e+00
3.702136053240788094e+00
3.577697726969363945e+00
3.453275516247217958e+00
3.330189500504590949e+00
3.209762385197278522e+00
3.093294634963815071e+00
2.982040182005960105e+00
2.877183365244590174e+00
2.779817683803820216e+00
2.690926850771463208e+00
2.611368525255865602e+00
2.541860992201854241e+00
2.482972958280585285e+00
2.435116548563904804e+00
2.398543526649630664e+00
2.373344711093533732e+00
2.359452507843013969e+00
2.356646413117084560e+00
2.364561265787036515e+00
2.382697951049018492e+00
2.410436190590355299e+00
2.447049012498083265e+00
2.491718481814065633e+00
2.543552281668928661e+00
2.601600756360065159e+00
2.664874060774082842e+00
2.732359103384220944e+00
2.803036012590626402e+00
2.875893888050494507e+00
2.949945617944799370e+00
3.024241556756499083e+00
3.097881877612115087e+00
3.170027446355959899e+00
3.239909108456605846e+00
3.306835325412241566e+00
3.370198138031780033e+00
3.429477466794697893e+00
3.484243782782092236e+00
3.534159201073193035e+00
3.578977073776212325e+00
3.618540196985172486e+00
3.652777783218706720e+00
3.681701371547833279e+00
3.705399845596432762e+00
3.724033709932788927e+00
3.737828748320306538e+00
3.747069165318059447e+00
3.752090304402710075e+00
3.753271038884246291e+00
3.751025935845045733e+00
3.745797289810486319e+00
3.738047112153841667e+00
3.728249150161107028e+00
3.716881002382790289e+00
3.704416397128137639e+00
3.691317703416030938e+00
3.678028739140752901e+00
3.664967932431084208e+00
3.652521896534048462e+00
3.641039504905296376e+00
3.630826586335112793e+00
3.622141377836695764e+00
3.615190870316235650e+00
3.610128168471807619e+00
3.607050969494758785e+00
3.606001242740998425e+00
3.606966161136724303e+00
3.609880299372040913e+00
3.614629081823850232e+00
3.621053434320763209e+00
3.628955559403074016e+00
3.638105708710879238e+00
3.648249774796433975e+00
3.659117482561047296e+00
3.670430938893099793e+00
3.681913299684213658e+00
3.693297331501658842e+00
3.704333674955112343e+00
3.714798653560034136e+00
3.724501511858266500e+00
3.733291005807312324e+00
3.741061300423280223e+00
3.747757142356121562e+00
3.753378257689753639e+00
3.757982882084438980e+00
3.761690280716142532e+00
3.764682077575691732e+00
3.767202196577148055e+00
3.769555224069278232e+00
3.772103032129860090e+00
3.775259547182951980e+00
3.779483603113822365e+00
3.785269883154202208e+00
3.793138032745517751e+00
3.803620112556824306e+00
3.817246649319729457e+00
3.834531627604774506e+00
3.855956846248668857e+00
3.881956135643501504e+00
3.912899990157614472e+00
3.949081203806797280e+00
3.990702096554577416e+00
4.037863876931210960e+00
4.090558603603039245e+00
4.148664091053633207e+00
4.211941967610017379e+00
4.280038955404740442e+00
4.352491315001032035e+00
4.428732288543798745e+00
4.508102283270551958e+00
4.589861457300286496e+00
4.673204301879989586e+00
4.757275767471687900e+00
4.841188464471066766e+00
4.924040480909768647e+00
5.004933385923863831e+00
5.082990015849974341e+00
5.157371663186066435e+00
5.227294306193368101e+00
5.292043531980156423e+00
5.350987826353879484e+00
5.403589937025317091e+00
5.449416064582906394e+00
5.488142693646254067e+00
5.519560938512041659e+00
5.543578341158327483e+00
5.560218128197194964e+00
5.569616010453115607e+00
5.572014689104753948e+00
5.567756301748302938e+00
5.557273085704375504e+00
5.541076548498208076e+00
5.519745423990261024e+00
5.493912675635361786e+00
5.464251805466188827e+00
5.431462746170779177e+00
5.396257645061957042e+00
5.359346874243505532e+00
5.321425603958823025e+00
5.283161251439894457e+00
5.245182076944323590e+00
5.208067160222630498e+00
5.172337964508822772e+00
5.138451675277225128e+00
5.106796471287782246e+00
5.077688834075832602e+00
5.051372927817197045e+00
5.028021989401088909e+00
5.007741569239955837e+00
4.990574373868142288e+00
4.976506396539043919e+00
4.965473986457750399e+00
4.957371497487439882e+00
4.952059166439816806e+00
4.949370894163137358e+00
4.949121640099133579e+00
4.951114195346399960e+00
4.955145165550190356e+00
4.961010059851746590e+00
4.968507434049902471e+00
4.977442072209706581e+00
4.987627214841945822e+00
4.998885859184198033e+00
5.011051175273951941e+00
5.023966107744130660e+00
5.037482268764971849e+00
5.051458263993347408e+00
5.065757619454642757e+00
5.080246487320885684e+00
5.094791303000711480e+00
5.109256547065987419e+00
5.123502737712422928e+00
5.137384750794926624e+00
5.150750541051722031e+00
5.163440318443359267e+00
5.175286213993189222e+00
5.186112451258733991e+00
5.195736025724281504e+00
5.203967886374096352e+00
5.210614611925384665e+00
5.215480576687956393e+00
5.218370601967862399e+00
5.219093083663262078e+00
5.217463576150768390e+00
5.213308799560077311e+00
5.206471019487663554e+00
5.196812717791322811e+00
5.184221429884463994e+00
5.168614580957562765e+00
5.149944126098954911e+00
5.128200790642319262e+00
5.103417711161018389e+00
5.075673290620029476e+00
5.045093103942934754e+00
5.011850723223099102e+00
4.976167375430381234e+00
4.938310399512578996e+00
4.898590528272533717e+00
4.857358071672985389e+00
4.814998113500086774e+00
4.771924852934833261e+00
4.728575233225432051e+00
4.685402007722508699e+00
4.642866402251671687e+00
4.601430541893664738e+00
4.561549814756088672e+00
4.523665338364654787e+00
4.488196674581995893e+00
4.455534914152099901e+00
4.426036235730606450e+00
4.400016048608293318e+00
4.377743850931404168e+00
4.359438954362272689e+00
4.345267217857224473e+00
4.335338893936475202e+00
4.329707636501755275e+00
4.328370666118621202e+00
4.331270040940798260e+00
4.338294935265222918e+00
4.349284781353841112e+00
4.364033089095294748e+00
4.382291728935426178e+00
4.403775445046202108e+00
4.428166352285643370e+00
4.455118164227329203e+00
4.484259911336053506e+00
4.515198946884884101e+00
4.547523102519304139e+00
4.580801936731965895e+00
4.614587106576119702e+00
4.648411975197825008e+00
4.681790636130509498e+00
4.714216584052909553e+00
4.745161291343470644e+00
4.774072966356576408e+00
4.800375781528614993e+00
4.823469872076020515e+00
4.842732412725403890e+00
4.857520067624657045e+00
4.867173073715297171e+00
4.871021168737835083e+00
4.868391516886725334e+00
4.858618713422779400e+00
4.841056860325717359e+00
4.815093600961523279e+00
4.780165886579596624e+00
4.735777124421846729e+00
4.681515235104785511e+00
4.617071041178036239e+00
4.542256330337191450e+00
4.457020882565331910e+00
4.361467710819824539e+00
4.255865740550331289e+00
4.140659161444181890e+00
4.016472747201476956e+00
3.884112565630581937e+00
3.744561682226568600e+00
3.598970672846637076e+00
3.448642982584282812e+00
3.295015384809495629e+00
3.139633999879524406e+00
2.984126521524872455e+00
2.830171465409554443e+00
2.679465397036983720e+00
2.533689210829435545e+00
2.394474603933111290e+00
2.263371896831440022e+00
2.141820288839467956e+00
2.031121507913737467e+00
1.932417637523274445e+00
1.846673695851298147e+00
1.774665321552854058e+00
1.716971701119396121e+00
1.673973666222101420e+00
1.645856703100475826e+00
1.632618456265963802e+00
1.634080173862855201e+00
1.649901423669107414e+00
1.679597307912913395e+00
1.722557339492606809e+00
1.778065130524281168e+00
1.845318090355537954e+00
1.923446424335690796e+00
2.011530850300662365e+00
2.108618591471057790e+00
2.213737353421025400e+00
2.325907143774712971e+00
2.444149937363863767e+00
2.567497312807356824e+00
2.694996277084949377e+00
2.825713552273493967e+00
2.958738633960553255e+00
3.093185952941315708e+00
3.228196478737748620e+00
3.362939088258989795e+00
3.496611981781649447e+00
3.628444363240109549e+00
3.757698521981865714e+00
3.883672374618149625e+00
4.005702462848999446e+00
4.123167361603917058e+00
4.235491427557493971e+00
4.342148803048823780e+00
4.442667578437511366e+00
4.536634002862168558e+00
4.623696614668266314e+00
4.703570136268226065e+00
4.776038950016419093e+00
4.840959956338707570e+00
4.898264626971484681e+00
4.947960105949894327e+00
4.990129264447982216e+00
5.024929665183241134e+00
5.052591429536941625e+00
5.073414026144042133e+00
5.087762016769889151e+00
5.096059805892696026e+00
5.098785442682811642e+00
5.096463515846711978e+00
5.089657170214616499e+00
5.078959277035861142e+00
5.064982822946503482e+00
5.048350642061927296e+00
5.029684680209047798e+00
5.009595029641958241e+00
4.988669003356370091e+00
4.967460537038439483e+00
4.946480215091218824e+00
4.926186212202967596e+00
4.906976425811860665e+00
4.889182051815462948e+00
4.873062824637568013e+00
4.858804099569340451e+00
4.846515898972607594e+00
4.836233973405372311e+00
4.827922843191327473e+00
4.821480691992803713e+00
4.816745897003047894e+00
4.813504915021585617e+00
4.811501204851988511e+00
4.810444851270486488e+00
4.810022560135084113e+00
4.809907714813659751e+00
4.809770216093085082e+00
4.809285863008117445e+00
4.808145062559223248e+00
4.806060680187468570e+00
4.802774866576526414e+00
4.798064727536025309e+00
4.791746742646707524e+00
4.783679880594276845e+00
4.773767404072741805e+00
4.761957405233950169e+00
4.748242156287722615e+00
4.732656387497415018e+00
4.715274614915216489e+00
4.696207644028869588e+00
4.675598385639884391e+00
4.653617138724626123e+00
4.630456510428195394e+00
4.606326139334093739e+00
4.581447357542506538e+00
4.556047879788718724e+00
4.530356564775241068e+00
4.504598274125636514e+00
4.478988865068413538e+00
4.453730385831909722e+00
4.429006580006817018e+00
4.404978833933429705e+00
4.381782716416799062e+00
4.359525262075296226e+00
4.338283130394453124e+00
4.318101724714257017e+00
4.298995287210823690e+00
4.280947917892968135e+00
4.263915411914745768e+00
4.247827770292972538e+00
4.232592209949632256e+00
4.218096481573952339e+00
4.204212306152443901e+00
4.190798768650337180e+00
4.177705554559525858e+00
4.164775966251015760e+00
4.151849698027262114e+00
4.138765380579161324e+00
4.125362933139165911e+00
4.111485783781012593e+00
4.096983024368039850e+00
4.081711549414778872e+00
4.065538195494394103e+00
4.048341869732628773e+00
4.030015650019520557e+00
4.010468857922944608e+00
3.989629132977882797e+00
3.967444554685564118e+00
3.943885857806108231e+00
3.918948770062039788e+00
3.892656469037905964e+00
3.865062101645551529e+00
3.836251239410285230e+00
3.806344073756869673e+00
3.775497103368989027e+00
3.743904036431830562e+00
3.711795629229146520e+00
3.679438220044008112e+00
3.647130801065886274e+00
3.615200593075704294e+00
3.583997224576101370e+00
3.553885738970663954e+00
3.525238735890538599e+00
3.498427987008145834e+00
3.473815861445218811e+00
3.451746868762817222e+00
3.432539594695516172e+00
3.416479275074841837e+00
3.403811226094591635e+00
3.394735317661956575e+00
3.389401636366571324e+00
3.387907438390650228e+00
3.390295450515942832e+00
3.396553547951929986e+00
3.406615817701088567e+00
3.420364992557740624e+00
3.437636203626986298e+00
3.458221946542659353e+00
3.481878092614644871e+00
3.508330713788369248e+00
3.537283448942700748e+00
3.568425130013753055e+00
3.601437404210702020e+00
3.636002121927561781e+00
3.671808303810399021e+00
3.708558551392842961e+00
3.745974815111566159e+00
3.783803471323565759e+00
3.821819679523161817e+00
3.859830991182379378e+00
3.897680170528643018e+00
3.935247178670646218e+00
3.972450273227200679e+00
4.009246184504224431e+00
4.045629343454970162e+00
4.081630154565217161e+00
4.117312324337121687e+00
4.152769268168865935e+00
4.188119627622030272e+00
4.223501949649544507e+00
4.259068622228216583e+00
4.294979222809080177e+00
4.331393495396699933e+00
4.368464209597364700e+00
4.406330168914172951e+00
4.445109634048639791e+00
4.484894412984419709e+00
4.525744840323421947e+00
4.567685823625195596e+00
4.610704079347208051e+00
4.654746621039672405e+00
4.699720501289431418e+00
4.745493749207559731e+00
4.791897391416183538e+00
4.838728404395357785e+00
4.885753427551098760e+00
4.932713068523748134e+00
4.979326643369817340e+00
5.025297203242321764e+00
5.070316706638781312e+00
5.114071212178596504e+00
5.156245999932985491e+00
5.196530576134398061e+00
5.234623556638619668e+00
5.270237434127065690e+00
5.303103206019933680e+00
5.332974792957002386e+00
5.359633138430393906e+00
5.382889865568671439e+00
5.402590379820830790e+00
5.418616338841853342e+00
5.430887451128226573e+00
5.439362602082757903e+00
5.444040332673253602e+00
5.444958705407570321e+00
5.442194581443716928e+00
5.435862307833917662e+00
5.426111793405613781e+00
5.413125951840310535e+00
5.397117510600616619e+00
5.378325212003144173e+00
5.357009460436454873e+00
5.333447501262098989e+00
5.307928258104873898e+00
5.280747001398603757e+00
5.252200055358790642e+00
5.222579756429058584e+00
5.192169851599645725e+00
5.161241482863924368e+00
5.130049860671432427e+00
5.098831692282819184e+00
5.067803397210623118e+00
5.037160103527725141e+00
5.007075372542153957e+00
4.977701551122288848e+00
4.949170611336967340e+00
4.921595314628366857e+00
4.895070535659643340e+00
4.869674593737842727e+00
4.845470455513909869e+00
4.822506686119296226e+00
4.800818044975765808e+00
4.780425657860630118e+00
4.761336747059423224e+00
4.743543952729774915e+00
4.727024317619926030e+00
4.711738032566084478e+00
4.697627060595328530e+00
4.684613780845159781e+00
4.672599818020888307e+00
4.661465240279627054e+00
4.651068312655308290e+00
4.641245984157537308e+00
4.631815264859977077e+00
4.622575613836578334e+00
4.613312408949168386e+00
4.603801505885171785e+00
4.593814822109540508e+00
4.583126813355461238e+00
4.571521658434535063e+00
4.558800937971572154e+00
4.544791577994164555e+00
4.529353817018448858e+00
4.512388938496497026e+00
4.493846493366537409e+00
4.473730726004694347e+00
4.452105913615606703e+00
4.429100336737180399e+00
4.404908619381836310e+00
4.379792208762036232e+00
4.354077803490140397e+00
4.328153589696685621e+00
4.302463213096411998e+00
4.277497500151553389e+00
4.253784034839605432e+00
4.231874793813690694e+00
4.212332143459319944e+00
4.195713608242821024e+00
4.182555921263349852e+00
4.173358947130482832e+00
4.168570109313419536e+00
4.168569953648212589e+00
4.173659438257270260e+00
4.184049462726389557e+00
4.199853045400659290e+00
4.221080440433543579e+00
4.247637366798016068e+00
4.279326402981452837e+00
4.315851480880984248e+00
4.356825289094565790e+00
4.401779275314207318e+00
4.450175834404078046e+00
4.501422198848545442e+00
4.554885516900061049e+00
4.609908601887311441e+00
4.665825849715895757e+00
4.721978843582985697e+00
4.777731197561294607e+00
4.832482239024010973e+00
4.885679195414978970e+00
4.936827627861529955e+00
4.985499929929781970e+00
5.031341774321004046e+00
5.074076444929549901e+00
5.113507043533965124e+00
5.149516611685005962e+00
5.182066256403749627e+00
5.211191409273723707e+00
5.236996379715565197e+00
5.259647388836437010e+00
5.279364300732698467e+00
5.296411306351735959e+00
5.311086848880196776e+00
5.323713094294806325e+00
5.334625241454355127e+00
5.344160935910332810e+00
5.352650005348269069e+00
5.360404680484793793e+00
5.367710414234856842e+00
5.374817371309276837e+00
5.381932633403274657e+00
5.389213155395400356e+00
5.396759516607725793e+00
5.404610531484780545e+00
5.412738806611711695e+00
5.421047353445879402e+00
5.429367390363633916e+00
5.437457488539984674e+00
5.445004222569171048e+00
5.451624472614009953e+00
5.456869493300762208e+00
5.460230822000083251e+00
5.461148049293336193e+00
5.459018417325372852e+00
5.453208149463676158e+00
5.443065355815039474e+00
5.427934313453147475e+00
5.407170890297205545e+00
5.380158859237991642e+00
5.346326818531188962e+00
5.305165385886987828e+00
5.256244274812173600e+00
5.199228809209640367e+00
5.133895394645838550e+00
5.060145440514486559e+00
4.978017214615268138e+00
4.887695114110607975e+00
4.789515861852531309e+00
4.683971192199829048e+00
4.571706679813865470e+00
4.453516484236105022e+00
4.330333919042837820e+00
4.203217894592297554e+00
4.073335425613345606e+00
3.941940542586220175e+00
3.810350096996709013e+00
3.679917096410358024e+00
3.552002336321323561e+00
3.427945201599870373e+00
3.309034578446285568e+00
3.196480836669437053e+00
3.091389807189564909e+00
2.994739596643674950e+00
2.907360963988391056e+00
2.829921846544261932e+00
2.762916471768558146e+00
2.706659328140961218e+00
2.661284092889126374e+00
2.626747424641862505e+00
2.602837333542402654e+00
2.589185660505525011e+00
2.585284051475502665e+00
2.590502711574723005e+00
2.604111171593437746e+00
2.625300294314752758e+00
2.653204779801782376e+00
2.686925482448168534e+00
2.725550922579522695e+00
2.768177462722398730e+00
2.813927719667034033e+00
2.861966888442883494e+00
2.911516756404578299e+00
2.961867284589895011e+00
3.012385728787826622e+00
3.062523356128576957e+00
3.111819872768771145e+00
3.159905710123938061e+00
3.206502328428909809e+00
3.251420699197566933e+00
3.294558129540995584e+00
3.335893592903862892e+00
3.375481736441706904e+00
3.413445751614041068e+00
3.449969319350720820e+00
3.485287859743549710e+00
3.519679316972300853e+00
3.553454694912971501e+00
3.586948533738427702e+00
3.620509485748559797e+00
3.654491114615936898e+00
3.689243013679144312e+00
3.725102318141609192e+00
3.762385670183107766e+00
3.801381686466011267e+00
3.842343982937042046e+00
3.885484837518673906e+00
3.930969608773088098e+00
3.978912058510577943e+00
4.029370730963753644e+00
4.082346517037395373e+00
4.137781491346378182e+00
4.195559065785051445e+00
4.255505458466686264e+00
4.317392428985980857e+00
4.380941185988890929e+00
4.445827339118022969e+00
4.511686742807590633e+00
4.578122058545443629e+00
4.644709848985808520e+00
4.711008020266953977e+00
4.776563446687241310e+00
4.840919631615824947e+00
4.903624267863921915e+00
4.964236560730259207e+00
5.022334181933763908e+00
5.077519743472870495e+00
5.129426709528738471e+00
5.177724684795888876e+00
5.222124023330784404e+00
5.262379702841713858e+00
5.298294415538663316e+00
5.329720838787614490e+00
5.356563064337542812e+00
5.378777186369893215e+00
5.396371079172562979e+00
5.409403430561657622e+00
5.417982126587059355e+00
5.422262095768807022e+00
5.422442711416122663e+00
5.418764820538027216e+00
5.411507425248279546e+00
5.400983997819142068e+00
5.387538377307087956e+00
5.371540187073843065e+00
5.353379730100772171e+00
5.333462350816317254e+00
5.312202285497498622e+00
5.290016053740232316e+00
5.267315471616448974e+00
5.244500393932680637e+00
5.221951320121601015e+00
5.200022028131338736e+00
5.179032433230847943e+00
5.159261898383660672e+00
5.140943240104300926e+00
5.124257671409936599e+00
5.109330902576656896e+00
5.096230585895582088e+00
5.084965242258587814e+00
5.075484741675449385e+00
5.067682334051680115e+00
5.061398161302551379e+00
5.056424141895710100e+00
5.052510099358727302e+00
5.049370993431865351e+00
5.046695098215451480e+00
5.044152951431950527e+00
5.041406867117566470e+00
5.038120759117356684e+00
5.033969973393459973e+00
5.028650789944797417e+00
5.021889246046202793e+00
5.013448956257817279e+00
5.003137651822000542e+00
4.990812220984307324e+00
4.976382098560984346e+00
4.959810926369470963e+00
4.941116481700715823e+00
4.920368945612109357e+00
4.897687653534251950e+00
4.873236528830252823e+00
4.847218436359875149e+00
4.819868709251149852e+00
4.791448106414736507e+00
4.762235454705705529e+00
4.732520218054437677e+00
4.702595218716077774e+00
4.672749713835115948e+00
4.643262999065628449e+00
4.614398667425365197e+00
4.586399601260755077e+00
4.559483726169800022e+00
4.533840514654910336e+00
4.509628201400389003e+00
4.486971666163691808e+00
4.465960950339729507e+00
4.446650388510421159e+00
4.429058345832495469e+00
4.413167548018477326e+00
4.398925972771458248e+00
4.386248252439320261e+00
4.375017533437458361e+00
4.365087751680174932e+00
4.356286304301717927e+00
4.348417114762723301e+00
4.341264094540915330e+00
4.334594998014337897e+00
4.328165652044781098e+00
4.321724528868870152e+00
4.315017630592604014e+00
4.307793665396955518e+00
4.299809504787320158e+00
4.290835901014628639e+00
4.280663410961532023e+00
4.269108426933675204e+00
4.256019167928849711e+00
4.241281448287338662e+00
4.224824022922608613e+00
4.206623312196504649e+00
4.186707331868725568e+00
4.165158685704331454e+00
4.142116506533855436e+00
4.117777245789004503e+00
4.092394211832362849e+00
4.066275750893780128e+00
4.039781964497810129e+00
4.013319884052983788e+00
3.987337091816528289e+00
3.962313881184722053e+00
3.938754160611254385e+00
3.917175393647711612e+00
3.898097915649609391e+00
3.882033976821122057e+00
3.869476842920460236e+00
3.860890251829376840e+00
3.856698489295553145e+00
3.857277320211732086e+00
3.862945989172043237e+00
3.873960472261422705e+00
3.890508115988657867e+00
3.912703746809759853e+00
3.940587283288650156e+00
3.974122834053273490e+00
4.013199222072719508e+00
4.057631849131124291e+00
4.107165809463176664e+00
4.161480170247521038e+00
4.220193342280843751e+00
4.282869455250049029e+00
4.349025628555341250e+00
4.418139998623966669e+00
4.489660338076279622e+00
4.563013087966473869e+00
4.637612618054001601e+00
4.712870520998381885e+00
4.788204727877426237e+00
4.863048208436005382e+00
4.936857003145922462e+00
5.009117340749759784e+00
5.079351632240452830e+00
5.147123197788324944e+00
5.212039669642246409e+00
5.273755111068018309e+00
5.331970981914906815e+00
5.386436143444242042e+00
5.436946112860393754e+00
5.483341753846707967e+00
5.525507541835274594e+00
5.563369491649803322e+00
5.596892793668245325e+00
5.626079183557703978e+00
5.650964078439477234e+00
5.671613544205614588e+00
5.688121192118959613e+00
5.700605114075678159e+00
5.709204951629735625e+00
5.714079169762294796e+00
5.715402585570712013e+00
5.713364183083904813e+00
5.708165220783118166e+00
5.700017607098058825e+00
5.689142488803745401e+00
5.675768976804239863e+00
5.660132925878676780e+00
5.642475686764879761e+00
5.623042758560265142e+00
5.602082287826577911e+00
5.579843388140832694e+00
5.556574285809745994e+00
5.532520326288529411e+00
5.507921895842337712e+00
5.483012324659044090e+00
5.458015844327298360e+00
5.433145673961672806e+00
5.408602301832812209e+00
5.384572013387734835e+00
5.361225696911244398e+00
5.338717939710500460e+00
5.317186414798611871e+00
5.296751554382738369e+00
5.277516511437498892e+00
5.259567416756295799e+00
5.242973934976150829e+00
5.227790102191719690e+00
5.214055395470672316e+00
5.201795957091989386e+00
5.191025885758150160e+00
5.181748511679209024e+00
5.173957583450062181e+00
5.167638306283138583e+00
5.162768182284104057e+00
5.159317614195229496e+00
5.157250244830896335e+00
5.156523016194815234e+00
5.157085944218956719e+00
5.158881615246687424e+00
5.161844419731441924e+00
5.165899550340597557e+00
5.170961807688187584e+00
5.176934278219790464e+00
5.183706973080090208e+00
5.191155533323908777e+00
5.199140103494472420e+00
5.207504456000770610e+00
5.216075432165832026e+00
5.224662766750112652e+00
5.233059377661418488e+00
5.241042216916595109e+00
5.248373779272893280e+00
5.254804344745203082e+00
5.260074992874049116e+00
5.263921379538657241e+00
5.266078219937234906e+00
5.266284376578989956e+00
5.264288408971356859e+00
5.259854405093711271e+00
5.252767887994716389e+00
5.242841576958456429e+00
5.229920785086663138e+00
5.213888257481063881e+00
5.194668293903802692e+00
5.172230046265855918e+00
5.146589924647417824e+00
5.117813082153631399e+00
5.086013979223564796e+00
5.051356055178759519e+00
5.014050560346867691e+00
4.974354619471668570e+00
4.932568596430032315e+00
4.889032809482258379e+00
4.844123614922989596e+00
4.798248853420107984e+00
4.751842655038781338e+00
4.705359627282800439e+00
4.659268488312787504e+00
4.614045236519878301e+00
4.570165963730984160e+00
4.528099431312924139e+00
4.488299546983371080e+00
4.451197906728181053e+00
4.417196590395926492e+00
4.386661408307486631e+00
4.359915784673614958e+00
4.337235433702543830e+00
4.318843940528929615e+00
4.304909311351588386e+00
4.295541517916703356e+00
4.290791034932068371e+00
4.290648351759094759e+00
4.295044430564289861e+00
4.303852080369615862e+00
4.316888211006721932e+00
4.333916912560344059e+00
4.354653273272856673e+00
4.378767810557083529e+00
4.405891357561493749e+00
4.435620231425238202e+00
4.467521516388669234e+00
4.501138329750368428e+00
4.535994995301187771e+00
4.571602107937551729e+00
4.607461514867485342e+00
4.643071258100731846e+00
4.677930529228907730e+00
4.711544691948762242e+00
4.743430430992365388e+00
4.773121079290052471e+00
4.800172152894342403e+00
4.824167090128979929e+00
4.844723154253601116e+00
4.861497418427815909e+00
4.874192707279205727e+00
4.882563325832554035e+00
4.886420373044409793e+00
4.885636421182119271e+00
4.880149345967158325e+00
4.869965112698392495e+00
4.855159354565658170e+00
4.835877614683687931e+00
4.812334158711217391e+00
4.784809301000924719e+00
4.753645229614734014e+00
4.719240368888366177e+00
4.682042379301423196e+00
4.642539952028456263e+00
4.601253599933460947e+00
4.558725677807498045e+00
4.515509888347244427e+00
4.472160551079746860e+00
4.429221931402266499e+00
4.387217946487292686e+00
4.346642578023672598e+00
4.307951318718659550e+00
4.271553955928967028e+00
4.237808954452600751e+00
4.207019643151166832e+00
4.179432333809808497e+00
4.155236404424916152e+00
4.134566271199381582e+00
4.117505067484183101e+00
4.104089752429400662e+00
4.094317291199367936e+00
4.088151487781894744e+00
4.085530016966833600e+00
4.086371200048917629e+00
4.090580106500983248e+00
4.098053642241247019e+00
4.108684391214421083e+00
4.122363092218336966e+00
4.138979743266846256e+00
4.158423419554021727e+00
4.180580958752406318e+00
4.205334710179027269e+00
4.232559572275808257e+00
4.262119561253529199e+00
4.293864159607394981e+00
4.327624682214461949e+00
4.363210869686179549e+00
4.400407878987021348e+00
4.438973798879394472e+00
4.478637779830207499e+00
4.519098839510168553e+00
4.560025390686907265e+00
4.601055539388365645e+00
4.641798209584080404e+00
4.681835152732054972e+00
4.720723888924113432e+00
4.758001604280855723e+00
4.793190004156800299e+00
4.825801098437108472e+00
4.855343875156192368e+00
4.881331800674611365e+00
4.903291065412277661e+00
4.920769471598582356e+00
4.933345835545123848e+00
4.940639753434349579e+00
4.942321553667024858e+00
4.938122226151255845e+00
4.927843080908120399e+00
4.911364851910776430e+00
4.888655932477242949e+00
4.859779407203208557e+00
4.824898534607782175e+00
4.784280337373500558e+00
4.738296973792940570e+00
4.687424598084315441e+00
4.632239478434259539e+00
4.573411235618560333e+00
4.511693183484307035e+00
4.447909881453165681e+00
4.382942141549485804e+00
4.317709862969686618e+00
4.253153180404566136e+00
4.190212489554572706e+00
4.129807949377621412e+00
4.072819066224469431e+00
4.020064956009063550e+00
3.972285865900226032e+00
3.930126511466285777e+00
3.894121735011667251e+00
3.864684910206433344e+00
3.842099417074805956e+00
3.826513405996126771e+00
3.817937969415888144e+00
3.816248747656691087e+00
3.821190907421262661e+00
3.832387342935851482e+00
3.849349860663681788e+00
3.871493027602019854e+00
3.898150296121942304e+00
3.928591961325559545e+00
3.962044453400998201e+00
3.997710415771771331e+00
4.034788974659191396e+00
4.072495578690827678e+00
4.110080794374186830e+00
4.146847492643959576e+00
4.182165943401228603e+00
4.215486429597436135e+00
4.246349087129057231e+00
4.274390769495920672e+00
4.299348830887447903e+00
4.321061823217451803e+00
4.339467211158240190e+00
4.354596316654697929e+00
4.366566804006085434e+00
4.375573106314582184e+00
4.381875267457028933e+00
4.385786717238039145e+00
4.387661503464333812e+00
4.387881479641761118e+00
4.386843901903303866e+00
4.384949829374608754e+00
4.382593649788079304e+00
4.380153968379614682e+00
4.377986007807682434e+00
4.376415579740025485e+00
4.375734615423849228e+00
4.376198185613127123e+00
4.378022892485218698e+00
4.381386469494045421e+00
4.386428379396947186e+00
4.393251164358558114e+00
4.401922285886647579e+00
4.412476203589916324e+00
4.424916481032691529e+00
4.439217768196705549e+00
4.455327581013967198e+00
4.473167863292585089e+00
4.492636364236492597e+00
4.513607897642260447e+00
4.535935577373806815e+00
4.559452155718082267e+00
4.583971624207753948e+00
4.609291257457336144e+00
4.635194274700317862e+00
4.661453254040733185e+00
4.687834361725951027e+00
4.714102360418280568e+00
4.740026254161781694e+00
4.765385335276059564e+00
4.789975331451085339e+00
4.813614311618001906e+00
4.836147999335175918e+00
4.857454165553199310e+00
4.877445824977390210e+00
4.896073033644462669e+00
4.913323174346392541e+00
4.929219716194746859e+00
4.943819532386315885e+00
4.957208938602244430e+00
4.969498663675292249e+00
4.980817987583986195e+00
4.991308289820501898e+00
5.001116253923667543e+00
5.010386977946937215e+00
5.019257246164668729e+00
5.027849218392488773e+00
5.036264782488390601e+00
5.044580791388938223e+00
5.052845373585165056e+00
5.061075468143353184e+00
5.069255686039685571e+00
5.077338530813708672e+00
5.085245927924777476e+00
5.092871933187498534e+00
5.100086435245773764e+00
5.106739637645044461e+00
5.112667091877036718e+00
5.117695045285074684e+00
5.121645867736994262e+00
5.124343335259047727e+00
5.125617583639359154e+00
5.125309598200994188e+00
5.123275163641825891e+00
5.119388242486028417e+00
5.113543773365971212e+00
5.105659885647682472e+00
5.095679528393112001e+00
5.083571520896362550e+00
5.069331048873290335e+00
5.052979645984617463e+00
5.034564708659919674e+00
5.014158594165206928e+00
4.991857352976923679e+00
4.967779153270479142e+00
4.942062469727471097e+00
4.914864125266610984e+00
4.886357283595605949e+00
4.856729485622178544e+00
4.826180800409961336e+00
4.794922122136337173e+00
4.763173593444075316e+00
4.731163082749324289e+00
4.699124602296239850e+00
4.667296535291910686e+00
4.635919544125216341e+00
4.605234051491951419e+00
4.575477219994907863e+00
4.546879405264207641e+00
4.519660121586515977e+00
4.494023629654152252e+00
4.470154321543490461e+00
4.448212125414101159e+00
4.428328170160428456e+00
4.410600935722198912e+00
4.395093079679069703e+00
4.381829092418396243e+00
4.370793900831641210e+00
4.361932513904572595e+00
4.355150778877535878e+00
4.350317289175460900e+00
4.347266451458466463e+00
4.345802679441837846e+00
4.345705641696387289e+00
4.346736456157248796e+00
4.348644697051881280e+00
4.351176051585528448e+00
4.354080422345352197e+00
4.357120217856652822e+00
4.360078524867477157e+00
4.362766831995868344e+00
4.365031984978897661e+00
4.366762093460089922e+00
4.367891163717668057e+00
4.368402289186016141e+00
4.368329287902345648e+00
4.367756734083145354e+00
4.366818388121093797e+00
4.365694081675588478e+00
4.364605161366767128e+00
4.363808636232306526e+00
4.363590206577556252e+00
4.364256369827486992e+00
4.366125803892526136e+00
4.369520226503879279e+00
4.374754922848243410e+00
4.382129124081266092e+00
4.391916409184257297e+00
4.404355297120496004e+00
4.419640196749520022e+00
4.437912883968551547e+00
4.459254672390280838e+00
4.483679432345515359e+00
4.511127594153958142e+00
4.541461249364052932e+00
4.574460444990275043e+00
4.609820755897157341e+00
4.647152215952750964e+00
4.685979681290429077e+00
4.725744687097309438e+00
4.765808849211123466e+00
4.805458860059518500e+00
4.843913133213113120e+00
4.880330149856868083e+00
4.913818540043101812e+00
4.943448889118823963e+00
4.968267205708983170e+00
4.987309933787881455e+00
4.999620340988860434e+00
5.004266066848946259e+00
5.000357570076102043e+00
4.987067178867506279e+00
4.963648425763798500e+00
4.929455334431812830e+00
4.883961310239451237e+00
4.826777259931564146e+00
4.757668526302187395e+00
4.676570177805850825e+00
4.583600149175769189e+00
4.479069696196080308e+00
4.363490616611774620e+00
4.237578711619820027e+00
4.102253027741519453e+00
3.958630528740600507e+00
3.808015994096181522e+00
3.651887114562641479e+00
3.491874948792441646e+00
3.329740104003392709e+00
3.167345182967616690e+00
3.006624174750573975e+00
2.849549549037091012e+00
2.698097850579960433e+00
2.554214595460822856e+00
2.419779260214061090e+00
2.296571139112129512e+00
2.186236822166131244e+00
2.090260007367104933e+00
2.009934303028835689e+00
1.946339605341379508e+00
1.900322554185523094e+00
1.872481473995055490e+00
1.863156098871963540e+00
1.872422272776418817e+00
1.900091714751369176e+00
1.945716844161102577e+00
2.008600562759942587e+00
2.087810782647125052e+00
2.182199375628441462e+00
2.290425110088432525e+00
2.410980040667974222e+00
2.542218720645065044e+00
2.682389518205196666e+00
2.829667250732081918e+00
2.982186325510897351e+00
3.138073597464713149e+00
3.295480212098684358e+00
3.452611774858547644e+00
3.607756266586235050e+00
3.759309209824659437e+00
3.905795682643696143e+00
4.045888871697735034e+00
4.178424953783316020e+00
4.302414197351984271e+00
4.417048280260676307e+00
4.521703920618629802e+00
4.615943005256387899e+00
4.699509466818327930e+00
4.772323202991243463e+00
4.834471357069493713e+00
4.886197296710179216e+00
4.927887635145485667e+00
4.960057627804071778e+00
4.983335247265473278e+00
4.998444199870158755e+00
5.006186107343314262e+00
5.007422044153953422e+00
5.003053603455928311e+00
4.994003665051078400e+00
4.981197055580769195e+00
4.965541316782657866e+00
4.947907822156588864e+00
4.929113500239812318e+00
4.909903439356554600e+00
4.890934672995467025e+00
4.872761473862769144e+00
4.855822503146209890e+00
4.840430158509126279e+00
4.826762442449690660e+00
4.814857642248752789e+00
4.804612080900794169e+00
4.795781162928967056e+00
4.787983889300964080e+00
4.780710941557316573e+00
4.773336336544278247e+00
4.765132540761725544e+00
4.755288822832280715e+00
4.742932527811874799e+00
4.727152884391987442e+00
4.707026899678631082e+00
4.681646842104679074e+00
4.650148749491044065e+00
4.611741323135990278e+00
4.565734485725046810e+00
4.511566804130894504e+00
4.448830924699569422e+00
4.377296153275703539e+00
4.296927344781739322e+00
4.207899349209663242e+00
4.110606382253338076e+00
4.005665831585531578e+00
3.893916160293996676e+00
3.776408724133199168e+00
3.654393480939091887e+00
3.529298740742695895e+00
3.402705287713124527e+00
3.276315403361119039e+00
3.151917527287643406e+00
3.031347486303335614e+00
2.916447379236189352e+00
2.809023305444879881e+00
2.710803168472543323e+00
2.623395784124757935e+00
2.548252486324813493e+00
2.486632356440588776e+00
2.439572098512115872e+00
2.407861444498967440e+00
2.392024806696620320e+00
2.392309703568910262e+00
2.408682273553432118e+00
2.440829967976283932e+00
2.488171291280834474e+00
2.549872239776790561e+00
2.624868879487153528e+00
2.711895305120999300e+00
2.809516048034518931e+00
2.916161861984475134e+00
3.030167716385404830e+00
3.149811771717132558e+00
3.273354109522583322e+00
3.399074049882754966e+00
3.525305012240543157e+00
3.650466044343986471e+00
3.773089332754984593e+00
3.891843196727012177e+00
4.005550247420618604e+00
4.113200563597579240e+00
4.213959890474360925e+00
4.307173009567371480e+00
4.392362554631652038e+00
4.469223661529977853e+00
4.537614935731111743e+00
4.597546295482323409e+00
4.649164296501940186e+00
4.692735565346424664e+00
4.728628969816943695e+00
4.757297143194601396e+00
4.779257957249971156e+00
4.795076502860474932e+00
4.805348079376000392e+00
4.810682611748369197e+00
4.811690815325996518e+00
4.808972325404480053e+00
4.803105911358296787e+00
4.794641805843931515e+00
4.784096098167615274e+00
4.771947068771076772e+00
4.758633281353519706e+00
4.744553200867311027e+00
4.730066067612002101e+00
4.715493731642108166e+00
4.701123145185824193e+00
4.687209228681087581e+00
4.673977863704485536e+00
4.661628813280390915e+00
4.650338419470101847e+00
4.640261977267798876e+00
4.631535730297847486e+00
4.624278471965430626e+00
4.618592759224922517e+00
4.614565753427375405e+00
4.612269699246761334e+00
4.611762047943756215e+00
4.613085234019334457e+00
4.616266128973022909e+00
4.621315219207314584e+00
4.628225577226788623e+00
4.636971706611117128e+00
4.647508339817266965e+00
4.659769260099926314e+00
4.673666213341153508e+00
4.689087973866783443e+00
4.705899621955019541e+00
4.723942071996244607e+00
4.743031864985745472e+00
4.762961223266082733e+00
4.783498369355515756e+00
4.804388130943351598e+00
4.825352882005446098e+00
4.846093899782156988e+00
4.866293242844447420e+00
4.885616266793707752e+00
4.903714885545623403e+00
4.920231660443318944e+00
4.934804760331424234e+00
4.947073782512751094e+00
4.956686357407276589e+00
4.963305386392511842e+00
4.966616697024816673e+00
4.966336854619726182e+00
4.962220844273693032e+00
4.954069324153402398e+00
4.941735146203273921e+00
4.925128854150774060e+00
4.904222912052793149e+00
4.879054487213857705e+00
4.849726695221304951e+00
4.816408301769096845e+00
4.779331963742778022e+00
4.738791176294860463e+00
4.695136160890982957e+00
4.648768967620976689e+00
4.600138066600600872e+00
4.549732672674235090e+00
4.498076998518157232e+00
4.445724576786647120e+00
4.393252738100017041e+00
4.341257279843339312e+00
4.290347312293198101e+00
4.241140225428396526e+00
4.194256683856949941e+00
4.150315529841407169e+00
4.109928455340837061e+00
4.073694294844576902e+00
4.042192797435487428e+00
4.015977766407632821e+00
3.995569511813159114e+00
3.981446640827461803e+00
3.974037297251125089e+00
3.973710036700642600e+00
3.980764578824701250e+00
3.995422711960600282e+00
4.017819641652718765e+00
4.047996075732481991e+00
4.085891327618621283e+00
4.131337695040730118e+00
4.184056330347520891e+00
4.243654760555418015e+00
4.309626147551873565e+00
4.381350316256058974e+00
4.458096533868046052e+00
4.539027997191015906e+00
4.623207970215343465e+00
4.709607508768178796e+00
4.797114718493246777e+00
4.884545518418205390e+00
4.970655914764223304e+00
5.054155812232451694e+00
5.133724391505817941e+00
5.208027059247625878e+00
5.275733932147460337e+00
5.335539752369291122e+00
5.386185051080093267e+00
5.426478283654261325e+00
5.455318562006025829e+00
5.471718517438458385e+00
5.474826753392408207e+00
5.463949299009573046e+00
5.438569449340394435e+00
5.398365366766027407e+00
5.343224816349295025e+00
5.273256423993867514e+00
5.188796892519429882e+00
5.090413690088404941e+00
4.978902832584316762e+00
4.855281508786926103e+00
4.720775437906667982e+00
4.576801002852562306e+00
4.424942374433323167e+00
4.266924028897745025e+00
4.104579246466810716e+00
3.939815341249013780e+00
3.774576502962165847e+00
3.610805227207929846e+00
3.450403374134773493e+00
3.295193924412674669e+00
3.146884494711211566e+00
3.007033630942186342e+00
2.877020819338963697e+00
2.758021049414686399e+00
2.650984631662172131e+00
2.556622815478602373e+00
2.475399573633534356e+00
2.407529729777954763e+00
2.352983414231314185e+00
2.311496645696896390e+00
2.282587657877547915e+00
2.265578424533409407e+00
2.259620685341557689e+00
2.263725639532929268e+00
2.276796360913446282e+00
2.297661904605904137e+00
2.325112027293262162e+00
2.357931429790577127e+00
2.394932455002544369e+00
2.434985241213998730e+00
2.477044447119508774e+00
2.520171830681940950e+00
2.563554164556753889e+00
2.606516184577829964e+00
2.648528478276191311e+00
2.689210419251412798e+00
2.728328432778158952e+00
2.765790029229725722e+00
2.801634159954188519e+00
2.836018536689619562e+00
2.869204612559778322e+00
2.901540947163516737e+00
2.933445662878220173e+00
2.965388638687761258e+00
2.997873986253656309e+00
3.031423229885699122e+00
3.066559494986088819e+00
3.103792918415591462e+00
3.143607429448864288e+00
3.186448995678784257e+00
3.232715370788415754e+00
3.282747323863714595e+00
3.336821285500414014e+00
3.395143318942717592e+00
3.457844310428162427e+00
3.524976271383293280e+00
3.596509663375590637e+00
3.672331698943081424e+00
3.752245631336180054e+00
3.835971111023509295e+00
3.923145742018831150e+00
4.013328002589720001e+00
4.106001693172594003e+00
4.200582038451767808e+00
4.296423507915029028e+00
4.392829340625811874e+00
4.489062674772999806e+00
4.584359097256156979e+00
4.677940348537785731e+00
4.769028849451497187e+00
4.856862665978548321e+00
4.940710497830423265e+00
5.019886264836382672e+00
5.093762871299055028e+00
5.161784758219757130e+00
5.223478908531887122e+00
5.278464038341335041e+00
5.326457767555436540e+00
5.367281608639347112e+00
5.400863652596340714e+00
5.427238878631705177e+00
5.446547069311153955e+00
5.459028370590086610e+00
5.465016592389627448e+00
5.464930399142883033e+00
5.459262587741422479e+00
5.448567689955955196e+00
5.433448171274497085e+00
5.414539534191609604e+00
5.392494668650689604e+00
5.367967815004534238e+00
5.341598510829105528e+00
5.313995887776592930e+00
5.285723673970358583e+00
5.257286241072510080e+00
5.229116011900335259e+00
5.201562516056783103e+00
5.174883350244349423e+00
5.149237266368065669e+00
5.124679570856181421e+00
5.101159973538124781e+00
5.078522981573865280e+00
5.056510899297028239e+00
5.034769464861668986e+00
5.012856120307257690e+00
4.990250867814538083e+00
4.966369612609635276e+00
4.940579834072389431e+00
4.912218359266602441e+00
4.880610935598226341e+00
4.845093214641243762e+00
4.805032673120652298e+00
4.759850916497484263e+00
4.709045745435686214e+00
4.652212326381730989e+00
4.589062800244003704e+00
4.519443686196749077e+00
4.443350485256921445e+00
4.360938954398901224e+00
4.272532600783090828e+00
4.178626031714403943e+00
4.079883888003076109e+00
3.977135191593696550e+00
3.871363057690596410e+00
3.763689856010558721e+00
3.655358049714272362e+00
3.547707086380834873e+00
3.442146853597779277e+00
3.340128334969512114e+00
3.243112209643871591e+00
3.152536231723942706e+00
3.069782302145881214e+00
2.996144195593537507e+00
2.932796918936765529e+00
2.880768648948330402e+00
2.840916125753904620e+00
2.813904274191296295e+00
2.800190698809675194e+00
2.800015549077609300e+00
2.813397072480119387e+00
2.840132967464263025e+00
2.879807431702056775e+00
2.931803591961218203e+00
2.995320811623211288e+00
3.069396207253014541e+00
3.152929572876949305e+00
3.244710814451368996e+00
3.343448937146664246e+00
3.447801603959744110e+00
3.556404302045542032e+00
3.667898220830391409e+00
3.780956060029009524e+00
3.894305128511737824e+00
4.006747244908237526e+00
4.117175095394955520e+00
4.224584844480799184e+00
4.328084937805147803e+00
4.426901183373476378e+00
4.520378340385336813e+00
4.607978568651820872e+00
4.689277186376703987e+00
4.763956247233348762e+00
4.831796479981766979e+00
4.892668136311517202e+00
4.946521267297821822e+00
4.993375900101951537e+00
5.033312521202608636e+00
5.066463197458562995e+00
5.093003583899628595e+00
5.113145978173641026e+00
4.114621266265470645e+00
3.993693412862553416e+00
3.869012339447374771e+00
3.741575308968105418e+00
3.612479252009163755e+00
3.482906120484653201e+00
3.354105294378968427e+00
3.227373390446229173e+00
3.104031929389944988e+00
2.985403406425328754e+00
2.872786375904436085e+00
2.767430204169830876e+00
2.670510170428345820e+00
2.583103604915494067e+00
2.506167741067414134e+00
2.440519916169259673e+00
2.386820682068441890e+00
2.345560290440681150e+00
2.317048905483555910e+00
2.301410781132310568e+00
2.298582528322576035e+00
2.308315493366618565e+00
2.330182168181831770e+00
2.363586452899465229e+00
2.407777491834559136e+00
2.461866710306034545e+00
2.524847597618425254e+00
2.595617711844577791e+00
2.673002324910834115e+00
2.755779086785252296e+00
2.842703074016489140e+00
2.932531604972469008e+00
3.024048247607682427e+00
3.116085505200838046e+00
3.207545730755648972e+00
3.297419884162421155e+00
3.384803803070582706e+00
3.468911708210384415e+00
3.549086713973276019e+00
3.624808176069533872e+00
3.695695780625042559e+00
3.761510351765481541e+00
3.822151420559899648e+00
3.877651664995710235e+00
3.928168410156499313e+00
3.973972468820245574e+00
4.015434688908974259e+00
4.053010637856901077e+00
4.087223889301199620e+00
4.118648389868855730e+00
4.147890381866733200e+00
4.175570348878196114e+00
4.202305438084789735e+00
4.228692790672683444e+00
4.255294172974105393e+00
4.282622245114935389e+00
4.311128737039408243e+00
4.341194730755670861e+00
4.373123176483344920e+00
4.407133703593690832e+00
4.443359730589127032e+00
4.481847832389400210e+00
4.522559282081339838e+00
4.565373645236214806e+00
4.610094271173879044e+00
4.656455497069487137e+00
4.704131350775592857e+00
4.752745502920229903e+00
4.801882181912533909e+00
4.851097731713666761e+00
4.899932466288341004e+00
4.947922465553409310e+00
4.994610973759489703e+00
5.039559100475941911e+00
5.082355576478160053e+00
5.122625371952298501e+00
5.160037033104796222e+00
5.194308628790456517e+00
5.225212226485349554e+00
5.252576849533507897e+00
5.276289908248276816e+00
5.296297137854460324e+00
5.312601108192974486e+00
5.325258391023962368e+00
5.334375483991015798e+00
5.340103603775903096e+00
5.342632481571920167e+00
5.342183323313485666e+00
5.339001132658439452e+00
5.333346631477055233e+00
5.325488044560323431e+00
5.315693038913040347e+00
5.304221121882462420e+00
5.291316802327638236e+00
5.277203795738270919e+00
5.262080497685623470e+00
5.246116860518956315e+00
5.229452701674220272e+00
5.212197370688810061e+00
5.194430624449545064e+00
5.176204518014885458e+00
5.157546112801595584e+00
5.138460824204827304e+00
5.118936261893040296e+00
5.098946445426717489e+00
5.078456292318330512e+00
5.057426263690896207e+00
5.035817019203478573e+00
5.013593903651728745e+00
4.990731085565957237e+00
4.967215190139992131e+00
4.943048297147111469e+00
4.918250202636316182e+00
4.892859878947299457e+00
4.866936116524812839e+00
4.840557385668250667e+00
4.813821000274051798e+00
4.786841686377258931e+00
4.759749656844546983e+00
4.732688282266212632e+00
4.705811440868178153e+00
4.679280631835109894e+00
4.653261938225834449e+00
4.627922915619349986e+00
4.603429460816251151e+00
4.579942695403848241e+00
4.557615894782673926e+00
4.536591503931238556e+00
4.516998297508770577e+00
4.498948756013538386e+00
4.482536736976308944e+00
4.467835518160206298e+00
4.454896280543832354e+00
4.443747087652543115e+00
4.434392406997120339e+00
4.426813208426875867e+00
4.420967664643507433e+00
4.416792472269640335e+00
4.414204801245817045e+00
4.413104855828828832e+00
4.413378991082918645e+00
4.414903284352384105e+00
4.417547423109795091e+00
4.421178745684035682e+00
4.425666262428705089e+00
4.430884491002178294e+00
4.436716956117011890e+00
4.443059225080196128e+00
4.449821371407072235e+00
4.456929781578609528e+00
4.464328250793109021e+00
4.471978352920372934e+00
4.479859108090466613e+00
4.487965998649854349e+00
4.496309399407658169e+00
4.504912492702731086e+00
4.513808732989816441e+00
4.523038915507171964e+00
4.532647902384660199e+00
4.542681075877038843e+00
4.553180618767848742e+00
4.564181754697687943e+00
4.575709104143049544e+00
4.587773319891520707e+00
4.600368162668472038e+00
4.613468167679899423e+00
4.627027034386220095e+00
4.640976839366814488e+00
4.655228126030160674e+00
4.669670874616005385e+00
4.684176311813899929e+00
4.698599483790678377e+00
4.712782487045024560e+00
4.726558229321636162e+00
4.739754580507745452e+00
4.752198769299573300e+00
4.763721883201571750e+00
4.774163339226837444e+00
4.783375209831876695e+00
4.791226303161233879e+00
4.797605899051005096e+00
4.802427035858875648e+00
4.805629240964179871e+00
4.807180609771952717e+00
4.807079164679108452e+00
4.805353458578959014e+00
4.802062417889315427e+00
4.797294445214373759e+00
4.791165823905716437e+00
4.783818485746169635e+00
4.775417213967131147e+00
4.766146352290884458e+00
4.756206078799905868e+00
4.745808291068923879e+00
4.735172146629258449e+00
4.724519315217584392e+00
4.714069025629982868e+00
4.704033023632320898e+00
4.694610585537598801e+00
4.685983745232047859e+00
4.678312893667690986e+00
4.671732907895316700e+00
4.666349961587318518e+00
4.662239151167254292e+00
4.659443034686482576e+00
4.657971129138585020e+00
4.657800355864436526e+00
4.658876368939882440e+00
4.661115651680526106e+00
4.664408229143452544e+00
4.668620827054255074e+00
4.673600311431552967e+00
4.679177265573549072e+00
4.685169595998460501e+00
4.691386097246343034e+00
4.697629939813357858e+00
4.703702073698194042e+00
4.709404560914818738e+00
4.714543858958871958e+00
4.718934067468597782e+00
4.722400122125094413e+00
4.724780883531236597e+00
4.725932041239835790e+00
4.725728745506486916e+00
4.724067888218518974e+00
4.720869968587314780e+00
4.716080494107135479e+00
4.709670886297248948e+00
4.701638884356214909e+00
4.692008461867900770e+00
4.680829285942208706e+00
4.668175756032914236e+00
4.654145669441209776e+00
4.638858575950514762e+00
4.622453895562912862e+00
4.605088867177565604e+00
4.586936369457532692e+00
4.568182617735092599e+00
4.549024707612041141e+00
4.529667961717628977e+00
4.510323049717442245e+00
4.491202891269097108e+00
4.472519405404171700e+00
4.454480219038690514e+00
4.437285471880838550e+00
4.421124846637030537e+00
4.406174924988717656e+00
4.392596942710482288e+00
4.380534998164211657e+00
4.370114747359143514e+00
4.361442590773801697e+00
4.354605331822360981e+00
4.349670272437095697e+00
4.346685701479097830e+00
4.345681717282388057e+00
4.346671310064312621e+00
4.349651625380524855e+00
4.354605340708340044e+00
4.361502103783302609e+00
4.370299989857020506e+00
4.380946932128503946e+00
4.393382074259915449e+00
4.407536998306740728e+00
4.423336799587718637e+00
4.440701003465794550e+00
4.459544333016800977e+00
4.479777332639208964e+00
4.501306837397040184e+00
4.524036270367157719e+00
4.547865765812484362e+00
4.572692148678087598e+00
4.598408827207990157e+00
4.624905659683896886e+00
4.652068844207528642e+00
4.679780864963701603e+00
4.707920514789540434e+00
4.736363004768370466e+00
4.764980173136999397e+00
4.793640820982682627e+00
4.822211222326179936e+00
4.850555864184169508e+00
4.878538457462433975e+00
4.906023230290952775e+00
4.932876492215133801e+00
4.958968453004108490e+00
4.984175288708141416e+00
5.008381456728405290e+00
5.031482260452120769e+00
5.053386646286538664e+00
5.074020180033888217e+00
5.093328101376211059e+00
5.111278307184837999e+00
5.127864078192762243e+00
5.143106345525078282e+00
5.157055295602084755e+00
5.169791134798200183e+00
5.181423879857744552e+00
5.192092103509914125e+00
5.201960634013204299e+00
5.211217263133833377e+00
5.220068548458376867e+00
5.228734809046120091e+00
5.237444423594023846e+00
5.246427558712628780e+00
5.255909481674728490e+00
5.266103639189229746e+00
5.277204705080644764e+00
5.289381816250598334e+00
5.302772230590245606e+00
5.317475648004978517e+00
5.333549427471382387e+00
5.351004907018187318e+00
5.369804995820077309e+00
5.389863163387773604e+00
5.411043901529696498e+00
5.433164682488711428e+00
5.455999385702153148e+00
5.479283120221814407e+00
5.502718331165097787e+00
5.525982043011252287e+00
5.548734054669973936e+00
5.570625859193689244e+00
5.591310019235382178e+00
5.610449698558503506e+00
5.627728042492613270e+00
5.642857119487497464e+00
5.655586169208725700e+00
5.665708932552712795e+00
5.673069862290662790e+00
5.677569040248350518e+00
5.679165663808182885e+00
5.677880004740581299e+00
5.673793779780579527e+00
5.667048906619442938e+00
5.657844657106203101e+00
5.646433263751062803e+00
5.633114083110104531e+00
5.618226464866802772e+00
5.602141515986249765e+00
5.585252988692220200e+00
5.567967560049676301e+00
5.550694800276824381e+00
5.533837136719707672e+00
5.517780110860257103e+00
5.502883201030583038e+00
5.489471445645473402e+00
5.477828055401953833e+00
5.468188156094443642e+00
5.460733760135529025e+00
5.455590023882074036e+00
5.452822811868610842e+00
5.452437562655039649e+00
5.454379433046637971e+00
5.458534680110621373e+00
5.464733217108298291e+00
5.472752250147121522e+00
5.482320870691947512e+00
5.493125449120449311e+00
5.504815652232752043e+00
5.517010901426679048e+00
5.529307104055226851e+00
5.541283525000732624e+00
5.552509705004996299e+00
5.562552361789534494e+00
5.570982224904458491e+00
5.577380761445721369e+00
5.581346753587457243e+00
5.582502690699582715e+00
5.580500936093018893e+00
5.575029622317693168e+00
5.565818226056920004e+00
5.552642779538581763e+00
5.535330687330418442e+00
5.513765124573403398e+00
5.487888981735231653e+00
5.457708284232513307e+00
5.423294959375391855e+00
5.384788768079947552e+00
5.342398184528296845e+00
5.296399999673715442e+00
5.247137437809453075e+00
5.195016603657196974e+00
5.140501125781928415e+00
5.084104940536280814e+00
5.026383268676315907e+00
4.967921960055738495e+00
4.909325502922371243e+00
4.851204099663313229e+00
4.794160289710916345e+00
4.738775644779833485e+00
4.685598067668269806e+00
4.635130192881113054e+00
4.587819318826890758e+00
4.544049208343627022e+00
4.504133993601386443e+00
4.468314325634248796e+00
4.436755818348091296e+00
4.409549744489348555e+00
4.386715844248781693e+00
4.368207013590410526e+00
4.353915559299957216e+00
4.343680647704757369e+00
4.337296540026820857e+00
4.334521205302003466e+00
4.335084931199856051e+00
4.338698606242563649e+00
4.345061415693145079e+00
4.353867771622228489e+00
4.364813376956650615e+00
4.377600391485811038e+00
4.391941716490238790e+00
4.407564446207928199e+00
4.424212556297576704e+00
4.441648915332764957e+00
4.459656714626738072e+00
4.478040413639787332e+00
4.496626293300479915e+00
4.515262698793412355e+00
4.533820035107825497e+00
4.552190547557132483e+00
4.570287874265134498e+00
4.588046308299608356e+00
4.605419669524578374e+00
4.622379670437481991e+00
4.638913667095094340e+00
4.655021712149538082e+00
4.670712868141215779e+00
4.686000791086448736e+00
4.700898652105128583e+00
4.715413523060499656e+00
4.729540402220584916e+00
4.743256086904707125e+00
4.756513108082085495e+00
4.769233934506903694e+00
4.781305642801065403e+00
4.792575240230126710e+00
4.802845815717883937e+00
4.811873679907640700e+00
4.819366644519623044e+00
4.824983595409826798e+00
4.828335531623404009e+00
4.828988260206721783e+00
4.826466936451725864e+00
4.820262609200057113e+00
4.809840867269604914e+00
4.794652594093066433e+00
4.774146738672956580e+00
4.747784914479336926e+00
4.715057547870149079e+00
4.675501211421108749e+00
4.628716693438426510e+00
4.574387278823054181e+00
4.512296659054279679e+00
4.442345854874412581e+00
4.364568519888152309e+00
4.279143992670501717e+00
4.186407482393477153e+00
4.086856817324492575e+00
3.981155265367833707e+00
3.870130052405065690e+00
3.754766348578856050e+00
3.636196652310591304e+00
3.515685670453264411e+00
3.394610969219328034e+00
3.274439846558185430e+00
3.156703033857164886e+00
3.042965953541681756e+00
2.934798330735084892e+00
2.833742985417841087e+00
2.741284624185595042e+00
2.658819414056696750e+00
2.587626063000715515e+00
2.528839063844552815e+00
2.483424688370534206e+00
2.452160249465388464e+00
2.435617077772356254e+00
2.434147578031836900e+00
2.447876636084951318e+00
2.476697548580904851e+00
2.520272556474474346e+00
2.578037984147387274e+00
2.649213910102897973e+00
2.732818211687058518e+00
2.827684731504129356e+00
2.932485212099099847e+00
3.045754545799991053e+00
3.165918792938514859e+00
3.291325335216614079e+00
3.420274453976200224e+00
3.551051562883067447e+00
3.681959292509634718e+00
3.811348628516684212e+00
3.937648344031872139e+00
4.059392033285775803e+00
4.175242141854440092e+00
4.284010493765668670e+00
4.384674929294744672e+00
4.476391781943595660e+00
4.558504037316981616e+00
4.630545133846605488e+00
4.692238486036599099e+00
4.743492927113504010e+00
4.784394368612829851e+00
4.815194055452733046e+00
4.836293859787068605e+00
4.848229107893112122e+00
4.851649470273761366e+00
4.847298466381928961e+00
4.835992147008782105e+00
4.818597524524206754e+00
4.796011321817299944e+00
4.769139594924360459e+00
4.738878741408814044e+00
4.706098335334758076e+00
4.671626139657148791e+00
4.636235548228989423e+00
4.600635605580369436e+00
4.565463645311081287e+00
4.531280486553170839e+00
4.498568045415352934e+00
4.467729161997972653e+00
4.439089411024415455e+00
4.412900646755970158e+00
4.389346022258462376e+00
4.368546213775067244e+00
4.350566570191769955e+00
4.335424895639159892e+00
4.323099562885588831e+00
4.313537649273406771e+00
4.306662786010075017e+00
4.302382414735544280e+00
4.300594157019520303e+00
4.301191034372142674e+00
4.304065335481118026e+00
4.309111008100784623e+00
4.316224544349385184e+00
4.325304420945835560e+00
4.336249241158260048e+00
4.348954795524623940e+00
4.363310313047506384e+00
4.379194217187500904e+00
4.396469731133212377e+00
4.414980687546952609e+00
4.434547882822393206e+00
4.454966276061271380e+00
4.476003275155705730e+00
4.497398282132412994e+00
4.518863592027480891e+00
4.540086662903227044e+00
4.560733710906194283e+00
4.580454539167514660e+00
4.598888478131438973e+00
4.615671290036567953e+00
4.630442869392664029e+00
4.642855553830797177e+00
4.652582841923248225e+00
4.659328294062422771e+00
4.662834373039192570e+00
4.662890967822129973e+00
4.659343337101518934e+00
4.652099203477621181e+00
4.641134721857874013e+00
4.626499043363622832e+00
4.608317214783703264e+00
4.586791206477581540e+00
4.562198945728566990e+00
4.534891328876067718e+00
4.505287272109162799e+00
4.473866925569129904e+00
4.441163218046805028e+00
4.407751926549440924e+00
4.374240486792770888e+00
4.341255785737276440e+00
4.309431203784425790e+00
4.279393193988377142e+00
4.251747697486658595e+00
4.227066706384136729e+00
4.205875304324033337e+00
4.188639538780485339e+00
4.175755496326718053e+00
4.167539947118770627e+00
4.164222888548818169e+00
4.165942256126980325e+00
4.172740994437653228e+00
4.184566596060463439e+00
4.201273117816523239e+00
4.222625575822718247e+00
4.248306517928150505e+00
4.277924484680172945e+00
4.311024000547035051e+00
4.347096690058947388e+00
4.385593097240962912e+00
4.425934803086391867e+00
4.467526474751882581e+00
4.509767528174172035e+00
4.552063137473039589e+00
4.593834383403172517e+00
4.634527401393924606e+00
4.673621459133601164e+00
4.710635950786297599e+00
4.745136331730538615e+00
4.776739032776815108e+00
4.805115389103611356e+00
4.829994605928015439e+00
4.851165772743417648e+00
4.868478936898070764e+00
4.881845253579216504e+00
4.891236240753241482e+00
4.896682183507252262e+00
4.898269749579413634e+00
4.896138891751758315e+00
4.890479118538649139e+00
4.881525209907388252e+00
4.869552442774211620e+00
4.854871379445986790e+00
4.837822267275734056e+00
4.818769100666937533e+00
4.798093404955931618e+00
4.776187814460874925e+00
4.753449536282500887e+00
4.730273819584184025e+00
4.707047584625876802e+00
4.684143398975746386e+00
4.661914010587571155e+00
4.640687651847631656e+00
4.620764311665621626e+00
4.602413131059802431e+00
4.585871008993593456e+00
4.571342414699125278e+00
4.559000306810670367e+00
4.548987976794884425e+00
4.541421572404439111e+00
4.536393013388595463e+00
4.533972983900502740e+00
4.534213678162291039e+00
4.537150994012681515e+00
4.542805914497181519e+00
4.551184887168830073e+00
4.562279096709300319e+00
4.576062617807110655e+00
4.592489520996586805e+00
4.611490079494910077e+00
4.632966292579506984e+00
4.656787004366528038e+00
4.682782952882913463e+00
4.710742123249723967e+00
4.740405793063131590e+00
4.771465650456947039e+00
4.803562345648523468e+00
4.836285810739998858e+00
4.869177645258035980e+00
4.901735803333756358e+00
4.933421720599384663e+00
4.963669884463036475e+00
4.991899693779721758e+00
5.017529292667232355e+00
5.039990919161392746e+00
5.058747202647495556e+00
5.073307785106677237e+00
5.083245625107133847e+00
5.088212358631110099e+00
5.087952129513106492e+00
5.082313358732485575e+00
5.071257990927861670e+00
5.054867837800503416e+00
5.033347732211178815e+00
5.007025306726768932e+00
4.976347303699367508e+00
4.941872405662572021e+00
4.904260653348192278e+00
4.864259606112170786e+00
4.822687498262421713e+00
4.780413746362720318e+00
4.738337257935177682e+00
4.697363075428418355e+00
4.658377955711089591e+00
4.622225531317665670e+00
4.589681727216966323e+00
4.561431120874368972e+00
4.538044937821201330e+00
4.519961371883675305e+00
4.507468904435135926e+00
4.500693256196923286e+00
4.499588520941026459e+00
4.503932895188205165e+00
4.513329239719777064e+00
4.527210510197548388e+00
4.544849904466045309e+00
4.565375415262023395e+00
4.587788357465387712e+00
4.610985356229251764e+00
4.633783226135641087e+00
4.654946128333135036e+00
4.673214355226497752e+00
4.687334063744174273e+00
4.696087263283459379e+00
4.698321363547542262e+00
4.692977601040777103e+00
4.679117693838429126e+00
4.655948121122230887e+00
4.622841477372515051e+00
4.579354401988129375e+00
4.525241636024889047e+00
4.460465820135460113e+00
4.385202729081951745e+00
4.299841736331880604e+00
4.204981412102951843e+00
4.101420277380233514e+00
3.990142863666686690e+00
3.872301361876836268e+00
3.749193282366150903e+00
3.622235686849498038e+00
3.492936680772859237e+00
3.362864959422128930e+00
3.233618275604643877e+00
3.106791737959970323e+00
2.983946854421569039e+00
2.866582202399183821e+00
2.756106533148452442e+00
2.653815002174474635e+00
2.560869067973990720e+00
2.478280435211375199e+00
2.406899252537799239e+00
2.347406614927465718e+00
2.300311263690470120e+00
2.265950229508307157e+00
2.244493039132799961e+00
2.235949015272881368e+00
2.240177140104455233e+00
2.256897917343197335e+00
2.285706650380375571e+00
2.326087555699710485e+00
2.377428156623293098e+00
2.439033456121574517e+00
2.510139467864606289e+00
2.589925787538266633e+00
2.677527006835880741e+00
2.772042901201756671e+00
2.872547441919028000e+00
2.978096773279609977e+00
3.087736341784597549e+00
3.200507363156214868e+00
3.315452774487074095e+00
3.431622762171354868e+00
3.548079900063718650e+00
3.663903890750086489e+00
3.778195885035169344e+00
3.890082362493264778e+00
3.998718583854393493e+00
4.103291665324740656e+00
4.203023364463971845e+00
4.297172694975302853e+00
4.385038497705436633e+00
4.465962092018455287e+00
4.539330124842915204e+00
4.604577725828943535e+00
4.661192056401726624e+00
4.708716296540221613e+00
4.746754046026051554e+00
4.774974042632936566e+00
4.793115040814060812e+00
4.800990665540917135e+00
4.798494054935615871e+00
4.785602115925065014e+00
4.762379222598363882e+00
4.728980184476630377e+00
4.685652311694430416e+00
4.632736414460862484e+00
4.570666593020529689e+00
4.499968695370046845e+00
4.421257339859823610e+00
4.335231417204449933e+00
4.242668002314019304e+00
4.144414628832569392e+00
4.041379919718137259e+00
3.934522627275747642e+00
3.824839205566943345e+00
3.713350107895684538e+00
3.601085071073335975e+00
3.489067717082390718e+00
3.378299868035242515e+00
3.269746025596039551e+00
3.164318504567647850e+00
3.062863725148828653e+00
2.966150153644754095e+00
2.874858336560851324e+00
2.789573403651106176e+00
2.710780328857372634e+00
2.638862138596679063e+00
2.574101146323157341e+00
2.516683171388904849e+00
2.466704569998992014e+00
2.424181772073353613e+00
2.389062894143418880e+00
2.361240903975171168e+00
2.340567759688553906e+00
2.326868931420563058e+00
2.319957723892211554e+00
2.319648844231329221e+00
2.325770697076538163e+00
2.338175930860918239e+00
2.356749796766672400e+00
2.381415918182208546e+00
2.412139116383191340e+00
2.448925003570155745e+00
2.491816131883660912e+00
2.540884574599288737e+00
2.596220924223044069e+00
2.657919832703251384e+00
2.726062384245641734e+00
2.800695755990843416e+00
2.881810762794293268e+00
2.969317995402119159e+00
3.063023357082084175e+00
3.162603890577163845e+00
3.267584862134048862e+00
3.377319121947977898e+00
3.490969781391878968e+00
3.607497233488566657e+00
3.725651494072765413e+00
3.843970755984447152e+00
3.960786926637093419e+00
4.074238759874144300e+00
4.182292991582127861e+00
4.282773638253724258e+00
4.373399321880635959e+00
4.451828164258847309e+00
4.515709478190811588e+00
4.562741194859982308e+00
4.590731718042897924e+00
4.597664689409942440e+00
4.581764977750879098e+00
4.541564057435870438e+00
4.475962812909440203e+00
4.384289701397323213e+00
4.266352134562302112e+00
4.122478908008155862e+00
3.953551518372544926e+00
3.761022267462793334e+00
3.546917175777530851e+00
3.313821934540673197e+00
3.064849434662664240e+00
2.803587828488689038e+00
2.534028598163959867e+00
2.260474716166938514e+00
1.987429693219009641e+00
1.719469124534565685e+00
1.461097268597728815e+00
1.216592218103663026e+00
9.898443456626967452e-01
7.841939253552034916e-01
6.022751391717865443e-01
4.458750604156607733e-01
3.158176509983467439e-01
2.118843122011301594e-01
1.327840859345513769e-01
7.618820560140772413e-02
3.884533172395963213e-02
1.679547381682230944e-02
5.702294082237948335e-03
1.325200164005799729e-03
1.543478782691091230e-04
