9.052335619926452637e-01 -3.756544589996337891e-01 1.985851675271987915e-01
9.121397137641906738e-01 -3.655743598937988281e-01 1.853551119565963745e-01
9.229590892791748047e-01 -3.453176617622375488e-01 1.700064092874526978e-01
9.345291256904602051e-01 -3.202322721481323242e-01 1.552634686231613159e-01
9.449931979179382324e-01 -2.948194742202758789e-01 1.416660398244857788e-01
9.536781907081604004e-01 -2.708184719085693359e-01 1.309776008129119873e-01
9.606383442878723145e-01 -2.487944215536117554e-01 1.235935911536216736e-01
9.660268425941467285e-01 -2.291584163904190063e-01 1.194926649332046509e-01
9.700011014938354492e-01 -2.122314274311065674e-01 1.185570359230041504e-01
9.727094769477844238e-01 -1.982276290655136108e-01 1.205907389521598816e-01
9.742821455001831055e-01 -1.872547864913940430e-01 1.253388077020645142e-01
9.748273491859436035e-01 -1.793197840452194214e-01 1.324996501207351685e-01
9.744299650192260742e-01 -1.743421852588653564e-01 1.417426615953445435e-01
9.731591939926147461e-01 -1.721608638763427734e-01 1.527149528264999390e-01
9.710714221000671387e-01 -1.725541800260543823e-01 1.650615632534027100e-01
9.682216048240661621e-01 -1.752455830574035645e-01 1.784262061119079590e-01
9.646695852279663086e-01 -1.799252331256866455e-01 1.924565732479095459e-01
9.604853391647338867e-01 -1.862634569406509399e-01 2.068185359239578247e-01
9.557562470436096191e-01 -1.939184516668319702e-01 2.211912572383880615e-01
9.505873918533325195e-01 -2.025512754917144775e-01 2.352795302867889404e-01
9.451038241386413574e-01 -2.118361145257949829e-01 2.488054335117340088e-01
9.394500851631164551e-01 -2.214610874652862549e-01 2.615121006965637207e-01
9.337857365608215332e-01 -2.311373203992843628e-01 2.731662392616271973e-01
9.282845258712768555e-01 -2.405992597341537476e-01 2.835486233234405518e-01
9.231264591217041016e-01 -2.496048063039779663e-01 2.924637496471405029e-01
9.184918403625488281e-01 -2.579383850097656250e-01 2.997339963912963867e-01
9.145564436912536621e-01 -2.654048800468444824e-01 3.051994144916534424e-01
9.114803075790405273e-01 -2.718338668346405029e-01 3.087233006954193115e-01
9.094001054763793945e-01 -2.770737707614898682e-01 3.101959824562072754e-01
9.084245562553405762e-01 -2.809871733188629150e-01 3.095334172248840332e-01
9.086210131645202637e-01 -2.834554910659790039e-01 3.066934645175933838e-01
9.100136756896972656e-01 -2.843749821186065674e-01 3.016718626022338867e-01
9.125773906707763672e-01 -2.836522459983825684e-01 2.945230603218078613e-01
9.162368774414062500e-01 -2.812087237834930420e-01 2.853620052337646484e-01
9.208728075027465820e-01 -2.769782841205596924e-01 2.743650674819946289e-01
9.263204932212829590e-01 -2.709158360958099365e-01 2.617918550968170166e-01
9.323856830596923828e-01 -2.629895806312561035e-01 2.479788362979888916e-01
9.388539791107177734e-01 -2.531933188438415527e-01 2.333372980356216431e-01
9.455059170722961426e-01 -2.415450960397720337e-01 2.183448672294616699e-01
9.521282315254211426e-01 -2.280911654233932495e-01 2.035347372293472290e-01
9.585272669792175293e-01 -2.129110395908355713e-01 1.894579082727432251e-01
9.645339846611022949e-01 -1.961249560117721558e-01 1.766609698534011841e-01
9.700091481208801270e-01 -1.778933554887771606e-01 1.656388491392135620e-01
9.748383760452270508e-01 -1.584325730800628662e-01 1.568098217248916626e-01
9.789315462112426758e-01 -1.380212157964706421e-01 1.504764407873153687e-01
9.822213053703308105e-01 -1.170110553503036499e-01 1.467981040477752686e-01
9.846631884574890137e-01 -9.581405669450759888e-02 1.458015441894531250e-01
9.862405657768249512e-01 -7.490406930446624756e-02 1.473733186721801758e-01
9.869694709777832031e-01 -5.479165539145469666e-02 1.512915045022964478e-01
9.868996739387512207e-01 -3.598625585436820984e-02 1.572705209255218506e-01
9.861123561859130859e-01 -1.896872185170650482e-02 1.649933755397796631e-01
9.847081899642944336e-01 -4.148619249463081360e-03 1.741624176502227783e-01
9.827934503555297852e-01 8.165183477103710175e-03 1.845272183418273926e-01
9.804638624191284180e-01 1.777186617255210876e-02 1.958948820829391479e-01
9.777874946594238281e-01 2.458446286618709564e-02 2.081518769264221191e-01
9.747996330261230469e-01 2.861723676323890686e-02 2.212391644716262817e-01
9.714992046356201172e-01 2.996978722512722015e-02 2.351407259702682495e-01
9.678476452827453613e-01 2.881335839629173279e-02 2.498815059661865234e-01
9.637766480445861816e-01 2.537461183965206146e-02 2.655010223388671875e-01
9.591960310935974121e-01 1.990779303014278412e-02 2.820402383804321289e-01
9.540016651153564453e-01 1.268919836729764938e-02 2.995326519012451172e-01
9.480823278427124023e-01 4.005622584372758865e-03 3.179998993873596191e-01
9.413256645202636719e-01 -5.856078583747148514e-03 3.374488651752471924e-01
9.336247444152832031e-01 -1.660818606615066528e-02 3.578674495220184326e-01
9.248799681663513184e-01 -2.797207608819007874e-02 3.792289495468139648e-01
9.150003194808959961e-01 -3.967976197600364685e-02 4.014971852302551270e-01
9.039055705070495605e-01 -5.147847160696983337e-02 4.246231019496917725e-01
8.915222883224487305e-01 -6.312559545040130615e-02 4.485566318035125732e-01
8.777846693992614746e-01 -7.439573109149932861e-02 4.732435047626495361e-01
8.626234531402587891e-01 -8.508475869894027710e-02 4.986394643783569336e-01
8.459666371345520020e-01 -9.500584006309509277e-02 5.247040390968322754e-01
8.277269601821899414e-01 -1.039914414286613464e-01 5.514107942581176758e-01
8.077954649925231934e-01 -1.118962392210960388e-01 5.787449479103088379e-01
7.860290408134460449e-01 -1.185970455408096313e-01 6.067068576812744141e-01
7.622373104095458984e-01 -1.239957436919212341e-01 6.353103518486022949e-01
7.361705303192138672e-01 -1.280149072408676147e-01 6.645789146423339844e-01
7.075001597404479980e-01 -1.305978596210479736e-01 6.945413947105407715e-01
6.758077740669250488e-01 -1.317181438207626343e-01 7.252131700515747070e-01
6.405649781227111816e-01 -1.313644647598266602e-01 7.565842866897583008e-01
6.011219620704650879e-01 -1.295539736747741699e-01 7.885861396789550781e-01
5.567018985748291016e-01 -1.263320893049240112e-01 8.210500478744506836e-01
5.064187049865722656e-01 -1.217729598283767700e-01 8.536459207534790039e-01
4.493058621883392334e-01 -1.159848645329475403e-01 8.858169913291931152e-01
3.844204843044281006e-01 -1.091206371784210205e-01 9.166861772537231445e-01
3.109954893589019775e-01 -1.013945266604423523e-01 9.449872970581054688e-01
2.286674678325653076e-01 -9.308958798646926880e-02 9.690435528755187988e-01
1.377920508384704590e-01 -8.456408232450485229e-02 9.868445992469787598e-01
3.970978781580924988e-02 -7.625205069780349731e-02 9.962975382804870605e-01
-6.312263011932373047e-02 -6.862933188676834106e-02 9.956432580947875977e-01
-1.672801375389099121e-01 -6.216424331068992615e-02 9.839476346969604492e-01
-2.689000070095062256e-01 -5.723858624696731567e-02 9.614658355712890625e-01
-3.643804490566253662e-01 -5.408616736531257629e-02 9.296782016754150391e-01
-4.510039985179901123e-01 -5.275568738579750061e-02 8.909614086151123047e-01
-5.272787213325500488e-01 -5.311821401119232178e-02 8.480303883552551270e-01
-5.928677916526794434e-01 -5.492015928030014038e-02 8.034248948097229004e-01
-6.483181715011596680e-01 -5.783312395215034485e-02 7.591699361801147461e-01
-6.946970224380493164e-01 -6.150747463107109070e-02 7.166679501533508301e-01
-7.332974672317504883e-01 -6.560260057449340820e-02 6.767356395721435547e-01
-7.654237747192382812e-01 -6.980782747268676758e-02 6.397290825843811035e-01
-7.922730445861816406e-01 -7.385525107383728027e-02 6.056804060935974121e-01
-8.148916363716125488e-01 -7.751005887985229492e-02 5.744073987007141113e-01
-8.341593742370605469e-01 -8.057382702827453613e-02 5.456061959266662598e-01
-8.508005738258361816e-01 -8.288416266441345215e-02 5.189110636711120605e-01
-8.654019236564636230e-01 -8.429820090532302856e-02 4.939364194869995117e-01
-8.784337639808654785e-01 -8.469709008932113647e-02 4.702983498573303223e-01
-8.902693390846252441e-01 -8.398301899433135986e-02 4.476240277290344238e-01
-9.012001752853393555e-01 -8.207067847251892090e-02 4.255614876747131348e-01
-9.114471673965454102e-01 -7.889266312122344971e-02 4.037820398807525635e-01
-9.211720824241638184e-01 -7.439526170492172241e-02 3.819782435894012451e-01
-9.304850697517395020e-01 -6.854646652936935425e-02 3.598596155643463135e-01
-9.394488334655761719e-01 -6.132823601365089417e-02 3.371568620204925537e-01
-9.480823278427124023e-01 -5.275034159421920776e-02 3.136196732521057129e-01
-9.563647508621215820e-01 -4.285095259547233582e-02 2.890161275863647461e-01
-9.642358422279357910e-01 -3.169286996126174927e-02 2.631438374519348145e-01
-9.716015458106994629e-01 -1.937895081937313080e-02 2.358282804489135742e-01
-9.783379435539245605e-01 -6.050635594874620438e-03 2.069258987903594971e-01
-9.842950701713562012e-01 8.119694888591766357e-03 1.763438433408737183e-01
-9.893073439598083496e-01 2.292048931121826172e-02 1.440333425998687744e-01
-9.932001829147338867e-01 3.811169043183326721e-02 1.100044846534729004e-01
-9.958015680313110352e-01 5.343062430620193481e-02 7.432702183723449707e-02
-9.969533085823059082e-01 6.859743595123291016e-02 3.712940216064453125e-02
-9.965196847915649414e-01 8.334561437368392944e-02 -1.399932079948484898e-03
-9.943981170654296875e-01 9.741191565990447998e-02 -4.102813825011253357e-02
-9.905236363410949707e-01 1.105692833662033081e-01 -8.147045969963073730e-02
-9.848738312721252441e-01 1.226236075162887573e-01 -1.224215626716613770e-01
-9.774689078330993652e-01 1.334380507469177246e-01 -1.635505855083465576e-01
-9.683706164360046387e-01 1.429198533296585083e-01 -2.045297026634216309e-01
-9.576783776283264160e-01 1.510391533374786377e-01 -2.450293451547622681e-01
-9.455256462097167969e-01 1.578119695186614990e-01 -2.847396731376647949e-01
-9.320737719535827637e-01 1.633040308952331543e-01 -3.233731389045715332e-01
-9.175037145614624023e-01 1.676200330257415771e-01 -3.606806099414825439e-01
-9.020146727561950684e-01 1.708917021751403809e-01 -3.964410126209259033e-01
-8.858159780502319336e-01 1.732753366231918335e-01 -4.304714500904083252e-01
-8.691186308860778809e-01 1.749362051486968994e-01 -4.626338779926300049e-01
-8.521333336830139160e-01 1.760452687740325928e-01 -4.928253591060638428e-01
-8.350650668144226074e-01 1.767700612545013428e-01 -5.209785699844360352e-01
-8.181062936782836914e-01 1.772717833518981934e-01 -5.470619201660156250e-01
-8.014391660690307617e-01 1.776975095272064209e-01 -5.710682868957519531e-01
-7.852274775505065918e-01 1.781812161207199097e-01 -5.930169820785522461e-01
-7.696186304092407227e-01 1.788409948348999023e-01 -6.129461526870727539e-01
-7.547452449798583984e-01 1.797759681940078735e-01 -6.309043169021606445e-01
-7.407200932502746582e-01 1.810750812292098999e-01 -6.469509601593017578e-01
-7.276425957679748535e-01 1.828024089336395264e-01 -6.611499786376953125e-01
-7.155973315238952637e-01 1.850141584873199463e-01 -6.735652685165405273e-01
-7.046548724174499512e-01 1.877492517232894897e-01 -6.842600703239440918e-01
-6.948754191398620605e-01 1.910356432199478149e-01 -6.932918429374694824e-01
-6.863062977790832520e-01 1.948841214179992676e-01 -7.007167339324951172e-01
-6.789867877960205078e-01 1.993012875318527222e-01 -7.065804004669189453e-01
-6.729447841644287109e-01 2.042735815048217773e-01 -7.109271883964538574e-01
-6.681985259056091309e-01 2.097827643156051636e-01 -7.137940526008605957e-01
-6.647563576698303223e-01 2.157975733280181885e-01 -7.152134776115417480e-01
-6.626117229461669922e-01 2.222714424133300781e-01 -7.152209281921386719e-01
-6.617510318756103516e-01 2.291498482227325439e-01 -7.138459086418151855e-01
-6.621439456939697266e-01 2.363618165254592896e-01 -7.111247181892395020e-01
-6.637449264526367188e-01 2.438237667083740234e-01 -7.071015238761901855e-01
-6.665001511573791504e-01 2.514412403106689453e-01 -7.018224596977233887e-01
-6.703330278396606445e-01 2.591024339199066162e-01 -6.953557729721069336e-01
-6.751576662063598633e-01 2.666863203048706055e-01 -6.877794265747070312e-01
-6.808769106864929199e-01 2.740622162818908691e-01 -6.791880726814270020e-01
-6.873765587806701660e-01 2.810851037502288818e-01 -6.697048544883728027e-01
-6.945376992225646973e-01 2.876124382019042969e-01 -6.594667434692382812e-01
-7.022330760955810547e-01 2.934988141059875488e-01 -6.486347317695617676e-01
-7.103322744369506836e-01 2.985984981060028076e-01 -6.373907923698425293e-01
-7.187030315399169922e-01 3.027781546115875244e-01 -6.259323358535766602e-01
-7.272167801856994629e-01 3.059228360652923584e-01 -6.144647002220153809e-01
-7.357458472251892090e-01 3.079267144203186035e-01 -6.032074689865112305e-01
-7.441715598106384277e-01 3.087197542190551758e-01 -5.923687815666198730e-01
-7.523812055587768555e-01 3.082487583160400391e-01 -5.821556448936462402e-01
-7.602698802947998047e-01 3.064985275268554688e-01 -5.727550387382507324e-01
-7.677431106567382812e-01 3.034818768501281738e-01 -5.643308162689208984e-01
-7.747125029563903809e-01 2.992460727691650391e-01 -5.570208430290222168e-01
-7.811049222946166992e-01 2.938681244850158691e-01 -5.509233474731445312e-01
-7.868537306785583496e-01 2.874555885791778564e-01 -5.461049675941467285e-01
-7.919039726257324219e-01 2.801392078399658203e-01 -5.425957441329956055e-01
-7.962140440940856934e-01 2.720745205879211426e-01 -5.403875112533569336e-01
-7.997554540634155273e-01 2.634304463863372803e-01 -5.394400358200073242e-01
-8.025141954421997070e-01 2.543887794017791748e-01 -5.396826863288879395e-01
-8.044884204864501953e-01 2.451346218585968018e-01 -5.410243272781372070e-01
-8.056963086128234863e-01 2.358535677194595337e-01 -5.433475971221923828e-01
-8.061646223068237305e-01 2.267170697450637817e-01 -5.465325713157653809e-01
-8.059363961219787598e-01 2.178891897201538086e-01 -5.504459738731384277e-01
-8.050644397735595703e-01 2.095115035772323608e-01 -5.549560189247131348e-01
-8.036120533943176270e-01 2.017028331756591797e-01 -5.599318742752075195e-01
-8.016458153724670410e-01 1.945527046918869019e-01 -5.652550458908081055e-01
-7.992368936538696289e-01 1.881267875432968140e-01 -5.708141326904296875e-01
-7.964570522308349609e-01 1.824609637260437012e-01 -5.765103697776794434e-01
-7.933728694915771484e-01 1.775622814893722534e-01 -5.822638273239135742e-01
-7.900484800338745117e-01 1.734116673469543457e-01 -5.880065560340881348e-01
-7.865418195724487305e-01 1.699678599834442139e-01 -5.936858654022216797e-01
-7.828986048698425293e-01 1.671661585569381714e-01 -5.992705821990966797e-01
-7.791604995727539062e-01 1.649263054132461548e-01 -6.047381162643432617e-01
-7.753542065620422363e-01 1.631571948528289795e-01 -6.100865006446838379e-01
-7.715008854866027832e-01 1.617536544799804688e-01 -6.153227686882019043e-01
-7.676087021827697754e-01 1.606057286262512207e-01 -6.204698681831359863e-01
-7.636782526969909668e-01 1.596009135246276855e-01 -6.255581974983215332e-01
-7.597021460533142090e-01 1.586252301931381226e-01 -6.306271553039550781e-01
-7.556637525558471680e-01 1.575673222541809082e-01 -6.357238292694091797e-01
-7.515388727188110352e-01 1.563166677951812744e-01 -6.409012675285339355e-01
-7.472964525222778320e-01 1.547737866640090942e-01 -6.462144255638122559e-01
-7.429017424583435059e-01 1.528439372777938843e-01 -6.517174839973449707e-01
-7.383134365081787109e-01 1.504402309656143188e-01 -6.574655771255493164e-01
-7.334891557693481445e-01 1.474833637475967407e-01 -6.635075807571411133e-01
-7.283798456192016602e-01 1.439061164855957031e-01 -6.698908805847167969e-01
-7.229391932487487793e-01 1.396534740924835205e-01 -6.766504049301147461e-01
-7.171149849891662598e-01 1.346789598464965820e-01 -6.838185191154479980e-01
-7.108604907989501953e-01 1.289514601230621338e-01 -6.914108395576477051e-01
-7.041290998458862305e-01 1.224511191248893738e-01 -6.994339823722839355e-01
-6.968752145767211914e-01 1.151717975735664368e-01 -7.078844904899597168e-01
-6.890672445297241211e-01 1.071235314011573792e-01 -7.167362570762634277e-01
-6.806726455688476562e-01 9.832923859357833862e-02 -7.259587645530700684e-01
-6.716742515563964844e-01 8.882623910903930664e-02 -7.355022430419921875e-01
-6.620652675628662109e-01 7.866709679365158081e-02 -7.453060746192932129e-01
-6.518568396568298340e-01 6.791792809963226318e-02 -7.552945017814636230e-01
-6.410716176033020020e-01 5.665656924247741699e-02 -7.653870582580566406e-01
-6.297538280487060547e-01 4.497214034199714661e-02 -7.754918336868286133e-01
-6.179646253585815430e-01 3.296156600117683411e-02 -7.855145335197448730e-01
-6.057823300361633301e-01 2.072511985898017883e-02 -7.953604459762573242e-01
-5.933036208152770996e-01 8.370234631001949310e-03 -8.049352765083312988e-01
-5.806375741958618164e-01 -3.999916370958089828e-03 -8.141523599624633789e-01
-5.679088234901428223e-01 -1.628282666206359863e-02 -8.229304552078247070e-01
-5.552478432655334473e-01 -2.838624082505702972e-02 -8.312003612518310547e-01
-5.427887439727783203e-01 -4.022123664617538452e-02 -8.389055728912353516e-01
-5.306717753410339355e-01 -5.171317607164382935e-02 -8.459982872009277344e-01
-5.190288424491882324e-01 -6.279873847961425781e-02 -8.524466156959533691e-01
-5.079904794692993164e-01 -7.342361658811569214e-02 -8.582275509834289551e-01
-4.976771473884582520e-01 -8.354988694190979004e-02 -8.633289337158203125e-01
-4.881981313228607178e-01 -9.314832091331481934e-02 -8.677476048469543457e-01
-4.796507060527801514e-01 -1.022017747163772583e-01 -8.714872002601623535e-01
-4.721254408359527588e-01 -1.106999441981315613e-01 -8.745530843734741211e-01
-4.656908810138702393e-01 -1.186478361487388611e-01 -8.769576549530029297e-01
-4.604091048240661621e-01 -1.260511875152587891e-01 -8.787118196487426758e-01
-4.563270509243011475e-01 -1.329257637262344360e-01 -8.798274397850036621e-01
-4.534772634506225586e-01 -1.392913907766342163e-01 -8.803159594535827637e-01
-4.518856108188629150e-01 -1.451726406812667847e-01 -8.801841735839843750e-01
-4.515572190284729004e-01 -1.505997180938720703e-01 -8.794406652450561523e-01
-4.524927139282226562e-01 -1.556029617786407471e-01 -8.780878186225891113e-01
-4.546723067760467529e-01 -1.602174192667007446e-01 -8.761298060417175293e-01
-4.580652117729187012e-01 -1.644790917634963989e-01 -8.735690712928771973e-01
-4.626267254352569580e-01 -1.684253513813018799e-01 -8.704075813293457031e-01
-4.682916104793548584e-01 -1.720965802669525146e-01 -8.666519522666931152e-01
-4.749821722507476807e-01 -1.755296438932418823e-01 -8.623116016387939453e-01
-4.825977981090545654e-01 -1.787644177675247192e-01 -8.574045896530151367e-01
-4.910197257995605469e-01 -1.818373501300811768e-01 -8.519594073295593262e-01
-5.001124739646911621e-01 -1.847833842039108276e-01 -8.460157513618469238e-01
-5.097206830978393555e-01 -1.876353919506072998e-01 -8.396295309066772461e-01
-5.196744203567504883e-01 -1.904193609952926636e-01 -8.328738212585449219e-01
-5.297905206680297852e-01 -1.931602060794830322e-01 -8.258395791053771973e-01
-5.398764610290527344e-01 -1.958757042884826660e-01 -8.186367750167846680e-01
-5.497379899024963379e-01 -1.985763013362884521e-01 -8.113911747932434082e-01
-5.591799020767211914e-01 -2.012669146060943604e-01 -8.042446970939636230e-01
-5.680182576179504395e-01 -2.039461582899093628e-01 -7.973464131355285645e-01
-5.760779380798339844e-01 -2.066055089235305786e-01 -7.908529043197631836e-01
-5.832043886184692383e-01 -2.092293798923492432e-01 -7.849175930023193359e-01
-5.892645120620727539e-01 -2.117972671985626221e-01 -7.796853184700012207e-01
-5.941464900970458984e-01 -2.142810374498367310e-01 -7.752893567085266113e-01
-5.977663397789001465e-01 -2.166499048471450806e-01 -7.718408107757568359e-01
-6.000637412071228027e-01 -2.188708931207656860e-01 -7.694277167320251465e-01
-6.010074615478515625e-01 -2.209055721759796143e-01 -7.681085467338562012e-01
-6.005858182907104492e-01 -2.227168381214141846e-01 -7.679153680801391602e-01
-5.988159179687500000e-01 -2.242659926414489746e-01 -7.688460350036621094e-01
-5.957297682762145996e-01 -2.255182862281799316e-01 -7.708745598793029785e-01
-5.913847684860229492e-01 -2.264398336410522461e-01 -7.739438414573669434e-01
-5.858529806137084961e-01 -2.270025312900543213e-01 -7.779756188392639160e-01
-5.792271494865417480e-01 -2.271815985441207886e-01 -7.828694581985473633e-01
-5.716093182563781738e-01 -2.269632518291473389e-01 -7.885115742683410645e-01
-5.631213188171386719e-01 -2.263358980417251587e-01 -7.947744727134704590e-01
-5.538938045501708984e-01 -2.252977788448333740e-01 -8.015252351760864258e-01
-5.440669655799865723e-01 -2.238548845052719116e-01 -8.086286187171936035e-01
-5.337909460067749023e-01 -2.220207005739212036e-01 -8.159497976303100586e-01
-5.232172608375549316e-01 -2.198168486356735229e-01 -8.233615756034851074e-01
-5.125016570091247559e-01 -2.172695696353912354e-01 -8.307442665100097656e-01
-5.018002390861511230e-01 -2.144103944301605225e-01 -8.379884958267211914e-01
-4.912594854831695557e-01 -2.112759053707122803e-01 -8.450008630752563477e-01
-4.810228347778320312e-01 -2.079024612903594971e-01 -8.517004847526550293e-01
-4.712232053279876709e-01 -2.043320387601852417e-01 -8.580192923545837402e-01
-4.619801640510559082e-01 -2.006009221076965332e-01 -8.639060258865356445e-01
-4.533971250057220459e-01 -1.967527866363525391e-01 -8.693212270736694336e-01
-4.455665349960327148e-01 -1.928210705518722534e-01 -8.742370605468750000e-01
-4.385597705841064453e-01 -1.888448148965835571e-01 -8.786369562149047852e-01
-4.324348270893096924e-01 -1.848575472831726074e-01 -8.825122117996215820e-01
-4.272316098213195801e-01 -1.808921098709106445e-01 -8.858618140220642090e-01
-4.229743480682373047e-01 -1.769804656505584717e-01 -8.886903524398803711e-01
-4.196723401546478271e-01 -1.731528788805007935e-01 -8.910067677497863770e-01
-4.173167049884796143e-01 -1.694416105747222900e-01 -8.928248882293701172e-01
-4.158869087696075439e-01 -1.658776700496673584e-01 -8.941602706909179688e-01
-4.153487682342529297e-01 -1.624916642904281616e-01 -8.950318098068237305e-01
-4.156516194343566895e-01 -1.593178063631057739e-01 -8.954616785049438477e-01
-4.167345464229583740e-01 -1.563901156187057495e-01 -8.954744338989257812e-01
-4.185221195220947266e-01 -1.537437736988067627e-01 -8.950988650321960449e-01
-4.209301173686981201e-01 -1.514151841402053833e-01 -8.943663835525512695e-01
-4.238570630550384521e-01 -1.494436562061309814e-01 -8.933150768280029297e-01
-4.271931648254394531e-01 -1.478659510612487793e-01 -8.919874429702758789e-01
-4.308193624019622803e-01 -1.467191427946090698e-01 -8.904314637184143066e-01
-4.346053004264831543e-01 -1.460390537977218628e-01 -8.887017369270324707e-01
-4.384145438671112061e-01 -1.458585560321807861e-01 -8.868584632873535156e-01
-4.421038627624511719e-01 -1.462041884660720825e-01 -8.849681019783020020e-01
-4.455298185348510742e-01 -1.471005976200103760e-01 -8.830994367599487305e-01
-4.485494196414947510e-01 -1.485607177019119263e-01 -8.813245892524719238e-01
-4.510208964347839355e-01 -1.505913585424423218e-01 -8.797171711921691895e-01
-4.528173804283142090e-01 -1.531874537467956543e-01 -8.783450126647949219e-01
-4.538186490535736084e-01 -1.563335508108139038e-01 -8.772733211517333984e-01
-4.539244174957275391e-01 -1.600050181150436401e-01 -8.765563368797302246e-01
-4.530543684959411621e-01 -1.641614139080047607e-01 -8.762378692626953125e-01
-4.511523246765136719e-01 -1.687527894973754883e-01 -8.763470649719238281e-01
-4.481888115406036377e-01 -1.737209707498550415e-01 -8.768967390060424805e-01
-4.441600143909454346e-01 -1.789957135915756226e-01 -8.778852224349975586e-01
-4.390953779220581055e-01 -1.845029443502426147e-01 -8.792917728424072266e-01
-4.330457150936126709e-01 -1.901626437902450562e-01 -8.810842633247375488e-01
-4.260928034782409668e-01 -1.958962827920913696e-01 -8.832154870033264160e-01
-4.183324575424194336e-01 -2.016243636608123779e-01 -8.856328725814819336e-01
-4.098861515522003174e-01 -2.072710543870925903e-01 -8.882747292518615723e-01
-4.008808135986328125e-01 -2.127693444490432739e-01 -8.910800814628601074e-01
-3.914522826671600342e-01 -2.180595248937606812e-01 -8.939883112907409668e-01
-3.817352950572967529e-01 -2.230912148952484131e-01 -8.969439268112182617e-01
-3.718561828136444092e-01 -2.278264462947845459e-01 -8.998988866806030273e-01
-3.619360625743865967e-01 -2.322378009557723999e-01 -9.028110504150390625e-01
-3.520764410495758057e-01 -2.363078743219375610e-01 -9.056493043899536133e-01
-3.423629999160766602e-01 -2.400336712598800659e-01 -9.083894491195678711e-01
-3.328627049922943115e-01 -2.434170246124267578e-01 -9.110162258148193359e-01
-3.236191868782043457e-01 -2.464749962091445923e-01 -9.135210514068603516e-01
-3.146586120128631592e-01 -2.492270469665527344e-01 -9.159016609191894531e-01
-3.059886693954467773e-01 -2.517009675502777100e-01 -9.181599020957946777e-01
-2.975985109806060791e-01 -2.539316117763519287e-01 -9.203009605407714844e-01
-2.894664704799652100e-01 -2.559547424316406250e-01 -9.223320484161376953e-01
-2.815573215484619141e-01 -2.578119337558746338e-01 -9.242610335350036621e-01
-2.738253772258758545e-01 -2.595461308956146240e-01 -9.260969161987304688e-01
-2.662256956100463867e-01 -2.611987888813018799e-01 -9.278464913368225098e-01
-2.587064504623413086e-01 -2.628132998943328857e-01 -9.295161366462707520e-01
-2.512201368808746338e-01 -2.644302546977996826e-01 -9.311096072196960449e-01
-2.437211722135543823e-01 -2.660897970199584961e-01 -9.326286315917968750e-01
-2.361724227666854858e-01 -2.678276896476745605e-01 -9.340722560882568359e-01
-2.285424470901489258e-01 -2.696768045425415039e-01 -9.354372024536132812e-01
-2.208114862442016602e-01 -2.716649472713470459e-01 -9.367178678512573242e-01
-2.129725068807601929e-01 -2.738159596920013428e-01 -9.379059672355651855e-01
-2.050250917673110962e-01 -2.761491239070892334e-01 -9.389922022819519043e-01
-1.969841420650482178e-01 -2.786762714385986328e-01 -9.399663209915161133e-01
-1.888741254806518555e-01 -2.814056873321533203e-01 -9.408174157142639160e-01
-1.807295829057693481e-01 -2.843390405178070068e-01 -9.415349364280700684e-01
-1.725913435220718384e-01 -2.874745428562164307e-01 -9.421097040176391602e-01
-1.645081043243408203e-01 -2.908038198947906494e-01 -9.425339102745056152e-01
-1.565337479114532471e-01 -2.943156659603118896e-01 -9.428018927574157715e-01
-1.487231105566024780e-01 -2.979930639266967773e-01 -9.429112076759338379e-01
-1.411325335502624512e-01 -3.018190562725067139e-01 -9.428610801696777344e-01
-1.338176578283309937e-01 -3.057701885700225830e-01 -9.426544308662414551e-01
-1.268297433853149414e-01 -3.098248839378356934e-01 -9.422964453697204590e-01
-1.202179491519927979e-01 -3.139596581459045410e-01 -9.417945146560668945e-01
-1.140256151556968689e-01 -3.181482553482055664e-01 -9.411588311195373535e-01
-1.082908213138580322e-01 -3.223672509193420410e-01 -9.404001832008361816e-01
-1.030440330505371094e-01 -3.265938460826873779e-01 -9.395310282707214355e-01
-9.831117838621139526e-02 -3.308035731315612793e-01 -9.385647773742675781e-01
-9.411305934190750122e-02 -3.349748849868774414e-01 -9.375150203704833984e-01
-9.045956283807754517e-02 -3.390889763832092285e-01 -9.363951086997985840e-01
-8.735888451337814331e-02 -3.431254923343658447e-01 -9.352182745933532715e-01
-8.481159061193466187e-02 -3.470680713653564453e-01 -9.339972138404846191e-01
-8.281254023313522339e-02 -3.508992493152618408e-01 -9.327442646026611328e-01
-8.135196566581726074e-02 -3.546050786972045898e-01 -9.314703941345214844e-01
-8.041313290596008301e-02 -3.581720888614654541e-01 -9.301863312721252441e-01
-7.997715473175048828e-02 -3.615873456001281738e-01 -9.289016127586364746e-01
-8.001738786697387695e-02 -3.648402690887451172e-01 -9.276253581047058105e-01
-8.050478249788284302e-02 -3.679208159446716309e-01 -9.263655543327331543e-01
-8.140523731708526611e-02 -3.708215355873107910e-01 -9.251294732093811035e-01
-8.268118649721145630e-02 -3.735373616218566895e-01 -9.239229559898376465e-01
-8.429071307182312012e-02 -3.760650157928466797e-01 -9.227514266967773438e-01
-8.619130402803421021e-02 -3.784023821353912354e-01 -9.216196537017822266e-01
-8.833723515272140503e-02 -3.805544674396514893e-01 -9.205296635627746582e-01
-9.068039804697036743e-02 -3.825259506702423096e-01 -9.194840788841247559e-01
-9.317621588706970215e-02 -3.843280673027038574e-01 -9.184824824333190918e-01
-9.577865153551101685e-02 -3.859737217426300049e-01 -9.175242185592651367e-01
-9.844467043876647949e-02 -3.874819576740264893e-01 -9.166058301925659180e-01
-1.011347174644470215e-01 -3.888742625713348389e-01 -9.157230257987976074e-01
-1.038145944476127625e-01 -3.901753723621368408e-01 -9.148692488670349121e-01
-1.064533963799476624e-01 -3.914149701595306396e-01 -9.140360951423645020e-01
-1.090315356850624084e-01 -3.926229774951934814e-01 -9.132136702537536621e-01
-1.115333586931228638e-01 -3.938334286212921143e-01 -9.123899936676025391e-01
-1.139532700181007385e-01 -3.950800597667694092e-01 -9.115516543388366699e-01
-1.162943243980407715e-01 -3.963974714279174805e-01 -9.106836318969726562e-01
-1.185694932937622070e-01 -3.978182077407836914e-01 -9.097702503204345703e-01
-1.207999736070632935e-01 -3.993749022483825684e-01 -9.087943434715270996e-01
-1.230169534683227539e-01 -4.010958075523376465e-01 -9.077383875846862793e-01
-1.252592802047729492e-01 -4.030068516731262207e-01 -9.065845608711242676e-01
-1.275715529918670654e-01 -4.051319956779479980e-01 -9.053140282630920410e-01
-1.300081014633178711e-01 -4.074864685535430908e-01 -9.039096236228942871e-01
-1.326251029968261719e-01 -4.100860357284545898e-01 -9.023524522781372070e-01
-1.354845166206359863e-01 -4.129383862018585205e-01 -9.006252288818359375e-01
-1.386509090662002563e-01 -4.160494506359100342e-01 -8.987094759941101074e-01
-1.421882510185241699e-01 -4.194214940071105957e-01 -8.965869545936584473e-01
-1.461645364761352539e-01 -4.230532050132751465e-01 -8.942381143569946289e-01
-1.506442725658416748e-01 -4.269430041313171387e-01 -8.916423320770263672e-01
-1.556934118270874023e-01 -4.310860633850097656e-01 -8.887768983840942383e-01
-1.613747179508209229e-01 -4.354823529720306396e-01 -8.856146931648254395e-01
-1.677516847848892212e-01 -4.401284754276275635e-01 -8.821259737014770508e-01
-1.748848110437393188e-01 -4.450257718563079834e-01 -8.782752156257629395e-01
-1.828320771455764771e-01 -4.501785933971405029e-01 -8.740204572677612305e-01
-1.916532069444656372e-01 -4.555945396423339844e-01 -8.693115115165710449e-01
-2.014025300741195679e-01 -4.612853527069091797e-01 -8.640908002853393555e-01
-2.121340930461883545e-01 -4.672686457633972168e-01 -8.582884669303894043e-01
-2.238976806402206421e-01 -4.735645651817321777e-01 -8.518254160881042480e-01
-2.367376387119293213e-01 -4.801989793777465820e-01 -8.446089625358581543e-01
-2.506940662860870361e-01 -4.872002601623535156e-01 -8.365336060523986816e-01
-2.657957375049591064e-01 -4.945998191833496094e-01 -8.274803161621093750e-01
-2.820604741573333740e-01 -5.024293065071105957e-01 -8.173167109489440918e-01
-2.994906008243560791e-01 -5.107206106185913086e-01 -8.058969378471374512e-01
-3.180696368217468262e-01 -5.195022821426391602e-01 -7.930631041526794434e-01
-3.377578258514404297e-01 -5.287963151931762695e-01 -7.786489129066467285e-01
-3.584888577461242676e-01 -5.386197566986083984e-01 -7.624791860580444336e-01
-3.801651298999786377e-01 -5.489794611930847168e-01 -7.443762421607971191e-01
-4.026561975479125977e-01 -5.598724484443664551e-01 -7.241622209548950195e-01
-4.257940649986267090e-01 -5.712872147560119629e-01 -7.016626000404357910e-01
-4.493744373321533203e-01 -5.832014679908752441e-01 -6.767116189002990723e-01
-4.731522202491760254e-01 -5.955913662910461426e-01 -6.491516232490539551e-01
-4.968421161174774170e-01 -6.084333062171936035e-01 -6.188349127769470215e-01
-5.201172232627868652e-01 -6.217114925384521484e-01 -5.856218934059143066e-01
-5.425997972488403320e-01 -6.354312896728515625e-01 -5.493746399879455566e-01
-5.638593435287475586e-01 -6.496245265007019043e-01 -5.099515914916992188e-01
-5.833948850631713867e-01 -6.643635630607604980e-01 -4.671954810619354248e-01
-6.006101369857788086e-01 -6.797692775726318359e-01 -4.209291040897369385e-01
-6.147802472114562988e-01 -6.960189342498779297e-01 -3.709486126899719238e-01
-6.250082254409790039e-01 -7.133428454399108887e-01 -3.170279264450073242e-01
-6.301655769348144531e-01 -7.320139408111572266e-01 -2.589342296123504639e-01
-6.288280487060546875e-01 -7.523152828216552734e-01 -1.964611113071441650e-01
-6.192079186439514160e-01 -7.744762897491455078e-01 -1.294916570186614990e-01
-5.991233587265014648e-01 -7.985455989837646484e-01 -5.810501426458358765e-02
-5.660223364830017090e-01 -8.242092728614807129e-01 1.725967228412628174e-02
-5.171820521354675293e-01 -8.505237698554992676e-01 9.556184709072113037e-02
-4.501747190952301025e-01 -8.756485581398010254e-01 1.748779267072677612e-01
-3.637154996395111084e-01 -8.967335224151611328e-01 2.521506547927856445e-01
-2.588188350200653076e-01 -9.102257490158081055e-01 3.232674300670623779e-01
-1.396748870611190796e-01 -9.128206968307495117e-01 3.837307095527648926e-01
-1.351218856871128082e-02 -9.027722477912902832e-01 4.299066364765167236e-01
1.110904663801193237e-01 -8.807932138442993164e-01 4.602849185466766357e-01
2.265921384096145630e-01 -8.498123884201049805e-01 4.758938252925872803e-01
3.282295763492584229e-01 -8.137705922126770020e-01 4.796277880668640137e-01
4.135522842407226562e-01 -7.765074968338012695e-01 4.754057824611663818e-01
4.814891815185546875e-01 -7.416655421257019043e-01 4.670121073722839355e-01
5.301838517189025879e-01 -7.152179479598999023e-01 4.553771018981933594e-01
