3.011668989719415102e+00 -2.015933803593296325e+00 -2.273206031559128704e+00
2.936646504650131995e+00 -1.896631140226366030e+00 -2.292540112959713827e+00
2.850337144446336346e+00 -1.764694464897395898e+00 -2.307932367392512063e+00
2.751991151552713788e+00 -1.620507042847963097e+00 -2.319290518437067128e+00
2.640961168159132288e+00 -1.464670880391988783e+00 -2.326542970254509957e+00
2.516724240729630413e+00 -1.298008009691739906e+00 -2.329645471239974786e+00
2.378901744503260751e+00 -1.121556284418670613e+00 -2.328587962536393441e+00
2.227276629615140724e+00 -9.365595243832837147e-01 -2.323401274429806485e+00
2.061807443253504957e+00 -7.444520347086296397e-01 -2.314163321775128068e+00
1.882638655238352277e+00 -5.468377217344758678e-01 -2.301004452349425744e+00
1.690106906212054616e+00 -3.454642244998857303e-01 -2.284111618918417186e+00
1.484742905874492980e+00 -1.421926684529938589e-01 -2.263731076585439705e+00
1.267268829517389506e+00 6.103618187487702684e-02 -2.240169351542535381e+00
1.038591189739992204e+00 2.622384505179998770e-01 -2.213792285311039443e+00
7.997892922519296288e-01 4.594253268205960583e-01 -2.185022029183758097e+00
5.520995167139484128e-01 6.506417892951759097e-01 -2.154331945413550553e+00
2.968957924094128287e-01 8.340047486224112516e-01 -2.122239461811771477e+00
3.566675974031147112e-02 1.007739502766006989e+00 -2.089297019802485611e+00
-2.300097837807718038e-01 1.170213463110766572e+00 -2.056081346240975716e+00
-4.984944665891440918e-01 1.319966216373832824e+00 -2.023181360361931524e+00
-7.681152064980925065e-01 1.455735126620100184e+00 -1.991185094227193142e+00
-1.037196573087842522e+00 1.576475848248956257e+00 -1.960666054416586590e+00
-1.304088865855033141e+00 1.681377306205486866e+00 -1.932169482254727066e+00
-1.567196152891672467e+00 1.769870894956810048e+00 -1.906198979061370036e+00
-1.825002569343137759e+00 1.841633844522265306e+00 -1.883203952716265839e+00
-2.076096251526879044e+00 1.896586892185867068e+00 -1.863568314026013972e+00
-2.319190376413538424e+00 1.934886574430102701e+00 -1.847600807888054364e+00
-2.553140881822701047e+00 1.956912607476861243e+00 -1.835527306934601199e+00
-2.776960554949723825e+00 1.963250950781147086e+00 -1.827485326388602394e+00
-2.989829291361032482e+00 1.954673242457003912e+00 -1.823520941041512522e+00
-3.191100440000356642e+00 1.932113357470973680e+00 -1.823588201686895172e+00
-3.380303259144939787e+00 1.896641868846533630e+00 -1.827551062184030073e+00
-3.557141610862270653e+00 1.849439191553516215e+00 -1.835187742780623354e+00
-3.721489114801905806e+00 1.791768162776714801e+00 -1.846197373585677592e+00
-3.873381064001976792e+00 1.724946766227476669e+00 -1.860208687237866254e+00
-4.013003474113542524e+00 1.650321646485020111e+00 -1.876790464889468879e+00
-4.140679691736337986e+00 1.569242985037601512e+00 -1.895463387515666120e+00
-4.256855026464708480e+00 1.483041225325184342e+00 -1.915712907468401616e+00
-4.362079894205424857e+00 1.393006042471865102e+00 -1.937002733955726086e+00
-4.456991966311722564e+00 1.300367857429449270e+00 -1.958788520134500111e+00
-4.542297810787652601e+00 1.206282098263794511e+00 -1.980531347448446500e+00
-4.618754489874849156e+00 1.111816317562401180e+00 -2.001710623576625547e+00
-4.687151545098634742e+00 1.017940188821440328e+00 -2.021836043059687338e+00
-4.748293758853888491e+00 9.255183292970017295e-01 -2.040458303313012589e+00
-4.802985032995062298e+00 8.353058334327054801e-01 -2.057178321509898655e+00
-4.852013671242954018e+00 7.479463492423685800e-01 -2.071654757097611821e+00
-4.896139294845130330e+00 6.639724885682223299e-01 -2.083609707561383306e+00
-4.936081561387201333e+00 5.838083295446562238e-01 -2.092832508952070292e+00
-4.972510796926910892e+00 5.077737453424749914e-01 -2.099181635863977213e+00
-5.006040593596948973e+00 4.360902778833528615e-01 -2.102584756473645733e+00
-5.037222369766204189e+00 3.688882695109271803e-01 -2.103037054831929709e+00
-5.066541838673839671e+00 3.062149694205066885e-01 -2.100597982137595743e+00
-5.094417285307302201e+00 2.480433433218022787e-01 -2.095386638895967657e+00
-5.121199511652092085e+00 1.942813319975668085e-01 -2.087576019580680065e+00
-5.147173278629490589e+00 1.447813251783350852e-01 -2.077386370628038659e+00
-5.172560049790617676e+00 9.934964006820834470e-02 -2.065077921641899295e+00
-5.197521827097779656e+00 5.775581774693756831e-02 -2.050943248839725008e+00
-5.222165862267757142e+00 1.974157465271317302e-02 -2.035299519178350280e+00
-5.246550027451357678e+00 -1.497072996458199967e-02 -2.018480843521426760e+00
-5.270688635940135036e+00 -4.667022618381894833e-02 -2.000830938451096497e+00
-5.294558516586715058e+00 -7.565035671444338139e-02 -1.982696260718450176e+00
-5.318105163787981482e+00 -1.022024579670821332e-01 -1.964419738781719715e+00
-5.341248806793555737e+00 -1.266101400304369684e-01 -1.946335185625500230e+00
-5.363890266068310098e+00 -1.491444825510565841e-01 -1.928762438614885388e+00
-5.385916488911552946e+00 -1.700600432987844635e-01 -1.912003237066046912e+00
-5.407205680497574107e+00 -1.895916618243877749e-01 -1.896337817661846836e+00
-5.427631969516079735e+00 -2.079520318776032495e-01 -1.882022182936570198e+00
-5.447069569466525429e+00 -2.253300108487396036e-01 -1.869285979502372408e+00
-5.465396417060419232e+00 -2.418896297704100085e-01 -1.858330910466552632e+00
-5.482497287545200493e+00 -2.577697620475117302e-01 -1.849329600293595055e+00
-5.498266402489690563e+00 -2.730844031259814786e-01 -1.842424830082637577e+00
-5.512609558197670623e+00 -2.879235071888566200e-01 -1.837729066728389204e+00
-5.525445812058204176e+00 -3.023543207803955912e-01 -1.835324220164435749e+00
-5.536708769448184242e+00 -3.164231469262142604e-01 -1.835261577739951244e+00
-5.546347515112014293e+00 -3.301574673128832016e-01 -1.837561882115028355e+00
-5.554327230606559418e+00 -3.435683458390043077e-01 -1.842215536917925389e+00
-5.560629534416265507e+00 -3.566530358966295555e-01 -1.849182940962504240e+00
-5.565252574976000233e+00 -3.693977161966253142e-01 -1.858394965967870016e+00
-5.568210900099721528e+00 -3.817802840234669204e-01 -1.869753604376148015e+00
-5.569535119976306348e+00 -3.937731382583308237e-01 -1.883132823491426633e+00
-5.569271375662402157e+00 -4.053458865368288477e-01 -1.898379669701992789e+00
-5.567480621219203840e+00 -4.164679124512752906e-01 -1.915315670942072002e+00
-5.564237725102100462e+00 -4.271107412610032350e-01 -1.933738585525335285e+00
-5.559630394809596865e+00 -4.372501470321232819e-01 -1.953424540580255941e+00
-5.553757928141926925e+00 -4.468679505788951123e-01 -1.974130593835925485e+00
-5.546729794939717628e+00 -4.559534657419300752e-01 -1.995597738702268753e+00
-5.538664055038575285e+00 -4.645045612280334635e-01 -2.017554354503261038e+00
-5.529685621358600756e+00 -4.725283164151700688e-01 -2.039720081885521008e+00
-5.519924381405055591e+00 -4.800412619281696491e-01 -2.061810079454062361e+00
-5.509513196000442647e+00 -4.870692086417059974e-01 -2.083539594134997675e+00
-5.498585800953922131e+00 -4.936466810306784359e-01 -2.104628757321564070e+00
-5.487274645394754735e+00 -4.998159817101681668e-01 -2.124807503386651142e+00
-5.475708708847166761e+00 -5.056259235502716942e-01 -2.143820497232826305e+00
-5.464011346731131979e+00 -5.111302746859643920e-01 -2.161431952832486125e+00
-5.452298219772420573e+00 -5.163859709818796606e-01 -2.177430224412267634e+00
-5.440675365912531980e+00 -5.214511599152369392e-01 -2.191632055281842018e+00
-5.429237473415405191e+00 -5.263831479659307755e-01 -2.203886375779262163e+00
-5.418066411359108159e+00 -5.312363289404896660e-01 -2.214077551090242846e+00
-5.407230069073105660e+00 -5.360601727172026321e-01 -2.222127991357014221e+00
-5.396781549320664340e+00 -5.408973529467531183e-01 -2.228000049907793656e+00
-5.386758750683821262e+00 -5.457820883568298420e-01 -2.231697150204940083e+00
-5.377184362469420442e+00 -5.507387650823349912e-01 -2.233264098264156061e+00
-5.368066281130736250e+00 -5.557808966929987937e-01 -2.232786555125130690e+00
-5.359398441923181267e+00 -5.609104650503209388e-01 -2.230389663625301111e+00
-5.351162044178327193e+00 -5.661176699748937668e-01 -2.226235844892733517e+00
-5.343327133313018784e+00 -5.713810995824549765e-01 -2.220521801620057634e+00
-5.335854487573445937e+00 -5.766683160895574867e-01 -2.213474786051012888e+00
-5.328697743288604016e+00 -5.819368341694394209e-01 -2.205348209676557758e+00
-5.321805680308427711e+00 -5.871354515769486859e-01 -2.196416688172971643e+00
-5.315124580623166395e+00 -5.922058762400246312e-01 -2.186970628746290668e+00
-5.308600568889857207e+00 -5.970845817396370769e-01 -2.177310477898329211e+00
-5.302181843989129284e+00 -6.017048149883156283e-01 -2.167740756088390786e+00
-5.295820715228289011e+00 -6.059986760816520324e-01 -2.158564011981103370e+00
-5.289475364499346632e+00 -6.098991901036607821e-01 -2.150074832643940503e+00
-5.283111266037274767e+00 -6.133422934857073461e-01 -2.142554046628621478e+00
-5.276702208392596738e+00 -6.162686635241152455e-01 -2.136263253811138796e+00
-5.270230878969728749e+00 -6.186253294838039984e-01 -2.131439808810713821e+00
-5.263688989566334797e+00 -6.203670170244506288e-01 -2.128292373511358804e+00
-5.257076940547610988e+00 -6.214571925571726885e-01 -2.126997138619260319e+00
-5.250403040272256128e+00 -6.218687883503281055e-01 -2.127694794728061112e+00
-5.243682314554602542e+00 -6.215846019097491792e-01 -2.130488311034242077e+00
-5.236934958223395498e+00 -6.205973748703057513e-01 -2.135441556065300173e+00
-5.230184496859661358e+00 -6.189095678940063072e-01 -2.142578771161601559e+00
-5.223455740647323431e+00 -6.165328587178158237e-01 -2.151884885311826423e+00
-5.216772622816206351e+00 -6.134873999891231611e-01 -2.163306639651414898e+00
-5.210156021402946536e+00 -6.098008813506934356e-01 -2.176754470866435920e+00
-5.203621664405367220e+00 -6.055074458725390185e-01 -2.192105084258249015e+00
-5.197178214903721560e+00 -6.006465138293348716e-01 -2.209204629718645840e+00
-5.190825625047151171e+00 -5.952615667416678580e-01 -2.227872378769757411e+00
-5.184553836853143416e+00 -5.893989417603028302e-01 -2.247904789604774134e+00
-5.178341894150698010e+00 -5.831066812514851261e-01 -2.269079840431402317e+00
-5.172157513911197491e+00 -5.764334752612968460e-01 -2.291161509434697319e+00
-5.165957146789968313e+00 -5.694277263312056414e-01 -2.313904282243879784e+00
-5.159686536387022571e+00 -5.621367584962724262e-01 -2.337057574700939888e+00
-5.153281765348221022e+00 -5.546061865338672847e-01 -2.360369969526924461e+00
-5.146670755084346460e+00 -5.468794574913350415e-01 -2.383593179648937799e+00
-5.139775165921151689e+00 -5.389975727502136493e-01 -2.406485667998941924e+00
-5.132512627286977214e+00 -5.309989939962728167e-01 -2.428815872655917030e+00
-5.124799214216928966e+00 -5.229197299430051737e-01 -2.450365005903351712e+00
-5.116552077667450682e+00 -5.147935925749139718e-01 -2.470929414791764867e+00
-5.107692132117404249e+00 -5.066526024663051686e-01 -2.490322508196128659e+00
-5.098146704519832539e+00 -4.985275134045711876e-01 -2.508376270320142876e+00
-5.087852053314350975e+00 -4.904484186913727339e-01 -2.524942392272004899e+00
-5.076755674135439378e+00 -4.824453966627275658e-01 -2.539893061143834174e+00
-5.064818319317595297e+00 -4.745491519518305057e-01 -2.553121449965894740e+00
-5.052015670643477563e+00 -4.667916116305977359e-01 -2.564541952446603990e+00
-5.038339618286815202e+00 -4.592064406970746138e-01 -2.574090204036619589e+00
-5.023799112897479269e+00 -4.518294481490935377e-01 -2.581722925746544828e+00
-5.008420571874546035e+00 -4.446988619270443865e-01 -2.587417619392311519e+00
-4.992247834863898781e+00 -4.378554577413720783e-01 -2.591172133133547995e+00
-4.975341677062075973e+00 -4.313425332409711044e-01 -2.593004105801465897e+00
-4.957778901481384892e+00 -4.252057252565170642e-01 -2.592950289611861248e+00
-4.939651042297735550e+00 -4.194926739488019640e-01 -2.591065744909917701e+00
-4.921062720153849490e+00 -4.142525435968353320e-01 -2.587422897866932470e+00
-4.902129696574220930e+00 -4.095354154175824268e-01 -2.582110452141072265e+00
-4.882976678783601088e+00 -4.053915727768127031e-01 -2.575232148159271706e+00
-4.863734928838940874e+00 -4.018707027500457718e-01 -2.566905368569163404e+00
-4.844539732633939444e+00 -3.990210398594155050e-01 -2.557259594519798895e+00
-4.825527785333785680e+00 -3.968884779795396334e-01 -2.546434723170477810e+00
-4.806834550298678010e+00 -3.955156750951941413e-01 -2.534579260968206071e+00
-4.788591648660783129e+00 -3.949411733544582748e-01 -2.521848409396756807e+00
-4.770924336485625972e+00 -3.951985546081476786e-01 -2.508402060431981884e+00
-4.753949125688802901e+00 -3.963156500194179865e-01 -2.494402718740426739e+00
-4.737771603117488795e+00 -3.983138210949665470e-01 -2.480013367973218141e+00
-4.722484499013487991e+00 -4.012073276462528870e-01 -2.465395300429678027e+00
-4.708166051281159170e+00 -4.050027950382403263e-01 -2.450705933260261649e+00
-4.694878705513237271e+00 -4.096987889025111018e-01 -2.436096639621993187e+00
-4.682668182477648600e+00 -4.152855012394617851e-01 -2.421710628501504647e+00
-4.671562934620824059e+00 -4.217445484288337987e-01 -2.407680910956080389e+00
-4.661574000985091004e+00 -4.290488796476328859e-01 -2.394128392391201565e+00
-4.652695255972988164e+00 -4.371627936720143270e-01 -2.381160129904441813e+00
-4.644904032554623363e+00 -4.460420625928922522e-01 -2.368867790980565324e+00
-4.638162086353279534e+00 -4.556341617912181285e-01 -2.357326345660673894e+00
-4.632416855134649403e+00 -4.658786059630734000e-01 -2.346593019670621505e+00
-4.627602959663394522e+00 -4.767073908994486908e-01 -2.336706531571283385e+00
-4.623643887069916580e+00 -4.880455400536483079e-01 -2.327686632829815583e+00
-4.620453796574255811e+00 -4.998117533385050271e-01 -2.319533965435870648e+00
-4.617939389176843434e+00 -5.119191528274359415e-01 -2.312230247089440915e+00
-4.616001787310574755e+00 -5.242761165154564695e-01 -2.305738789238164443e+00
-4.614538377032869398e+00 -5.367871879921414235e-01 -2.300005348667681915e+00
-4.613444573565220530e+00 -5.493540475036640114e-01 -2.294959309001872505e+00
-4.612615480122814304e+00 -5.618765285409573762e-01 -2.290515183821396850e+00
-4.611947419226158473e+00 -5.742536635229505970e-01 -2.286574427263391218e+00
-4.611339324495283165e+00 -5.863847419794264715e-01 -2.283027530267683680e+00
-4.610693989136329662e+00 -5.981703646561433718e-01 -2.279756370916440567e+00
-4.609919174918556628e+00 -6.095134774628687691e-01 -2.276636775610958008e+00
-4.608928592154218684e+00 -6.203203709333436899e-01 -2.273541234466750272e+00
-4.607642766573735393e+00 -6.305016343021373482e-01 -2.270341700533952345e+00
-4.605989812605621125e+00 -6.399730577881874716e-01 -2.266912390469899563e+00
-4.603906134178668452e+00 -6.486564808667785176e-01 -2.263132496421750517e+00
-4.601337073765748187e+00 -6.564805873277229642e-01 -2.258888716786791928e+00
-4.598237528128517937e+00 -6.633816498210861612e-01 -2.254077517910161976e+00
-4.594572545218614579e+00 -6.693042276873152341e-01 -2.248607049299801819e+00
-4.590317911106445159e+00 -6.742018220018819452e-01 -2.242398650360641454e+00
-4.585460728874839020e+00 -6.780374905766793914e-01 -2.235387905368905859e+00
-4.579999983205035541e+00 -6.807844231011641600e-01 -2.227525224004335502e+00
-4.573947074900882370e+00 -6.824264728865282459e-01 -2.218775946381935871e+00
-4.567326299383111632e+00 -6.829586370719161748e-01 -2.209119993897455281e+00
-4.560175233646652337e+00 -6.823874721495782891e-01 -2.198551110183807555e+00
-4.552544989002587528e+00 -6.807314269829209952e-01 -2.187075759426895694e+00
-4.544500283106264860e+00 -6.780210716892796086e-01 -2.174711770734926830e+00
-4.536119284175674338e+00 -6.742991980832174770e-01 -2.161486835061658507e+00
-4.527493182200132971e+00 -6.696207661082399509e-01 -2.147436972858964843e+00
-4.518725445937999297e+00 -6.640526713404955039e-01 -2.132605093699275756e+00
-4.509930731058760855e+00 -6.576733115061413892e-01 -2.117039761888577676e+00
-4.501233414742213057e+00 -6.505719345671964193e-01 -2.100794264654882504e+00
-4.492765745737512084e+00 -6.428477566327389647e-01 -2.083926053839939563e+00
-4.484665615649556791e+00 -6.346088448166161688e-01 -2.066496601187381543e+00
-4.477073975558923280e+00 -6.259707687797171349e-01 -2.048571674222163352e+00
-4.470131940264030490e+00 -6.170550349459645867e-01 -2.030222006480050911e+00
-4.463977639189340429e+00 -6.079873280353380594e-01 -2.011524303896556010e+00
-4.458742887696176105e+00 -5.988955940899822750e-01 -1.992562499765622830e+00
-4.454549764809875967e+00 -5.899080065871110667e-01 -1.973429145275051866e+00
-4.451507192865372886e+00 -5.811508622773782218e-01 -1.954226802654718931e+00
-4.449707620951257603e+00 -5.727464564017124005e-01 -1.935069294657977501e+00
-4.449223917224141012e+00 -5.648109884800457392e-01 -1.916082658593151189e+00
-4.450106575252221752e+00 -5.574525500151519264e-01 -1.897405656539231211e+00
-4.452381336331313832e+00 -5.507692433959956446e-01 -1.879189706402445648e+00
-4.456047322422406864e+00 -5.448474759513669552e-01 -1.861598121057174149e+00
-4.461075762028852587e+00 -5.397604645012140656e-01 -1.844804574159724320e+00
-4.467409373756730417e+00 -5.355669753172014325e-01 -1.828990749692390061e+00
-4.474962450563111815e+00 -5.323103138868489070e-01 -1.814343175397221897e+00
-4.483621663707327620e+00 -5.300175692133911598e-01 -1.801049284952420670e+00
-4.493247581085456410e+00 -5.286991088254423543e-01 -1.789292797015966885e+00
-4.503676871458489828e+00 -5.283483135836122280e-01 -1.779248538664919055e+00
-4.514725145227500569e+00 -5.289415364752266813e-01 -1.771076874597011575e+00
-4.526190364635402474e+00 -5.304382674967842437e-01 -1.764917930517094780e+00
-4.537856741816136186e+00 -5.327814875880182433e-01 -1.760885818309176232e+00
-4.549499031611729194e+00 -5.358981981290755758e-01 -1.759063080874157192e+00
-4.560887116888336479e+00 -5.397001181066310993e-01 -1.759495575212497664e+00
-4.571790776816081703e+00 -5.440845477135619612e-01 -1.762188003412114901e+00
-4.581984523513241925e+00 -5.489354038555595006e-01 -1.767100283327335708e+00
-4.591252390427231767e+00 -5.541244391631049426e-01 -1.774144925045178178e+00
-4.599392557559511374e+00 -5.595126611816972906e-01 -1.783185547145191396e+00
-4.606221704059037414e+00 -5.649519714721550345e-01 -1.794036629932194593e+00
-4.611578986944325109e+00 -5.702870439873082287e-01 -1.806464563114230870e+00
-4.615329554836693937e+00 -5.753574573330054731e-01 -1.820190004647718407e+00
-4.617367517070043448e+00 -5.800000863939993589e-01 -1.834891527206216733e+00
-4.617618301030898209e+00 -5.840517461383953890e-01 -1.850210489890372179e+00
-4.616040343671376611e+00 -5.873520654832017351e-01 -1.865757035729128654e+00
-4.612626076619415372e+00 -5.897465533602943566e-01 -1.881117080410846576e+00
-4.607402178438685603e+00 -5.910898038846260638e-01 -1.895860125089885218e+00
-4.600429082942960157e+00 -5.912487736150082718e-01 -1.909547697263013433e+00
-4.591799749534366981e+00 -5.901060515245134530e-01 -1.921742200513459675e+00
-4.581637720282043524e+00 -5.875630315343512988e-01 -1.932015938559530355e+00
-4.570094508148526025e+00 -5.835428889617593207e-01 -1.939960073004144636e+00
-4.557346380088194593e+00 -5.779932573616359814e-01 -1.945193277558858513e+00
-4.543590616167145768e+00 -5.708885025210134190e-01 -1.947369863391080091e+00
-4.529041340198174836e+00 -5.622314969111437133e-01 -1.946187169484151713e+00
-4.513925028173645160e+00 -5.520548112440359922e-01 -1.941392037316188812e+00
-4.498475808003231435e+00 -5.404212594701595096e-01 -1.932786219128701299e+00
-4.482930667478527198e+00 -5.274237576325488952e-01 -1.920230601521364155e+00
-4.467524686442270188e+00 -5.131844824259113036e-01 -1.903648159364816461e+00
-4.452486403808359583e+00 -4.978533394478033558e-01 -1.883025588467224454e+00
-4.438033421259611089e+00 -4.816057726730416655e-01 -1.858413599281039774e+00
-4.424368334217811949e+00 -4.646399653607960478e-01 -1.829925888151013869e+00
-4.411675067558955554e+00 -4.471734984788058864e-01 -1.797736836423226237e+00
-4.400115678742518632e+00 -4.294395460293332634e-01 -1.762078020117946231e+00
-4.389827674973440175e+00 -4.116826977617162320e-01 -1.723233642711135660e+00
-4.380921874544875472e+00 -3.941545087771675115e-01 -1.681535029416292737e+00
-4.373480826779335473e+00 -3.771088820399463026e-01 -1.637354341573733274e+00
-4.367557791306209580e+00 -3.607973931532830747e-01 -1.591097683317187483e+00
-4.363176266749688281e+00 -3.454646665588744781e-01 -1.543197779556332749e+00
-4.360330051338323187e+00 -3.313439085015213448e-01 -1.494106404875968908e+00
-4.358983812681804793e+00 -3.186526947104169061e-01 -1.444286737475099169e+00
-4.359074139904826950e+00 -3.075891000979293355e-01 -1.394205801262420330e+00
-4.360511047842497767e+00 -2.983282449007485515e-01 -1.344327144176166611e+00
-4.363179900091624930e+00 -2.910193184408417788e-01 -1.295103883877717355e+00
-4.366943715516167224e+00 -2.857831299122419733e-01 -1.246972234727223627e+00
-4.371645821088935513e+00 -2.827102259496777625e-01 -1.200345612678567875e+00
-4.377112812236877204e+00 -2.818596064264680678e-01 -1.155609397188112286e+00
-4.383157779757410388e+00 -2.832580617074974549e-01 -1.113116411458297872e+00
-4.389583759645515393e+00 -2.869001455729055516e-01 -1.073183164659136102e+00
-4.396187358780322185e+00 -2.927487877648223269e-01 -1.036086882525254049e+00
-4.402762505662920489e+00 -3.007365382365532747e-01 -1.002063336346174838e+00
-4.409104271666475228e+00 -3.107674213316866108e-01 -9.713054654546775524e-01
-4.415012704696582801e+00 -3.227193621794869349e-01 -9.439627752110635317e-01
-4.420296613825889231e+00 -3.364471302936956620e-01 -9.201414807750840641e-01
-4.424777240846151649e+00 -3.517857284098035442e-01 -8.999053557935636771e-01
-4.428291753746513848e+00 -3.685541398459852291e-01 -8.832772341592227683e-01
-4.430696498651788495e+00 -3.865593361845964249e-01 -8.702411028217864608e-01
-4.431869950497388189e+00 -4.056004390227390677e-01 -8.607447150652439705e-01
-4.431715307549093374e+00 -4.254729248019420984e-01 -8.547026468537548549e-01
-4.430162679775865975e+00 -4.459727604125208744e-01 -8.519997135580722469e-01
-4.427170825803934839e+00 -4.669003598638146735e-01 -8.524946606950640771e-01
-4.422728398074728062e+00 -4.880642592725423223e-01 -8.560240405686786458e-01
-4.416854661384490122e+00 -5.092844186406421114e-01 -8.624061869504785482e-01
-4.409599656429970871e+00 -5.303950736539717603e-01 -8.714452019797491733e-01
-4.401043787131095897e+00 -5.512470781491907168e-01 -8.829348730116577393e-01
-4.391296817946192199e+00 -5.717096972845686631e-01 -8.966624416295376765e-01
-4.380496274946827029e+00 -5.916718322547240838e-01 -9.124121515134783200e-01
-4.368805252315009824e+00 -6.110426788007419230e-01 -9.299685054651134486e-01
-4.356409634643780393e+00 -6.297518424430399442e-01 -9.491191645094813056e-01
-4.343514755154592066e+00 -6.477489515816631238e-01 -9.696574244789878394e-01
-4.330341520131763211e+00 -6.650028238566293437e-01 -9.913842093111262521e-01
-4.317122039446984694e+00 -6.815002508385099578e-01 -1.014109526857858823e+00
-4.304094811340372750e+00 -6.972444718432895261e-01 -1.037653343028920983e+00
-4.291499516902787192e+00 -7.122534107399780545e-01 -1.061845843590104810e+00
-4.279571486684168313e+00 -7.265577509646711230e-01 -1.086527069627254427e+00
-4.268535908953134950e+00 -7.401989236196617750e-01 -1.111545932249676794e+00
-4.258601856227281601e+00 -7.532270812008288186e-01 -1.136758634053056660e+00
-4.249956213344576739e+00 -7.656991250911332481e-01 -1.162026548101793955e+00
-4.242757596187035851e+00 -7.776768486916099121e-01 -1.187213627739877042e+00
-4.237130355074628874e+00 -7.892252501056147285e-01 -1.212183440047144733e+00
-4.233158760794670350e+00 -8.004110587138302257e-01 -1.236795930823311185e+00
-4.230881474162156763e+00 -8.113015090278674624e-01 -1.260904040017966521e+00
-4.230286401847451749e+00 -8.219633834289237218e-01 -1.284350295240217488e+00
-4.231306041806409901e+00 -8.324623332972692635e-01 -1.306963519045543975e+00
-4.233813420729963362e+00 -8.428624759594944837e-01 -1.328555793611142066e+00
-4.237618723340735194e+00 -8.532262533109387093e-01 -1.348919833129540891e+00
-4.242466709390350310e+00 -8.636145277335265380e-01 -1.367826917742587911e+00
-4.248035009445530363e+00 -8.740868828628066689e-01 -1.385025541171525987e+00
-4.253933385216596363e+00 -8.847020913120021701e-01 -1.400240916203294939e+00
-4.259704033630565156e+00 -8.955187086454493572e-01 -1.413175467372808303e+00
-4.264823004829747077e+00 -9.065957524686703017e-01 -1.423510418283291168e+00
-4.268702791651967310e+00 -9.179934271687160141e-01 -1.430908551692815500e+00
-4.270696131461641620e+00 -9.297738583824399772e-01 -1.435018183636703526e+00
-4.270101040746018484e+00 -9.420018065638896543e-01 -1.435478349411895671e+00
-4.266167079399394879e+00 -9.547453357596833445e-01 -1.431925151468792290e+00
-4.258102815935159491e+00 -9.680764210113533830e-01 -1.423999169643012763e+00
-4.245084437870008998e+00 -9.820714841296487307e-01 -1.411353784574671755e+00
-4.226265424190048137e+00 -9.968118512461372482e-01 -1.393664217016572282e+00
-4.200787170187876285e+00 -1.012384125799788981e+00 -1.370637040578097432e+00
-4.167790430068808227e+00 -1.028880468211649690e+00 -1.342019885461156248e+00
-4.126427420382549727e+00 -1.046398770047616056e+00 -1.307611019028653399e+00
-4.075874407972932545e+00 -1.065042707351935514e+00 -1.267268469188823188e+00
-4.015344589649991747e+00 -1.084921655724948364e+00 -1.220918351357333620e+00
-3.944101056739090172e+00 -1.106150448710924605e+00 -1.168562070207299852e+00
-3.861469625806744688e+00 -1.128848960993231954e+00 -1.110282092888226213e+00
-3.766851307547767203e+00 -1.153141498670583909e+00 -1.046246029311734160e+00
-3.659734179932892850e+00 -1.179155980634241097e+00 -9.767088058318341703e-01
-3.539704430317287098e+00 -1.207022897975911002e+00 -9.020127796775383455e-01
-3.406456335180272355e+00 -1.236874042459572109e+00 -8.225857107615763830e-01
-3.259800956144673911e+00 -1.268841000236337724e+00 -7.389365819891797749e-01
-3.099673347347698726e+00 -1.303053413046513231e+00 -6.516493354320092024e-01
-2.926138092217266617e+00 -1.339637016253411694e+00 -5.613746662095716600e-01
-2.739393016878541420e+00 -1.378711471389796550e+00 -4.688200853487261011e-01
-2.539770961859832088e+00 -1.420388020080174174e+00 -3.747385245959179989e-01
-2.327739531945494100e+00 -1.464766994793442967e+00 -2.799158082680627824e-01
-2.103898783924323279e+00 -1.511935227999608555e+00 -1.851573581848052208e-01
-1.868976851912534043e+00 -1.561963403760320723e+00 -9.127452568737244587e-02
-1.623823549418334622e+00 -1.614903394635181844e+00 9.290422631647310414e-04
-1.369402027044874126e+00 -1.670785623120202734e+00 9.067059934477375571e-02
-1.106778605435227103e+00 -1.729616482082553697e+00 1.772006751163520966e-01
-8.371109445195239473e-01 -1.791375843843008964e+00 2.598142819122317149e-01
-5.616347511938999393e-01 -1.856014683048558433e+00 3.378606559263336306e-01
-2.816492670048900138e-01 -1.923452834317713966e+00 4.107512957623032923e-01
1.498185629029633037e-03 -1.993576901860012462e+00 4.779661297953770038e-01
2.864282863675111646e-01 -2.066238334824109568e+00 5.390577154129565507e-01
5.717460872731364718e-01 -2.141251678796063818e+00 5.936534450631613113e-01
8.560573053557066769e-01 -2.218393010286129119e+00 6.414558028675424461e-01
1.137984158016127623e+00 -2.297398556986431029e+00 6.822407788388767935e-01
1.416180360711765118e+00 -2.377963502792384443e+00 7.158546039661956017e-01
1.689344920319623355e+00 -2.459740975365638960e+00 7.422090178770819335e-01
1.956234388251551159e+00 -2.542341218375641532e+00 7.612753210390625913e-01
2.215673283893119461e+00 -2.625330962252822253e+00 7.730774950511556387e-01
2.466562459991816780e+00 -2.708233025646417769e+00 7.776846969904241957e-01
2.707885254571959610e+00 -2.790526202119869570e+00 7.752034465123417428e-01
2.938711354743969828e+00 -2.871645509713923072e+00 7.657698269440067484e-01
3.158198381818704270e+00 -2.950982902398859853e+00 7.495420135037995646e-01
3.365591290608537900e+00 -3.027888560646551319e+00 7.266934229511182730e-01
3.560219756099717969e+00 -3.101672892280192606e+00 6.974067500547121989e-01
3.741493795987011151e+00 -3.171609383121864134e+00 6.618691185877723093e-01
3.908897946133925938e+00 -3.236938438177472843e+00 6.202685296887637811e-01
4.061984365844970135e+00 -3.296872346619795113e+00 5.727917398478639122e-01
4.200365298534622482e+00 -3.350601486894914327e+00 5.196236458386531698e-01
4.323705348157892203e+00 -3.397301862508413706e+00 4.609481959343035284e-01
4.431714049670519628e+00 -3.436144025866354923e+00 3.969507870608049438e-01
4.524139210487715168e+00 -3.466303408012205711e+00 3.278220476133371086e-01
4.600761478223367895e+00 -3.486972026734117769e+00 2.537628474212840213e-01
4.661390547572842991e+00 -3.497371495022596477e+00 1.749903222716053530e-01
4.705863356438208633e+00 -3.496767197445821207e+00 9.174465291079125784e-02
4.734044540010284408e+00 -3.484483445098584209e+00 4.296299146982320363e-03
4.745829314808722721e+00 -3.459919361871598653e+00 -8.704664053405639090e-02
4.741148856589761706e+00 -3.422565197661404213e+00 -1.819312935842442580e-01
4.719978120133041521e+00 -3.372018709905653555e+00 -2.799534608776541034e-01
4.682345928379827882e+00 -3.308001205716171622e+00 -3.806520023688685916e-01
4.628347036745195098e+00 -3.230372795279261577e+00 -4.835045002911501077e-01
4.558155760329003492e+00 -3.139146376034381181e+00 -5.879245109029671568e-01
4.472040643124365999e+00 -3.034499850015993427e+00 -6.932606757972481493e-01
4.370379555471653354e+00 -2.916786077247457420e+00 -7.987979133844033131e-01
4.253674534524008344e+00 -2.786540088856657160e+00 -9.037608517660814522e-01
4.122565636927400412e+00 -2.644483125658407374e+00 -1.007319597594897198e+00
3.977843056643441511e+00 -2.491523130525173269e+00 -1.108597863836776831e+00
3.820456775452658160e+00 -2.328751403594709224e+00 -1.206683404547106431e+00
3.651523058828945345e+00 -2.157435224911363303e+00 -1.300640628158261647e+00
3.472327184065916228e+00 -1.979006355842789722e+00 -1.389525183825514709e+00
3.284321888789679456e+00 -1.795045445103529147e+00 -1.472400240504075031e+00
3.089121153800727715e+00 -1.607262484207124142e+00 -1.548354108674963037e+00
2.888489081167205708e+00 -1.417473577340645940e+00 -1.616518792872867927e+00
2.684323792358033423e+00 -1.227574408381411075e+00 -1.676089011808429730e+00
2.478636446971540508e+00 -1.039510899212574113e+00 -1.726341184043030497e+00
2.273525664653982759e+00 -8.552476548447633942e-01 -1.766651852603186912e+00
2.071147814618055083e+00 -6.767348784675177864e-01 -1.796515012452184035e+00
1.873683811271991351e+00 -5.058745099475707718e-01 -1.815557810239633252e+00
1.683303212739943211e+00 -3.444863911701234738e-01 -1.823554106046115342e+00
1.502126553417956867e+00 -1.942752879072248695e-01 -1.820435422457354901e+00
1.332186944639195847e+00 -5.679959794833523701e-02 -1.806298857952332249e+00
1.175392042572529938e+00 6.655745240748227320e-02 -1.781411609437703047e+00
1.033487505159832009e+00 1.746133761037764742e-01 -1.746211832666890507e+00
9.080230384552288037e-01 2.664080890552179004e-01 -1.701305668810867866e+00
8.003220681895425459e-01 3.412211014394131992e-01 -1.647460378518948110e+00
7.114559679518137614e-01 3.985837848180771026e-01 -1.585593646565973014e+00
6.422236358752569929e-01 4.382863928494248329e-01 -1.516759243828051940e+00
5.931370433311254908e-01 4.603796516193567889e-01 -1.442129352009181797e+00
5.644131891462105255e-01 4.651708789732245664e-01 -1.362973964438207952e+00
5.559726889252500914e-01 4.532147374590266287e-01 -1.280637868720970296e+00
5.674450185374343425e-01 4.252988692339508825e-01 -1.196515790787604949e+00
5.981802207364520507e-01 3.824247994422239061e-01 -1.112026333394260602e+00
6.472666812688848692e-01 3.257846224958181880e-01 -1.028585375282355274e+00
7.135543928884385823e-01 2.567340987243148520e-01 -9.475796100327094074e-01
7.956829596671048943e-01 1.767628824722544956e-01 -8.703408957159792791e-01
8.921134568591498892e-01 8.746267231299859057e-02 -7.981220570697979966e-01
1.001163159437529870e+00 -9.505884591733043676e-03 -7.320747308723691837e-01
1.121042089680482690e+00 -1.124466911660737534e-01 -6.732297730426723970e-01
1.249890312804320835e+00 -2.196612783626278875e-01 -6.224806549315230475e-01
1.385814928798897672e+00 -3.294806840983720564e-01 -5.805701707367367792e-01
1.526925765069355956e+00 -4.402954219171896222e-01 -5.480806645986574521e-01
1.671368863438771779e+00 -5.505829110806912396e-01 -5.254278719653520113e-01
1.817356970849787423e+00 -6.589318333777118841e-01 -5.128583613319714907e-01
1.963196379335564679e+00 -7.640629821152242762e-01 -5.104504635995982254e-01
2.107309610746050499e+00 -8.648462729659887049e-01 -5.181184896274015905e-01
2.248253598604988301e+00 -9.603136925115984823e-01 -5.356199635441750706e-01
2.384733176748167427e+00 -1.049668066061247851e+00 -5.625655406164984385e-01
2.515609835683480622e+00 -1.132287629335540169e+00 -5.984312337589566821e-01
2.639905847535437999e+00 -1.207726486952881650e+00 -6.425725415262821816e-01
2.756803985468690765e+00 -1.275711132531702763e+00 -6.942400519881262166e-01
2.865643171778992304e+00 -1.336133288898369242e+00 -7.525960905376661847e-01
2.965910479197583438e+00 -1.389039401234178461e+00 -8.167319844656470984e-01
3.057229981395974683e+00 -1.434617180643980028e+00 -8.856855318782502762e-01
3.139349000968094661e+00 -1.473179650372320904e+00 -9.584582861957027244e-01
3.212122337180765008e+00 -1.505147191020806297e+00 -1.034032299219021622e+00
3.275495073015274983e+00 -1.531028113602317164e+00 -1.111386004681743866e+00
3.329484562741666931e+00 -1.551398309407012732e+00 -1.189508968990432347e+00
3.374162188193083889e+00 -1.566880533185117663e+00 -1.267415285011212145e+00
3.409635444717141528e+00 -1.578123870628565184e+00 -1.344155437073954351e+00
3.436030877819297835e+00 -1.585783921641043648e+00 -1.418826519883924719e+00
3.453478340938530788e+00 -1.590504196610402543e+00 -1.490580749552699924e+00
3.462096986294124878e+00 -1.592899173825944592e+00 -1.558632259774010098e+00
3.461983337186167020e+00 -1.593539403231821527e+00 -1.622262228404630413e+00
3.453201723927435740e+00 -1.592938966808121970e+00 -1.680822427823325027e+00
3.435777297715281176e+00 -1.591545522497447962e+00 -1.733737335026192650e+00
3.409691766649408429e+00 -1.589733071607294379e+00 -1.780504972618395909e+00
3.374881924919161058e+00 -1.587797503497772045e+00 -1.820696677519622497e+00
3.331240970073655383e+00 -1.585954888570898724e+00 -1.853956008724373383e+00
