-6.829822063446044922e-01 -1.453728228807449341e-01 0.000000000000000000e+00
-6.913920044898986816e-01 -1.475940346717834473e-01 0.000000000000000000e+00
-6.358972787857055664e-01 -9.962930530309677124e-02 0.000000000000000000e+00
-6.564086079597473145e-01 -1.227897852659225464e-01 0.000000000000000000e+00
-6.642241477966308594e-01 -1.396100819110870361e-01 0.000000000000000000e+00
-6.718171238899230957e-01 -1.368637382984161377e-01 0.000000000000000000e+00
-6.516807675361633301e-01 -1.271472573280334473e-01 0.000000000000000000e+00
-6.223731040954589844e-01 -9.367539733648300171e-02 0.000000000000000000e+00
-6.347960233688354492e-01 -1.057770252227783203e-01 0.000000000000000000e+00
-6.481694579124450684e-01 -1.082260534167289734e-01 0.000000000000000000e+00
-6.533814072608947754e-01 -1.101963147521018982e-01 0.000000000000000000e+00
-6.580288410186767578e-01 -1.147679910063743591e-01 0.000000000000000000e+00
-6.377370357513427734e-01 -9.443678706884384155e-02 0.000000000000000000e+00
-6.182779669761657715e-01 -7.303994148969650269e-02 0.000000000000000000e+00
-6.364570856094360352e-01 -9.027466922998428345e-02 0.000000000000000000e+00
-5.908353924751281738e-01 -4.844813048839569092e-02 0.000000000000000000e+00
-6.193530559539794922e-01 -7.921036332845687866e-02 0.000000000000000000e+00
-5.361744761466979980e-01 -2.860048413276672363e-02 0.000000000000000000e+00
-5.944828987121582031e-01 -4.826381802558898926e-02 0.000000000000000000e+00
-5.839288830757141113e-01 -5.363529920578002930e-02 0.000000000000000000e+00
-5.437119603157043457e-01 -3.581279516220092773e-02 0.000000000000000000e+00
-5.443099737167358398e-01 -2.989991009235382080e-02 0.000000000000000000e+00
-5.959070324897766113e-01 -6.712369620800018311e-02 0.000000000000000000e+00
-6.100530624389648438e-01 -6.565368175506591797e-02 0.000000000000000000e+00
-5.436920523643493652e-01 -2.187052369117736816e-02 0.000000000000000000e+00
-5.999181270599365234e-01 -5.380946397781372070e-02 0.000000000000000000e+00
-5.465790033340454102e-01 -4.332257062196731567e-02 0.000000000000000000e+00
-5.331405997276306152e-01 -2.647951245307922363e-02 0.000000000000000000e+00
-5.315162539482116699e-01 -2.162179350852966309e-02 0.000000000000000000e+00
-5.028573870658874512e-01 8.066669106483459473e-03 0.000000000000000000e+00
-5.142461061477661133e-01 -8.407607674598693848e-03 0.000000000000000000e+00
-4.871198534965515137e-01 2.309477329254150391e-02 0.000000000000000000e+00
-4.924171566963195801e-01 1.610927283763885498e-02 0.000000000000000000e+00
-4.835836887359619141e-01 3.076335787773132324e-02 0.000000000000000000e+00
-4.963442087173461914e-01 2.076567709445953369e-02 0.000000000000000000e+00
-5.380607843399047852e-01 -1.933561265468597412e-02 0.000000000000000000e+00
-4.862575531005859375e-01 1.909770071506500244e-02 0.000000000000000000e+00
-4.980612397193908691e-01 9.071066975593566895e-03 0.000000000000000000e+00
-4.371971487998962402e-01 5.910140275955200195e-02 0.000000000000000000e+00
-4.329513311386108398e-01 6.370835006237030029e-02 0.000000000000000000e+00
-4.309233725070953369e-01 6.584851443767547607e-02 0.000000000000000000e+00
-4.026301503181457520e-01 7.495045661926269531e-02 0.000000000000000000e+00
-4.116082191467285156e-01 5.742229521274566650e-02 0.000000000000000000e+00
-3.785343766212463379e-01 1.036749631166458130e-01 0.000000000000000000e+00
-3.840411901473999023e-01 9.536071121692657471e-02 0.000000000000000000e+00
-3.956142663955688477e-01 1.032298952341079712e-01 0.000000000000000000e+00
-3.729408681392669678e-01 1.175131052732467651e-01 0.000000000000000000e+00
-3.740639090538024902e-01 1.166693121194839478e-01 0.000000000000000000e+00
-3.585168719291687012e-01 1.310055702924728394e-01 0.000000000000000000e+00
-3.823066949844360352e-01 1.139564961194992065e-01 0.000000000000000000e+00
-3.755220174789428711e-01 1.175006777048110962e-01 0.000000000000000000e+00
-3.478729724884033203e-01 1.386099904775619507e-01 0.000000000000000000e+00
-3.244251608848571777e-01 1.539065390825271606e-01 0.000000000000000000e+00
-3.226776719093322754e-01 1.539522558450698853e-01 0.000000000000000000e+00
-2.947422862052917480e-01 1.761903315782546997e-01 0.000000000000000000e+00
-2.556123733520507812e-01 1.908706575632095337e-01 0.000000000000000000e+00
-2.463457584381103516e-01 1.770720332860946655e-01 0.000000000000000000e+00
-2.478570193052291870e-01 1.888472288846969604e-01 0.000000000000000000e+00
-2.360594570636749268e-01 1.925108879804611206e-01 0.000000000000000000e+00
-1.973740011453628540e-01 1.749989539384841919e-01 0.000000000000000000e+00
-1.555883586406707764e-01 1.585123389959335327e-01 0.000000000000000000e+00
-1.956031471490859985e-01 1.772647053003311157e-01 0.000000000000000000e+00
-1.664405018091201782e-01 1.712580472230911255e-01 0.000000000000000000e+00
-1.179034337401390076e-01 1.425283104181289673e-01 0.000000000000000000e+00
1.132078468799591064e-02 3.113336861133575439e-02 0.000000000000000000e+00
2.316378057003021240e-02 1.600997149944305420e-02 0.000000000000000000e+00
1.498305648565292358e-01 -1.315448880195617676e-01 0.000000000000000000e+00
2.309621125459671021e-01 -2.326701432466506958e-01 0.000000000000000000e+00
2.280919402837753296e-01 -2.365480661392211914e-01 0.000000000000000000e+00
2.292437106370925903e-01 -2.465802282094955444e-01 0.000000000000000000e+00
2.416465133428573608e-01 -2.448232173919677734e-01 0.000000000000000000e+00
2.478599995374679565e-01 -2.458105981349945068e-01 0.000000000000000000e+00
2.553048133850097656e-01 -2.411566078662872314e-01 0.000000000000000000e+00
2.481477707624435425e-01 -2.488189190626144409e-01 0.000000000000000000e+00
2.371471375226974487e-01 -2.469665706157684326e-01 0.000000000000000000e+00
2.278945595026016235e-01 -2.525265514850616455e-01 0.000000000000000000e+00
2.479800134897232056e-01 -2.427669912576675415e-01 0.000000000000000000e+00
2.378268986940383911e-01 -2.454595267772674561e-01 0.000000000000000000e+00
2.436162084341049194e-01 -2.454510331153869629e-01 0.000000000000000000e+00
2.340164035558700562e-01 -2.480483055114746094e-01 0.000000000000000000e+00
2.148492187261581421e-01 -2.549620270729064941e-01 0.000000000000000000e+00
1.908071488142013550e-01 -2.572446465492248535e-01 0.000000000000000000e+00
2.138680964708328247e-01 -2.584172785282135010e-01 0.000000000000000000e+00
2.334834188222885132e-01 -2.593533396720886230e-01 0.000000000000000000e+00
2.440511733293533325e-01 -2.583927512168884277e-01 0.000000000000000000e+00
2.262849956750869751e-01 -2.730530202388763428e-01 0.000000000000000000e+00
2.018674165010452271e-01 -2.894019186496734619e-01 0.000000000000000000e+00
1.830875724554061890e-01 -3.063974082469940186e-01 0.000000000000000000e+00
1.694920212030410767e-01 -2.967901229858398438e-01 0.000000000000000000e+00
1.681622117757797241e-01 -3.030541539192199707e-01 0.000000000000000000e+00
1.843572705984115601e-01 -3.040467500686645508e-01 0.000000000000000000e+00
1.852319687604904175e-01 -3.194821774959564209e-01 0.000000000000000000e+00
1.825736016035079956e-01 -3.293418884277343750e-01 0.000000000000000000e+00
1.720912605524063110e-01 -3.163108229637145996e-01 0.000000000000000000e+00
1.486462503671646118e-01 -3.335156738758087158e-01 0.000000000000000000e+00
1.488470882177352905e-01 -3.462804853916168213e-01 0.000000000000000000e+00
1.275489479303359985e-01 -3.535867333412170410e-01 0.000000000000000000e+00
1.092662662267684937e-01 -3.650775551795959473e-01 0.000000000000000000e+00
1.203003376722335815e-01 -3.673143386840820312e-01 0.000000000000000000e+00
1.232476383447647095e-01 -3.711794614791870117e-01 0.000000000000000000e+00
1.083400100469589233e-01 -3.802707791328430176e-01 0.000000000000000000e+00
1.105537265539169312e-01 -3.860472142696380615e-01 0.000000000000000000e+00
1.083444803953170776e-01 -3.838090598583221436e-01 0.000000000000000000e+00
9.678421914577484131e-02 -3.882452845573425293e-01 0.000000000000000000e+00
9.263403713703155518e-02 -3.973575234413146973e-01 0.000000000000000000e+00
8.489225804805755615e-02 -4.081388115882873535e-01 0.000000000000000000e+00
6.088007986545562744e-02 -4.178680777549743652e-01 0.000000000000000000e+00
1.043570041656494141e-02 -4.385648369789123535e-01 0.000000000000000000e+00
-3.326386213302612305e-04 -4.438070654869079590e-01 0.000000000000000000e+00
-1.513108611106872559e-03 -4.442901611328125000e-01 0.000000000000000000e+00
-2.394707500934600830e-02 -4.467450380325317383e-01 0.000000000000000000e+00
-3.904075920581817627e-02 -4.353086948394775391e-01 0.000000000000000000e+00
-4.393109679222106934e-02 -4.288229346275329590e-01 0.000000000000000000e+00
-6.869763135910034180e-02 -4.227014183998107910e-01 0.000000000000000000e+00
-6.065739691257476807e-02 -4.244955778121948242e-01 0.000000000000000000e+00
-7.033005356788635254e-02 -4.205732941627502441e-01 0.000000000000000000e+00
-7.593645155429840088e-02 -4.192894101142883301e-01 0.000000000000000000e+00
-7.124292850494384766e-02 -4.213864803314208984e-01 0.000000000000000000e+00
-1.062179580330848694e-01 -4.187877774238586426e-01 0.000000000000000000e+00
-9.010975807905197144e-02 -4.163525700569152832e-01 0.000000000000000000e+00
-1.005458235740661621e-01 -4.164924621582031250e-01 0.000000000000000000e+00
-1.013224422931671143e-01 -4.131370782852172852e-01 0.000000000000000000e+00
-1.053238511085510254e-01 -4.119371175765991211e-01 0.000000000000000000e+00
-1.162611767649650574e-01 -4.235748648643493652e-01 0.000000000000000000e+00
-1.425685584545135498e-01 -4.429938793182373047e-01 0.000000000000000000e+00
-1.545067131519317627e-01 -4.514519572257995605e-01 0.000000000000000000e+00
-1.922978609800338745e-01 -4.938080310821533203e-01 0.000000000000000000e+00
-1.688800007104873657e-01 -4.768798351287841797e-01 0.000000000000000000e+00
-1.824536025524139404e-01 -4.727699756622314453e-01 0.000000000000000000e+00
-2.109394967555999756e-01 -4.848348498344421387e-01 0.000000000000000000e+00
-2.510704100131988525e-01 -5.064639449119567871e-01 0.000000000000000000e+00
-2.508491873741149902e-01 -5.001139640808105469e-01 0.000000000000000000e+00
-2.884713709354400635e-01 -5.251905918121337891e-01 0.000000000000000000e+00
-2.870432436466217041e-01 -5.323024988174438477e-01 0.000000000000000000e+00
-3.119326829910278320e-01 -5.508561134338378906e-01 0.000000000000000000e+00
-3.464140295982360840e-01 -5.670155286788940430e-01 0.000000000000000000e+00
-3.282921314239501953e-01 -5.478121042251586914e-01 0.000000000000000000e+00
-3.445418477058410645e-01 -5.718515515327453613e-01 0.000000000000000000e+00
-3.403891324996948242e-01 -5.700417160987854004e-01 0.000000000000000000e+00
-3.315176665782928467e-01 -5.767576694488525391e-01 0.000000000000000000e+00
-3.541460633277893066e-01 -5.862885117530822754e-01 0.000000000000000000e+00
-3.467812836170196533e-01 -5.883637666702270508e-01 0.000000000000000000e+00
-3.707592487335205078e-01 -6.015084981918334961e-01 0.000000000000000000e+00
-3.665173649787902832e-01 -6.113259196281433105e-01 0.000000000000000000e+00
-3.904434442520141602e-01 -6.231898665428161621e-01 0.000000000000000000e+00
-3.885471224784851074e-01 -6.264841556549072266e-01 0.000000000000000000e+00
-3.502520620822906494e-01 -6.129212379455566406e-01 0.000000000000000000e+00
-3.977724313735961914e-01 -6.236969828605651855e-01 0.000000000000000000e+00
-3.903860151767730713e-01 -6.217982769012451172e-01 0.000000000000000000e+00
-4.127935171127319336e-01 -6.204835176467895508e-01 0.000000000000000000e+00
-4.109703302383422852e-01 -6.270163655281066895e-01 0.000000000000000000e+00
-7.528568506240844727e-01 -3.266434669494628906e-01 0.000000000000000000e+00
-5.930458903312683105e-01 -5.002805590629577637e-01 0.000000000000000000e+00
-4.437676072120666504e-01 -6.198219060897827148e-01 0.000000000000000000e+00
-6.741282939910888672e-01 -3.566975295543670654e-01 0.000000000000000000e+00
-7.823199629783630371e-01 -2.450872063636779785e-01 0.000000000000000000e+00
-7.629504799842834473e-01 -2.195496559143066406e-01 0.000000000000000000e+00
-7.433647513389587402e-01 -2.000821381807327271e-01 0.000000000000000000e+00
-7.031973600387573242e-01 -1.766734421253204346e-01 0.000000000000000000e+00
-7.207468152046203613e-01 -1.792496293783187866e-01 0.000000000000000000e+00
-6.837947964668273926e-01 -1.527239531278610229e-01 0.000000000000000000e+00
-6.887722015380859375e-01 -1.611069887876510620e-01 0.000000000000000000e+00
-6.600145697593688965e-01 -1.348829567432403564e-01 0.000000000000000000e+00
-6.833801269531250000e-01 -1.547234207391738892e-01 0.000000000000000000e+00
-6.874899268150329590e-01 -1.563815772533416748e-01 0.000000000000000000e+00
-6.699767112731933594e-01 -1.466770321130752563e-01 0.000000000000000000e+00
-7.002418637275695801e-01 -2.165935486555099487e-01 0.000000000000000000e+00
-6.874786019325256348e-01 -1.561363041400909424e-01 0.000000000000000000e+00
-7.060455679893493652e-01 -1.676297336816787720e-01 0.000000000000000000e+00
-6.963172554969787598e-01 -1.666090488433837891e-01 0.000000000000000000e+00
-6.791505217552185059e-01 -1.550440788269042969e-01 0.000000000000000000e+00
-6.877150535583496094e-01 -1.537200212478637695e-01 0.000000000000000000e+00
-6.888248324394226074e-01 -1.609746366739273071e-01 0.000000000000000000e+00
-6.967802047729492188e-01 -1.583059281110763550e-01 0.000000000000000000e+00
-6.788641810417175293e-01 -1.431210488080978394e-01 0.000000000000000000e+00
-6.824519038200378418e-01 -1.458590775728225708e-01 0.000000000000000000e+00
-6.636237502098083496e-01 -1.307823061943054199e-01 0.000000000000000000e+00
-6.600437164306640625e-01 -1.287145614624023438e-01 0.000000000000000000e+00
-6.487103104591369629e-01 -1.204937994480133057e-01 0.000000000000000000e+00
-6.993717551231384277e-01 -1.899152994155883789e-01 0.000000000000000000e+00
-6.722204685211181641e-01 -1.513265222311019897e-01 0.000000000000000000e+00
-6.572248339653015137e-01 -1.402184516191482544e-01 0.000000000000000000e+00
-6.405882239341735840e-01 -1.251125633716583252e-01 0.000000000000000000e+00
-6.537526845932006836e-01 -1.321390420198440552e-01 0.000000000000000000e+00
-6.344686746597290039e-01 -1.104556024074554443e-01 0.000000000000000000e+00
-6.258666515350341797e-01 -9.534949809312820435e-02 0.000000000000000000e+00
-6.466570496559143066e-01 -1.015151366591453552e-01 0.000000000000000000e+00
-6.416195631027221680e-01 -1.040958911180496216e-01 0.000000000000000000e+00
-6.562146544456481934e-01 -1.182180792093276978e-01 0.000000000000000000e+00
-6.379488110542297363e-01 -1.090080514550209045e-01 0.000000000000000000e+00
-6.223919987678527832e-01 -7.987453788518905640e-02 0.000000000000000000e+00
-6.222901940345764160e-01 -8.079476654529571533e-02 0.000000000000000000e+00
-6.273456811904907227e-01 -7.950554043054580688e-02 0.000000000000000000e+00
-6.139850020408630371e-01 -7.421834021806716919e-02 0.000000000000000000e+00
-6.124382615089416504e-01 -6.775279343128204346e-02 0.000000000000000000e+00
-6.093497276306152344e-01 -6.279727816581726074e-02 0.000000000000000000e+00
-5.859731435775756836e-01 -4.299975931644439697e-02 0.000000000000000000e+00
-6.081439852714538574e-01 -6.291128695011138916e-02 0.000000000000000000e+00
-5.883552432060241699e-01 -4.332394897937774658e-02 0.000000000000000000e+00
-6.116020083427429199e-01 -6.778989732265472412e-02 0.000000000000000000e+00
-6.400636434555053711e-01 -1.008649095892906189e-01 0.000000000000000000e+00
-6.006153225898742676e-01 -5.603334307670593262e-02 0.000000000000000000e+00
-6.043102741241455078e-01 -5.683967471122741699e-02 0.000000000000000000e+00
-5.901084542274475098e-01 -4.673054814338684082e-02 0.000000000000000000e+00
-6.011198163032531738e-01 -6.247340887784957886e-02 0.000000000000000000e+00
-5.765570402145385742e-01 -5.125094205141067505e-02 0.000000000000000000e+00
-5.018674135208129883e-01 5.494430661201477051e-03 0.000000000000000000e+00
-5.536062121391296387e-01 -4.360610246658325195e-02 0.000000000000000000e+00
-5.327972173690795898e-01 -2.274242043495178223e-02 0.000000000000000000e+00
-5.318946838378906250e-01 -1.994502544403076172e-02 0.000000000000000000e+00
-4.815723896026611328e-01 2.658149600028991699e-02 0.000000000000000000e+00
-5.059551596641540527e-01 1.045849919319152832e-02 0.000000000000000000e+00
-4.839317798614501953e-01 3.123657405376434326e-02 0.000000000000000000e+00
-4.772894382476806641e-01 3.152571618556976318e-02 0.000000000000000000e+00
-4.571145176887512207e-01 4.033388197422027588e-02 0.000000000000000000e+00
-4.487693905830383301e-01 5.660037696361541748e-02 0.000000000000000000e+00
-4.446916580200195312e-01 7.252259552478790283e-02 0.000000000000000000e+00
-4.279152154922485352e-01 8.382447063922882080e-02 0.000000000000000000e+00
-4.198413789272308350e-01 7.621538639068603516e-02 0.000000000000000000e+00
-4.090601801872253418e-01 9.117867052555084229e-02 0.000000000000000000e+00
-3.935454189777374268e-01 1.067969053983688354e-01 0.000000000000000000e+00
-3.747261464595794678e-01 1.215635389089584351e-01 0.000000000000000000e+00
-3.497420549392700195e-01 1.384017616510391235e-01 0.000000000000000000e+00
-3.586038351058959961e-01 1.319559961557388306e-01 0.000000000000000000e+00
-3.589915037155151367e-01 1.294032782316207886e-01 0.000000000000000000e+00
-3.264876604080200195e-01 1.556195169687271118e-01 0.000000000000000000e+00
-3.343049287796020508e-01 1.505377739667892456e-01 0.000000000000000000e+00
-3.332466483116149902e-01 1.498052924871444702e-01 0.000000000000000000e+00
-3.120696246623992920e-01 1.613974422216415405e-01 0.000000000000000000e+00
-3.133845329284667969e-01 1.638679355382919312e-01 0.000000000000000000e+00
-3.162337243556976318e-01 1.651961356401443481e-01 0.000000000000000000e+00
-2.681845724582672119e-01 1.937515884637832642e-01 0.000000000000000000e+00
-2.604827582836151123e-01 1.945239454507827759e-01 0.000000000000000000e+00
-2.569451034069061279e-01 1.952674537897109985e-01 0.000000000000000000e+00
-2.366671264171600342e-01 1.916048377752304077e-01 0.000000000000000000e+00
-2.480838298797607422e-01 1.901003569364547729e-01 0.000000000000000000e+00
-2.212630212306976318e-01 1.871839016675949097e-01 0.000000000000000000e+00
-2.189373373985290527e-01 1.829528361558914185e-01 0.000000000000000000e+00
-1.667363792657852173e-01 1.550377756357192993e-01 0.000000000000000000e+00
-1.871390342712402344e-01 1.790425628423690796e-01 0.000000000000000000e+00
-9.273701161146163940e-02 1.297323256731033325e-01 0.000000000000000000e+00
-3.258121013641357422e-02 8.326460421085357666e-02 0.000000000000000000e+00
3.354302048683166504e-02 1.453198492527008057e-02 0.000000000000000000e+00
1.024531871080398560e-01 -6.559117883443832397e-02 0.000000000000000000e+00
1.763165444135665894e-01 -1.699255406856536865e-01 0.000000000000000000e+00
1.633068472146987915e-01 -1.729845106601715088e-01 0.000000000000000000e+00
1.826545149087905884e-01 -2.050771415233612061e-01 0.000000000000000000e+00
2.131145149469375610e-01 -2.445857077836990356e-01 0.000000000000000000e+00
2.105039805173873901e-01 -2.074230909347534180e-01 0.000000000000000000e+00
2.149212211370468140e-01 -2.476396560668945312e-01 0.000000000000000000e+00
1.991967111825942993e-01 -2.588805258274078369e-01 0.000000000000000000e+00
2.198141962289810181e-01 -2.499416768550872803e-01 0.000000000000000000e+00
2.075421363115310669e-01 -2.483810782432556152e-01 0.000000000000000000e+00
1.895047873258590698e-01 -2.510234415531158447e-01 0.000000000000000000e+00
1.771710067987442017e-01 -2.637971341609954834e-01 0.000000000000000000e+00
1.904105395078659058e-01 -2.579168677330017090e-01 0.000000000000000000e+00
1.931667476892471313e-01 -2.540858089923858643e-01 0.000000000000000000e+00
1.905524879693984985e-01 -2.549434602260589600e-01 0.000000000000000000e+00
1.755789369344711304e-01 -2.617189288139343262e-01 0.000000000000000000e+00
1.548467725515365601e-01 -2.688684463500976562e-01 0.000000000000000000e+00
1.747308522462844849e-01 -2.606692314147949219e-01 0.000000000000000000e+00
1.754126697778701782e-01 -2.599796652793884277e-01 0.000000000000000000e+00
1.668419986963272095e-01 -2.645075917243957520e-01 0.000000000000000000e+00
1.477079540491104126e-01 -2.706410288810729980e-01 0.000000000000000000e+00
1.605470329523086548e-01 -2.692964375019073486e-01 0.000000000000000000e+00
1.283160299062728882e-01 -2.762449383735656738e-01 0.000000000000000000e+00
1.446603685617446899e-01 -2.785151004791259766e-01 0.000000000000000000e+00
1.621302813291549683e-01 -2.686393260955810547e-01 0.000000000000000000e+00
1.715006381273269653e-01 -2.739404439926147461e-01 0.000000000000000000e+00
1.465940922498703003e-01 -2.712748050689697266e-01 0.000000000000000000e+00
1.202964931726455688e-01 -2.857908606529235840e-01 0.000000000000000000e+00
1.491687744855880737e-01 -2.677377462387084961e-01 0.000000000000000000e+00
1.491123288869857788e-01 -2.746137678623199463e-01 0.000000000000000000e+00
1.506936699151992798e-01 -2.724847495555877686e-01 0.000000000000000000e+00
1.476236134767532349e-01 -2.762006521224975586e-01 0.000000000000000000e+00
1.392524689435958862e-01 -2.793113887310028076e-01 0.000000000000000000e+00
1.282491832971572876e-01 -2.829257845878601074e-01 0.000000000000000000e+00
1.182414740324020386e-01 -2.931023240089416504e-01 0.000000000000000000e+00
1.180052906274795532e-01 -2.943874597549438477e-01 0.000000000000000000e+00
1.258861571550369263e-01 -2.950802445411682129e-01 0.000000000000000000e+00
1.253836899995803833e-01 -3.084030449390411377e-01 0.000000000000000000e+00
1.236907094717025757e-01 -3.157209753990173340e-01 0.000000000000000000e+00
1.218067556619644165e-01 -3.159945607185363770e-01 0.000000000000000000e+00
1.353104263544082642e-01 -3.069629967212677002e-01 0.000000000000000000e+00
1.384632140398025513e-01 -3.145383894443511963e-01 0.000000000000000000e+00
1.267339736223220825e-01 -3.360077142715454102e-01 0.000000000000000000e+00
1.379696279764175415e-01 -3.290252685546875000e-01 0.000000000000000000e+00
1.334614306688308716e-01 -3.294243216514587402e-01 0.000000000000000000e+00
1.332671195268630981e-01 -3.427167832851409912e-01 0.000000000000000000e+00
1.177689284086227417e-01 -3.555752635002136230e-01 0.000000000000000000e+00
1.153673082590103149e-01 -3.582406640052795410e-01 0.000000000000000000e+00
1.259641498327255249e-01 -3.587922453880310059e-01 0.000000000000000000e+00
1.231081038713455200e-01 -3.581986427307128906e-01 0.000000000000000000e+00
1.259240359067916870e-01 -3.568146228790283203e-01 0.000000000000000000e+00
1.168603748083114624e-01 -3.653427660465240479e-01 0.000000000000000000e+00
1.093115955591201782e-01 -3.744165897369384766e-01 0.000000000000000000e+00
9.935612976551055908e-02 -3.794565200805664062e-01 0.000000000000000000e+00
1.131727546453475952e-01 -3.702318668365478516e-01 0.000000000000000000e+00
1.085272282361984253e-01 -3.746050298213958740e-01 0.000000000000000000e+00
9.598420560359954834e-02 -3.807502686977386475e-01 0.000000000000000000e+00
9.284515678882598877e-02 -3.814684748649597168e-01 0.000000000000000000e+00
1.047652214765548706e-01 -3.852262496948242188e-01 0.000000000000000000e+00
9.704484045505523682e-02 -3.904131948947906494e-01 0.000000000000000000e+00
9.652389585971832275e-02 -3.896461725234985352e-01 0.000000000000000000e+00
9.643734991550445557e-02 -3.939898908138275146e-01 0.000000000000000000e+00
8.918468654155731201e-02 -3.935224413871765137e-01 0.000000000000000000e+00
8.125565946102142334e-02 -3.969271183013916016e-01 0.000000000000000000e+00
7.750071585178375244e-02 -3.979476094245910645e-01 0.000000000000000000e+00
4.258516430854797363e-02 -4.201068878173828125e-01 0.000000000000000000e+00
4.283668100833892822e-02 -4.185452461242675781e-01 0.000000000000000000e+00
2.695724368095397949e-02 -4.193280339241027832e-01 0.000000000000000000e+00
2.881868183612823486e-02 -4.143289327621459961e-01 0.000000000000000000e+00
1.320421695709228516e-03 -4.282915592193603516e-01 0.000000000000000000e+00
-6.532877683639526367e-03 -4.322704672813415527e-01 0.000000000000000000e+00
-8.775413036346435547e-03 -4.324238896369934082e-01 0.000000000000000000e+00
-1.540035009384155273e-04 -4.204838275909423828e-01 0.000000000000000000e+00
-7.659479975700378418e-03 -4.207683801651000977e-01 0.000000000000000000e+00
-1.037529110908508301e-02 -4.181138277053833008e-01 0.000000000000000000e+00
-5.535739660263061523e-02 -4.267203211784362793e-01 0.000000000000000000e+00
-2.882517874240875244e-02 -4.209525585174560547e-01 0.000000000000000000e+00
-6.410239636898040771e-02 -4.326400160789489746e-01 0.000000000000000000e+00
-5.563020706176757812e-02 -4.220132231712341309e-01 0.000000000000000000e+00
-7.056532800197601318e-02 -4.382668137550354004e-01 0.000000000000000000e+00
-6.945478916168212891e-02 -4.363086819648742676e-01 0.000000000000000000e+00
-1.075080931186676025e-01 -4.631913304328918457e-01 0.000000000000000000e+00
-1.193923354148864746e-01 -4.878790378570556641e-01 0.000000000000000000e+00
-9.440091997385025024e-02 -4.668058753013610840e-01 0.000000000000000000e+00
-1.032320633530616760e-01 -4.772621989250183105e-01 0.000000000000000000e+00
-1.174531206488609314e-01 -4.842590689659118652e-01 0.000000000000000000e+00
-1.542275547981262207e-01 -5.045511722564697266e-01 0.000000000000000000e+00
-1.838893592357635498e-01 -5.203648805618286133e-01 0.000000000000000000e+00
-1.832669079303741455e-01 -5.304337143898010254e-01 0.000000000000000000e+00
-1.975489407777786255e-01 -5.105211138725280762e-01 0.000000000000000000e+00
-2.106464654207229614e-01 -5.322139859199523926e-01 0.000000000000000000e+00
-2.446691095829010010e-01 -5.208791494369506836e-01 0.000000000000000000e+00
-2.688256502151489258e-01 -5.596031546592712402e-01 0.000000000000000000e+00
-2.781170308589935303e-01 -5.823314785957336426e-01 0.000000000000000000e+00
-2.995976209640502930e-01 -5.858374834060668945e-01 0.000000000000000000e+00
-3.025172054767608643e-01 -5.868547558784484863e-01 0.000000000000000000e+00
-3.399810791015625000e-01 -6.064552664756774902e-01 0.000000000000000000e+00
-3.048208355903625488e-01 -6.107172966003417969e-01 0.000000000000000000e+00
-6.293776631355285645e-01 -3.637903630733489990e-01 0.000000000000000000e+00
-3.218168020248413086e-01 -6.284756064414978027e-01 0.000000000000000000e+00
-2.984638512134552002e-01 -6.131171584129333496e-01 0.000000000000000000e+00
-3.240411579608917236e-01 -6.175081729888916016e-01 0.000000000000000000e+00
-3.544687032699584961e-01 -6.454644203186035156e-01 0.000000000000000000e+00
-3.499287366867065430e-01 -6.405041217803955078e-01 0.000000000000000000e+00
-3.426621556282043457e-01 -6.216256618499755859e-01 0.000000000000000000e+00
-3.676834106445312500e-01 -6.446424126625061035e-01 0.000000000000000000e+00
-4.072142839431762695e-01 -6.333402395248413086e-01 0.000000000000000000e+00
-3.904763162136077881e-01 -6.504219174385070801e-01 0.000000000000000000e+00
-4.116794466972351074e-01 -6.414816975593566895e-01 0.000000000000000000e+00
-3.891029655933380127e-01 -6.473471522331237793e-01 0.000000000000000000e+00
-4.021663069725036621e-01 -6.324913501739501953e-01 0.000000000000000000e+00
-4.136542081832885742e-01 -6.271820664405822754e-01 0.000000000000000000e+00
-7.224379777908325195e-01 -3.536834120750427246e-01 0.000000000000000000e+00
-7.609592080116271973e-01 -3.202460110187530518e-01 0.000000000000000000e+00
-7.820610404014587402e-01 -2.529076039791107178e-01 0.000000000000000000e+00
-7.349684238433837891e-01 -1.981677412986755371e-01 0.000000000000000000e+00
-7.142507433891296387e-01 -1.901859343051910400e-01 0.000000000000000000e+00
-7.075229287147521973e-01 -1.725109517574310303e-01 0.000000000000000000e+00
-7.070649266242980957e-01 -1.754710525274276733e-01 0.000000000000000000e+00
-7.038339972496032715e-01 -1.725142896175384521e-01 0.000000000000000000e+00
-6.995515823364257812e-01 -1.708931624889373779e-01 0.000000000000000000e+00
-6.924083828926086426e-01 -2.014581114053726196e-01 0.000000000000000000e+00
-6.904821395874023438e-01 -1.960874795913696289e-01 0.000000000000000000e+00
-6.749059557914733887e-01 -1.397437751293182373e-01 0.000000000000000000e+00
-6.837855577468872070e-01 -1.470347046852111816e-01 0.000000000000000000e+00
-7.229343652725219727e-01 -1.847530305385589600e-01 0.000000000000000000e+00
-7.045843601226806641e-01 -1.748243868350982666e-01 0.000000000000000000e+00
-6.836735010147094727e-01 -1.561887413263320923e-01 0.000000000000000000e+00
-6.830346584320068359e-01 -1.620863527059555054e-01 0.000000000000000000e+00
-6.972389221191406250e-01 -1.775856018066406250e-01 0.000000000000000000e+00
-6.736984252929687500e-01 -1.498391181230545044e-01 0.000000000000000000e+00
-6.838247776031494141e-01 -1.606084108352661133e-01 0.000000000000000000e+00
-6.662344932556152344e-01 -1.335970759391784668e-01 0.000000000000000000e+00
-6.398097872734069824e-01 -1.067774146795272827e-01 0.000000000000000000e+00
-6.296535730361938477e-01 -9.518290311098098755e-02 0.000000000000000000e+00
-6.346856355667114258e-01 -9.496427327394485474e-02 0.000000000000000000e+00
-6.288825273513793945e-01 -8.997395634651184082e-02 0.000000000000000000e+00
-6.298975944519042969e-01 -8.254443109035491943e-02 0.000000000000000000e+00
-6.172903776168823242e-01 -7.461944222450256348e-02 0.000000000000000000e+00
-6.164245009422302246e-01 -7.128113508224487305e-02 0.000000000000000000e+00
-6.009279489517211914e-01 -5.607385188341140747e-02 0.000000000000000000e+00
-6.063084006309509277e-01 -6.247396767139434814e-02 0.000000000000000000e+00
-5.967165827751159668e-01 -5.729845166206359863e-02 0.000000000000000000e+00
-6.097232103347778320e-01 -6.653698533773422241e-02 0.000000000000000000e+00
-6.199548244476318359e-01 -7.138074189424514771e-02 0.000000000000000000e+00
-5.585992932319641113e-01 -2.719064056873321533e-02 0.000000000000000000e+00
-5.715764164924621582e-01 -4.423338174819946289e-02 0.000000000000000000e+00
-5.816621780395507812e-01 -4.068157076835632324e-02 0.000000000000000000e+00
-5.140527486801147461e-01 -4.785388708114624023e-03 0.000000000000000000e+00
-5.591835975646972656e-01 -2.592910826206207275e-02 0.000000000000000000e+00
-5.134966969490051270e-01 -9.450092911720275879e-03 0.000000000000000000e+00
-5.646736025810241699e-01 -4.559120535850524902e-02 0.000000000000000000e+00
-5.257433652877807617e-01 -2.633966505527496338e-02 0.000000000000000000e+00
-5.461440086364746094e-01 -3.009055554866790771e-02 0.000000000000000000e+00
-4.915044307708740234e-01 1.693937182426452637e-02 0.000000000000000000e+00
-4.859727025032043457e-01 2.262532711029052734e-02 0.000000000000000000e+00
-4.896615147590637207e-01 1.445476710796356201e-02 0.000000000000000000e+00
-4.856250286102294922e-01 2.860231697559356689e-02 0.000000000000000000e+00
-4.898037314414978027e-01 2.937008440494537354e-02 0.000000000000000000e+00
-4.935193657875061035e-01 2.467730641365051270e-02 0.000000000000000000e+00
-5.131153464317321777e-01 7.241308689117431641e-03 0.000000000000000000e+00
-4.876020550727844238e-01 3.439131379127502441e-02 0.000000000000000000e+00
-4.956147074699401855e-01 2.317868173122406006e-02 0.000000000000000000e+00
-4.636443853378295898e-01 6.378719210624694824e-02 0.000000000000000000e+00
-4.398827850818634033e-01 8.070045709609985352e-02 0.000000000000000000e+00
-4.473716318607330322e-01 7.625512778759002686e-02 0.000000000000000000e+00
-4.292032122611999512e-01 6.594835221767425537e-02 0.000000000000000000e+00
-4.216058254241943359e-01 7.005010545253753662e-02 0.000000000000000000e+00
-3.700637519359588623e-01 1.118015199899673462e-01 0.000000000000000000e+00
-3.779020905494689941e-01 1.052631586790084839e-01 0.000000000000000000e+00
-3.660756945610046387e-01 1.225819438695907593e-01 0.000000000000000000e+00
-3.483139276504516602e-01 1.102561205625534058e-01 0.000000000000000000e+00
-3.185518085956573486e-01 1.577986627817153931e-01 0.000000000000000000e+00
-3.241513967514038086e-01 1.444792300462722778e-01 0.000000000000000000e+00
-3.134582936763763428e-01 1.569734662771224976e-01 0.000000000000000000e+00
-3.105578720569610596e-01 1.624513715505599976e-01 0.000000000000000000e+00
-2.877346277236938477e-01 1.712494641542434692e-01 0.000000000000000000e+00
-2.769034504890441895e-01 1.771094650030136108e-01 0.000000000000000000e+00
-2.809091806411743164e-01 1.790965348482131958e-01 0.000000000000000000e+00
-2.508598864078521729e-01 1.789835840463638306e-01 0.000000000000000000e+00
-2.293499857187271118e-01 1.655745059251785278e-01 0.000000000000000000e+00
-2.201142311096191406e-01 1.629956513643264771e-01 0.000000000000000000e+00
-2.227476537227630615e-01 1.663466840982437134e-01 0.000000000000000000e+00
-8.772967010736465454e-02 9.680967032909393311e-02 0.000000000000000000e+00
-1.859438270330429077e-01 1.589576154947280884e-01 0.000000000000000000e+00
-7.006932795047760010e-02 1.032630652189254761e-01 0.000000000000000000e+00
-1.747735738754272461e-01 1.789375990629196167e-01 0.000000000000000000e+00
7.936686277389526367e-03 2.986179292201995850e-02 0.000000000000000000e+00
1.062872856855392456e-01 -9.298012405633926392e-02 0.000000000000000000e+00
6.319446861743927002e-02 -4.624568670988082886e-02 0.000000000000000000e+00
1.759415864944458008e-02 2.684545516967773438e-02 0.000000000000000000e+00
6.775094568729400635e-02 -2.252475917339324951e-02 0.000000000000000000e+00
1.009068638086318970e-01 -5.096276849508285522e-02 0.000000000000000000e+00
1.874488145112991333e-01 -1.466064602136611938e-01 0.000000000000000000e+00
2.025147825479507446e-01 -1.706556826829910278e-01 0.000000000000000000e+00
2.581846117973327637e-01 -2.505999207496643066e-01 0.000000000000000000e+00
2.552683353424072266e-01 -2.429848313331604004e-01 0.000000000000000000e+00
2.426271587610244751e-01 -2.482616901397705078e-01 0.000000000000000000e+00
2.518957257270812988e-01 -2.466408610343933105e-01 0.000000000000000000e+00
2.491733282804489136e-01 -2.477010488510131836e-01 0.000000000000000000e+00
2.464439421892166138e-01 -2.557139992713928223e-01 0.000000000000000000e+00
2.450752109289169312e-01 -2.593050599098205566e-01 0.000000000000000000e+00
2.083484381437301636e-01 -2.852786481380462646e-01 0.000000000000000000e+00
2.325939685106277466e-01 -2.830009162425994873e-01 0.000000000000000000e+00
2.148781269788742065e-01 -2.973455786705017090e-01 0.000000000000000000e+00
1.838355511426925659e-01 -3.211768269538879395e-01 0.000000000000000000e+00
1.976902931928634644e-01 -3.015256524085998535e-01 0.000000000000000000e+00
1.958475559949874878e-01 -3.073918223381042480e-01 0.000000000000000000e+00
2.085404247045516968e-01 -2.977855205535888672e-01 0.000000000000000000e+00
1.912037581205368042e-01 -3.256598711013793945e-01 0.000000000000000000e+00
1.552108377218246460e-01 -3.309482932090759277e-01 0.000000000000000000e+00
1.592588573694229126e-01 -3.438918590545654297e-01 0.000000000000000000e+00
1.831363886594772339e-01 -3.321945071220397949e-01 0.000000000000000000e+00
1.411167532205581665e-01 -3.549170196056365967e-01 0.000000000000000000e+00
1.197777539491653442e-01 -3.764215707778930664e-01 0.000000000000000000e+00
1.318802088499069214e-01 -3.713614940643310547e-01 0.000000000000000000e+00
1.573352068662643433e-01 -3.535416722297668457e-01 0.000000000000000000e+00
1.393228322267532349e-01 -3.689802885055541992e-01 0.000000000000000000e+00
1.156488209962844849e-01 -3.735499680042266846e-01 0.000000000000000000e+00
1.060989648103713989e-01 -3.996002674102783203e-01 0.000000000000000000e+00
9.298948943614959717e-02 -3.964015841484069824e-01 0.000000000000000000e+00
9.264253079891204834e-02 -3.954153060913085938e-01 0.000000000000000000e+00
5.548043549060821533e-02 -4.121578931808471680e-01 0.000000000000000000e+00
7.555510103702545166e-02 -3.999739587306976318e-01 0.000000000000000000e+00
3.865468502044677734e-02 -4.242491722106933594e-01 0.000000000000000000e+00
3.820157051086425781e-02 -4.153914451599121094e-01 0.000000000000000000e+00
1.601752638816833496e-02 -4.309267997741699219e-01 0.000000000000000000e+00
6.113648414611816406e-04 -4.323821067810058594e-01 0.000000000000000000e+00
2.270741760730743408e-02 -4.322110414505004883e-01 0.000000000000000000e+00
-1.910032331943511963e-02 -4.428513646125793457e-01 0.000000000000000000e+00
-3.027579188346862793e-02 -4.320372343063354492e-01 0.000000000000000000e+00
-1.564681529998779297e-02 -4.403790235519409180e-01 0.000000000000000000e+00
-2.816615998744964600e-02 -4.284695982933044434e-01 0.000000000000000000e+00
-1.479010283946990967e-02 -4.361619949340820312e-01 0.000000000000000000e+00
-5.279886722564697266e-02 -4.239574074745178223e-01 0.000000000000000000e+00
-5.307750403881072998e-02 -4.221906065940856934e-01 0.000000000000000000e+00
-5.448287725448608398e-02 -4.248200654983520508e-01 0.000000000000000000e+00
-1.003549471497535706e-01 -4.564666152000427246e-01 0.000000000000000000e+00
-7.441677153110504150e-02 -4.400184750556945801e-01 0.000000000000000000e+00
-1.134959459304809570e-01 -4.805178046226501465e-01 0.000000000000000000e+00
-1.213109642267227173e-01 -4.871317148208618164e-01 0.000000000000000000e+00
-1.177173852920532227e-01 -4.870301485061645508e-01 0.000000000000000000e+00
-1.184640079736709595e-01 -4.889732599258422852e-01 0.000000000000000000e+00
-1.384139060974121094e-01 -5.091695189476013184e-01 0.000000000000000000e+00
-1.221786141395568848e-01 -4.968373775482177734e-01 0.000000000000000000e+00
-1.415768861770629883e-01 -5.106961727142333984e-01 0.000000000000000000e+00
-1.521554142236709595e-01 -5.209005475044250488e-01 0.000000000000000000e+00
-1.656632125377655029e-01 -5.242834687232971191e-01 0.000000000000000000e+00
-1.847289949655532837e-01 -5.412873029708862305e-01 0.000000000000000000e+00
-2.426597326993942261e-01 -5.611669421195983887e-01 0.000000000000000000e+00
-2.733888626098632812e-01 -5.720613002777099609e-01 0.000000000000000000e+00
-2.889261245727539062e-01 -5.847752690315246582e-01 0.000000000000000000e+00
-3.032478094100952148e-01 -5.893733501434326172e-01 0.000000000000000000e+00
-3.339490890502929688e-01 -6.230012774467468262e-01 0.000000000000000000e+00
-3.473185598850250244e-01 -6.282473206520080566e-01 0.000000000000000000e+00
-3.606993257999420166e-01 -6.292477250099182129e-01 0.000000000000000000e+00
-3.705448508262634277e-01 -6.271394491195678711e-01 0.000000000000000000e+00
-3.572154641151428223e-01 -6.137820482254028320e-01 0.000000000000000000e+00
-3.662944436073303223e-01 -6.240442991256713867e-01 0.000000000000000000e+00
-3.776055872440338135e-01 -6.297151446342468262e-01 0.000000000000000000e+00
-3.813499808311462402e-01 -6.334448456764221191e-01 0.000000000000000000e+00
-3.686966300010681152e-01 -6.460945010185241699e-01 0.000000000000000000e+00
-3.794489502906799316e-01 -6.246098875999450684e-01 0.000000000000000000e+00
-3.871084451675415039e-01 -6.030843257904052734e-01 0.000000000000000000e+00
-4.171600341796875000e-01 -5.740550756454467773e-01 0.000000000000000000e+00
-5.257400870323181152e-01 -4.371627569198608398e-01 0.000000000000000000e+00
-4.917932152748107910e-01 -4.921271204948425293e-01 0.000000000000000000e+00
-6.785572767257690430e-01 -2.957851290702819824e-01 0.000000000000000000e+00
-6.356643438339233398e-01 -3.572804331779479980e-01 0.000000000000000000e+00
-6.745221614837646484e-01 -3.327364921569824219e-01 0.000000000000000000e+00
-7.191620469093322754e-01 -2.517333030700683594e-01 0.000000000000000000e+00
-7.401002645492553711e-01 -2.077358514070510864e-01 0.000000000000000000e+00
-7.953337430953979492e-01 -2.263159453868865967e-01 0.000000000000000000e+00
-8.067052364349365234e-01 -2.222167551517486572e-01 0.000000000000000000e+00
-8.364818692207336426e-01 -2.232151925563812256e-01 0.000000000000000000e+00
-8.660121560096740723e-01 -2.306542396545410156e-01 0.000000000000000000e+00
-8.557816743850708008e-01 -2.264462262392044067e-01 0.000000000000000000e+00
-8.914231061935424805e-01 -2.321046292781829834e-01 0.000000000000000000e+00
-8.500890135765075684e-01 -2.151902616024017334e-01 0.000000000000000000e+00
-8.397371768951416016e-01 -2.305587381124496460e-01 0.000000000000000000e+00
-8.199905157089233398e-01 -2.348343133926391602e-01 0.000000000000000000e+00
-8.166243433952331543e-01 -2.340050786733627319e-01 0.000000000000000000e+00
-8.222433924674987793e-01 -2.219383418560028076e-01 0.000000000000000000e+00
-8.020772337913513184e-01 -2.177269160747528076e-01 0.000000000000000000e+00
-7.958891391754150391e-01 -2.164199799299240112e-01 0.000000000000000000e+00
-8.227964043617248535e-01 -2.191227227449417114e-01 0.000000000000000000e+00
-8.115899562835693359e-01 -2.198823988437652588e-01 0.000000000000000000e+00
-7.961510419845581055e-01 -2.174152433872222900e-01 0.000000000000000000e+00
-7.686810493469238281e-01 -2.071389257907867432e-01 0.000000000000000000e+00
-7.697991728782653809e-01 -2.191079705953598022e-01 0.000000000000000000e+00
-7.832721471786499023e-01 -2.237125188112258911e-01 0.000000000000000000e+00
-7.661608457565307617e-01 -2.128578275442123413e-01 0.000000000000000000e+00
-7.667866945266723633e-01 -2.092075347900390625e-01 0.000000000000000000e+00
-7.721136212348937988e-01 -2.107672542333602905e-01 0.000000000000000000e+00
-7.703464031219482422e-01 -2.083956152200698853e-01 0.000000000000000000e+00
-7.558441162109375000e-01 -2.078327089548110962e-01 0.000000000000000000e+00
-7.488142848014831543e-01 -1.973200291395187378e-01 0.000000000000000000e+00
-7.541346549987792969e-01 -2.012600749731063843e-01 0.000000000000000000e+00
-7.776169776916503906e-01 -2.084251791238784790e-01 0.000000000000000000e+00
-7.616889476776123047e-01 -2.030460238456726074e-01 0.000000000000000000e+00
-7.690329551696777344e-01 -2.048659920692443848e-01 0.000000000000000000e+00
-7.933033108711242676e-01 -1.998747289180755615e-01 0.000000000000000000e+00
-7.423382997512817383e-01 -1.926921755075454712e-01 0.000000000000000000e+00
-7.393697500228881836e-01 -1.960716545581817627e-01 0.000000000000000000e+00
-7.358931303024291992e-01 -1.860849559307098389e-01 0.000000000000000000e+00
-7.503405809402465820e-01 -1.998639106750488281e-01 0.000000000000000000e+00
-7.733947634696960449e-01 -2.098913788795471191e-01 0.000000000000000000e+00
-7.537481188774108887e-01 -1.978808939456939697e-01 0.000000000000000000e+00
-7.343370318412780762e-01 -1.865131258964538574e-01 0.000000000000000000e+00
-7.276861071586608887e-01 -1.948507130146026611e-01 0.000000000000000000e+00
-7.229802012443542480e-01 -1.829378753900527954e-01 0.000000000000000000e+00
-7.180496454238891602e-01 -1.768450438976287842e-01 0.000000000000000000e+00
-6.919007897377014160e-01 -1.640396863222122192e-01 0.000000000000000000e+00
-6.917143464088439941e-01 -1.706361621618270874e-01 0.000000000000000000e+00
-7.021353244781494141e-01 -1.707230210304260254e-01 0.000000000000000000e+00
-7.149049639701843262e-01 -1.834944933652877808e-01 0.000000000000000000e+00
-7.359110116958618164e-01 -1.920927911996841431e-01 0.000000000000000000e+00
-7.105334401130676270e-01 -1.690876036882400513e-01 0.000000000000000000e+00
-6.827106475830078125e-01 -1.445859968662261963e-01 0.000000000000000000e+00
-6.714296340942382812e-01 -1.485584378242492676e-01 0.000000000000000000e+00
-6.379229426383972168e-01 -1.037453338503837585e-01 0.000000000000000000e+00
-6.373397111892700195e-01 -1.026674732565879822e-01 0.000000000000000000e+00
-6.335422992706298828e-01 -9.380524605512619019e-02 0.000000000000000000e+00
-6.213580965995788574e-01 -7.857301831245422363e-02 0.000000000000000000e+00
-6.272040009498596191e-01 -8.693055808544158936e-02 0.000000000000000000e+00
-6.212231516838073730e-01 -7.645063102245330811e-02 0.000000000000000000e+00
-6.108383536338806152e-01 -6.464824080467224121e-02 0.000000000000000000e+00
-6.284559965133666992e-01 -8.240224421024322510e-02 0.000000000000000000e+00
-6.006343364715576172e-01 -5.765848606824874878e-02 0.000000000000000000e+00
-6.461158394813537598e-01 -7.773734629154205322e-02 0.000000000000000000e+00
-6.527493596076965332e-01 -1.083975508809089661e-01 0.000000000000000000e+00
-6.703886985778808594e-01 -1.137906312942504883e-01 0.000000000000000000e+00
-6.703203916549682617e-01 -1.111208647489547729e-01 0.000000000000000000e+00
-6.963855624198913574e-01 -1.398070901632308960e-01 0.000000000000000000e+00
-6.851487755775451660e-01 -1.297966688871383667e-01 0.000000000000000000e+00
-7.043154835700988770e-01 -1.505464017391204834e-01 0.000000000000000000e+00
-6.923506855964660645e-01 -1.441151499748229980e-01 0.000000000000000000e+00
-7.169827222824096680e-01 -1.713973134756088257e-01 0.000000000000000000e+00
-6.613188385963439941e-01 -1.198431104421615601e-01 0.000000000000000000e+00
-6.665859818458557129e-01 -1.234964653849601746e-01 0.000000000000000000e+00
-6.747220754623413086e-01 -1.329869478940963745e-01 0.000000000000000000e+00
-7.139253616333007812e-01 -1.718698740005493164e-01 0.000000000000000000e+00
-6.824952363967895508e-01 -1.342067867517471313e-01 0.000000000000000000e+00
-6.935065388679504395e-01 -1.563233435153961182e-01 0.000000000000000000e+00
-7.101641297340393066e-01 -1.740359663963317871e-01 0.000000000000000000e+00
-6.933735013008117676e-01 -1.870445311069488525e-01 0.000000000000000000e+00
-7.176031470298767090e-01 -1.720839589834213257e-01 0.000000000000000000e+00
-6.906657218933105469e-01 -1.525157541036605835e-01 0.000000000000000000e+00
-7.058804631233215332e-01 -1.798584759235382080e-01 0.000000000000000000e+00
-6.975605487823486328e-01 -1.628430783748626709e-01 0.000000000000000000e+00
-7.061083316802978516e-01 -1.673859953880310059e-01 0.000000000000000000e+00
-6.560580134391784668e-01 -1.096479669213294983e-01 0.000000000000000000e+00
-6.668569445610046387e-01 -1.258727014064788818e-01 0.000000000000000000e+00
-7.239046692848205566e-01 -1.683912873268127441e-01 0.000000000000000000e+00
-6.806954145431518555e-01 -1.398265063762664795e-01 0.000000000000000000e+00
-6.701660752296447754e-01 -1.149002537131309509e-01 0.000000000000000000e+00
-6.149930953979492188e-01 -1.096413731575012207e-01 0.000000000000000000e+00
-7.274501919746398926e-01 -1.703704893589019775e-01 0.000000000000000000e+00
-6.949906945228576660e-01 -1.543524861335754395e-01 0.000000000000000000e+00
-7.038289904594421387e-01 -1.651877164840698242e-01 0.000000000000000000e+00
-7.149539589881896973e-01 -1.779756695032119751e-01 0.000000000000000000e+00
-7.234465479850769043e-01 -1.698116660118103027e-01 0.000000000000000000e+00
-7.027559280395507812e-01 -1.452238112688064575e-01 0.000000000000000000e+00
-7.110438942909240723e-01 -1.690939366817474365e-01 0.000000000000000000e+00
-7.102330923080444336e-01 -1.712043583393096924e-01 0.000000000000000000e+00
-6.992719769477844238e-01 -1.595658063888549805e-01 0.000000000000000000e+00
-6.403387784957885742e-01 -7.955061644315719604e-02 0.000000000000000000e+00
-6.348015069961547852e-01 -9.431388974189758301e-02 0.000000000000000000e+00
-6.804075837135314941e-01 -1.321207731962203979e-01 0.000000000000000000e+00
-6.661382317543029785e-01 -1.364590078592300415e-01 0.000000000000000000e+00
-5.684975385665893555e-01 -5.581685900688171387e-02 0.000000000000000000e+00
-5.618608593940734863e-01 -4.625787585973739624e-02 0.000000000000000000e+00
-6.235390305519104004e-01 -7.615784555673599243e-02 0.000000000000000000e+00
-6.324532032012939453e-01 -8.524169027805328369e-02 0.000000000000000000e+00
-6.416721940040588379e-01 -9.891007840633392334e-02 0.000000000000000000e+00
-5.509037971496582031e-01 -3.157597780227661133e-02 0.000000000000000000e+00
-5.317854881286621094e-01 -2.679334580898284912e-02 0.000000000000000000e+00
-5.633403658866882324e-01 -3.148521482944488525e-02 0.000000000000000000e+00
-5.661392211914062500e-01 -5.497405678033828735e-02 0.000000000000000000e+00
-5.064283609390258789e-01 -6.210356950759887695e-04 0.000000000000000000e+00
-5.284041762351989746e-01 -1.133616268634796143e-02 0.000000000000000000e+00
-5.499952435493469238e-01 -3.391823172569274902e-02 0.000000000000000000e+00
-5.582199096679687500e-01 -3.718777000904083252e-02 0.000000000000000000e+00
-5.496629476547241211e-01 -3.652960062026977539e-02 0.000000000000000000e+00
-5.459779500961303711e-01 -3.959333896636962891e-02 0.000000000000000000e+00
-5.099546909332275391e-01 -2.700597047805786133e-03 0.000000000000000000e+00
-5.469167232513427734e-01 -1.922389864921569824e-02 0.000000000000000000e+00
-5.375436544418334961e-01 -1.802657544612884521e-02 0.000000000000000000e+00
-4.927018880844116211e-01 2.682094275951385498e-02 0.000000000000000000e+00
-4.836934208869934082e-01 3.330314159393310547e-02 0.000000000000000000e+00
-4.880614876747131348e-01 2.727305889129638672e-02 0.000000000000000000e+00
-4.838212728500366211e-01 3.440175950527191162e-02 0.000000000000000000e+00
-5.377721786499023438e-01 -1.099872589111328125e-02 0.000000000000000000e+00
-5.091587305068969727e-01 1.616413891315460205e-02 0.000000000000000000e+00
-4.844920635223388672e-01 3.210045397281646729e-02 0.000000000000000000e+00
-5.046404004096984863e-01 1.634986698627471924e-02 0.000000000000000000e+00
-5.015417337417602539e-01 2.491952478885650635e-02 0.000000000000000000e+00
-4.462483525276184082e-01 6.105686724185943604e-02 0.000000000000000000e+00
-3.702055811882019043e-01 1.258210092782974243e-01 0.000000000000000000e+00
-3.806625008583068848e-01 1.107148975133895874e-01 0.000000000000000000e+00
-3.667724132537841797e-01 1.249963790178298950e-01 0.000000000000000000e+00
-3.410406708717346191e-01 1.439162939786911011e-01 0.000000000000000000e+00
-3.293259441852569580e-01 1.527670472860336304e-01 0.000000000000000000e+00
-3.278349041938781738e-01 1.604746133089065552e-01 0.000000000000000000e+00
-3.209689855575561523e-01 1.637607365846633911e-01 0.000000000000000000e+00
-3.250831663608551025e-01 1.596925407648086548e-01 0.000000000000000000e+00
-3.194676935672760010e-01 1.612159162759780884e-01 0.000000000000000000e+00
-2.682482004165649414e-01 2.047800570726394653e-01 0.000000000000000000e+00
-2.652845084667205811e-01 2.087775915861129761e-01 0.000000000000000000e+00
-2.729530632495880127e-01 1.963290423154830933e-01 0.000000000000000000e+00
-2.740461230278015137e-01 2.185525745153427124e-01 0.000000000000000000e+00
-2.661421298980712891e-01 2.205718010663986206e-01 0.000000000000000000e+00
-2.535346746444702148e-01 2.013281136751174927e-01 0.000000000000000000e+00
-1.969892680644989014e-01 1.775947362184524536e-01 0.000000000000000000e+00
-2.379302382469177246e-01 1.814577728509902954e-01 0.000000000000000000e+00
-1.597230136394500732e-01 1.615814119577407837e-01 0.000000000000000000e+00
-1.397532820701599121e-01 1.414886862039566040e-01 0.000000000000000000e+00
-7.132261991500854492e-03 5.794321000576019287e-02 0.000000000000000000e+00
8.331297338008880615e-02 -6.648330390453338623e-02 0.000000000000000000e+00
1.976986080408096313e-01 -1.911838352680206299e-01 0.000000000000000000e+00
2.167144864797592163e-01 -2.251196205615997314e-01 0.000000000000000000e+00
2.236727029085159302e-01 -2.489446401596069336e-01 0.000000000000000000e+00
2.364137917757034302e-01 -2.470856010913848877e-01 0.000000000000000000e+00
2.246556431055068970e-01 -2.411392331123352051e-01 0.000000000000000000e+00
2.297553867101669312e-01 -2.490183711051940918e-01 0.000000000000000000e+00
2.469684332609176636e-01 -2.455282807350158691e-01 0.000000000000000000e+00
2.441536635160446167e-01 -2.465010732412338257e-01 0.000000000000000000e+00
2.763063907623291016e-01 -2.397117316722869873e-01 0.000000000000000000e+00
2.654004096984863281e-01 -2.476434111595153809e-01 0.000000000000000000e+00
2.619219422340393066e-01 -2.489381581544876099e-01 0.000000000000000000e+00
2.651103138923645020e-01 -2.470447123050689697e-01 0.000000000000000000e+00
2.803496718406677246e-01 -2.421239912509918213e-01 0.000000000000000000e+00
2.771829366683959961e-01 -2.476041018962860107e-01 0.000000000000000000e+00
2.529917359352111816e-01 -2.590089738368988037e-01 0.000000000000000000e+00
2.094926089048385620e-01 -2.817248106002807617e-01 0.000000000000000000e+00
2.148521393537521362e-01 -2.881819605827331543e-01 0.000000000000000000e+00
2.175935059785842896e-01 -2.869063913822174072e-01 0.000000000000000000e+00
1.934547573328018188e-01 -3.057857155799865723e-01 0.000000000000000000e+00
1.719038635492324829e-01 -3.323423266410827637e-01 0.000000000000000000e+00
1.912670880556106567e-01 -3.220436573028564453e-01 0.000000000000000000e+00
1.864058524370193481e-01 -3.248715996742248535e-01 0.000000000000000000e+00
1.991420537233352661e-01 -3.139424920082092285e-01 0.000000000000000000e+00
1.658779531717300415e-01 -3.432138562202453613e-01 0.000000000000000000e+00
1.518558114767074585e-01 -3.680912852287292480e-01 0.000000000000000000e+00
1.602958887815475464e-01 -3.534796833992004395e-01 0.000000000000000000e+00
1.589456349611282349e-01 -3.564123511314392090e-01 0.000000000000000000e+00
1.260160356760025024e-01 -3.741396367549896240e-01 0.000000000000000000e+00
1.033877879381179810e-01 -3.921466469764709473e-01 0.000000000000000000e+00
1.058715730905532837e-01 -3.869826197624206543e-01 0.000000000000000000e+00
9.822554886341094971e-02 -3.836025595664978027e-01 0.000000000000000000e+00
9.523449838161468506e-02 -3.848932087421417236e-01 0.000000000000000000e+00
6.596125662326812744e-02 -4.005984663963317871e-01 0.000000000000000000e+00
4.304288327693939209e-02 -4.143979847431182861e-01 0.000000000000000000e+00
2.969650924205780029e-02 -4.189789891242980957e-01 0.000000000000000000e+00
2.328845858573913574e-02 -4.288254976272583008e-01 0.000000000000000000e+00
1.532591879367828369e-02 -4.314195513725280762e-01 0.000000000000000000e+00
4.640787839889526367e-03 -4.350156784057617188e-01 0.000000000000000000e+00
-7.332772016525268555e-03 -4.335901141166687012e-01 0.000000000000000000e+00
-4.073391854763031006e-02 -4.267101883888244629e-01 0.000000000000000000e+00
-3.823511302471160889e-02 -4.272198677062988281e-01 0.000000000000000000e+00
-5.040113627910614014e-02 -4.224103093147277832e-01 0.000000000000000000e+00
-5.441716313362121582e-02 -4.216574430465698242e-01 0.000000000000000000e+00
-6.650403141975402832e-02 -4.157216548919677734e-01 0.000000000000000000e+00
-7.105700671672821045e-02 -4.181649684906005859e-01 0.000000000000000000e+00
-9.240482002496719360e-02 -4.471912980079650879e-01 0.000000000000000000e+00
-1.026811674237251282e-01 -4.718019962310791016e-01 0.000000000000000000e+00
-1.038894653320312500e-01 -4.671323895454406738e-01 0.000000000000000000e+00
-1.354349702596664429e-01 -4.975486993789672852e-01 0.000000000000000000e+00
-1.415764093399047852e-01 -5.063923001289367676e-01 0.000000000000000000e+00
-1.486648470163345337e-01 -5.183387994766235352e-01 0.000000000000000000e+00
-1.502370685338973999e-01 -5.220571160316467285e-01 0.000000000000000000e+00
-1.345531344413757324e-01 -4.957650899887084961e-01 0.000000000000000000e+00
-1.449872553348541260e-01 -5.088343024253845215e-01 0.000000000000000000e+00
-1.563316285610198975e-01 -5.194302201271057129e-01 0.000000000000000000e+00
-1.633969098329544067e-01 -5.189328193664550781e-01 0.000000000000000000e+00
-1.838912665843963623e-01 -5.249614715576171875e-01 0.000000000000000000e+00
-2.178615331649780273e-01 -5.596364736557006836e-01 0.000000000000000000e+00
-2.365299761295318604e-01 -5.411412119865417480e-01 0.000000000000000000e+00
-2.314521968364715576e-01 -5.501829981803894043e-01 0.000000000000000000e+00
-2.505568265914916992e-01 -5.398870706558227539e-01 0.000000000000000000e+00
-3.084300160408020020e-01 -5.800593495368957520e-01 0.000000000000000000e+00
-3.099596500396728516e-01 -5.870875716209411621e-01 0.000000000000000000e+00
-3.214927017688751221e-01 -6.017313599586486816e-01 0.000000000000000000e+00
-3.513318896293640137e-01 -6.296186447143554688e-01 0.000000000000000000e+00
-3.448881804943084717e-01 -6.200658082962036133e-01 0.000000000000000000e+00
-3.699099421501159668e-01 -6.223799586296081543e-01 0.000000000000000000e+00
-3.795877099037170410e-01 -6.157031059265136719e-01 0.000000000000000000e+00
-3.694257736206054688e-01 -6.227795481681823730e-01 0.000000000000000000e+00
-3.469206690788269043e-01 -6.001095175743103027e-01 0.000000000000000000e+00
-3.398368656635284424e-01 -5.977563858032226562e-01 0.000000000000000000e+00
-3.731511235237121582e-01 -6.261771321296691895e-01 0.000000000000000000e+00
-3.931648135185241699e-01 -6.213524341583251953e-01 0.000000000000000000e+00
-3.525333702564239502e-01 -6.327894330024719238e-01 0.000000000000000000e+00
-3.453270494937896729e-01 -6.302234530448913574e-01 0.000000000000000000e+00
-3.308738172054290771e-01 -6.321907043457031250e-01 0.000000000000000000e+00
-3.259955048561096191e-01 -6.399964690208435059e-01 0.000000000000000000e+00
-3.483973145484924316e-01 -6.246675848960876465e-01 0.000000000000000000e+00
-6.014003753662109375e-01 -3.821835517883300781e-01 0.000000000000000000e+00
-6.184589266777038574e-01 -3.500815033912658691e-01 0.000000000000000000e+00
-7.354639172554016113e-01 -2.376278638839721680e-01 0.000000000000000000e+00
-7.105251550674438477e-01 -2.716681957244873047e-01 0.000000000000000000e+00
-7.266821265220642090e-01 -1.990750581026077271e-01 0.000000000000000000e+00
-7.323071360588073730e-01 -2.055400460958480835e-01 0.000000000000000000e+00
-7.448084950447082520e-01 -2.081551253795623779e-01 0.000000000000000000e+00
-7.356469631195068359e-01 -1.961268633604049683e-01 0.000000000000000000e+00
-7.374114394187927246e-01 -1.933110803365707397e-01 0.000000000000000000e+00
-7.369111180305480957e-01 -1.866400837898254395e-01 0.000000000000000000e+00
-7.073366641998291016e-01 -1.729048043489456177e-01 0.000000000000000000e+00
-7.109125256538391113e-01 -1.766682565212249756e-01 0.000000000000000000e+00
-7.220454812049865723e-01 -1.845167577266693115e-01 0.000000000000000000e+00
-6.829721927642822266e-01 -1.501923650503158569e-01 0.000000000000000000e+00
-6.596186161041259766e-01 -1.024987772107124329e-01 0.000000000000000000e+00
-6.634932160377502441e-01 -1.190749406814575195e-01 0.000000000000000000e+00
-6.490750312805175781e-01 -1.081718206405639648e-01 0.000000000000000000e+00
-6.426618695259094238e-01 -9.349080920219421387e-02 0.000000000000000000e+00
-6.615024805068969727e-01 -1.263549923896789551e-01 0.000000000000000000e+00
-6.395434737205505371e-01 -1.040163785219192505e-01 0.000000000000000000e+00
-6.369527578353881836e-01 -9.575592726469039917e-02 0.000000000000000000e+00
-6.437762379646301270e-01 -9.684203565120697021e-02 0.000000000000000000e+00
-6.562461256980895996e-01 -1.158267706632614136e-01 0.000000000000000000e+00
-6.420359611511230469e-01 -1.006301715970039368e-01 0.000000000000000000e+00
-6.260041594505310059e-01 -9.522370249032974243e-02 0.000000000000000000e+00
-6.309407949447631836e-01 -9.125021845102310181e-02 0.000000000000000000e+00
-6.296637058258056641e-01 -8.679522573947906494e-02 0.000000000000000000e+00
-6.312478780746459961e-01 -8.392546325922012329e-02 0.000000000000000000e+00
-6.240625977516174316e-01 -7.771155238151550293e-02 0.000000000000000000e+00
-6.251841783523559570e-01 -7.822276651859283447e-02 0.000000000000000000e+00
-6.114707589149475098e-01 -6.946118921041488647e-02 0.000000000000000000e+00
-6.184934973716735840e-01 -7.407128065824508667e-02 0.000000000000000000e+00
-6.126132011413574219e-01 -7.248275727033615112e-02 0.000000000000000000e+00
-6.224058866500854492e-01 -7.750181108713150024e-02 0.000000000000000000e+00
-6.258941292762756348e-01 -7.607448101043701172e-02 0.000000000000000000e+00
-6.340262293815612793e-01 -9.045979380607604980e-02 0.000000000000000000e+00
-5.949947834014892578e-01 -5.330985784530639648e-02 0.000000000000000000e+00
-5.820596814155578613e-01 -4.980135709047317505e-02 0.000000000000000000e+00
-5.776881575584411621e-01 -4.121984541416168213e-02 0.000000000000000000e+00
-5.686468482017517090e-01 -3.470288217067718506e-02 0.000000000000000000e+00
-5.598865747451782227e-01 -3.775139153003692627e-02 0.000000000000000000e+00
-5.830234289169311523e-01 -5.592275410890579224e-02 0.000000000000000000e+00
-5.556803941726684570e-01 -3.315536677837371826e-02 0.000000000000000000e+00
-5.611550807952880859e-01 -3.854075074195861816e-02 0.000000000000000000e+00
-6.072427630424499512e-01 -8.241200447082519531e-02 0.000000000000000000e+00
-6.142824888229370117e-01 -9.124375879764556885e-02 0.000000000000000000e+00
-6.254397630691528320e-01 -7.760211825370788574e-02 0.000000000000000000e+00
-6.091240048408508301e-01 -5.914746969938278198e-02 0.000000000000000000e+00
-5.849289298057556152e-01 -3.923256695270538330e-02 0.000000000000000000e+00
-5.899718403816223145e-01 -5.336286872625350952e-02 0.000000000000000000e+00
-5.821394324302673340e-01 -3.686457872390747070e-02 0.000000000000000000e+00
-5.784942507743835449e-01 -4.687104374170303345e-02 0.000000000000000000e+00
-5.547465682029724121e-01 -1.745235919952392578e-02 0.000000000000000000e+00
-5.043626427650451660e-01 -1.151439547538757324e-02 0.000000000000000000e+00
-5.404115915298461914e-01 -3.574900329113006592e-02 0.000000000000000000e+00
-6.022019982337951660e-01 -8.023417741060256958e-02 0.000000000000000000e+00
-5.801674723625183105e-01 -5.379866808652877808e-02 0.000000000000000000e+00
-4.946734905242919922e-01 1.637746393680572510e-02 0.000000000000000000e+00
-5.026944875717163086e-01 -3.730103373527526855e-03 0.000000000000000000e+00
-5.167954564094543457e-01 -7.097110152244567871e-03 0.000000000000000000e+00
-4.823103547096252441e-01 6.801918148994445801e-03 0.000000000000000000e+00
-4.692941308021545410e-01 1.682883501052856445e-02 0.000000000000000000e+00
-4.717392325401306152e-01 2.326419949531555176e-02 0.000000000000000000e+00
-4.716954827308654785e-01 3.308770060539245605e-02 0.000000000000000000e+00
-4.611132144927978516e-01 3.566575050354003906e-02 0.000000000000000000e+00
-4.752257466316223145e-01 2.366194128990173340e-02 0.000000000000000000e+00
-4.263600707054138184e-01 7.422691583633422852e-02 0.000000000000000000e+00
-4.319610297679901123e-01 7.126235961914062500e-02 0.000000000000000000e+00
-4.048454165458679199e-01 9.522046148777008057e-02 0.000000000000000000e+00
-4.228107929229736328e-01 8.189596235752105713e-02 0.000000000000000000e+00
-3.919991850852966309e-01 9.799949824810028076e-02 0.000000000000000000e+00
-3.809039592742919922e-01 1.136600822210311890e-01 0.000000000000000000e+00
-4.061605930328369141e-01 9.877292811870574951e-02 0.000000000000000000e+00
-3.902711868286132812e-01 1.109188944101333618e-01 0.000000000000000000e+00
-3.424447476863861084e-01 -9.336233884096145630e-02 0.000000000000000000e+00
-3.137089610099792480e-01 -1.139877736568450928e-01 0.000000000000000000e+00
-4.406578242778778076e-01 7.825614511966705322e-02 0.000000000000000000e+00
-3.962489664554595947e-01 1.110408753156661987e-01 0.000000000000000000e+00
-3.416056036949157715e-01 1.181920617818832397e-01 0.000000000000000000e+00
-2.641544640064239502e-01 7.750211656093597412e-02 0.000000000000000000e+00
-2.258502691984176636e-01 1.326316446065902710e-01 0.000000000000000000e+00
-1.673199981451034546e-01 1.232908517122268677e-01 0.000000000000000000e+00
-1.258060038089752197e-01 1.204834729433059692e-01 0.000000000000000000e+00
-1.889260113239288330e-02 7.099941372871398926e-03 0.000000000000000000e+00
3.881686925888061523e-02 -4.727114737033843994e-02 0.000000000000000000e+00
-7.235799729824066162e-02 8.193828165531158447e-02 0.000000000000000000e+00
-1.859986484050750732e-01 1.472101658582687378e-01 0.000000000000000000e+00
-2.247932553291320801e-02 3.125140070915222168e-02 0.000000000000000000e+00
-3.275141119956970215e-03 -1.534074544906616211e-04 0.000000000000000000e+00
7.763922214508056641e-03 -3.993675112724304199e-03 0.000000000000000000e+00
1.515301316976547241e-01 -1.814052462577819824e-01 0.000000000000000000e+00
1.659376472234725952e-01 -1.880101561546325684e-01 0.000000000000000000e+00
2.148982733488082886e-01 -2.503044009208679199e-01 0.000000000000000000e+00
2.181011885404586792e-01 -2.520597875118255615e-01 0.000000000000000000e+00
2.002894729375839233e-01 -2.286769151687622070e-01 0.000000000000000000e+00
2.214965671300888062e-01 -2.559244036674499512e-01 0.000000000000000000e+00
2.162524312734603882e-01 -2.511304318904876709e-01 0.000000000000000000e+00
2.234288007020950317e-01 -2.613209486007690430e-01 0.000000000000000000e+00
1.862114816904067993e-01 -2.119819819927215576e-01 0.000000000000000000e+00
1.912400573492050171e-01 -2.399798333644866943e-01 0.000000000000000000e+00
1.971165984869003296e-01 -2.600426077842712402e-01 0.000000000000000000e+00
2.101367563009262085e-01 -2.621858119964599609e-01 0.000000000000000000e+00
1.817419677972793579e-01 -2.976416945457458496e-01 0.000000000000000000e+00
1.892790645360946655e-01 -2.936254143714904785e-01 0.000000000000000000e+00
1.906343847513198853e-01 -3.030941188335418701e-01 0.000000000000000000e+00
1.949257403612136841e-01 -2.963224351406097412e-01 0.000000000000000000e+00
1.691246777772903442e-01 -3.089594244956970215e-01 0.000000000000000000e+00
1.689905375242233276e-01 -3.231983184814453125e-01 0.000000000000000000e+00
1.706629246473312378e-01 -3.245900273323059082e-01 0.000000000000000000e+00
1.569304615259170532e-01 -3.259475231170654297e-01 0.000000000000000000e+00
1.365782469511032104e-01 -3.454211354255676270e-01 0.000000000000000000e+00
1.422844678163528442e-01 -3.406635522842407227e-01 0.000000000000000000e+00
1.641501039266586304e-01 -3.272585272789001465e-01 0.000000000000000000e+00
1.412979215383529663e-01 -3.379803299903869629e-01 0.000000000000000000e+00
1.343198567628860474e-01 -3.489745855331420898e-01 0.000000000000000000e+00
1.286459416151046753e-01 -3.398208916187286377e-01 0.000000000000000000e+00
1.530669182538986206e-01 -3.208433389663696289e-01 0.000000000000000000e+00
1.270498186349868774e-01 -3.465510904788970947e-01 0.000000000000000000e+00
1.123778969049453735e-01 -3.564182519912719727e-01 0.000000000000000000e+00
1.082872301340103149e-01 -3.599865138530731201e-01 0.000000000000000000e+00
1.323413699865341187e-01 -3.517272770404815674e-01 0.000000000000000000e+00
1.017496734857559204e-01 -3.648422956466674805e-01 0.000000000000000000e+00
8.894096314907073975e-02 -3.618235588073730469e-01 0.000000000000000000e+00
6.910152733325958252e-02 -3.744685649871826172e-01 0.000000000000000000e+00
3.320218622684478760e-02 -3.976814150810241699e-01 0.000000000000000000e+00
4.642333090305328369e-02 -3.884070813655853271e-01 0.000000000000000000e+00
3.588464856147766113e-02 -3.962270915508270264e-01 0.000000000000000000e+00
2.718733251094818115e-02 -3.959416151046752930e-01 0.000000000000000000e+00
1.334778964519500732e-02 -4.010504484176635742e-01 0.000000000000000000e+00
1.472896337509155273e-02 -3.868866264820098877e-01 0.000000000000000000e+00
-3.170976042747497559e-02 -4.278162121772766113e-01 0.000000000000000000e+00
-4.877448081970214844e-04 -3.983778953552246094e-01 0.000000000000000000e+00
-6.609585881233215332e-02 -4.450855255126953125e-01 0.000000000000000000e+00
-2.317358553409576416e-02 -4.216980338096618652e-01 0.000000000000000000e+00
-7.429157197475433350e-02 -4.562885165214538574e-01 0.000000000000000000e+00
-1.013423278927803040e-01 -4.694199562072753906e-01 0.000000000000000000e+00
-1.180356070399284363e-01 -4.844822883605957031e-01 0.000000000000000000e+00
-1.262269020080566406e-01 -4.936951398849487305e-01 0.000000000000000000e+00
-1.123537719249725342e-01 -4.820671081542968750e-01 0.000000000000000000e+00
-1.419475525617599487e-01 -5.071687102317810059e-01 0.000000000000000000e+00
-1.567099094390869141e-01 -5.136442184448242188e-01 0.000000000000000000e+00
-1.446134299039840698e-01 -5.093224048614501953e-01 0.000000000000000000e+00
-1.641410887241363525e-01 -5.220077037811279297e-01 0.000000000000000000e+00
-1.797091662883758545e-01 -5.273109674453735352e-01 0.000000000000000000e+00
-2.097061574459075928e-01 -5.408943295478820801e-01 0.000000000000000000e+00
-1.991360783576965332e-01 -5.378063917160034180e-01 0.000000000000000000e+00
-2.279487252235412598e-01 -5.512531995773315430e-01 0.000000000000000000e+00
-2.850978970527648926e-01 -5.693228244781494141e-01 0.000000000000000000e+00
-2.887043654918670654e-01 -5.785368084907531738e-01 0.000000000000000000e+00
-2.946290969848632812e-01 -5.859289169311523438e-01 0.000000000000000000e+00
-3.047628104686737061e-01 -5.787240862846374512e-01 0.000000000000000000e+00
-3.030322194099426270e-01 -5.800679922103881836e-01 0.000000000000000000e+00
-3.343413770198822021e-01 -5.839036107063293457e-01 0.000000000000000000e+00
-3.296349346637725830e-01 -5.925379991531372070e-01 0.000000000000000000e+00
-3.496451079845428467e-01 -6.206036210060119629e-01 0.000000000000000000e+00
-3.738479018211364746e-01 -6.362954378128051758e-01 0.000000000000000000e+00
-3.876803517341613770e-01 -6.500133872032165527e-01 0.000000000000000000e+00
-3.620437681674957275e-01 -6.448610424995422363e-01 0.000000000000000000e+00
-3.757554590702056885e-01 -6.355373263359069824e-01 0.000000000000000000e+00
-4.040803313255310059e-01 -6.166929602622985840e-01 0.000000000000000000e+00
-3.711403012275695801e-01 -6.492189764976501465e-01 0.000000000000000000e+00
-3.636622428894042969e-01 -6.450788378715515137e-01 0.000000000000000000e+00
-3.585581183433532715e-01 -6.468194127082824707e-01 0.000000000000000000e+00
-3.846169710159301758e-01 -6.399760842323303223e-01 0.000000000000000000e+00
-4.245883226394653320e-01 -5.840797424316406250e-01 0.000000000000000000e+00
-3.743086755275726318e-01 -6.318838596343994141e-01 0.000000000000000000e+00
-4.135752022266387939e-01 -6.018795967102050781e-01 0.000000000000000000e+00
-4.625962376594543457e-01 -5.770118236541748047e-01 0.000000000000000000e+00
-4.913781285285949707e-01 -5.499330163002014160e-01 0.000000000000000000e+00
-5.104492902755737305e-01 -5.381206870079040527e-01 0.000000000000000000e+00
-5.818269252777099609e-01 -4.508184790611267090e-01 0.000000000000000000e+00
-7.118474841117858887e-01 -2.848094105720520020e-01 0.000000000000000000e+00
-7.467213273048400879e-01 -2.428687810897827148e-01 0.000000000000000000e+00
-7.826678156852722168e-01 -2.318606525659561157e-01 0.000000000000000000e+00
-7.873145341873168945e-01 -2.336010336875915527e-01 0.000000000000000000e+00
-7.868251204490661621e-01 -2.158897668123245239e-01 0.000000000000000000e+00
-7.803015708923339844e-01 -2.241227477788925171e-01 0.000000000000000000e+00
-7.733238339424133301e-01 -2.323349416255950928e-01 0.000000000000000000e+00
-7.928554415702819824e-01 -2.412288486957550049e-01 0.000000000000000000e+00
-7.850228548049926758e-01 -2.201620042324066162e-01 0.000000000000000000e+00
-8.094826936721801758e-01 -2.125794887542724609e-01 0.000000000000000000e+00
-9.093617200851440430e-01 -2.270156890153884888e-01 0.000000000000000000e+00
-9.272990822792053223e-01 -2.346917688846588135e-01 0.000000000000000000e+00
-9.708884358406066895e-01 -2.374009788036346436e-01 0.000000000000000000e+00
-9.409448504447937012e-01 -2.476602494716644287e-01 0.000000000000000000e+00
-9.601642489433288574e-01 -2.613608837127685547e-01 0.000000000000000000e+00
-9.431667923927307129e-01 -2.473009526729583740e-01 0.000000000000000000e+00
-9.391842484474182129e-01 -2.570988833904266357e-01 0.000000000000000000e+00
-9.007389545440673828e-01 -2.377276867628097534e-01 0.000000000000000000e+00
-8.838216066360473633e-01 -2.375583052635192871e-01 0.000000000000000000e+00
-8.890340328216552734e-01 -2.322837412357330322e-01 0.000000000000000000e+00
-8.833351731300354004e-01 -2.273303121328353882e-01 0.000000000000000000e+00
-8.749966025352478027e-01 -2.224414348602294922e-01 0.000000000000000000e+00
-8.501555323600769043e-01 -2.210108637809753418e-01 0.000000000000000000e+00
