-3.047655736667331805e-01 -9.050298878142093439e-02 -5.492636331756050455e-02
-6.503412647476766173e-01 2.603323002507886286e-01 3.693564045840622145e-02
-2.558998481697088989e-01 1.803746287038003326e-01 -1.520806346534372688e-01
-2.932592065191061415e-01 1.395444686043177396e-01 -1.294934115004061637e-01
-2.601365058990706469e+00 1.041329201003154514e+00 1.477425618336248858e-01
0.000000000000000000e+00 0.000000000000000000e+00 0.000000000000000000e+00
0.000000000000000000e+00 0.000000000000000000e+00 0.000000000000000000e+00
-6.503412647476766173e-01 2.603323002507886286e-01 3.693564045840622145e-02
0.000000000000000000e+00 0.000000000000000000e+00 0.000000000000000000e+00
0.000000000000000000e+00 0.000000000000000000e+00 0.000000000000000000e+00
-1.951023794243029741e+00 7.809969007523658302e-01 1.108069213752186644e-01
0.000000000000000000e+00 0.000000000000000000e+00 0.000000000000000000e+00
-7.811611134583217320e-01 2.021912625332656643e-01 2.240750224245575128e-01
0.000000000000000000e+00 0.000000000000000000e+00 0.000000000000000000e+00
-2.296639226118468435e-01 9.447753304171878364e-02 -9.690906162474394181e-02
0.000000000000000000e+00 0.000000000000000000e+00 0.000000000000000000e+00
0.000000000000000000e+00 0.000000000000000000e+00 0.000000000000000000e+00
0.000000000000000000e+00 0.000000000000000000e+00 0.000000000000000000e+00
0.000000000000000000e+00 0.000000000000000000e+00 0.000000000000000000e+00
-1.214641949814684763e+00 2.407828787510991331e-01 8.780205088593143192e-02
0.000000000000000000e+00 0.000000000000000000e+00 0.000000000000000000e+00
0.000000000000000000e+00 0.000000000000000000e+00 0.000000000000000000e+00
0.000000000000000000e+00 0.000000000000000000e+00 0.000000000000000000e+00
0.000000000000000000e+00 0.000000000000000000e+00 0.000000000000000000e+00
-1.300682529495353235e+00 5.206646005015772571e-01 7.387128091681244291e-02
0.000000000000000000e+00 0.000000000000000000e+00 0.000000000000000000e+00
-6.503412647476766173e-01 2.603323002507886286e-01 3.693564045840622145e-02
-1.406618757406652431e+00 7.478558707943538941e-02 -9.872374243812882810e-02
-2.296639226118468435e-01 9.447753304171878364e-02 -9.690906162474394181e-02
-1.037946141158487379e+00 -7.663416100169057055e-02 9.841360083320474517e-02
-1.344965487341738264e+00 6.304071827372859094e-02 2.816255137617780513e-02
-1.766537915559654559e+00 4.834615732147998224e-01 -6.456451030793858292e-02
-7.939646076788550166e-01 7.492811154202930202e-02 -4.604265119721873134e-02
0.000000000000000000e+00 0.000000000000000000e+00 0.000000000000000000e+00
-6.503412647476766173e-01 2.603323002507886286e-01 3.693564045840622145e-02
-6.503412647476766173e-01 2.603323002507886286e-01 3.693564045840622145e-02
-1.543025291623356887e+00 1.857485911562406500e-02 8.361749383055072649e-02
-9.895703169066216720e-01 -5.837514257058709077e-01 1.658566820937358299e-01
-1.951023794243029741e+00 7.809969007523658302e-01 1.108069213752186644e-01
-6.503412647476766173e-01 2.603323002507886286e-01 3.693564045840622145e-02
-4.593278452236936871e-01 1.889550660834375673e-01 -1.938181232494878836e-01
-2.296639226118468435e-01 9.447753304171878364e-02 -9.690906162474394181e-02
0.000000000000000000e+00 0.000000000000000000e+00 0.000000000000000000e+00
-1.530346452107200106e+00 6.151421335432960547e-01 -2.303778070793149890e-02
-7.525870517427998285e-01 3.284995346877552791e-01 -3.233115347498940473e-01
0.000000000000000000e+00 0.000000000000000000e+00 0.000000000000000000e+00
-1.300682529495353235e+00 5.206646005015772571e-01 7.387128091681244291e-02
-6.503412647476766173e-01 2.603323002507886286e-01 3.693564045840622145e-02
-5.344294962785800518e-01 3.974544260297849241e-03 -1.518354249423044533e-01
-5.185545666184927516e-01 7.512037665130998076e-02 8.360849210962846556e-02
-1.439598004856162294e+00 -5.091311343538178491e-01 1.626620662372355586e-01
-8.800051873595234886e-01 3.548098332925074261e-01 -5.997342116633772036e-02
-2.296639226118468435e-01 9.447753304171878364e-02 -9.690906162474394181e-02
-1.036628497334749266e+00 7.172700912795058059e-01 -6.504520285054510298e-01
-5.802979369433298729e-01 1.307059759855724035e-01 -2.556575294311954072e-01
-4.593278452236936871e-01 1.889550660834375673e-01 -1.938181232494878836e-01
-5.051962858884435636e-01 3.156864978087121076e-01 -2.976402277383788375e-01
-1.091285371900172940e+00 6.421736620405619211e-01 -5.303211758826523736e-01
-2.357298855475462585e-01 -3.655595900747879434e-01 -1.170377715911135319e-01
-5.051962858884435636e-01 3.156864978087121076e-01 -2.976402277383788375e-01
-8.099618595551767442e-01 2.251835090272911732e-01 -3.525665910559393490e-01
-2.296639226118468435e-01 9.447753304171878364e-02 -9.690906162474394181e-02
-1.272971894947933613e+00 -3.123715155763975293e-01 4.486382637452909772e-02
-4.736454560914793444e-01 -5.708473950200108893e-02 4.754719040567952776e-02
-6.889917678355405029e-01 2.834325991251563370e-01 -2.907271848742318254e-01
-1.023750852506936315e+00 3.908068744600221023e-01 -2.140317356287503858e-01
-5.491590546888149849e-01 3.199190973081180722e-01 -2.815740461538434047e-01
-5.314322114463057023e-01 4.015835934707936428e-01 -3.528118007670721923e-01
0.000000000000000000e+00 0.000000000000000000e+00 0.000000000000000000e+00
-1.057352625409532898e+00 2.379965459063343447e-01 -3.782378980674545588e-01
0.000000000000000000e+00 0.000000000000000000e+00 0.000000000000000000e+00
-4.337573092686967668e-01 -1.000604521292522281e-01 3.418877974460866193e-02
-1.219132834543379396e+00 6.210857336220997338e-01 -2.932889371556348657e-01
-5.314322114463057023e-01 4.015835934707936428e-01 -3.528118007670721923e-01
-1.236859677785888900e+00 5.394212374594240522e-01 -2.220511825424061059e-01
0.000000000000000000e+00 0.000000000000000000e+00 0.000000000000000000e+00
-1.230639201691006601e+00 3.910382762363610043e-01 -2.187218889727892135e-01
-9.551068384144097978e-01 1.698293114693676942e-01 -1.799072285915428310e-02
-3.047655736667331805e-01 -9.050298878142093439e-02 -5.492636331756050455e-02
-4.337573092686967668e-01 -1.000604521292522281e-01 3.418877974460866193e-02
0.000000000000000000e+00 0.000000000000000000e+00 0.000000000000000000e+00
-5.835471219371510809e-01 -3.931588530040450724e-01 -7.817093813355802112e-02
-5.185545666184927516e-01 7.512037665130998076e-02 8.360849210962846556e-02
-4.337573092686967668e-01 -1.000604521292522281e-01 3.418877974460866193e-02
-2.357298855475462585e-01 -3.655595900747879434e-01 -1.170377715911135319e-01
-1.497898126684542586e-01 -2.930984008747928304e-01 -1.123597178781666900e-01
-4.253221759450510064e-01 -7.188943610779949256e-02 -3.130908839918016273e-01
0.000000000000000000e+00 0.000000000000000000e+00 0.000000000000000000e+00
-4.714597710950925169e-01 -7.311191801495758869e-01 -2.340755431822270638e-01
-4.714597710950925169e-01 -7.311191801495758869e-01 -2.340755431822270638e-01
0.000000000000000000e+00 0.000000000000000000e+00 0.000000000000000000e+00
-2.357298855475462585e-01 -3.655595900747879434e-01 -1.170377715911135319e-01
-2.934531909564686569e-01 -3.218481279528269678e-01 -2.559788158773499411e-01
-2.357298855475462585e-01 -3.655595900747879434e-01 -1.170377715911135319e-01
0.000000000000000000e+00 0.000000000000000000e+00 0.000000000000000000e+00
-8.236483387564932368e-01 -5.168140424285315726e-01 -1.542955490140852925e-02
-4.714597710950925169e-01 -7.311191801495758869e-01 -2.340755431822270638e-01
-1.814336584040026512e+00 -8.177485093891985191e-01 -5.460398700046759091e-02
0.000000000000000000e+00 0.000000000000000000e+00 0.000000000000000000e+00
-2.357298855475462585e-01 -3.655595900747879434e-01 -1.170377715911135319e-01
0.000000000000000000e+00 0.000000000000000000e+00 0.000000000000000000e+00
-7.586530146784992157e-01 -1.315375884287514063e-01 -3.434402447162636651e-01
0.000000000000000000e+00 0.000000000000000000e+00 0.000000000000000000e+00
-4.714597710950925169e-01 -7.311191801495758869e-01 -2.340755431822270638e-01
-2.357298855475462585e-01 -3.655595900747879434e-01 -1.170377715911135319e-01
-9.429195421901850338e-01 -1.462238360299151774e+00 -4.681510863644541276e-01
0.000000000000000000e+00 0.000000000000000000e+00 0.000000000000000000e+00
0.000000000000000000e+00 0.000000000000000000e+00 0.000000000000000000e+00
-2.357298855475462585e-01 -3.655595900747879434e-01 -1.170377715911135319e-01
0.000000000000000000e+00 0.000000000000000000e+00 0.000000000000000000e+00
-4.593278452236936871e-01 1.889550660834375673e-01 -1.938181232494878836e-01
-6.313157863095215649e-01 -3.380194403104084255e-01 -3.266059622071311452e-02
0.000000000000000000e+00 0.000000000000000000e+00 0.000000000000000000e+00
-4.714597710950925169e-01 -7.311191801495758869e-01 -2.340755431822270638e-01
-2.296639226118468435e-01 9.447753304171878364e-02 -9.690906162474394181e-02
-8.752973197891540380e-01 -4.895817128541283259e-01 1.117956558097103481e-01
-4.016518636976747492e-01 -4.324969733521272230e-01 6.424846540403082729e-02
-1.238259717956623707e+00 1.090778478970449994e-01 1.385438571481112380e-01
-1.597268335074204515e+00 -7.900658351622251718e-01 8.245427961084292323e-02
-4.016518636976747492e-01 -4.324969733521272230e-01 6.424846540403082729e-02
0.000000000000000000e+00 0.000000000000000000e+00 0.000000000000000000e+00
-5.879184532089469784e-01 -1.512544523537436292e-01 1.016082166897050026e-01
-4.016518636976747492e-01 -4.324969733521272230e-01 6.424846540403082729e-02
-4.016518636976747492e-01 -4.324969733521272230e-01 6.424846540403082729e-02
0.000000000000000000e+00 0.000000000000000000e+00 0.000000000000000000e+00
-1.463215772998101016e+00 -6.408361652078720105e-01 2.134038724994153369e-01
0.000000000000000000e+00 0.000000000000000000e+00 0.000000000000000000e+00
0.000000000000000000e+00 0.000000000000000000e+00 0.000000000000000000e+00
-3.868654979173284381e-01 -2.276510864115289801e-01 -7.526893272506242349e-02
-9.895703169066216720e-01 -5.837514257058709077e-01 1.658566820937358299e-01
0.000000000000000000e+00 0.000000000000000000e+00 0.000000000000000000e+00
0.000000000000000000e+00 0.000000000000000000e+00 0.000000000000000000e+00
-5.879184532089469784e-01 -1.512544523537436292e-01 1.016082166897050026e-01
-1.763755359626840935e+00 -4.537633570612308875e-01 3.048246500691150218e-01
-2.932592065191061415e-01 1.395444686043177396e-01 -1.294934115004061637e-01
-9.659525487646829500e-01 -4.520463948518166908e-01 1.151148758315560378e-01
-4.016518636976747492e-01 -4.324969733521272230e-01 6.424846540403082729e-02
0.000000000000000000e+00 0.000000000000000000e+00 0.000000000000000000e+00
-6.503412647476766173e-01 2.603323002507886286e-01 3.693564045840622145e-02
-5.879184532089469784e-01 -1.512544523537436292e-01 1.016082166897050026e-01
0.000000000000000000e+00 0.000000000000000000e+00 0.000000000000000000e+00
-3.868654979173284381e-01 -2.276510864115289801e-01 -7.526893272506242349e-02
0.000000000000000000e+00 0.000000000000000000e+00 0.000000000000000000e+00
0.000000000000000000e+00 0.000000000000000000e+00 0.000000000000000000e+00
0.000000000000000000e+00 0.000000000000000000e+00 0.000000000000000000e+00
0.000000000000000000e+00 0.000000000000000000e+00 0.000000000000000000e+00
0.000000000000000000e+00 0.000000000000000000e+00 0.000000000000000000e+00
0.000000000000000000e+00 0.000000000000000000e+00 0.000000000000000000e+00
0.000000000000000000e+00 0.000000000000000000e+00 0.000000000000000000e+00
-6.503412647476766173e-01 2.603323002507886286e-01 3.693564045840622145e-02
0.000000000000000000e+00 0.000000000000000000e+00 0.000000000000000000e+00
-4.736454560914793444e-01 -5.708473950200108893e-02 4.754719040567952776e-02
0.000000000000000000e+00 0.000000000000000000e+00 0.000000000000000000e+00
-4.736454560914793444e-01 -5.708473950200108893e-02 4.754719040567952776e-02
-1.214641949814684763e+00 2.407828787510991331e-01 8.780205088593143192e-02
-4.337573092686967668e-01 -1.000604521292522281e-01 3.418877974460866193e-02
0.000000000000000000e+00 0.000000000000000000e+00 0.000000000000000000e+00
0.000000000000000000e+00 0.000000000000000000e+00 0.000000000000000000e+00
0.000000000000000000e+00 0.000000000000000000e+00 0.000000000000000000e+00
0.000000000000000000e+00 0.000000000000000000e+00 0.000000000000000000e+00
-5.615617466257687429e-01 3.112426584735091817e-01 -8.510037697746833385e-02
-1.373855923255494993e+00 -3.879661290778860239e-02 4.517363890887560740e-01
0.000000000000000000e+00 0.000000000000000000e+00 0.000000000000000000e+00
0.000000000000000000e+00 0.000000000000000000e+00 0.000000000000000000e+00
0.000000000000000000e+00 0.000000000000000000e+00 0.000000000000000000e+00
0.000000000000000000e+00 0.000000000000000000e+00 0.000000000000000000e+00
-5.185545666184927516e-01 7.512037665130998076e-02 8.360849210962846556e-02
0.000000000000000000e+00 0.000000000000000000e+00 0.000000000000000000e+00
-6.503412647476766173e-01 2.603323002507886286e-01 3.693564045840622145e-02
0.000000000000000000e+00 0.000000000000000000e+00 0.000000000000000000e+00
0.000000000000000000e+00 0.000000000000000000e+00 0.000000000000000000e+00
-6.503412647476766173e-01 2.603323002507886286e-01 3.693564045840622145e-02
0.000000000000000000e+00 0.000000000000000000e+00 0.000000000000000000e+00
-1.741255519861813816e+00 -3.924136746197287584e-02 4.905172961414032418e-02
-5.643006850670081453e-01 -1.954942149968948509e-02 5.086641042752521047e-02
0.000000000000000000e+00 0.000000000000000000e+00 0.000000000000000000e+00
-5.643006850670081453e-01 -1.954942149968948509e-02 5.086641042752521047e-02
-2.558998481697088989e-01 1.803746287038003326e-01 -1.520806346534372688e-01
0.000000000000000000e+00 0.000000000000000000e+00 0.000000000000000000e+00
-6.503412647476766173e-01 2.603323002507886286e-01 3.693564045840622145e-02
-6.503412647476766173e-01 2.603323002507886286e-01 3.693564045840622145e-02
0.000000000000000000e+00 0.000000000000000000e+00 0.000000000000000000e+00
-1.702334393193027928e+00 8.816762714945003410e-02 1.381197463208432841e-01
-1.214641949814684763e+00 2.407828787510991331e-01 8.780205088593143192e-02
-6.503412647476766173e-01 2.603323002507886286e-01 3.693564045840622145e-02
0.000000000000000000e+00 0.000000000000000000e+00 0.000000000000000000e+00
0.000000000000000000e+00 0.000000000000000000e+00 0.000000000000000000e+00
0.000000000000000000e+00 0.000000000000000000e+00 0.000000000000000000e+00
-6.503412647476766173e-01 2.603323002507886286e-01 3.693564045840622145e-02
0.000000000000000000e+00 0.000000000000000000e+00 0.000000000000000000e+00
0.000000000000000000e+00 0.000000000000000000e+00 0.000000000000000000e+00
0.000000000000000000e+00 0.000000000000000000e+00 0.000000000000000000e+00
-6.503412647476766173e-01 2.603323002507886286e-01 3.693564045840622145e-02
-6.503412647476766173e-01 2.603323002507886286e-01 3.693564045840622145e-02
0.000000000000000000e+00 0.000000000000000000e+00 0.000000000000000000e+00
-1.300682529495353235e+00 5.206646005015772571e-01 7.387128091681244291e-02
0.000000000000000000e+00 0.000000000000000000e+00 0.000000000000000000e+00
-1.037946141158487379e+00 -7.663416100169057055e-02 9.841360083320474517e-02
-4.736454560914793444e-01 -5.708473950200108893e-02 4.754719040567952776e-02
-8.713200312502589195e-01 1.201254577757296799e-01 -1.938463902950172263e-02
-2.296639226118468435e-01 9.447753304171878364e-02 -9.690906162474394181e-02
0.000000000000000000e+00 0.000000000000000000e+00 0.000000000000000000e+00
-4.736454560914793444e-01 -5.708473950200108893e-02 4.754719040567952776e-02
-8.713200312502589195e-01 1.201254577757296799e-01 -1.938463902950172263e-02
-4.736454560914793444e-01 -5.708473950200108893e-02 4.754719040567952776e-02
-6.503412647476766173e-01 2.603323002507886286e-01 3.693564045840622145e-02
0.000000000000000000e+00 0.000000000000000000e+00 0.000000000000000000e+00
-6.503412647476766173e-01 2.603323002507886286e-01 3.693564045840622145e-02
-4.873257746371076338e-01 -4.706911153116746238e-01 -8.837260549324656156e-02
0.000000000000000000e+00 0.000000000000000000e+00 0.000000000000000000e+00
-1.214641949814684763e+00 2.407828787510991331e-01 8.780205088593143192e-02
-6.503412647476766173e-01 2.603323002507886286e-01 3.693564045840622145e-02
-1.238259717956623707e+00 1.090778478970449994e-01 1.385438571481112380e-01
0.000000000000000000e+00 0.000000000000000000e+00 0.000000000000000000e+00
-6.503412647476766173e-01 2.603323002507886286e-01 3.693564045840622145e-02
-6.503412647476766173e-01 2.603323002507886286e-01 3.693564045840622145e-02
-2.296639226118468435e-01 9.447753304171878364e-02 -9.690906162474394181e-02
-4.016518636976747492e-01 -4.324969733521272230e-01 6.424846540403082729e-02
0.000000000000000000e+00 0.000000000000000000e+00 0.000000000000000000e+00
0.000000000000000000e+00 0.000000000000000000e+00 0.000000000000000000e+00
-1.109669109971370249e+00 4.492873663342261681e-01 -1.568824827910816622e-01
-2.296639226118468435e-01 9.447753304171878364e-02 -9.690906162474394181e-02
-2.932592065191061415e-01 1.395444686043177396e-01 -1.294934115004061637e-01
0.000000000000000000e+00 0.000000000000000000e+00 0.000000000000000000e+00
-6.503412647476766173e-01 2.603323002507886286e-01 3.693564045840622145e-02
-1.109669109971370249e+00 4.492873663342261681e-01 -1.568824827910816622e-01
-2.296639226118468435e-01 9.447753304171878364e-02 -9.690906162474394181e-02
-1.409726816067734090e+00 -4.856071685938304627e-01 -4.003976913259409826e-02
-1.379886569008864861e+00 3.836221894525878584e-01 -6.759780378935151268e-02
-8.800051873595234886e-01 3.548098332925074261e-01 -5.997342116633772036e-02
-2.296639226118468435e-01 9.447753304171878364e-02 -9.690906162474394181e-02
-5.112622488241429508e-01 -1.443506253077946055e-01 -3.177689377047484554e-01
-6.503412647476766173e-01 2.603323002507886286e-01 3.693564045840622145e-02
-6.889917678355405029e-01 2.834325991251563370e-01 -2.907271848742318254e-01
-5.606654218364420794e-01 8.987163992237939825e-02 -2.070069979709977803e-01
-5.051962858884435636e-01 3.156864978087121076e-01 -2.976402277383788375e-01
-5.229231291309529572e-01 2.340220016460365371e-01 -2.264024731251501055e-01
-7.984554924075497606e-01 4.552309664130298472e-01 -4.271336392387850012e-01
-5.772330540892241929e-02 4.371146212196099640e-02 -1.389410442862363815e-01
-4.653938081593931297e-01 -2.710820570330691459e-01 -2.139468332158574737e-01
-7.348602085002904349e-01 4.101640308504309052e-01 -3.945492893631228348e-01
-1.312519174297347657e+00 1.500484881933392689e-01 3.756584091240973422e-02
-2.755323632765967479e-01 2.212089647669933379e-01 -2.007311661136349235e-01
0.000000000000000000e+00 0.000000000000000000e+00 0.000000000000000000e+00
-9.645241311121373062e-01 5.046415638921496472e-01 -4.914583509878667211e-01
-5.802979369433298729e-01 1.307059759855724035e-01 -2.556575294311954072e-01
-8.912839867049454634e-01 1.885859484272145448e-01 -3.139131863183728388e-01
-2.755323632765967479e-01 2.212089647669933379e-01 -2.007311661136349235e-01
-7.348602085002904349e-01 4.101640308504309052e-01 -3.945492893631228348e-01
-1.065861707724885754e+00 4.055581377310915059e-01 -5.046472257093765901e-01
-6.503412647476766173e-01 2.603323002507886286e-01 3.693564045840622145e-02
-2.932592065191061415e-01 1.395444686043177396e-01 -1.294934115004061637e-01
-5.772330540892241929e-02 4.371146212196099640e-02 -1.389410442862363815e-01
-5.051962858884435636e-01 3.156864978087121076e-01 -2.976402277383788375e-01
-2.333992614469937887e+00 4.911120198681492299e-01 -1.634015331914357716e-01
-2.932592065191061415e-01 1.395444686043177396e-01 -1.294934115004061637e-01
0.000000000000000000e+00 0.000000000000000000e+00 0.000000000000000000e+00
0.000000000000000000e+00 0.000000000000000000e+00 0.000000000000000000e+00
0.000000000000000000e+00 0.000000000000000000e+00 0.000000000000000000e+00
0.000000000000000000e+00 0.000000000000000000e+00 0.000000000000000000e+00
-6.503412647476766173e-01 2.603323002507886286e-01 3.693564045840622145e-02
0.000000000000000000e+00 0.000000000000000000e+00 0.000000000000000000e+00
0.000000000000000000e+00 0.000000000000000000e+00 0.000000000000000000e+00
0.000000000000000000e+00 0.000000000000000000e+00 0.000000000000000000e+00
0.000000000000000000e+00 0.000000000000000000e+00 0.000000000000000000e+00
0.000000000000000000e+00 0.000000000000000000e+00 0.000000000000000000e+00
0.000000000000000000e+00 0.000000000000000000e+00 0.000000000000000000e+00
0.000000000000000000e+00 0.000000000000000000e+00 0.000000000000000000e+00
0.000000000000000000e+00 0.000000000000000000e+00 0.000000000000000000e+00
0.000000000000000000e+00 0.000000000000000000e+00 0.000000000000000000e+00
0.000000000000000000e+00 0.000000000000000000e+00 0.000000000000000000e+00
0.000000000000000000e+00 0.000000000000000000e+00 0.000000000000000000e+00
0.000000000000000000e+00 0.000000000000000000e+00 0.000000000000000000e+00
-2.357298855475462585e-01 -3.655595900747879434e-01 -1.170377715911135319e-01
-6.503412647476766173e-01 2.603323002507886286e-01 3.693564045840622145e-02
0.000000000000000000e+00 0.000000000000000000e+00 0.000000000000000000e+00
-1.497898126684542586e-01 -2.930984008747928304e-01 -1.123597178781666900e-01
0.000000000000000000e+00 0.000000000000000000e+00 0.000000000000000000e+00
-6.503412647476766173e-01 2.603323002507886286e-01 3.693564045840622145e-02
-6.334044607063258336e-01 -1.883493927970571746e-01 -1.839696010262947823e-01
-5.643006850670081453e-01 -1.954942149968948509e-02 5.086641042752521047e-02
0.000000000000000000e+00 0.000000000000000000e+00 0.000000000000000000e+00
-2.934531909564686569e-01 -3.218481279528269678e-01 -2.559788158773499411e-01
0.000000000000000000e+00 0.000000000000000000e+00 0.000000000000000000e+00
-6.771842269742714970e-01 -2.112880085851338852e-01 -1.364827007096041100e-01
0.000000000000000000e+00 0.000000000000000000e+00 0.000000000000000000e+00
-2.357298855475462585e-01 -3.655595900747879434e-01 -1.170377715911135319e-01
0.000000000000000000e+00 0.000000000000000000e+00 0.000000000000000000e+00
0.000000000000000000e+00 0.000000000000000000e+00 0.000000000000000000e+00
-4.714597710950925169e-01 -7.311191801495758869e-01 -2.340755431822270638e-01
-7.071896566426387754e-01 -1.096678770224363886e+00 -3.511133147733406235e-01
0.000000000000000000e+00 0.000000000000000000e+00 0.000000000000000000e+00
0.000000000000000000e+00 0.000000000000000000e+00 0.000000000000000000e+00
0.000000000000000000e+00 0.000000000000000000e+00 0.000000000000000000e+00
-9.429195421901850338e-01 -1.462238360299151774e+00 -4.681510863644541276e-01
-2.357298855475462585e-01 -3.655595900747879434e-01 -1.170377715911135319e-01
-7.093753416390256028e-01 -4.226443295767890462e-01 -6.949058118543399720e-02
-4.016518636976747492e-01 -4.324969733521272230e-01 6.424846540403082729e-02
-2.357298855475462585e-01 -3.655595900747879434e-01 -1.170377715911135319e-01
-4.714597710950925169e-01 -7.311191801495758869e-01 -2.340755431822270638e-01
-2.357298855475462585e-01 -3.655595900747879434e-01 -1.170377715911135319e-01
0.000000000000000000e+00 0.000000000000000000e+00 0.000000000000000000e+00
0.000000000000000000e+00 0.000000000000000000e+00 0.000000000000000000e+00
-2.357298855475462585e-01 -3.655595900747879434e-01 -1.170377715911135319e-01
-4.714597710950925169e-01 -7.311191801495758869e-01 -2.340755431822270638e-01
0.000000000000000000e+00 0.000000000000000000e+00 0.000000000000000000e+00
-1.104961242401000909e+00 -3.951041798124095283e-01 1.488659418496640630e-02
0.000000000000000000e+00 0.000000000000000000e+00 0.000000000000000000e+00
-1.121801035842769245e+00 -4.707868798987872583e-01 -1.971399027238208423e-01
-2.357298855475462585e-01 -3.655595900747879434e-01 -1.170377715911135319e-01
-4.653938081593931297e-01 -2.710820570330691459e-01 -2.139468332158574737e-01
0.000000000000000000e+00 0.000000000000000000e+00 0.000000000000000000e+00
0.000000000000000000e+00 0.000000000000000000e+00 0.000000000000000000e+00
-2.357298855475462585e-01 -3.655595900747879434e-01 -1.170377715911135319e-01
0.000000000000000000e+00 0.000000000000000000e+00 0.000000000000000000e+00
-9.421473229119541326e-01 -8.885595522083360454e-01 -1.077156695046432022e-01
-9.922000227099720959e-01 1.803563714930889184e-02 1.311556825153079864e-01
-9.472909121829586887e-01 -1.141694790040021779e-01 9.509438081135905552e-02
-1.334625165012847781e+00 -3.006266467706907308e-01 -8.202246743977753551e-02
-1.337733223673929439e+00 -8.610194024439565830e-01 -2.333849413424279179e-02
-5.185545666184927516e-01 7.512037665130998076e-02 8.360849210962846556e-02
-1.162444435011862787e+00 -4.646660442751293640e-02 1.944668239125754705e-01
-4.016518636976747492e-01 -4.324969733521272230e-01 6.424846540403082729e-02
0.000000000000000000e+00 0.000000000000000000e+00 0.000000000000000000e+00
0.000000000000000000e+00 0.000000000000000000e+00 0.000000000000000000e+00
0.000000000000000000e+00 0.000000000000000000e+00 0.000000000000000000e+00
0.000000000000000000e+00 0.000000000000000000e+00 0.000000000000000000e+00
-5.185545666184927516e-01 7.512037665130998076e-02 8.360849210962846556e-02
0.000000000000000000e+00 0.000000000000000000e+00 0.000000000000000000e+00
-7.834433415790772459e-01 4.451226236353675869e-01 1.656854790693570723e-01
0.000000000000000000e+00 0.000000000000000000e+00 0.000000000000000000e+00
0.000000000000000000e+00 0.000000000000000000e+00 0.000000000000000000e+00
-4.016518636976747492e-01 -4.324969733521272230e-01 6.424846540403082729e-02
-5.879184532089469784e-01 -1.512544523537436292e-01 1.016082166897050026e-01
0.000000000000000000e+00 0.000000000000000000e+00 0.000000000000000000e+00
0.000000000000000000e+00 0.000000000000000000e+00 0.000000000000000000e+00
-8.033037273953494983e-01 -8.649939467042544461e-01 1.284969308080616546e-01
-1.763755359626840935e+00 -4.537633570612308875e-01 3.048246500691150218e-01
-5.879184532089469784e-01 -1.512544523537436292e-01 1.016082166897050026e-01
-6.503412647476766173e-01 2.603323002507886286e-01 3.693564045840622145e-02
0.000000000000000000e+00 0.000000000000000000e+00 0.000000000000000000e+00
0.000000000000000000e+00 0.000000000000000000e+00 0.000000000000000000e+00
0.000000000000000000e+00 0.000000000000000000e+00 0.000000000000000000e+00
0.000000000000000000e+00 0.000000000000000000e+00 0.000000000000000000e+00
0.000000000000000000e+00 0.000000000000000000e+00 0.000000000000000000e+00
0.000000000000000000e+00 0.000000000000000000e+00 0.000000000000000000e+00
0.000000000000000000e+00 0.000000000000000000e+00 0.000000000000000000e+00
0.000000000000000000e+00 0.000000000000000000e+00 0.000000000000000000e+00
-3.047655736667331805e-01 -9.050298878142093439e-02 -5.492636331756050455e-02
0.000000000000000000e+00 0.000000000000000000e+00 0.000000000000000000e+00
0.000000000000000000e+00 0.000000000000000000e+00 0.000000000000000000e+00
0.000000000000000000e+00 0.000000000000000000e+00 0.000000000000000000e+00
0.000000000000000000e+00 0.000000000000000000e+00 0.000000000000000000e+00
0.000000000000000000e+00 0.000000000000000000e+00 0.000000000000000000e+00
0.000000000000000000e+00 0.000000000000000000e+00 0.000000000000000000e+00
0.000000000000000000e+00 0.000000000000000000e+00 0.000000000000000000e+00
0.000000000000000000e+00 0.000000000000000000e+00 0.000000000000000000e+00
0.000000000000000000e+00 0.000000000000000000e+00 0.000000000000000000e+00
0.000000000000000000e+00 0.000000000000000000e+00 0.000000000000000000e+00
0.000000000000000000e+00 0.000000000000000000e+00 0.000000000000000000e+00
-4.736454560914793444e-01 -5.708473950200108893e-02 4.754719040567952776e-02
0.000000000000000000e+00 0.000000000000000000e+00 0.000000000000000000e+00
0.000000000000000000e+00 0.000000000000000000e+00 0.000000000000000000e+00
-1.347744026646085391e+00 4.255732021356781192e-01 2.165518894968822827e-01
0.000000000000000000e+00 0.000000000000000000e+00 0.000000000000000000e+00
0.000000000000000000e+00 0.000000000000000000e+00 0.000000000000000000e+00
0.000000000000000000e+00 0.000000000000000000e+00 0.000000000000000000e+00
0.000000000000000000e+00 0.000000000000000000e+00 0.000000000000000000e+00
0.000000000000000000e+00 0.000000000000000000e+00 0.000000000000000000e+00
0.000000000000000000e+00 0.000000000000000000e+00 0.000000000000000000e+00
0.000000000000000000e+00 0.000000000000000000e+00 0.000000000000000000e+00
0.000000000000000000e+00 0.000000000000000000e+00 0.000000000000000000e+00
0.000000000000000000e+00 0.000000000000000000e+00 0.000000000000000000e+00
-1.300682529495353235e+00 5.206646005015772571e-01 7.387128091681244291e-02
-6.503412647476766173e-01 2.603323002507886286e-01 3.693564045840622145e-02
-6.503412647476766173e-01 2.603323002507886286e-01 3.693564045840622145e-02
0.000000000000000000e+00 0.000000000000000000e+00 0.000000000000000000e+00
-1.864983214562361269e+00 5.011151790018877339e-01 1.247376913443376534e-01
0.000000000000000000e+00 0.000000000000000000e+00 0.000000000000000000e+00
-5.643006850670081453e-01 -1.954942149968948509e-02 5.086641042752521047e-02
-1.688287405906164107e+00 1.836981392490980580e-01 1.353492412916109666e-01
-6.503412647476766173e-01 2.603323002507886286e-01 3.693564045840622145e-02
-6.503412647476766173e-01 2.603323002507886286e-01 3.693564045840622145e-02
0.000000000000000000e+00 0.000000000000000000e+00 0.000000000000000000e+00
0.000000000000000000e+00 0.000000000000000000e+00 0.000000000000000000e+00
-1.300682529495353235e+00 5.206646005015772571e-01 7.387128091681244291e-02
-6.503412647476766173e-01 2.603323002507886286e-01 3.693564045840622145e-02
0.000000000000000000e+00 0.000000000000000000e+00 0.000000000000000000e+00
-6.503412647476766173e-01 2.603323002507886286e-01 3.693564045840622145e-02
-2.296639226118468435e-01 9.447753304171878364e-02 -9.690906162474394181e-02
0.000000000000000000e+00 0.000000000000000000e+00 0.000000000000000000e+00
0.000000000000000000e+00 0.000000000000000000e+00 0.000000000000000000e+00
-4.736454560914793444e-01 -5.708473950200108893e-02 4.754719040567952776e-02
-2.932592065191061415e-01 1.395444686043177396e-01 -1.294934115004061637e-01
0.000000000000000000e+00 0.000000000000000000e+00 0.000000000000000000e+00
-6.503412647476766173e-01 2.603323002507886286e-01 3.693564045840622145e-02
0.000000000000000000e+00 0.000000000000000000e+00 0.000000000000000000e+00
-5.615617466257687429e-01 3.112426584735091817e-01 -8.510037697746833385e-02
-2.296639226118468435e-01 9.447753304171878364e-02 -9.690906162474394181e-02
-6.503412647476766173e-01 2.603323002507886286e-01 3.693564045840622145e-02
0.000000000000000000e+00 0.000000000000000000e+00 0.000000000000000000e+00
-6.503412647476766173e-01 2.603323002507886286e-01 3.693564045840622145e-02
0.000000000000000000e+00 0.000000000000000000e+00 0.000000000000000000e+00
-7.064174373644078742e-01 -5.229999621335481574e-01 9.322102086470322735e-03
-5.879184532089469784e-01 -1.512544523537436292e-01 1.016082166897050026e-01
-6.503412647476766173e-01 2.603323002507886286e-01 3.693564045840622145e-02
-1.109669109971370249e+00 4.492873663342261681e-01 -1.568824827910816622e-01
-4.736454560914793444e-01 -5.708473950200108893e-02 4.754719040567952776e-02
-2.296639226118468435e-01 9.447753304171878364e-02 -9.690906162474394181e-02
0.000000000000000000e+00 0.000000000000000000e+00 0.000000000000000000e+00
-7.033093787033262156e-01 3.739279353971769471e-02 -4.936187121906441405e-02
-1.470214041313911757e+00 1.198525226420343454e-01 -1.313080923137910361e-01
-5.051962858884435636e-01 3.156864978087121076e-01 -2.976402277383788375e-01
0.000000000000000000e+00 0.000000000000000000e+00 0.000000000000000000e+00
-1.420936368274438033e+00 -1.712542185060032529e-01 1.426415712170385763e-01
-2.296639226118468435e-01 9.447753304171878364e-02 -9.690906162474394181e-02
-8.752973197891540380e-01 -4.895817128541283259e-01 1.117956558097103481e-01
-4.736454560914793444e-01 -5.708473950200108893e-02 4.754719040567952776e-02
-1.382549677715419367e+00 1.510644433442634438e-01 4.595261146716680262e-02
-4.593278452236936871e-01 1.889550660834375673e-01 -1.938181232494878836e-01
-6.771842269742714970e-01 -2.112880085851338852e-01 -1.364827007096041100e-01
-2.755323632765967479e-01 2.212089647669933379e-01 -2.007311661136349235e-01
-1.109669109971370249e+00 4.492873663342261681e-01 -1.568824827910816622e-01
-2.296639226118468435e-01 9.447753304171878364e-02 -9.690906162474394181e-02
-8.443239330722995817e-01 5.819623981383044153e-01 -5.309557437276759551e-01
0.000000000000000000e+00 0.000000000000000000e+00 0.000000000000000000e+00
-2.296639226118468435e-01 9.447753304171878364e-02 -9.690906162474394181e-02
-5.051962858884435636e-01 3.156864978087121076e-01 -2.976402277383788375e-01
-7.925835139092128889e-01 4.538754929723918807e-01 -5.334903336493592718e-01
-6.334044607063258336e-01 -1.883493927970571746e-01 -1.839696010262947823e-01
-4.545553863351874391e-01 -3.836013896562137648e-01 -1.672860811957271876e-01
-7.984554924075497606e-01 4.552309664130298472e-01 -4.271336392387850012e-01
-9.527165902508683004e-01 9.920956181859452716e-03 -3.372138668232390057e-01
-7.984554924075497606e-01 4.552309664130298472e-01 -4.271336392387850012e-01
-5.687915697957028893e-01 3.607534333713110497e-01 -3.302245776140411149e-01
-2.755323632765967479e-01 2.212089647669933379e-01 -2.007311661136349235e-01
-6.889917678355405029e-01 2.834325991251563370e-01 -2.907271848742318254e-01
-9.329733013151730869e-01 1.318703265814364922e-01 -1.462709328438083489e-01
-3.976745751587795752e-01 1.772101972777307688e-01 -6.693182943518125039e-02
-5.112622488241429508e-01 -1.443506253077946055e-01 -3.177689377047484554e-01
-9.027903538525725580e-01 -4.146150895852412921e-02 -2.393461381355271866e-01
-2.755323632765967479e-01 2.212089647669933379e-01 -2.007311661136349235e-01
0.000000000000000000e+00 0.000000000000000000e+00 0.000000000000000000e+00
0.000000000000000000e+00 0.000000000000000000e+00 0.000000000000000000e+00
-1.832114740941658715e+00 9.222481939723708999e-01 -2.789405198502597494e-01
-2.357298855475462585e-01 -3.655595900747879434e-01 -1.170377715911135319e-01
-1.648675731995715266e+00 2.070358274761208150e-03 2.924525819137748228e-01
-2.357298855475462585e-01 -3.655595900747879434e-01 -1.170377715911135319e-01
-1.669164916868426385e+00 -9.390179944463226125e-01 -3.671787337809966356e-01
-4.855637707815557702e-01 2.748521617455191302e-01 -2.489896962781812106e-01
0.000000000000000000e+00 0.000000000000000000e+00 0.000000000000000000e+00
0.000000000000000000e+00 0.000000000000000000e+00 0.000000000000000000e+00
0.000000000000000000e+00 0.000000000000000000e+00 0.000000000000000000e+00
-4.714597710950925169e-01 -7.311191801495758869e-01 -2.340755431822270638e-01
-4.016518636976747492e-01 -4.324969733521272230e-01 6.424846540403082729e-02
0.000000000000000000e+00 0.000000000000000000e+00 0.000000000000000000e+00
-4.714597710950925169e-01 -7.311191801495758869e-01 -2.340755431822270638e-01
-4.714597710950925169e-01 -7.311191801495758869e-01 -2.340755431822270638e-01
-2.002556779757748373e+00 -8.192156706267583743e-02 -8.569415094398108446e-02
-2.755323632765967479e-01 2.212089647669933379e-01 -2.007311661136349235e-01
0.000000000000000000e+00 0.000000000000000000e+00 0.000000000000000000e+00
-1.340594117348964609e+00 -1.285028163021421088e+00 -5.350829157996354057e-01
-1.104961242401000909e+00 -3.951041798124095283e-01 1.488659418496640630e-02
-2.357298855475462585e-01 -3.655595900747879434e-01 -1.170377715911135319e-01
0.000000000000000000e+00 0.000000000000000000e+00 0.000000000000000000e+00
-4.714597710950925169e-01 -7.311191801495758869e-01 -2.340755431822270638e-01
0.000000000000000000e+00 0.000000000000000000e+00 0.000000000000000000e+00
-1.940370415367372647e+00 -9.276616052937889378e-01 1.133238393336059024e-01
-3.047655736667331805e-01 -9.050298878142093439e-02 -5.492636331756050455e-02
0.000000000000000000e+00 0.000000000000000000e+00 0.000000000000000000e+00
-4.714597710950925169e-01 -7.311191801495758869e-01 -2.340755431822270638e-01
0.000000000000000000e+00 0.000000000000000000e+00 0.000000000000000000e+00
-1.174769149798418733e+00 -6.937263866098581921e-01 -2.834374144012914987e-01
-2.296639226118468435e-01 9.447753304171878364e-02 -9.690906162474394181e-02
-1.381048221451655511e+00 -2.142299311332543921e-01 1.292831605559677244e-01
-2.357298855475462585e-01 -3.655595900747879434e-01 -1.170377715911135319e-01
-6.313157863095215649e-01 -3.380194403104084255e-01 -3.266059622071311452e-02
-4.016518636976747492e-01 -4.324969733521272230e-01 6.424846540403082729e-02
0.000000000000000000e+00 0.000000000000000000e+00 0.000000000000000000e+00
0.000000000000000000e+00 0.000000000000000000e+00 0.000000000000000000e+00
-3.047655736667331805e-01 -9.050298878142093439e-02 -5.492636331756050455e-02
-1.082855251685500786e+00 5.557095515162049915e-02 1.344749025371536622e-01
0.000000000000000000e+00 0.000000000000000000e+00 0.000000000000000000e+00
-5.879184532089469784e-01 -1.512544523537436292e-01 1.016082166897050026e-01
-8.033037273953494983e-01 -8.649939467042544461e-01 1.284969308080616546e-01
0.000000000000000000e+00 0.000000000000000000e+00 0.000000000000000000e+00
0.000000000000000000e+00 0.000000000000000000e+00 0.000000000000000000e+00
-5.879184532089469784e-01 -1.512544523537436292e-01 1.016082166897050026e-01
0.000000000000000000e+00 0.000000000000000000e+00 0.000000000000000000e+00
-7.064174373644078742e-01 -5.229999621335481574e-01 9.322102086470322735e-03
0.000000000000000000e+00 0.000000000000000000e+00 0.000000000000000000e+00
0.000000000000000000e+00 0.000000000000000000e+00 0.000000000000000000e+00
-6.503412647476766173e-01 2.603323002507886286e-01 3.693564045840622145e-02
-1.051993128445351422e+00 -1.721646731013385945e-01 1.011841058624370487e-01
0.000000000000000000e+00 0.000000000000000000e+00 0.000000000000000000e+00
-5.879184532089469784e-01 -1.512544523537436292e-01 1.016082166897050026e-01
0.000000000000000000e+00 0.000000000000000000e+00 0.000000000000000000e+00
0.000000000000000000e+00 0.000000000000000000e+00 0.000000000000000000e+00
-7.811611134583217320e-01 2.021912625332656643e-01 2.240750224245575128e-01
0.000000000000000000e+00 0.000000000000000000e+00 0.000000000000000000e+00
-4.016518636976747492e-01 -4.324969733521272230e-01 6.424846540403082729e-02
0.000000000000000000e+00 0.000000000000000000e+00 0.000000000000000000e+00
-9.472909121829586887e-01 -1.141694790040021779e-01 9.509438081135905552e-02
0.000000000000000000e+00 0.000000000000000000e+00 0.000000000000000000e+00
0.000000000000000000e+00 0.000000000000000000e+00 0.000000000000000000e+00
0.000000000000000000e+00 0.000000000000000000e+00 0.000000000000000000e+00
0.000000000000000000e+00 0.000000000000000000e+00 0.000000000000000000e+00
0.000000000000000000e+00 0.000000000000000000e+00 0.000000000000000000e+00
0.000000000000000000e+00 0.000000000000000000e+00 0.000000000000000000e+00
0.000000000000000000e+00 0.000000000000000000e+00 0.000000000000000000e+00
0.000000000000000000e+00 0.000000000000000000e+00 0.000000000000000000e+00
-5.745259818029159193e-01 1.047878479262306928e-01 9.285860722287048175e-02
0.000000000000000000e+00 0.000000000000000000e+00 0.000000000000000000e+00
0.000000000000000000e+00 0.000000000000000000e+00 0.000000000000000000e+00
-5.879184532089469784e-01 -1.512544523537436292e-01 1.016082166897050026e-01
0.000000000000000000e+00 0.000000000000000000e+00 0.000000000000000000e+00
0.000000000000000000e+00 0.000000000000000000e+00 0.000000000000000000e+00
0.000000000000000000e+00 0.000000000000000000e+00 0.000000000000000000e+00
-3.047655736667331805e-01 -9.050298878142093439e-02 -5.492636331756050455e-02
0.000000000000000000e+00 0.000000000000000000e+00 0.000000000000000000e+00
-4.736454560914793444e-01 -5.708473950200108893e-02 4.754719040567952776e-02
-4.736454560914793444e-01 -5.708473950200108893e-02 4.754719040567952776e-02
0.000000000000000000e+00 0.000000000000000000e+00 0.000000000000000000e+00
-5.980247801858393775e-01 4.904147982289680519e-02 -1.844197748179666752e-01
0.000000000000000000e+00 0.000000000000000000e+00 0.000000000000000000e+00
-4.337573092686967668e-01 -1.000604521292522281e-01 3.418877974460866193e-02
-5.643006850670081453e-01 -1.954942149968948509e-02 5.086641042752521047e-02
0.000000000000000000e+00 0.000000000000000000e+00 0.000000000000000000e+00
0.000000000000000000e+00 0.000000000000000000e+00 0.000000000000000000e+00
-7.834433415790772459e-01 4.451226236353675869e-01 1.656854790693570723e-01
-1.562322226916643464e+00 4.043825250665313287e-01 4.481500448491150257e-01
-1.299715680076814373e+00 2.773116391845756312e-01 3.076835145341859645e-01
0.000000000000000000e+00 0.000000000000000000e+00 0.000000000000000000e+00
0.000000000000000000e+00 0.000000000000000000e+00 0.000000000000000000e+00
-7.834433415790772459e-01 4.451226236353675869e-01 1.656854790693570723e-01
0.000000000000000000e+00 0.000000000000000000e+00 0.000000000000000000e+00
-1.214641949814684763e+00 2.407828787510991331e-01 8.780205088593143192e-02
0.000000000000000000e+00 0.000000000000000000e+00 0.000000000000000000e+00
0.000000000000000000e+00 0.000000000000000000e+00 0.000000000000000000e+00
0.000000000000000000e+00 0.000000000000000000e+00 0.000000000000000000e+00
0.000000000000000000e+00 0.000000000000000000e+00 0.000000000000000000e+00
0.000000000000000000e+00 0.000000000000000000e+00 0.000000000000000000e+00
-2.558998481697088989e-01 1.803746287038003326e-01 -1.520806346534372688e-01
0.000000000000000000e+00 0.000000000000000000e+00 0.000000000000000000e+00
0.000000000000000000e+00 0.000000000000000000e+00 0.000000000000000000e+00
0.000000000000000000e+00 0.000000000000000000e+00 0.000000000000000000e+00
0.000000000000000000e+00 0.000000000000000000e+00 0.000000000000000000e+00
0.000000000000000000e+00 0.000000000000000000e+00 0.000000000000000000e+00
-4.736454560914793444e-01 -5.708473950200108893e-02 4.754719040567952776e-02
0.000000000000000000e+00 0.000000000000000000e+00 0.000000000000000000e+00
0.000000000000000000e+00 0.000000000000000000e+00 0.000000000000000000e+00
0.000000000000000000e+00 0.000000000000000000e+00 0.000000000000000000e+00
0.000000000000000000e+00 0.000000000000000000e+00 0.000000000000000000e+00
0.000000000000000000e+00 0.000000000000000000e+00 0.000000000000000000e+00
0.000000000000000000e+00 0.000000000000000000e+00 0.000000000000000000e+00
0.000000000000000000e+00 0.000000000000000000e+00 0.000000000000000000e+00
0.000000000000000000e+00 0.000000000000000000e+00 0.000000000000000000e+00
-1.951023794243029741e+00 7.809969007523658302e-01 1.108069213752186644e-01
0.000000000000000000e+00 0.000000000000000000e+00 0.000000000000000000e+00
0.000000000000000000e+00 0.000000000000000000e+00 0.000000000000000000e+00
0.000000000000000000e+00 0.000000000000000000e+00 0.000000000000000000e+00
-5.643006850670081453e-01 -1.954942149968948509e-02 5.086641042752521047e-02
0.000000000000000000e+00 0.000000000000000000e+00 0.000000000000000000e+00
-9.436004712667827032e-01 3.998767688551063682e-01 -9.255777104199994221e-02
-6.503412647476766173e-01 2.603323002507886286e-01 3.693564045840622145e-02
-1.300682529495353235e+00 5.206646005015772571e-01 7.387128091681244291e-02
-9.062411129173855162e-01 4.407069289545889612e-01 -1.151449941950310474e-01
-7.270165157878029083e-01 3.948401647506551149e-02 -9.530463175579750867e-02
-1.300682529495353235e+00 5.206646005015772571e-01 7.387128091681244291e-02
-6.503412647476766173e-01 2.603323002507886286e-01 3.693564045840622145e-02
0.000000000000000000e+00 0.000000000000000000e+00 0.000000000000000000e+00
0.000000000000000000e+00 0.000000000000000000e+00 0.000000000000000000e+00
-6.503412647476766173e-01 2.603323002507886286e-01 3.693564045840622145e-02
0.000000000000000000e+00 0.000000000000000000e+00 0.000000000000000000e+00
0.000000000000000000e+00 0.000000000000000000e+00 0.000000000000000000e+00
0.000000000000000000e+00 0.000000000000000000e+00 0.000000000000000000e+00
-9.472909121829586887e-01 -1.141694790040021779e-01 9.509438081135905552e-02
0.000000000000000000e+00 0.000000000000000000e+00 0.000000000000000000e+00
-2.932592065191061415e-01 1.395444686043177396e-01 -1.294934115004061637e-01
0.000000000000000000e+00 0.000000000000000000e+00 0.000000000000000000e+00
-9.472909121829586887e-01 -1.141694790040021779e-01 9.509438081135905552e-02
0.000000000000000000e+00 0.000000000000000000e+00 0.000000000000000000e+00
-2.932592065191061415e-01 1.395444686043177396e-01 -1.294934115004061637e-01
0.000000000000000000e+00 0.000000000000000000e+00 0.000000000000000000e+00
0.000000000000000000e+00 0.000000000000000000e+00 0.000000000000000000e+00
-7.834433415790772459e-01 4.451226236353675869e-01 1.656854790693570723e-01
-2.932592065191061415e-01 1.395444686043177396e-01 -1.294934115004061637e-01
-1.951023794243029741e+00 7.809969007523658302e-01 1.108069213752186644e-01
-4.337573092686967668e-01 -1.000604521292522281e-01 3.418877974460866193e-02
0.000000000000000000e+00 0.000000000000000000e+00 0.000000000000000000e+00
-6.503412647476766173e-01 2.603323002507886286e-01 3.693564045840622145e-02
-6.503412647476766173e-01 2.603323002507886286e-01 3.693564045840622145e-02
0.000000000000000000e+00 0.000000000000000000e+00 0.000000000000000000e+00
-2.932592065191061415e-01 1.395444686043177396e-01 -1.294934115004061637e-01
0.000000000000000000e+00 0.000000000000000000e+00 0.000000000000000000e+00
-6.503412647476766173e-01 2.603323002507886286e-01 3.693564045840622145e-02
-6.503412647476766173e-01 2.603323002507886286e-01 3.693564045840622145e-02
-8.675146185373935337e-01 -2.001209042585044562e-01 6.837755948921732385e-02
-4.337573092686967668e-01 -1.000604521292522281e-01 3.418877974460866193e-02
-1.084098574016373329e+00 1.602718481215363866e-01 7.112442020301487644e-02
0.000000000000000000e+00 0.000000000000000000e+00 0.000000000000000000e+00
-5.643006850670081453e-01 -1.954942149968948509e-02 5.086641042752521047e-02
0.000000000000000000e+00 0.000000000000000000e+00 0.000000000000000000e+00
0.000000000000000000e+00 0.000000000000000000e+00 0.000000000000000000e+00
0.000000000000000000e+00 0.000000000000000000e+00 0.000000000000000000e+00
0.000000000000000000e+00 0.000000000000000000e+00 0.000000000000000000e+00
0.000000000000000000e+00 0.000000000000000000e+00 0.000000000000000000e+00
-1.084098574016373329e+00 1.602718481215363866e-01 7.112442020301487644e-02
-4.337573092686967668e-01 -1.000604521292522281e-01 3.418877974460866193e-02
0.000000000000000000e+00 0.000000000000000000e+00 0.000000000000000000e+00
0.000000000000000000e+00 0.000000000000000000e+00 0.000000000000000000e+00
-1.778942634881692797e+00 2.212334572514096653e-01 1.386684613134566424e-01
-8.675146185373935337e-01 -2.001209042585044562e-01 6.837755948921732385e-02
-6.503412647476766173e-01 2.603323002507886286e-01 3.693564045840622145e-02
-9.436004712667827032e-01 3.998767688551063682e-01 -9.255777104199994221e-02
-2.932592065191061415e-01 1.395444686043177396e-01 -1.294934115004061637e-01
0.000000000000000000e+00 0.000000000000000000e+00 0.000000000000000000e+00
-6.503412647476766173e-01 2.603323002507886286e-01 3.693564045840622145e-02
0.000000000000000000e+00 0.000000000000000000e+00 0.000000000000000000e+00
-6.503412647476766173e-01 2.603323002507886286e-01 3.693564045840622145e-02
0.000000000000000000e+00 0.000000000000000000e+00 0.000000000000000000e+00
-6.503412647476766173e-01 2.603323002507886286e-01 3.693564045840622145e-02
-4.736454560914793444e-01 -5.708473950200108893e-02 4.754719040567952776e-02
-7.033093787033262156e-01 3.739279353971769471e-02 -4.936187121906441405e-02
-6.503412647476766173e-01 2.603323002507886286e-01 3.693564045840622145e-02
0.000000000000000000e+00 0.000000000000000000e+00 0.000000000000000000e+00
-5.879184532089469784e-01 -1.512544523537436292e-01 1.016082166897050026e-01
-1.577488770115568650e+00 -7.350058780596144814e-01 2.674648987834408187e-01
0.000000000000000000e+00 0.000000000000000000e+00 0.000000000000000000e+00
-6.503412647476766173e-01 2.603323002507886286e-01 3.693564045840622145e-02
-1.300682529495353235e+00 5.206646005015772571e-01 7.387128091681244291e-02
-5.772330540892241929e-02 4.371146212196099640e-02 -1.389410442862363815e-01
-4.593278452236936871e-01 1.889550660834375673e-01 -1.938181232494878836e-01
0.000000000000000000e+00 0.000000000000000000e+00 0.000000000000000000e+00
-6.503412647476766173e-01 2.603323002507886286e-01 3.693564045840622145e-02
0.000000000000000000e+00 0.000000000000000000e+00 0.000000000000000000e+00
-8.033037273953494983e-01 -8.649939467042544461e-01 1.284969308080616546e-01
0.000000000000000000e+00 0.000000000000000000e+00 0.000000000000000000e+00
0.000000000000000000e+00 0.000000000000000000e+00 0.000000000000000000e+00
0.000000000000000000e+00 0.000000000000000000e+00 0.000000000000000000e+00
-2.296639226118468435e-01 9.447753304171878364e-02 -9.690906162474394181e-02
-7.939646076788550166e-01 7.492811154202930202e-02 -4.604265119721873134e-02
-6.503412647476766173e-01 2.603323002507886286e-01 3.693564045840622145e-02
-6.503412647476766173e-01 2.603323002507886286e-01 3.693564045840622145e-02
-8.800051873595234886e-01 3.548098332925074261e-01 -5.997342116633772036e-02
-2.296639226118468435e-01 9.447753304171878364e-02 -9.690906162474394181e-02
0.000000000000000000e+00 0.000000000000000000e+00 0.000000000000000000e+00
-6.503412647476766173e-01 2.603323002507886286e-01 3.693564045840622145e-02
-1.353650643451002722e+00 2.977250937905063233e-01 -1.242623076065819260e-02
-9.329733013151730869e-01 1.318703265814364922e-01 -1.462709328438083489e-01
0.000000000000000000e+00 0.000000000000000000e+00 0.000000000000000000e+00
-1.200107356105224454e+00 2.273399306090265193e-02 -3.628851738347541600e-01
-5.344294962785800518e-01 3.974544260297849241e-03 -1.518354249423044533e-01
-2.296639226118468435e-01 9.447753304171878364e-02 -9.690906162474394181e-02
-7.640934188904269231e-01 9.845207730201663288e-02 -2.487444865670483951e-01
-5.051962858884435636e-01 3.156864978087121076e-01 -2.976402277383788375e-01
-5.314322114463057023e-01 4.015835934707936428e-01 -3.528118007670721923e-01
-2.755323632765967479e-01 2.212089647669933379e-01 -2.007311661136349235e-01
-1.223421264114120444e+00 2.874071433854542001e-01 -4.425626098165362787e-01
-5.051962858884435636e-01 3.156864978087121076e-01 -2.976402277383788375e-01
-1.312519174297347657e+00 1.500484881933392689e-01 3.756584091240973422e-02
-1.197705145773333868e+00 -2.078988142967466701e-01 -1.331031905987695718e-01
-9.937573415022736834e-01 1.929296103437354026e-01 -3.456535481917923369e-01
-6.732069384353762675e-01 3.984191620447241067e-01 -2.676629955488161738e-01
-2.087641622073479475e+00 7.572035395975293959e-01 -4.794718416574583753e-01
-5.980247801858393775e-01 4.904147982289680519e-02 -1.844197748179666752e-01
-3.047655736667331805e-01 -9.050298878142093439e-02 -5.492636331756050455e-02
-2.296639226118468435e-01 9.447753304171878364e-02 -9.690906162474394181e-02
-2.980698615987047884e+00 8.608653815410067800e-01 -3.843393011315525687e-01
-1.358405834904275578e+00 5.643760626235382327e-01 -6.506976336942393857e-02
-4.337573092686967668e-01 -1.000604521292522281e-01 3.418877974460866193e-02
-5.510647265531934957e-01 4.424179295339866758e-01 -4.014623322272698469e-01
-3.047655736667331805e-01 -9.050298878142093439e-02 -5.492636331756050455e-02
-6.909337816778857722e-01 3.167546658820484806e-01 -1.964252409355874140e-01
-3.047655736667331805e-01 -9.050298878142093439e-02 -5.492636331756050455e-02
-2.995796253369085171e-01 -5.861968017495856609e-01 -2.247194357563333800e-01
0.000000000000000000e+00 0.000000000000000000e+00 0.000000000000000000e+00
-6.334044607063258336e-01 -1.883493927970571746e-01 -1.839696010262947823e-01
0.000000000000000000e+00 0.000000000000000000e+00 0.000000000000000000e+00
-4.714597710950925169e-01 -7.311191801495758869e-01 -2.340755431822270638e-01
0.000000000000000000e+00 0.000000000000000000e+00 0.000000000000000000e+00
-1.128413912423226417e+00 -6.073170312099525070e-01 -7.035591821896902687e-02
-1.035760456162100773e+00 -7.506686016492654101e-01 -1.832091327547018533e-01
0.000000000000000000e+00 0.000000000000000000e+00 0.000000000000000000e+00
-4.337573092686967668e-01 -1.000604521292522281e-01 3.418877974460866193e-02
-9.429195421901850338e-01 -1.462238360299151774e+00 -4.681510863644541276e-01
-7.071896566426387754e-01 -1.096678770224363886e+00 -3.511133147733406235e-01
-2.357298855475462585e-01 -3.655595900747879434e-01 -1.170377715911135319e-01
-2.357298855475462585e-01 -3.655595900747879434e-01 -1.170377715911135319e-01
-1.469517765430797374e+00 -8.507290537785175966e-01 -1.490203530100931983e-01
-2.357298855475462585e-01 -3.655595900747879434e-01 -1.170377715911135319e-01
-1.090643631533215308e+00 -1.490643742269708860e-01 -2.264787194702009843e-01
0.000000000000000000e+00 0.000000000000000000e+00 0.000000000000000000e+00
0.000000000000000000e+00 0.000000000000000000e+00 0.000000000000000000e+00
-4.653938081593931297e-01 -2.710820570330691459e-01 -2.139468332158574737e-01
-1.104961242401000909e+00 -3.951041798124095283e-01 1.488659418496640630e-02
0.000000000000000000e+00 0.000000000000000000e+00 0.000000000000000000e+00
-2.357298855475462585e-01 -3.655595900747879434e-01 -1.170377715911135319e-01
-2.357298855475462585e-01 -3.655595900747879434e-01 -1.170377715911135319e-01
-2.296639226118468435e-01 9.447753304171878364e-02 -9.690906162474394181e-02
-3.047655736667331805e-01 -9.050298878142093439e-02 -5.492636331756050455e-02
0.000000000000000000e+00 0.000000000000000000e+00 0.000000000000000000e+00
-5.404954592142794390e-01 -4.560625788562088778e-01 -1.719641349086740434e-01
0.000000000000000000e+00 0.000000000000000000e+00 0.000000000000000000e+00
-4.016518636976747492e-01 -4.324969733521272230e-01 6.424846540403082729e-02
-6.949110702167808906e-01 -2.929525047478094835e-01 -6.524494609637533638e-02
0.000000000000000000e+00 0.000000000000000000e+00 0.000000000000000000e+00
-7.033093787033262156e-01 3.739279353971769471e-02 -4.936187121906441405e-02
-1.106473019827439730e+00 -7.613407570243364841e-02 1.852167087993334682e-01
-1.175836906417893957e+00 -3.025089047074872584e-01 2.032164333794100053e-01
-5.879184532089469784e-01 -1.512544523537436292e-01 1.016082166897050026e-01
0.000000000000000000e+00 0.000000000000000000e+00 0.000000000000000000e+00
-4.016518636976747492e-01 -4.324969733521272230e-01 6.424846540403082729e-02
0.000000000000000000e+00 0.000000000000000000e+00 0.000000000000000000e+00
-4.016518636976747492e-01 -4.324969733521272230e-01 6.424846540403082729e-02
-3.047655736667331805e-01 -9.050298878142093439e-02 -5.492636331756050455e-02
-4.016518636976747492e-01 -4.324969733521272230e-01 6.424846540403082729e-02
0.000000000000000000e+00 0.000000000000000000e+00 0.000000000000000000e+00
0.000000000000000000e+00 0.000000000000000000e+00 0.000000000000000000e+00
-3.047655736667331805e-01 -9.050298878142093439e-02 -5.492636331756050455e-02
-8.033037273953494983e-01 -8.649939467042544461e-01 1.284969308080616546e-01
0.000000000000000000e+00 0.000000000000000000e+00 0.000000000000000000e+00
-5.879184532089469784e-01 -1.512544523537436292e-01 1.016082166897050026e-01
-6.503412647476766173e-01 2.603323002507886286e-01 3.693564045840622145e-02
-4.016518636976747492e-01 -4.324969733521272230e-01 6.424846540403082729e-02
0.000000000000000000e+00 0.000000000000000000e+00 0.000000000000000000e+00
0.000000000000000000e+00 0.000000000000000000e+00 0.000000000000000000e+00
0.000000000000000000e+00 0.000000000000000000e+00 0.000000000000000000e+00
0.000000000000000000e+00 0.000000000000000000e+00 0.000000000000000000e+00
-1.348942775880633382e+00 -5.466664523561294287e-01 1.593428462153898828e-01
-4.736454560914793444e-01 -5.708473950200108893e-02 4.754719040567952776e-02
0.000000000000000000e+00 0.000000000000000000e+00 0.000000000000000000e+00
-4.736454560914793444e-01 -5.708473950200108893e-02 4.754719040567952776e-02
0.000000000000000000e+00 0.000000000000000000e+00 0.000000000000000000e+00
-4.952116463704854255e-01 6.108286877683758581e-02 -2.816175331473344534e-02
-2.558998481697088989e-01 1.803746287038003326e-01 -1.520806346534372688e-01
0.000000000000000000e+00 0.000000000000000000e+00 0.000000000000000000e+00
0.000000000000000000e+00 0.000000000000000000e+00 0.000000000000000000e+00
0.000000000000000000e+00 0.000000000000000000e+00 0.000000000000000000e+00
-1.300682529495353235e+00 5.206646005015772571e-01 7.387128091681244291e-02
-6.503412647476766173e-01 2.603323002507886286e-01 3.693564045840622145e-02
0.000000000000000000e+00 0.000000000000000000e+00 0.000000000000000000e+00
0.000000000000000000e+00 0.000000000000000000e+00 0.000000000000000000e+00
-6.503412647476766173e-01 2.603323002507886286e-01 3.693564045840622145e-02
0.000000000000000000e+00 0.000000000000000000e+00 0.000000000000000000e+00
0.000000000000000000e+00 0.000000000000000000e+00 0.000000000000000000e+00
0.000000000000000000e+00 0.000000000000000000e+00 0.000000000000000000e+00
0.000000000000000000e+00 0.000000000000000000e+00 0.000000000000000000e+00
0.000000000000000000e+00 0.000000000000000000e+00 0.000000000000000000e+00
0.000000000000000000e+00 0.000000000000000000e+00 0.000000000000000000e+00
0.000000000000000000e+00 0.000000000000000000e+00 0.000000000000000000e+00
0.000000000000000000e+00 0.000000000000000000e+00 0.000000000000000000e+00
0.000000000000000000e+00 0.000000000000000000e+00 0.000000000000000000e+00
0.000000000000000000e+00 0.000000000000000000e+00 0.000000000000000000e+00
-5.745259818029159193e-01 1.047878479262306928e-01 9.285860722287048175e-02
0.000000000000000000e+00 0.000000000000000000e+00 0.000000000000000000e+00
0.000000000000000000e+00 0.000000000000000000e+00 0.000000000000000000e+00
0.000000000000000000e+00 0.000000000000000000e+00 0.000000000000000000e+00
0.000000000000000000e+00 0.000000000000000000e+00 0.000000000000000000e+00
-6.503412647476766173e-01 2.603323002507886286e-01 3.693564045840622145e-02
0.000000000000000000e+00 0.000000000000000000e+00 0.000000000000000000e+00
0.000000000000000000e+00 0.000000000000000000e+00 0.000000000000000000e+00
0.000000000000000000e+00 0.000000000000000000e+00 0.000000000000000000e+00
-6.503412647476766173e-01 2.603323002507886286e-01 3.693564045840622145e-02
-6.503412647476766173e-01 2.603323002507886286e-01 3.693564045840622145e-02
0.000000000000000000e+00 0.000000000000000000e+00 0.000000000000000000e+00
0.000000000000000000e+00 0.000000000000000000e+00 0.000000000000000000e+00
-6.503412647476766173e-01 2.603323002507886286e-01 3.693564045840622145e-02
-1.420936368274438033e+00 -1.712542185060032529e-01 1.426415712170385763e-01
-6.167530074336354806e-01 1.908031352951919390e-02 -1.691664650042087603e-01
-6.503412647476766173e-01 2.603323002507886286e-01 3.693564045840622145e-02
0.000000000000000000e+00 0.000000000000000000e+00 0.000000000000000000e+00
0.000000000000000000e+00 0.000000000000000000e+00 0.000000000000000000e+00
-6.503412647476766173e-01 2.603323002507886286e-01 3.693564045840622145e-02
0.000000000000000000e+00 0.000000000000000000e+00 0.000000000000000000e+00
-6.503412647476766173e-01 2.603323002507886286e-01 3.693564045840622145e-02
0.000000000000000000e+00 0.000000000000000000e+00 0.000000000000000000e+00
0.000000000000000000e+00 0.000000000000000000e+00 0.000000000000000000e+00
0.000000000000000000e+00 0.000000000000000000e+00 0.000000000000000000e+00
-6.503412647476766173e-01 2.603323002507886286e-01 3.693564045840622145e-02
0.000000000000000000e+00 0.000000000000000000e+00 0.000000000000000000e+00
-6.503412647476766173e-01 2.603323002507886286e-01 3.693564045840622145e-02
0.000000000000000000e+00 0.000000000000000000e+00 0.000000000000000000e+00
0.000000000000000000e+00 0.000000000000000000e+00 0.000000000000000000e+00
-1.214641949814684763e+00 2.407828787510991331e-01 8.780205088593143192e-02
-1.214641949814684763e+00 2.407828787510991331e-01 8.780205088593143192e-02
-1.672017027225320529e+00 9.017395767792757422e-03 1.727326368927198930e-01
-4.736454560914793444e-01 -5.708473950200108893e-02 4.754719040567952776e-02
0.000000000000000000e+00 0.000000000000000000e+00 0.000000000000000000e+00
-1.774327985586832579e+00 4.635798609995761543e-01 1.214184713224919776e-01
-4.736454560914793444e-01 -5.708473950200108893e-02 4.754719040567952776e-02
-8.157530086235762479e-01 4.209646972735686110e-01 -3.295900097690174224e-01
-6.503412647476766173e-01 2.603323002507886286e-01 3.693564045840622145e-02
-1.214641949814684763e+00 2.407828787510991331e-01 8.780205088593143192e-02
0.000000000000000000e+00 0.000000000000000000e+00 0.000000000000000000e+00
-4.736454560914793444e-01 -5.708473950200108893e-02 4.754719040567952776e-02
0.000000000000000000e+00 0.000000000000000000e+00 0.000000000000000000e+00
-6.503412647476766173e-01 2.603323002507886286e-01 3.693564045840622145e-02
-5.926948097971731499e-01 -2.409878754410542667e-01 2.276613666641985612e-01
-3.475660533674944208e+00 -4.017702486661869909e-01 4.909156976229057667e-01
0.000000000000000000e+00 0.000000000000000000e+00 0.000000000000000000e+00
-2.515324479310037997e+00 7.614474792526764180e-01 1.616733318027438748e-01
0.000000000000000000e+00 0.000000000000000000e+00 0.000000000000000000e+00
-6.503412647476766173e-01 2.603323002507886286e-01 3.693564045840622145e-02
-6.313157863095215649e-01 -3.380194403104084255e-01 -3.266059622071311452e-02
-5.344294962785800518e-01 3.974544260297849241e-03 -1.518354249423044533e-01
-4.736454560914793444e-01 -5.708473950200108893e-02 4.754719040567952776e-02
0.000000000000000000e+00 0.000000000000000000e+00 0.000000000000000000e+00
-1.520891754524120065e+00 -1.938412577230713696e-02 -4.466271615410334628e-02
-5.879184532089469784e-01 -1.512544523537436292e-01 1.016082166897050026e-01
-1.300682529495353235e+00 5.206646005015772571e-01 7.387128091681244291e-02
-1.597632176930635417e+00 1.461628212467864507e-01 1.320300212697652631e-01
-9.937573415022736834e-01 1.929296103437354026e-01 -3.456535481917923369e-01
-5.051962858884435636e-01 3.156864978087121076e-01 -2.976402277383788375e-01
-3.047655736667331805e-01 -9.050298878142093439e-02 -5.492636331756050455e-02
-5.980247801858393775e-01 4.904147982289680519e-02 -1.844197748179666752e-01
-5.643006850670081453e-01 -1.954942149968948509e-02 5.086641042752521047e-02
-2.296639226118468435e-01 9.447753304171878364e-02 -9.690906162474394181e-02
-5.051962858884435636e-01 3.156864978087121076e-01 -2.976402277383788375e-01
-2.296639226118468435e-01 9.447753304171878364e-02 -9.690906162474394181e-02
-9.922000227099720959e-01 1.803563714930889184e-02 1.311556825153079864e-01
-2.296639226118468435e-01 9.447753304171878364e-02 -9.690906162474394181e-02
-1.036628497334749266e+00 7.172700912795058059e-01 -6.504520285054510298e-01
-2.755323632765967479e-01 2.212089647669933379e-01 -2.007311661136349235e-01
0.000000000000000000e+00 0.000000000000000000e+00 0.000000000000000000e+00
-8.265970898297902991e-01 6.636268943009799859e-01 -6.021934983409047426e-01
0.000000000000000000e+00 0.000000000000000000e+00 0.000000000000000000e+00
0.000000000000000000e+00 0.000000000000000000e+00 0.000000000000000000e+00
0.000000000000000000e+00 0.000000000000000000e+00 0.000000000000000000e+00
-3.047655736667331805e-01 -9.050298878142093439e-02 -5.492636331756050455e-02
-2.558998481697088989e-01 1.803746287038003326e-01 -1.520806346534372688e-01
0.000000000000000000e+00 0.000000000000000000e+00 0.000000000000000000e+00
-7.940869298950894439e-01 2.963293414183033048e-01 -1.171226740040064579e-01
-5.687915697957028893e-01 3.607534333713110497e-01 -3.302245776140411149e-01
-5.491590546888149849e-01 3.199190973081180722e-01 -2.815740461538434047e-01
-2.755323632765967479e-01 2.212089647669933379e-01 -2.007311661136349235e-01
-1.085494222831773659e+00 4.463924737942845389e-01 -5.532977571695743002e-01
-1.248366044933515884e+00 3.093737800736854338e-01 -1.474841343595604537e-01
-6.334044607063258336e-01 -1.883493927970571746e-01 -1.839696010262947823e-01
0.000000000000000000e+00 0.000000000000000000e+00 0.000000000000000000e+00
-1.300682529495353235e+00 5.206646005015772571e-01 7.387128091681244291e-02
-1.211006686584118697e+00 3.502039401731680268e-01 -1.700713575125915589e-01
0.000000000000000000e+00 0.000000000000000000e+00 0.000000000000000000e+00
0.000000000000000000e+00 0.000000000000000000e+00 0.000000000000000000e+00
-2.296639226118468435e-01 9.447753304171878364e-02 -9.690906162474394181e-02
0.000000000000000000e+00 0.000000000000000000e+00 0.000000000000000000e+00
-4.714597710950925169e-01 -7.311191801495758869e-01 -2.340755431822270638e-01
-1.299884466439811925e+00 -1.337666645665418041e+00 -1.234519481091420345e-01
-4.714597710950925169e-01 -7.311191801495758869e-01 -2.340755431822270638e-01
0.000000000000000000e+00 0.000000000000000000e+00 0.000000000000000000e+00
-4.714597710950925169e-01 -7.311191801495758869e-01 -2.340755431822270638e-01
-3.976745751587795752e-01 1.772101972777307688e-01 -6.693182943518125039e-02
-9.390392642508724741e-01 -3.281667965350702487e-01 -1.663996428101779390e-01
-1.200107356105224454e+00 2.273399306090265193e-02 -3.628851738347541600e-01
-2.357298855475462585e-01 -3.655595900747879434e-01 -1.170377715911135319e-01
-2.357298855475462585e-01 -3.655595900747879434e-01 -1.170377715911135319e-01
-2.357298855475462585e-01 -3.655595900747879434e-01 -1.170377715911135319e-01
-4.016518636976747492e-01 -4.324969733521272230e-01 6.424846540403082729e-02
-1.011955230309371956e+00 -1.187181759005784709e+00 -4.060396780909010794e-01
-2.357298855475462585e-01 -3.655595900747879434e-01 -1.170377715911135319e-01
-1.061563909300426323e+00 -2.083391918557447320e-01 1.491554070953845235e-01
-2.296639226118468435e-01 9.447753304171878364e-02 -9.690906162474394181e-02
-2.357298855475462585e-01 -3.655595900747879434e-01 -1.170377715911135319e-01
0.000000000000000000e+00 0.000000000000000000e+00 0.000000000000000000e+00
-1.128085713951959113e+00 -1.058856009115318880e-01 -2.624423452549254354e-02
-3.047655736667331805e-01 -9.050298878142093439e-02 -5.492636331756050455e-02
0.000000000000000000e+00 0.000000000000000000e+00 0.000000000000000000e+00
0.000000000000000000e+00 0.000000000000000000e+00 0.000000000000000000e+00
0.000000000000000000e+00 0.000000000000000000e+00 0.000000000000000000e+00
0.000000000000000000e+00 0.000000000000000000e+00 0.000000000000000000e+00
0.000000000000000000e+00 0.000000000000000000e+00 0.000000000000000000e+00
0.000000000000000000e+00 0.000000000000000000e+00 0.000000000000000000e+00
0.000000000000000000e+00 0.000000000000000000e+00 0.000000000000000000e+00
-3.047655736667331805e-01 -9.050298878142093439e-02 -5.492636331756050455e-02
-1.337733223673929439e+00 -8.610194024439565830e-01 -2.333849413424279179e-02
0.000000000000000000e+00 0.000000000000000000e+00 0.000000000000000000e+00
-5.879184532089469784e-01 -1.512544523537436292e-01 1.016082166897050026e-01
-8.233201402852259321e-01 -1.538261213011095363e-02 2.868212879206796101e-02
0.000000000000000000e+00 0.000000000000000000e+00 0.000000000000000000e+00
-1.175836906417893957e+00 -3.025089047074872584e-01 2.032164333794100053e-01
-3.047655736667331805e-01 -9.050298878142093439e-02 -5.492636331756050455e-02
-8.033037273953494983e-01 -8.649939467042544461e-01 1.284969308080616546e-01
-5.185545666184927516e-01 7.512037665130998076e-02 8.360849210962846556e-02
0.000000000000000000e+00 0.000000000000000000e+00 0.000000000000000000e+00
-5.879184532089469784e-01 -1.512544523537436292e-01 1.016082166897050026e-01
-7.542844521660390100e-01 -2.904392134234779488e-01 -3.342927948148506634e-02
-9.895703169066216720e-01 -5.837514257058709077e-01 1.658566820937358299e-01
-1.152219138275955235e+00 -1.708038738534331247e-01 1.524746271172301992e-01
0.000000000000000000e+00 0.000000000000000000e+00 0.000000000000000000e+00
0.000000000000000000e+00 0.000000000000000000e+00 0.000000000000000000e+00
-4.016518636976747492e-01 -4.324969733521272230e-01 6.424846540403082729e-02
0.000000000000000000e+00 0.000000000000000000e+00 0.000000000000000000e+00
0.000000000000000000e+00 0.000000000000000000e+00 0.000000000000000000e+00
-5.643006850670081453e-01 -1.954942149968948509e-02 5.086641042752521047e-02
0.000000000000000000e+00 0.000000000000000000e+00 0.000000000000000000e+00
-5.879184532089469784e-01 -1.512544523537436292e-01 1.016082166897050026e-01
0.000000000000000000e+00 0.000000000000000000e+00 0.000000000000000000e+00
0.000000000000000000e+00 0.000000000000000000e+00 0.000000000000000000e+00
0.000000000000000000e+00 0.000000000000000000e+00 0.000000000000000000e+00
-5.643006850670081453e-01 -1.954942149968948509e-02 5.086641042752521047e-02
0.000000000000000000e+00 0.000000000000000000e+00 0.000000000000000000e+00
0.000000000000000000e+00 0.000000000000000000e+00 0.000000000000000000e+00
-3.047655736667331805e-01 -9.050298878142093439e-02 -5.492636331756050455e-02
0.000000000000000000e+00 0.000000000000000000e+00 0.000000000000000000e+00
0.000000000000000000e+00 0.000000000000000000e+00 0.000000000000000000e+00
0.000000000000000000e+00 0.000000000000000000e+00 0.000000000000000000e+00
0.000000000000000000e+00 0.000000000000000000e+00 0.000000000000000000e+00
-3.047655736667331805e-01 -9.050298878142093439e-02 -5.492636331756050455e-02
0.000000000000000000e+00 0.000000000000000000e+00 0.000000000000000000e+00
0.000000000000000000e+00 0.000000000000000000e+00 0.000000000000000000e+00
0.000000000000000000e+00 0.000000000000000000e+00 0.000000000000000000e+00
0.000000000000000000e+00 0.000000000000000000e+00 0.000000000000000000e+00
-2.932592065191061415e-01 1.395444686043177396e-01 -1.294934115004061637e-01
0.000000000000000000e+00 0.000000000000000000e+00 0.000000000000000000e+00
0.000000000000000000e+00 0.000000000000000000e+00 0.000000000000000000e+00
-5.643006850670081453e-01 -1.954942149968948509e-02 5.086641042752521047e-02
0.000000000000000000e+00 0.000000000000000000e+00 0.000000000000000000e+00
0.000000000000000000e+00 0.000000000000000000e+00 0.000000000000000000e+00
0.000000000000000000e+00 0.000000000000000000e+00 0.000000000000000000e+00
0.000000000000000000e+00 0.000000000000000000e+00 0.000000000000000000e+00
0.000000000000000000e+00 0.000000000000000000e+00 0.000000000000000000e+00
0.000000000000000000e+00 0.000000000000000000e+00 0.000000000000000000e+00
-5.185545666184927516e-01 7.512037665130998076e-02 8.360849210962846556e-02
0.000000000000000000e+00 0.000000000000000000e+00 0.000000000000000000e+00
0.000000000000000000e+00 0.000000000000000000e+00 0.000000000000000000e+00
-2.932592065191061415e-01 1.395444686043177396e-01 -1.294934115004061637e-01
0.000000000000000000e+00 0.000000000000000000e+00 0.000000000000000000e+00
0.000000000000000000e+00 0.000000000000000000e+00 0.000000000000000000e+00
-1.566886683158154492e+00 8.902452472707351738e-01 3.313709581387141445e-01
0.000000000000000000e+00 0.000000000000000000e+00 0.000000000000000000e+00
-6.503412647476766173e-01 2.603323002507886286e-01 3.693564045840622145e-02
0.000000000000000000e+00 0.000000000000000000e+00 0.000000000000000000e+00
-5.185545666184927516e-01 7.512037665130998076e-02 8.360849210962846556e-02
-1.299715680076814373e+00 2.773116391845756312e-01 3.076835145341859645e-01
-3.047655736667331805e-01 -9.050298878142093439e-02 -5.492636331756050455e-02
-2.345765568495720821e+00 8.495051487018989711e-01 6.138355239184720702e-01
-2.650531142162454223e+00 7.590021599204780367e-01 5.589091606009115587e-01
0.000000000000000000e+00 0.000000000000000000e+00 0.000000000000000000e+00
-6.503412647476766173e-01 2.603323002507886286e-01 3.693564045840622145e-02
