1.671578437089920044e-01 2.129015922546386719e-01 -6.929776072502136230e-02
-7.055397331714630127e-02 1.911446750164031982e-01 3.179821074008941650e-01
1.307819038629531860e-01 -5.605230480432510376e-02 1.433085203170776367e-01
-6.545855104923248291e-02 2.040683031082153320e-01 4.045828282833099365e-01
1.299177706241607666e-01 -5.543088167905807495e-02 1.419723033905029297e-01
1.317858397960662842e-01 -5.566366761922836304e-02 1.501315236091613770e-01
1.330603212118148804e-01 -5.786798149347305298e-02 1.459908783435821533e-01
1.554883569478988647e-01 5.058496072888374329e-02 -9.127999842166900635e-02
-1.027808040380477905e-01 1.094069108366966248e-01 -2.297388613224029541e-01
1.325259059667587280e-01 -5.767502635717391968e-02 1.442562639713287354e-01
1.389870345592498779e-01 -6.330750137567520142e-02 1.495677828788757324e-01
-1.022084131836891174e-01 1.108586788177490234e-01 -2.200106084346771240e-01
-1.742752194404602051e-01 -2.160238623619079590e-01 -6.127528846263885498e-02
1.390548050403594971e-01 -1.232761964201927185e-01 -1.346901357173919678e-01
1.355618685483932495e-01 -1.199154481291770935e-01 -1.360629647970199585e-01
1.485080569982528687e-01 4.455700516700744629e-03 1.223850548267364502e-01
1.281770318746566772e-01 -5.381996184587478638e-02 1.409847140312194824e-01
1.378240287303924561e-01 -6.211424618959426880e-02 1.494632065296173096e-01
1.305930614471435547e-01 -5.393985658884048462e-02 1.523971259593963623e-01
2.252687662839889526e-01 1.950812488794326782e-01 -4.129996895790100098e-02
-1.025089398026466370e-01 1.275666803121566772e-01 -7.733225822448730469e-03
3.110654652118682861e-02 -8.824888616800308228e-02 -1.086791753768920898e-01
1.390165984630584717e-01 -6.319335848093032837e-02 1.502561271190643311e-01
-1.665176749229431152e-01 5.934343114495277405e-02 7.558515667915344238e-02
1.267847865819931030e-01 -5.265834182500839233e-02 1.395930647850036621e-01
4.641501605510711670e-02 -3.377202898263931274e-02 -4.308083653450012207e-02
-9.581416845321655273e-02 1.314777582883834839e-01 -5.657044053077697754e-02
1.370440721511840820e-01 -1.213415488600730896e-01 -1.354804188013076782e-01
-9.642227739095687866e-02 -2.422696053981781006e-01 -5.769622325897216797e-02
1.407802253961563110e-01 -6.506650894880294800e-02 1.501127481460571289e-01
1.341769546270370483e-01 -1.185829415917396545e-01 -1.366072893142700195e-01
1.390685737133026123e-01 -1.232894435524940491e-01 -1.346847265958786011e-01
1.372997313737869263e-01 -1.215875372290611267e-01 -1.353799402713775635e-01
1.117602735757827759e-01 -9.130576997995376587e-02 -1.179284900426864624e-01
1.314230710268020630e-01 -5.654080957174301147e-02 1.441698372364044189e-01
1.377402245998382568e-01 -1.220113560557365417e-01 -1.352068185806274414e-01
-1.654808521270751953e-01 6.090245768427848816e-02 7.988390326499938965e-02
-1.285670846700668335e-01 8.864951133728027344e-02 -1.124717667698860168e-01
1.264766603708267212e-01 -5.240488797426223755e-02 1.392678320407867432e-01
1.332069188356399536e-01 -5.827479809522628784e-02 1.447871625423431396e-01
1.830491274595260620e-01 1.445709168910980225e-01 7.893511652946472168e-02
1.056746393442153931e-01 1.816716790199279785e-01 -5.670945346355438232e-02
1.391870379447937012e-01 -6.348253041505813599e-02 1.497290432453155518e-01
1.304003745317459106e-01 -5.579600483179092407e-02 1.426328420639038086e-01
1.255775392055511475e-01 -5.155190080404281616e-02 1.388570666313171387e-01
2.228720933198928833e-01 2.125620841979980469e-01 -4.155516624450683594e-03
-6.636825948953628540e-02 2.017610073089599609e-01 3.891216814517974854e-01
1.382588148117065430e-01 -6.233767420053482056e-02 1.505590081214904785e-01
1.390894502401351929e-01 -1.233095154166221619e-01 -1.346765160560607910e-01
1.344341188669204712e-01 -5.895743519067764282e-02 1.476334035396575928e-01
1.391856223344802856e-01 -6.359315663576126099e-02 1.491969823837280273e-01
1.310520470142364502e-01 -5.621609836816787720e-02 1.438709199428558350e-01
-1.027808040380477905e-01 1.094069108366966248e-01 -2.297388613224029541e-01
-1.592034250497817993e-01 6.801579892635345459e-02 7.697120308876037598e-02
1.219587326049804688e-01 -5.050567537546157837e-02 1.258759200572967529e-01
1.257699877023696899e-01 -5.088319629430770874e-02 1.429848670959472656e-01
-1.252503991127014160e-01 9.241166710853576660e-02 -1.139632612466812134e-01
1.351145356893539429e-01 -5.989042669534683228e-02 1.465800106525421143e-01
1.345559060573577881e-01 -1.217552199959754944e-01 -1.350807994604110718e-01
-1.098273098468780518e-01 1.047488152980804443e-01 -2.097560018301010132e-01
1.432735770940780640e-01 -1.273352801799774170e-01 -1.330320388078689575e-01
1.348633617162704468e-01 -5.976624041795730591e-02 1.459237337112426758e-01
-1.715511083602905273e-01 5.367284268140792847e-02 7.833254337310791016e-02
1.374047398567199707e-01 -1.216885671019554138e-01 -1.353386640548706055e-01
1.772276908159255981e-01 2.191103994846343994e-01 -6.162719428539276123e-02
1.347541511058807373e-01 -1.191383078694343567e-01 -1.363804340362548828e-01
1.273254603147506714e-01 -5.307935923337936401e-02 1.402762830257415771e-01
1.837879419326782227e-03 -2.481672912836074829e-02 -4.598471522331237793e-02
-1.110466122627258301e-01 1.036577597260475159e-01 -1.808921843767166138e-01
1.441430896520614624e-01 -1.281718909740447998e-01 -1.326902806758880615e-01
1.272396594285964966e-01 -1.298100352287292480e-01 -1.305505633354187012e-01
-8.723816275596618652e-02 1.184445843100547791e-01 -1.097706258296966553e-01
1.336269229650497437e-01 -5.874342471361160278e-02 1.446460783481597900e-01
1.240487098693847656e-01 -5.037767440080642700e-02 1.368478536605834961e-01
1.051473021507263184e-01 2.055099755525588989e-01 -6.094819307327270508e-02
1.948242634534835815e-01 2.149960100650787354e-01 4.839101433753967285e-02
1.333210021257400513e-01 -5.847439914941787720e-02 1.444056928157806396e-01
1.375666260719299316e-01 -1.218443289399147034e-01 -1.352750360965728760e-01
1.283475756645202637e-01 -5.385977774858474731e-02 1.416414678096771240e-01
1.330787688493728638e-02 9.687029570341110229e-02 -8.920919895172119141e-02
2.648559212684631348e-02 -8.865917474031448364e-02 -1.427773535251617432e-01
1.332352906465530396e-01 2.090639173984527588e-01 -4.618752002716064453e-02
1.376534253358840942e-01 -1.219278350472450256e-01 -1.352409273386001587e-01
1.714283078908920288e-01 1.110663190484046936e-01 7.978180050849914551e-02
-1.027808040380477905e-01 1.094069108366966248e-01 -2.297388613224029541e-01
1.364866495132446289e-01 -6.080383807420730591e-02 1.490497291088104248e-01
1.266208738088607788e-01 -5.242788046598434448e-02 1.398738920688629150e-01
-6.875900179147720337e-02 1.956972926855087280e-01 3.484890758991241455e-01
1.294302493333816528e-01 -5.488807708024978638e-02 1.421305537223815918e-01
-1.488903015851974487e-01 7.990999519824981689e-02 7.477095723152160645e-02
8.166591823101043701e-02 1.548886299133300781e-02 -5.255019664764404297e-02
1.378550082445144653e-01 -1.221218034625053406e-01 -1.351616978645324707e-01
1.278620809316635132e-01 -5.484978109598159790e-02 1.345355212688446045e-01
1.283203810453414917e-01 -5.405696481466293335e-02 1.405708491802215576e-01
1.591498106718063354e-01 1.440625041723251343e-01 -3.704726696014404297e-04
1.346337795257568359e-01 -5.930221825838088989e-02 1.469872891902923584e-01
1.828627735376358032e-01 2.082039117813110352e-01 -5.457243323326110840e-02
1.911356300115585327e-01 1.984252482652664185e-01 5.285352468490600586e-02
1.362465620040893555e-01 -1.205742284655570984e-01 -1.357938647270202637e-01
1.359412670135498047e-01 -5.491396039724349976e-02 1.742967665195465088e-01
1.249612718820571899e-01 -4.098296910524368286e-02 1.216340661048889160e-01
1.318723708391189575e-01 -5.698143690824508667e-02 1.443069279193878174e-01
1.392913758754730225e-01 -1.235038116574287415e-01 -1.345971524715423584e-01
1.375511884689331055e-01 -1.218294873833656311e-01 -1.352811008691787720e-01
1.223178505897521973e-01 -5.056501179933547974e-02 1.273752748966217041e-01
-1.027808040380477905e-01 1.094069108366966248e-01 -2.297388613224029541e-01
-1.709754317998886108e-01 5.418930947780609131e-02 7.637494802474975586e-02
1.068998128175735474e-02 6.166892126202583313e-02 1.064273416996002197e-01
1.120545566082000732e-01 4.866634309291839600e-02 3.555104136466979980e-02
1.398205310106277466e-01 -6.295617669820785522e-02 1.553684473037719727e-01
1.301709413528442383e-01 -5.411825329065322876e-02 1.494571268558502197e-01
1.768287867307662964e-01 2.120338082313537598e-01 -5.657735466957092285e-02
-8.399915695190429688e-02 1.570433080196380615e-01 8.947041630744934082e-02
-7.618498802185058594e-02 -2.321189939975738525e-01 -6.427596509456634521e-02
1.830636113882064819e-01 2.194996774196624756e-01 -6.761997938156127930e-03
1.536649912595748901e-01 2.189974188804626465e-01 -8.276313543319702148e-03
1.432882398366928101e-01 -1.273494064807891846e-01 -1.330262720584869385e-01
1.394956111907958984e-01 -1.237003132700920105e-01 -1.345168948173522949e-01
-1.654840856790542603e-01 -2.123759984970092773e-01 -6.642027199268341064e-02
1.350994110107421875e-01 -1.194704845547676086e-01 -1.362447291612625122e-01
-1.023741289973258972e-01 1.104383692145347595e-01 -2.228270918130874634e-01
1.447081863880157471e-01 -6.826955825090408325e-02 1.543912589550018311e-01
-1.766134202480316162e-01 -2.197889089584350586e-01 -5.722424387931823730e-02
1.262611895799636841e-01 -5.179325491189956665e-02 1.411019563674926758e-01
1.332463473081588745e-01 -5.832662433385848999e-02 1.447367966175079346e-01
-1.226733326911926270e-01 1.057089641690254211e-01 1.396453380584716797e-02
1.351926624774932861e-01 -6.003826111555099487e-02 1.462658345699310303e-01
1.355607211589813232e-01 -6.005465239286422729e-02 1.480133235454559326e-01
1.384071260690689087e-01 -1.226530298590660095e-01 -1.349446922540664673e-01
2.128136307001113892e-01 2.093451768159866333e-01 -1.931101083755493164e-03
-1.740583032369613647e-01 -2.156745791435241699e-01 -6.165108084678649902e-02
-1.736036837100982666e-01 5.090263113379478455e-02 7.375636696815490723e-02
1.509621590375900269e-01 -4.886599630117416382e-02 -1.190688684582710266e-01
-9.988003969192504883e-02 1.167641952633857727e-01 -1.804380118846893311e-01
1.420091241598129272e-01 -1.261186897754669189e-01 -1.335290074348449707e-01
-2.889577299356460571e-02 1.354368478059768677e-01 -1.357168108224868774e-01
1.495780199766159058e-01 -1.334011554718017578e-01 -1.305541992187500000e-01
1.297712177038192749e-01 -5.519547313451766968e-02 1.423627138137817383e-01
1.750191003084182739e-01 2.248043715953826904e-01 -6.296212971210479736e-02
1.412984430789947510e-01 -1.254349052906036377e-01 -1.338083148002624512e-01
1.502502709627151489e-01 2.074738144874572754e-01 -4.798252880573272705e-02
1.401901692152023315e-01 -6.450688093900680542e-02 1.498424410820007324e-01
1.399305611848831177e-01 -1.241187974810600281e-01 -1.343459486961364746e-01
1.279818415641784668e-01 -1.250995993614196777e-01 -1.329203248023986816e-01
1.505801230669021606e-01 -1.343653202056884766e-01 -1.301603317260742188e-01
1.353843510150909424e-01 -6.362531334161758423e-02 -1.211782097816467285e-01
1.314446330070495605e-01 -5.679517239332199097e-02 1.430697143077850342e-01
1.266750842332839966e-01 -2.403392642736434937e-02 1.099255084991455078e-01
2.254433482885360718e-01 2.152192443609237671e-01 -1.596966385841369629e-02
-1.700145900249481201e-01 5.148704722523689270e-02 2.875643968582153320e-02
1.370146572589874268e-01 -6.162842363119125366e-02 1.477549672126770020e-01
1.392003893852233887e-01 -6.363236159086227417e-02 1.490842103958129883e-01
-1.729321479797363281e-01 -2.138611674308776855e-01 -6.360222399234771729e-02
1.337698996067047119e-01 -5.853622406721115112e-02 1.463384926319122314e-01
1.311858147382736206e-01 -5.642060190439224243e-02 1.435637176036834717e-01
1.370311379432678223e-01 -1.213291063904762268e-01 -1.354855000972747803e-01
-1.495952457189559937e-01 -2.149019539356231689e-01 -6.690666079521179199e-02
-1.081592217087745667e-01 1.063812002539634705e-01 -2.135195732116699219e-01
-1.432974040508270264e-01 -1.947634518146514893e-01 -5.164462327957153320e-02
-6.692475080490112305e-02 2.003495395183563232e-01 3.796635568141937256e-01
1.292632520198822021e-01 -5.465116351842880249e-02 1.424266993999481201e-01
1.370595693588256836e-01 -6.122960895299911499e-02 1.498703360557556152e-01
1.486264914274215698e-01 -1.324856281280517578e-01 -1.309281736612319946e-01
8.974090218544006348e-02 1.063171848654747009e-01 -9.538687765598297119e-02
1.422802656888961792e-01 -1.263795793056488037e-01 -1.334224343299865723e-01
-1.762556731700897217e-01 -2.217115163803100586e-01 -5.379363894462585449e-02
1.265610307455062866e-01 -5.241081863641738892e-02 1.396580636501312256e-01
1.361898183822631836e-01 -1.205196157097816467e-01 -1.358161717653274536e-01
2.168210595846176147e-01 4.925121366977691650e-02 -1.132092028856277466e-01
1.369769573211669922e-01 -6.154298037290573120e-02 1.479734480381011963e-01
1.368508487939834595e-01 -6.149958819150924683e-02 1.475540101528167725e-01
1.424726098775863647e-01 -1.265646219253540039e-01 -1.333468407392501831e-01
1.020999401807785034e-01 3.406182676553726196e-02 -5.631865561008453369e-02
1.474237889051437378e-01 2.076897919178009033e-01 -4.730197787284851074e-02
1.437969803810119629e-01 -1.278389096260070801e-01 -1.328263282775878906e-01
1.597710102796554565e-01 -3.078038245439529419e-02 -1.306767910718917847e-01
1.368887424468994141e-01 -6.128858774900436401e-02 1.487432718276977539e-01
1.310153901576995850e-01 -5.633801966905593872e-02 1.431105434894561768e-01
1.323662698268890381e-01 -5.760135501623153687e-02 1.438142359256744385e-01
1.603166013956069946e-01 1.542755514383316040e-01 -6.558440625667572021e-02
1.540055721998214722e-01 -1.376611292362213135e-01 -1.288140416145324707e-01
-1.313766241073608398e-01 1.047249361872673035e-01 1.284761428833007812e-01
1.399850845336914062e-01 -1.241712495684623718e-01 -1.343245208263397217e-01
1.403556913137435913e-01 -6.466872245073318481e-02 1.498951911926269531e-01
2.392911911010742188e-02 1.552037447690963745e-01 -9.629790484905242920e-02
-1.756939888000488281e-01 -2.183084189891815186e-01 -5.881720781326293945e-02
1.342896223068237305e-01 -5.902496725320816040e-02 1.465963721275329590e-01
1.289414167404174805e-01 -5.184105783700942993e-02 1.541666090488433838e-01
-1.025651842355728149e-01 1.137715727090835571e-01 -1.970767378807067871e-01
-1.605585515499114990e-01 6.682614982128143311e-02 8.190450072288513184e-02
1.320810467004776001e-01 -5.711924284696578979e-02 1.446877717971801758e-01
4.591658711433410645e-03 -1.903380751609802246e-01 -9.115956723690032959e-02
1.305084973573684692e-01 -5.600658804178237915e-02 1.421696543693542480e-01
7.537439465522766113e-02 7.260859012603759766e-02 -1.054313778877258301e-02
1.411693543195724487e-01 -1.253107190132141113e-01 -1.338590681552886963e-01
-6.093112006783485413e-02 1.209717914462089539e-01 -1.623199880123138428e-01
1.942570656538009644e-01 2.185245454311370850e-01 4.345086216926574707e-02
1.374080330133438110e-01 -1.216917261481285095e-01 -1.353373825550079346e-01
-1.525771319866180420e-01 7.255605608224868774e-02 3.696015477180480957e-02
1.925942450761795044e-01 1.630356311798095703e-01 8.075964450836181641e-02
1.357070058584213257e-01 -6.039587408304214478e-02 1.471194922924041748e-01
1.401213407516479492e-01 -1.243023648858070374e-01 -1.342709660530090332e-01
1.968394368886947632e-01 8.785715699195861816e-02 -7.228671014308929443e-02
1.454368680715560913e-01 -1.294167041778564453e-01 -1.321817934513092041e-01
1.317098736763000488e-01 -5.701967328786849976e-02 1.433195769786834717e-01
-7.405712455511093140e-02 1.822595298290252686e-01 2.584432363510131836e-01
1.254054456949234009e-01 -5.140288919210433960e-02 1.387107670307159424e-01
1.324819177389144897e-01 -5.773537606000900269e-02 1.437517702579498291e-01
1.515642255544662476e-01 -1.353121697902679443e-01 -1.297735571861267090e-01
1.380754560232162476e-01 -1.223339065909385681e-01 -1.350750625133514404e-01
1.283991783857345581e-01 -5.408682674169540405e-02 1.408199369907379150e-01
1.280286014080047607e-01 -5.289743095636367798e-02 1.446267068386077881e-01
1.252857744693756104e-01 -5.134873837232589722e-02 1.383742094039916992e-01
1.353100240230560303e-01 -7.545277476310729980e-04 1.060412228107452393e-01
1.262059807777404785e-01 -5.215492099523544312e-02 1.391117572784423828e-01
-1.027808040380477905e-01 1.094069108366966248e-01 -2.297388613224029541e-01
1.393802016973495483e-01 -1.235892698168754578e-01 -1.345622539520263672e-01
1.685331910848617554e-01 1.544399708509445190e-01 -9.349286556243896484e-04
-4.862114787101745605e-02 8.609807491302490234e-02 -7.177080214023590088e-02
1.363110989332199097e-01 -1.206363216042518616e-01 -1.357685029506683350e-01
1.367430686950683594e-01 -6.156473606824874878e-02 1.467103362083435059e-01
1.311312615871429443e-01 -5.659269541501998901e-02 1.424764692783355713e-01
-1.661896556615829468e-01 6.008493900299072266e-02 8.003461360931396484e-02
-1.145946159958839417e-01 9.989779442548751831e-02 -1.760044097900390625e-01
-1.118059605360031128e-01 -1.839019954204559326e-01 -5.534139275550842285e-02
1.423584222793579102e-01 -1.264547705650329590e-01 -1.333917081356048584e-01
1.394406408071517944e-01 -1.236474141478538513e-01 -1.345385015010833740e-01
1.871518641710281372e-01 2.310330569744110107e-01 -2.326510846614837646e-02
-5.363383889198303223e-02 -1.234800890088081360e-01 -7.425346970558166504e-02
1.259466409683227539e-01 -5.147025734186172485e-02 1.410748958587646484e-01
1.336073875427246094e-01 -5.860465019941329956e-02 1.452078223228454590e-01
-1.728853285312652588e-01 -2.189306020736694336e-01 -5.896186828613281250e-02
9.299117326736450195e-02 -2.792725712060928345e-02 8.937257528305053711e-02
-1.712839305400848389e-01 -2.112072110176086426e-01 -6.645774841308593750e-02
1.363251656293869019e-01 -1.206498518586158752e-01 -1.357629746198654175e-01
1.394423693418502808e-01 -1.236490979790687561e-01 -1.345378160476684570e-01
1.506970673799514771e-01 8.331865072250366211e-03 -1.102072075009346008e-01
1.264184266328811646e-01 -5.209482461214065552e-02 1.404505372047424316e-01
1.397835910320281982e-01 -1.239774003624916077e-01 -1.344037055969238281e-01
1.384995430707931519e-01 -1.227419450879096985e-01 -1.349083781242370605e-01
1.383902281522750854e-01 -6.247360259294509888e-02 1.505656540393829346e-01
8.570270240306854248e-02 5.747318267822265625e-03 -5.622869729995727539e-02
1.639598459005355835e-01 1.150816753506660461e-01 3.432658314704895020e-02
1.328040212392807007e-01 -5.784773081541061401e-02 1.448159515857696533e-01
-9.942686557769775391e-02 1.179135888814926147e-01 -1.727359890937805176e-01
3.500804305076599121e-02 1.494586169719696045e-01 -8.483700454235076904e-02
1.277278065681457520e-01 2.027412652969360352e-01 -3.566774725914001465e-02
-1.665112525224685669e-01 5.990496650338172913e-02 8.247891068458557129e-02
1.398632377386093140e-01 -1.240540221333503723e-01 -1.343723982572555542e-01
1.357206404209136963e-01 -6.050879508256912231e-02 1.466512382030487061e-01
1.376195102930068970e-01 -1.218952164053916931e-01 -1.352542638778686523e-01
-1.670269072055816650e-01 5.951925739645957947e-02 8.518955111503601074e-02
1.285040229558944702e-01 -5.260398238897323608e-02 1.483769714832305908e-01
-1.665686666965484619e-01 5.691786855459213257e-02 4.614633321762084961e-02
1.503708511590957642e-01 -7.990086823701858521e-02 -1.322353184223175049e-01
1.305601745843887329e-01 -1.240097656846046448e-01 -1.336588263511657715e-01
1.723001450300216675e-01 2.271821796894073486e-01 -9.994477033615112305e-03
1.449425071477890015e-01 -1.289410591125488281e-01 -1.323760896921157837e-01
1.324823647737503052e-01 -5.779632180929183960e-02 1.434647142887115479e-01
1.480784565210342407e-01 -1.319583058357238770e-01 -1.311435699462890625e-01
1.384843587875366211e-01 -1.227273419499397278e-01 -1.349143385887145996e-01
1.400717794895172119e-01 -6.433065980672836304e-02 1.500916182994842529e-01
1.383899301290512085e-01 -6.306322664022445679e-02 1.477659642696380615e-01
1.550801843404769897e-01 3.349135816097259521e-02 -9.523661434650421143e-02
1.304015368223190308e-01 -5.580713599920272827e-02 1.425857245922088623e-01
2.092614024877548218e-01 9.042387455701828003e-02 -9.723782539367675781e-02
1.399015039205551147e-01 -6.429748982191085815e-02 1.494045853614807129e-01
-1.658725589513778687e-01 6.070477515459060669e-02 8.312907814979553223e-02
1.648274809122085571e-01 4.831681773066520691e-02 -1.021587550640106201e-01
1.737458258867263794e-01 1.862925887107849121e-01 -2.106255292892456055e-02
1.700571328401565552e-01 1.169072464108467102e-01 6.926697492599487305e-02
1.300467550754547119e-01 -5.559968203306198120e-02 1.418108046054840088e-01
1.398480832576751709e-01 -1.240394487977027893e-01 -1.343783587217330933e-01
-6.604316085577011108e-02 -8.477257937192916870e-02 -9.651291370391845703e-02
1.373134106397628784e-01 -2.882302552461624146e-02 1.286347508430480957e-01
1.327925920486450195e-01 -5.804301053285598755e-02 1.438324749469757080e-01
9.254908561706542969e-02 1.541227102279663086e-03 2.270290255546569824e-01
3.817269206047058105e-02 1.685506254434585571e-01 -1.699267476797103882e-01
1.268123537302017212e-01 -5.265999585390090942e-02 1.397219598293304443e-01
1.343094408512115479e-01 -5.906299501657485962e-02 1.465142071247100830e-01
1.414600014686584473e-01 -1.255903542041778564e-01 -1.337448358535766602e-01
-1.625813543796539307e-01 -2.193325757980346680e-01 -6.028574705123901367e-02
1.577562242746353149e-01 -1.412698328495025635e-01 -1.273398995399475098e-01
-1.653394252061843872e-01 5.997696518898010254e-02 6.630820035934448242e-02
1.755671352148056030e-01 1.140442043542861938e-01 -7.068987190723419189e-02
2.300895303487777710e-01 2.210645973682403564e-01 -2.614510059356689453e-02
1.322123855352401733e-01 -5.736716836690902710e-02 1.441625058650970459e-01
1.290763020515441895e-01 -5.466888099908828735e-02 1.414155662059783936e-01
1.403309553861618042e-01 -1.245040372014045715e-01 -1.341885775327682495e-01
1.256514787673950195e-01 -5.162134021520614624e-02 1.388941407203674316e-01
1.380935013294219971e-01 -1.223512664437294006e-01 -1.350679546594619751e-01
-2.150455862283706665e-02 1.117538288235664368e-01 -1.600603461265563965e-01
1.895778328180313110e-01 2.166637778282165527e-01 2.640292048454284668e-02
1.326986253261566162e-01 -5.775656551122665405e-02 1.447258889675140381e-01
1.185720413923263550e-01 -4.946852475404739380e-02 1.140029132366180420e-01
1.426902413368225098e-01 2.207322716712951660e-01 -3.029388189315795898e-02
1.413287967443466187e-01 -1.254641115665435791e-01 -1.337963938713073730e-01
-2.893156558275222778e-02 6.765913218259811401e-02 -6.163342297077178955e-02
1.388777941465377808e-01 -6.294324249029159546e-02 1.507547199726104736e-01
-6.524392962455749512e-02 2.046126574277877808e-01 4.082305133342742920e-01
-6.616304069757461548e-02 2.022815048694610596e-01 3.926095068454742432e-01
2.677829265594482422e-01 2.380823493003845215e-01 -7.793159782886505127e-02
1.367168724536895752e-01 -1.210267320275306702e-01 -1.356090158224105835e-01
1.266743391752243042e-01 -5.252369493246078491e-02 1.396842896938323975e-01
1.333592385053634644e-01 -5.845018476247787476e-02 1.447102129459381104e-01
1.420926898717880249e-01 -1.261990964412689209e-01 -1.334961652755737305e-01
1.156302988529205322e-01 -2.841181308031082153e-02 1.993434429168701172e-01
-1.244715005159378052e-01 1.137782186269760132e-01 1.405604183673858643e-01
1.329183429479598999e-01 -5.775269120931625366e-02 1.458338499069213867e-01
-1.709360778331756592e-01 -2.105891108512878418e-01 -6.717810034751892090e-02
-1.027808040380477905e-01 1.094069108366966248e-01 -2.297388613224029541e-01
1.333125978708267212e-01 -5.810462683439254761e-02 1.461188495159149170e-01
1.358871608972549438e-01 -5.931613594293594360e-02 1.531370282173156738e-01
1.362639963626861572e-01 -1.205909922719001770e-01 -1.357870101928710938e-01
-7.300546765327453613e-02 1.849268823862075806e-01 2.763169705867767334e-01
-1.740686595439910889e-01 4.988214001059532166e-02 6.783041357994079590e-02
1.465202271938323975e-01 -1.304590702056884766e-01 -1.317560076713562012e-01
1.302573382854461670e-01 -5.563373118638992310e-02 1.426935493946075439e-01
-4.371960088610649109e-02 7.073272764682769775e-02 -1.203828826546669006e-01
-1.631017923355102539e-01 6.447973847389221191e-02 8.974775671958923340e-02
1.371230632066726685e-01 -1.214175447821617126e-01 -1.354493796825408936e-01
1.497738808393478394e-01 -1.335895955562591553e-01 -1.304772198200225830e-01
1.417973786592483521e-01 -6.550135463476181030e-02 1.530933082103729248e-01
1.355375647544860840e-01 -6.019207090139389038e-02 1.472463905811309814e-01
-1.633682548999786377e-01 6.407907605171203613e-02 8.864304423332214355e-02
1.223080903291702271e-01 -1.071632727980613708e-01 -1.412720978260040283e-01
-6.963089108467102051e-02 1.934858858585357666e-01 3.336705863475799561e-01
-7.286997139453887939e-02 -2.339380383491516113e-01 -6.364549696445465088e-02
1.362470388412475586e-01 -1.205746904015541077e-01 -1.357936710119247437e-01
1.327604502439498901e-01 -5.786054581403732300e-02 1.445390582084655762e-01
1.946264058351516724e-01 2.191917896270751953e-01 6.773605942726135254e-03
1.673797816038131714e-01 1.190579086542129517e-01 4.914730787277221680e-02
1.307450383901596069e-01 -5.618194490671157837e-02 1.425104439258575439e-01
-1.405545175075531006e-01 -2.213782370090484619e-01 -6.311997771263122559e-02
1.418505162000656128e-01 -6.555537134408950806e-02 1.531004607677459717e-01
1.343174874782562256e-01 -5.924575775861740112e-02 1.456867754459381104e-01
-1.432153880596160889e-01 8.727652579545974731e-02 8.378386497497558594e-02
1.292343586683273315e-01 -1.281251609325408936e-01 -1.315348744392395020e-01
1.263615787029266357e-01 -5.221854895353317261e-02 1.395814418792724609e-01
1.352124214172363281e-01 -1.195792183279991150e-01 -1.362003087997436523e-01
-1.534944623708724976e-01 -2.150523066520690918e-01 -6.609305739402770996e-02
-1.526782065629959106e-01 6.964354217052459717e-02 2.191334962844848633e-03
1.335965543985366821e-01 -5.714703351259231567e-02 1.520715057849884033e-01
-1.188426613807678223e-01 -2.478456199169158936e-01 -5.318838357925415039e-02
1.406081914901733398e-01 -1.247707977890968323e-01 -1.340796053409576416e-01
-1.641791462898254395e-01 -1.712209582328796387e-01 -8.719992637634277344e-02
1.316148787736892700e-01 -5.676262825727462769e-02 1.440684199333190918e-01
1.626677662134170532e-01 6.955367326736450195e-02 1.054465472698211670e-01
1.546875387430191040e-01 2.476429194211959839e-02 1.165833175182342529e-01
-1.775995492935180664e-01 -2.213768362998962402e-01 -5.551573634147644043e-02
1.787335425615310669e-01 2.223762124776840210e-01 -5.041408538818359375e-02
1.363513022661209106e-01 -1.206750050187110901e-01 -1.357527077198028564e-01
1.320584416389465332e-01 -5.700141936540603638e-02 1.451348364353179932e-01
1.896150261163711548e-01 2.211010158061981201e-01 7.062137126922607422e-03
1.438635736703872681e-01 -6.642518192529678345e-02 1.589556038379669189e-01
5.739940702915191650e-02 4.432972520589828491e-02 2.557789087295532227e-01
1.330450028181076050e-01 -5.622998625040054321e-02 1.536883115768432617e-01
1.387251615524291992e-01 -6.319362670183181763e-02 1.488095521926879883e-01
1.400667130947113037e-01 -6.408686190843582153e-02 1.512235105037689209e-01
1.354960352182388306e-01 -6.024751812219619751e-02 1.467773020267486572e-01
-1.738977432250976562e-01 5.159255862236022949e-02 8.662420511245727539e-02
1.314195096492767334e-01 -1.159298494458198547e-01 -1.376910507678985596e-01
7.156111299991607666e-02 1.713336110115051270e-01 -7.694673538208007812e-02
1.697991043329238892e-02 8.739123493432998657e-02 -7.038092613220214844e-02
1.382830291986465454e-01 -1.225336268544197083e-01 -1.349934637546539307e-01
1.397497802972793579e-01 -6.397888809442520142e-02 1.501641571521759033e-01
1.305366605520248413e-01 -5.573069304227828979e-02 1.436186432838439941e-01
1.276724189519882202e-01 -1.123245730996131897e-01 -1.391637623310089111e-01
-7.836839556694030762e-02 1.713247299194335938e-01 1.851696372032165527e-01
1.283053308725357056e-01 -5.360076576471328735e-02 1.426611840724945068e-01
1.271707117557525635e-01 -5.290529876947402954e-02 1.403349936008453369e-01
3.459359705448150635e-02 3.696767985820770264e-02 -8.690789341926574707e-02
-1.556092500686645508e-01 7.142060250043869019e-02 6.699159741401672363e-02
2.129060029983520508e-02 1.442968249320983887e-01 -9.427553415298461914e-02
-1.490586251020431519e-01 8.137525618076324463e-02 9.545502066612243652e-02
-6.997971236705780029e-02 1.805677115917205811e-01 2.706348001956939697e-01
1.391238868236541748e-01 -6.337846070528030396e-02 1.499097347259521484e-01
-1.027808040380477905e-01 1.094069108366966248e-01 -2.297388613224029541e-01
1.382472515106201172e-01 -6.245482712984085083e-02 1.499457061290740967e-01
1.679661124944686890e-01 2.221212089061737061e-01 -3.026744723320007324e-02
1.363853067159652710e-01 -1.207077279686927795e-01 -1.357393264770507812e-01
-1.026206463575363159e-01 1.098131313920021057e-01 -2.270168066024780273e-01
-1.682073175907135010e-01 5.769312009215354919e-02 7.965824007987976074e-02
1.842247694730758667e-01 1.612898707389831543e-01 6.697577238082885742e-02
1.537527590990066528e-01 2.108662426471710205e-01 -5.467909574508666992e-02
1.316486746072769165e-01 -5.690266937017440796e-02 1.435714066028594971e-01
1.508606821298599243e-01 2.105958759784698486e-01 -4.818078875541687012e-02
1.429773569107055664e-01 -6.634671241044998169e-02 1.549331247806549072e-01
-8.343750238418579102e-02 -2.349781692028045654e-01 -6.229993700981140137e-02
1.739833503961563110e-01 1.989860683679580688e-01 -6.348559260368347168e-02
1.445329934358596802e-01 -1.285470426082611084e-01 -1.325370371341705322e-01
1.337065696716308594e-01 -5.873499065637588501e-02 1.450811326503753662e-01
1.402558833360671997e-01 -1.244318112730979919e-01 -1.342180669307708740e-01
1.047697365283966064e-01 1.971260309219360352e-01 -4.837217926979064941e-02
-1.027808040380477905e-01 1.094069108366966248e-01 -2.297388613224029541e-01
1.381510198116302490e-01 9.275294840335845947e-03 1.065970659255981445e-01
1.381353437900543213e-01 -6.258853524923324585e-02 1.487561762332916260e-01
1.273708045482635498e-01 -5.314985662698745728e-02 1.401666402816772461e-01
1.376933306455612183e-01 -6.191378086805343628e-02 1.497663557529449463e-01
1.127615571022033691e-01 -1.063166633248329163e-01 -1.409329473972320557e-01
-1.632412374019622803e-01 6.246942281723022461e-02 6.676405668258666992e-02
1.377533078193664551e-01 -1.220239475369453430e-01 -1.352016627788543701e-01
-1.648817658424377441e-01 6.207593530416488647e-02 8.576062321662902832e-02
1.381287425756454468e-01 -6.273212283849716187e-02 1.480419933795928955e-01
1.390157938003540039e-01 -6.294012814760208130e-02 1.514538824558258057e-01
1.301324814558029175e-01 -5.549848824739456177e-02 1.427161693572998047e-01
-1.027808040380477905e-01 1.094069108366966248e-01 -2.297388613224029541e-01
1.594136804342269897e-01 2.232678532600402832e-01 -3.827756643295288086e-02
1.422567367553710938e-01 -1.042931154370307922e-01 -1.342419385910034180e-01
1.359729170799255371e-01 -1.203109398484230042e-01 -1.359014213085174561e-01
1.325430870056152344e-01 -5.632958561182022095e-02 1.507265567779541016e-01
1.956857889890670776e-01 2.328227758407592773e-01 3.246119618415832520e-02
1.312322169542312622e-01 -5.657526105642318726e-02 1.430599093437194824e-01
1.275404095649719238e-01 -1.121975705027580261e-01 -1.392156481742858887e-01
1.279433816671371460e-01 -5.358576029539108276e-02 1.409374177455902100e-01
-1.743613183498382568e-01 -2.161624729633331299e-01 -6.112611293792724609e-02
1.403903961181640625e-01 -6.443493813276290894e-02 1.511767804622650146e-01
1.434285938739776611e-01 -6.743068248033523560e-02 1.520267128944396973e-01
1.296761333942413330e-01 -5.456548184156417847e-02 1.448809504508972168e-01
1.369664371013641357e-01 -1.212668493390083313e-01 -1.355109214782714844e-01
1.356494873762130737e-01 -6.000276654958724976e-02 1.486997902393341064e-01
-5.166835710406303406e-02 -1.849183440208435059e-01 -8.937203884124755859e-02
1.323661953210830688e-01 -5.745454877614974976e-02 1.445106267929077148e-01
1.406014263629913330e-01 -6.462370604276657104e-02 1.513275206089019775e-01
-1.054523065686225891e-01 1.099840030074119568e-01 -1.836498677730560303e-01
1.222335845232009888e-01 -4.194828122854232788e-02 1.149675846099853516e-01
6.191773712635040283e-02 -1.467969715595245361e-01 -1.170532852411270142e-01
1.504058688879013062e-01 -1.341976523399353027e-01 -1.302288174629211426e-01
-1.126403510570526123e-01 1.292979866266250610e-01 1.613650023937225342e-01
2.035302370786666870e-01 1.749384999275207520e-01 -3.214338421821594238e-02
1.432134658098220825e-01 2.097472995519638062e-01 -2.387307584285736084e-02
1.269341856241226196e-01 -5.276674777269363403e-02 1.398194432258605957e-01
-1.663655340671539307e-01 5.871648341417312622e-02 6.556826829910278320e-02
1.280960142612457275e-01 -5.133909732103347778e-02 1.523563563823699951e-01
1.339938640594482422e-01 1.947860270738601685e-01 -9.336441755294799805e-02
