-7.981400256485434719e-01 -6.721117930458659906e-01 -8.416473954249364953e-01
-8.024611212493679702e-01 -6.793176862174807873e-01 -8.302535922782601219e-01
-7.739697288098190686e-01 -7.622844694826399481e-01 -9.654819602988009564e-01
-7.825434331667587839e-01 -7.671523027142287399e-01 -9.537980278236216636e-01
-7.924822604841814666e-01 -7.680635972948697265e-01 -9.379394674947323374e-01
-7.941689292540227152e-01 -7.729164550284025603e-01 -9.142401846995601433e-01
-6.302021087513390851e-01 -7.457953937921564247e-01 -8.312133574096508548e-01
-6.197071967215861399e-01 -7.548683519967493982e-01 -8.127367436586537819e-01
-6.131598216411406899e-01 -7.673280349811648637e-01 -7.974805234942660137e-01
-6.071433543554276557e-01 -7.732993888873522792e-01 -7.594568828062433496e-01
-6.099280500508001968e-01 -7.382244346143971292e-01 -7.341062594520837425e-01
-6.297608609951074188e-01 -7.088373984659849247e-01 -7.473269674432214682e-01
-6.406307042909960003e-01 -6.824729721477367228e-01 -7.550856666570997522e-01
-6.582216666205908950e-01 -6.658425515016836993e-01 -7.105220205241151721e-01
-6.489208577002962830e-01 -6.569834949363071441e-01 -6.852730662072527013e-01
-6.454284146714444059e-01 -6.240455995638226616e-01 -6.708641612564729684e-01
-7.067990456053757642e-01 -5.740928629510101411e-01 -7.103855042576427969e-01
-7.073750366129700762e-01 -5.861497994792197463e-01 -7.053949919203089669e-01
-6.942676066985961070e-01 -6.149067020730368816e-01 -7.353728907612682164e-01
-3.755568604737224425e-01 -2.426163319765791138e-01 -3.126940649016836660e-01
-1.668262460239488543e-01 -1.886599427981407451e-01 -2.598353609341262915e-01
-1.349585455198994144e-01 -5.407373685127020435e-02 -1.749023739762559648e-01
-1.819851096085253750e-01 3.245373148761065418e-01 1.480931411545440834e-01
5.760847993560418157e-02 5.322092687997728166e-01 3.178818590061736060e-01
3.125818245527113293e-01 6.156417038684123266e-01 3.212869536537558135e-01
3.701309962316600144e-01 6.158436481026720033e-01 2.080642513828975249e-01
2.602489237113154719e-01 6.832504813290928292e-01 1.406964487920515094e-01
3.337101473613211522e-01 6.791654649853092751e-01 4.625142053816996834e-02
4.737406846910554581e-01 6.540010646697259622e-01 -1.061142708019904013e-01
5.556459293057196547e-01 6.442219796085779659e-01 -2.056162176656203544e-01
6.100709564534952944e-01 5.274740644585920180e-01 -4.893749142225982673e-01
6.137921323834616416e-01 4.975438458149817333e-01 -5.967565397769658553e-01
9.851181330130991398e-01 5.290865728577228699e-01 -5.698360667916757549e-01
1.196220679804347320e+00 4.916613010690578101e-01 -6.883141380365995765e-01
1.203281190111621157e+00 3.869251337902455123e-01 -8.599826880310795785e-01
1.385138192466685902e+00 2.759377702723609938e-01 -9.640979613643217982e-01
1.743586706600405822e+00 3.024006717086153984e-01 -8.805849913310239696e-01
1.782897375209915314e+00 1.888649226718259189e-01 -1.041983796278016072e+00
1.767952493624526333e+00 -4.528550450703897057e-03 -1.296312272114067854e+00
1.289689581341296964e+00 -2.292028524794794131e-01 -1.169484074320900069e+00
1.363786556371516800e+00 -1.950442259127014022e-01 -1.040418348876245735e+00
1.326997745998466094e+00 -4.300125256225441062e-01 -1.090488057648570708e+00
1.212527661712358817e+00 -6.578947123965916965e-01 -9.411996579027220866e-01
1.122620472174065576e+00 -7.222728460250917859e-01 -8.279413441510232730e-01
1.155113777359259908e+00 -6.329313434067427302e-01 -6.797549227491966883e-01
1.493157510359617746e+00 -7.063384594144793693e-01 -7.463927944486274946e-01
1.601114256117524670e+00 -8.074922869497404010e-01 -8.922010533903451668e-01
1.915149953398223914e+00 -7.924662409194781487e-01 -8.079203609707273914e-01
2.117242670103646418e+00 -7.813896343554567192e-01 -7.655310169991251801e-01
2.540760493889769212e+00 -8.480097799043474494e-01 -7.495400676055272715e-01
2.506047856932432261e+00 -1.004329654964711604e+00 -7.390705690925924998e-01
2.693456815756724243e+00 -1.083761050861592468e+00 -7.543162095645344900e-01
2.646957289196656404e+00 -9.850247649016448115e-01 -5.916348444705636922e-01
2.690935084216691031e+00 -9.644961239896647776e-01 -5.719311790516158345e-01
2.738285621112087842e+00 -9.463175852144640743e-01 -5.201684446322477617e-01
2.523025226424211453e+00 -7.515441460990006650e-01 -3.498642113840882972e-01
2.701497429520505644e+00 -4.788197832418631394e-01 -4.709916562873697754e-02
2.985249483810449522e+00 -5.519689909027082342e-01 -1.476109873476468271e-01
3.019053217924959842e+00 -6.424424990884100017e-01 -3.456408430513949748e-01
3.047792394857407938e+00 -7.677692216624691923e-01 -4.738668639259572268e-01
2.859479851568332620e+00 -7.157299365071884134e-01 -4.616525579022558445e-01
3.297663815902846185e+00 -7.790337670445321994e-01 -4.644857525949356858e-01
3.200997479542002644e+00 -1.057490843469059083e+00 -6.232049685057926558e-01
2.945389997113093461e+00 -1.075241712398315341e+00 -6.761725151447370852e-01
2.826242988622190477e+00 -1.145200920758791208e+00 -7.281514069679168033e-01
2.658552610599780319e+00 -1.069072091757739429e+00 -7.736956456194526988e-01
2.670406834942777419e+00 -1.162778339149840301e+00 -1.052078957640593337e+00
2.258037878786070873e+00 -1.116054870730532222e+00 -1.056491412092061433e+00
2.094676079127539392e+00 -1.142687578447070695e+00 -1.079402694879061597e+00
1.751950066106523707e+00 -1.036407236210162397e+00 -1.042395025456797741e+00
1.745356780420189935e+00 -1.144480247395988748e+00 -1.360300653024738127e+00
1.477905013426295211e+00 -1.127717367350850930e+00 -1.390616834107490929e+00
1.171706968443519958e+00 -1.027197816507052996e+00 -1.324981235660186663e+00
9.377387932395837566e-01 -1.028261041392289021e+00 -1.241361997118796356e+00
8.031273633884555840e-01 -1.272478467007000402e+00 -1.234818354269803020e+00
6.579340498397743264e-01 -1.503419375471905184e+00 -1.229967512660392392e+00
1.005305529773022066e-01 -1.387756194442036906e+00 -8.705878555133838015e-01
-1.380911707566550850e-01 -1.268351986254889763e+00 -7.248800878856291874e-01
-1.347132247503522451e-01 -1.275616876619047435e+00 -7.161236412482414604e-01
-1.985431864759026610e-01 -1.255464481329403359e+00 -7.015471303576658046e-01
-2.208407632890618255e-01 -1.522194906489045207e+00 -3.926270121065041918e-01
-5.977778109368996340e-01 -1.502145247165014075e+00 7.556638480389760160e-02
-6.117200702933139889e-01 -1.497078103244673164e+00 1.519516427637978839e-01
-6.102003963744188075e-01 -1.604666673697930923e+00 3.309963014955271121e-01
-6.762968430886149296e-01 -1.623204037703941616e+00 5.781445575653714197e-01
-7.103283267720146288e-01 -1.679661167592383819e+00 8.213737460237731103e-01
-7.735233498433925492e-01 -1.554704871444738012e+00 9.437938471288325193e-01
-7.676482076223852813e-01 -1.634987931529479521e+00 1.126394835414786133e+00
-8.314708889276435366e-01 -1.735569767376221151e+00 1.459846130283853460e+00
-6.788903344181411725e-01 -1.430800360192583387e+00 2.107630242785010211e+00
-6.707042747034768215e-01 -1.309623507702476486e+00 2.189336649128083678e+00
-6.324812636401702104e-01 -1.368051472603715624e+00 2.334597978685027719e+00
-6.200156185618357352e-01 -1.325339955001990200e+00 2.385863992889998730e+00
-3.649079242879308405e-01 -1.343111391389930187e+00 2.612901857150911944e+00
-3.191450279055849659e-01 -1.258890861166462871e+00 2.678746703559741427e+00
-2.621700297176253747e-01 -1.426933040642105022e+00 2.878469007527049595e+00
-2.600622134491569204e-01 -1.462486686256838642e+00 2.820621332863016306e+00
-1.881795359422775427e-01 -1.842752327913424359e+00 3.365986351252122422e+00
-1.774357808260955682e-01 -1.717720441468443049e+00 3.406374706929913287e+00
-1.523022280310470378e-01 -1.646387612020795199e+00 3.365650664026409888e+00
-1.852054573036655549e-01 -1.646677641260420044e+00 3.103851329473559684e+00
-2.260809485274473674e-01 -1.551433259553100630e+00 2.811396801885032826e+00
1.392167243943646660e-01 -1.430662686951623686e+00 2.969780352923096611e+00
3.563011770412160550e-01 -1.301712067621918711e+00 2.829480628849205370e+00
3.302237496054904464e-01 -1.232828980808597041e+00 2.554141363386546182e+00
3.270576202976931968e-01 -1.427395901654183508e+00 2.651590205906402264e+00
5.336613047793639097e-01 -1.367494131761608500e+00 2.769972778815832370e+00
6.029121188964239320e-01 -1.140603818260196745e+00 2.704735029401457158e+00
6.020433836641737591e-01 -1.052107966949539897e+00 2.293340870524054775e+00
2.627714423260614218e-01 -1.204990298785220348e+00 2.208934314944271726e+00
5.188463325925931624e-01 -1.101326189094701702e+00 2.422486204193896153e+00
5.898141351320281833e-01 -9.916345575810358026e-01 2.217487606712115422e+00
6.172295524734202621e-01 -9.599786780396039054e-01 2.029805341004171204e+00
4.047201247952089687e-01 -7.736255609450385373e-01 1.812805805392087688e+00
4.433696313657544130e-01 -7.259755278758019958e-01 1.864242474073665390e+00
4.680404484742707316e-01 -6.152123321949822810e-01 1.480278078580957501e+00
4.658856352755819663e-01 -5.767552651528562446e-01 1.089306273304880612e+00
3.819035986002335958e-01 -2.951292408392947042e-01 4.116208173380344060e-01
3.595197788469374212e-01 -2.907790937816787658e-01 4.159429316596555681e-01
3.623016844128490455e-01 -3.018788172810739634e-01 3.563811557862933688e-01
3.337296250397197017e-01 -3.045771999436533983e-01 1.713980597219678936e-02
3.248685054354751855e-01 -3.149776499625023818e-01 -2.878158386644075889e-02
-4.595128247403102578e-02 -1.404049819859872761e-01 7.222274838416124776e-02
-2.345927618708410767e-01 -7.025080598013558331e-02 9.815321040399016539e-02
-2.382765061093756742e-01 -8.928053107509048569e-02 -1.030463643773202320e-02
-3.032117627884794997e-01 -2.392215420593284125e-02 -4.642120483811325027e-01
-4.515820166058612806e-01 3.370482569227879061e-02 -4.445334052207166042e-01
-5.205007266726527915e-01 -1.126807339034122390e-01 -3.877882419745364850e-01
-5.176401931958234393e-01 -1.309485450604852275e-01 -3.798162536406547440e-01
-5.622014469179188456e-01 -1.378299749212290037e-01 -4.059362562615312919e-01
-7.602272326697149252e-01 -8.481666878813090560e-02 -3.996451576045079723e-01
-7.803800579477304655e-01 -9.230794676696056633e-02 -4.323162956957676828e-01
-7.884729772557822480e-01 -1.076113973110557620e-01 -4.702534946067573052e-01
-7.966985490892044552e-01 -1.343218737334883062e-01 -4.929427708500008221e-01
-8.224407909518207660e-01 -1.472549401225161647e-01 -5.014108683587504833e-01
-8.432669825051648527e-01 -1.607049403460883708e-01 -5.113935637727773376e-01
-8.541318185373076854e-01 -1.812912557114932099e-01 -5.250785171059243472e-01
-9.429055957215215500e-01 -3.366219079755761179e-01 -4.765553697955016155e-01
-9.498392471482299815e-01 -3.380248907017070481e-01 -4.838550210256872264e-01
-9.542196791999566496e-01 -3.419169509374579419e-01 -4.873523201600770127e-01
-9.563489389758752512e-01 -3.433319949902405854e-01 -4.908971330060042382e-01
-9.579024054432927482e-01 -3.828610257186244037e-01 -5.297195502845879478e-01
-9.639135413960390197e-01 -3.831812155675738962e-01 -5.320932945433450856e-01
-9.693662891786217761e-01 -2.383715274813746621e-01 -3.880328941585271529e-01
-9.555485634577873810e-01 -2.341699101556723173e-01 -3.736236168256328316e-01
-9.309742926475830238e-01 -1.230274776939383197e-01 -2.307352491202138423e-01
-9.223913916624228992e-01 -8.598514020339430297e-02 -2.832473391998675538e-01
-9.275955140783266328e-01 -7.614571026163824419e-02 -2.762826009395479288e-01
-9.306014225779007942e-01 -6.128149610161857941e-02 -2.683221913661581470e-01
-9.168518167148334008e-01 -4.553778543736101275e-02 -2.848816319746351189e-01
-9.287473794582516984e-01 -7.497905103810674488e-03 -2.876129814448478150e-01
-9.116340817735804070e-01 -1.468179117927748134e-02 -3.044158822701159561e-01
-9.018236457786823479e-01 -1.145937306934381728e-02 -3.251373364322673321e-01
-8.999519955390473669e-01 1.959803363781174868e-03 -3.551894315364226284e-01
-8.904146497314939790e-01 2.119887553066961139e-03 -3.790360126759704240e-01
-8.816189570912542628e-01 -5.521690673089801882e-03 -3.990769607760740190e-01
-8.743011523100068239e-01 -1.226134932623265672e-02 -4.217081905507672479e-01
-8.681603856738897562e-01 -2.438502595396123407e-02 -4.417800986137300212e-01
-8.611973980199223444e-01 -3.550816382205632116e-02 -4.626969865571933238e-01
-8.554118703842049642e-01 -5.243148345525232984e-02 -4.818545643965951308e-01
-8.380460784027909948e-01 -9.601539141281457967e-02 -5.466936125697556825e-01
-8.599438610649173809e-01 -8.810260632417246662e-02 -5.463770784926859081e-01
-8.602926976193954189e-01 -1.130663037983136165e-01 -5.546425034052758773e-01
-9.189958989779029030e-01 -2.861676773424592923e-01 -5.693029660650157364e-01
-9.205563505970820737e-01 -3.049780915246985691e-01 -5.710976286821209946e-01
-8.227790679219233461e-01 -1.243604893456393690e-01 -1.977344994113603149e-01
-8.171133442322550122e-01 -5.944828407786162394e-02 -1.839094303955860210e-01
-7.937173868757588791e-01 -5.373793815266964674e-02 -2.140893594560895341e-01
-7.765061099378761655e-01 -4.780006207368109328e-02 -2.328685967579506855e-01
-7.346365816464121012e-01 -3.392174001817940820e-02 -2.398359825839839199e-01
-7.123340207482307118e-01 -1.704269177431969040e-02 -2.649729508534494071e-01
-6.863038609033792481e-01 -4.728251498776681744e-02 -3.647012419026718910e-01
-6.669582535959461822e-01 -8.197142117741276768e-02 -4.426795313623872463e-01
-6.409985945537427510e-01 -8.453310014065307243e-02 -4.439700222201846680e-01
-5.675072496357317364e-01 -1.173617106607544314e-01 -5.110897360046412485e-01
-5.446954021955539016e-01 -1.513527642497493331e-01 -6.359672133435053665e-01
-5.363495006480354377e-01 -1.938777382586839848e-01 -7.175079156312085260e-01
-5.369556709982641340e-01 -2.107175481106089987e-01 -7.167798034344941005e-01
-5.245862649258035137e-01 -2.069487998608542101e-01 -7.279317918699028667e-01
-5.177428907495347232e-01 -2.308412668621322161e-01 -7.803127271844201296e-01
-5.373390035960659006e-01 -2.575968817331539817e-01 -8.391967782929492525e-01
-5.497094896960145194e-01 -2.859333434252441242e-01 -8.302157576946140871e-01
-5.511036554122091813e-01 -3.106913986124657523e-01 -8.318830331874751405e-01
-5.770030132614913931e-01 -3.099812236563332934e-01 -8.414702629447724513e-01
-5.822053816593086850e-01 -3.812214588036945129e-01 -8.955435861179561474e-01
-8.853565069792256326e-01 -6.017289294132586175e-01 -7.788188936989987043e-01
-8.808363603285588317e-01 -6.057681604146865073e-01 -7.636252269852730201e-01
-8.542493790052199110e-01 -6.534233386826558965e-01 -8.500433965671476688e-01
-8.468537562560660703e-01 -6.574127070870878775e-01 -8.360782167674433163e-01
-8.436788368655040449e-01 -4.986286969904140109e-01 -6.813091134253482783e-01
-8.263067813181350640e-01 -3.396511289224127816e-01 -5.126712481724584602e-01
-8.272899380537905856e-01 -1.436914695507098272e-01 -3.376900326134664176e-01
-6.524823962640537989e-01 -5.599944400533932165e-02 -2.452707564707430621e-01
-6.159034372995244588e-01 -3.496632716342777669e-02 -2.438095111101851176e-01
-6.492947928922722101e-01 1.814217325925253921e-01 -7.452018960324965913e-02
-6.337366406727882318e-01 3.904270125483826903e-01 6.647841067741155907e-02
-6.089235991945345372e-01 6.028043874742960995e-01 2.052794783424005121e-01
-5.463289341732955329e-01 6.153370111090065153e-01 1.198575912689057721e-01
-5.033348301550859549e-01 6.381534751917860016e-01 6.713553860820217767e-02
-4.478606928822281286e-01 6.433028246164713693e-01 -3.398253100148573846e-02
-3.990552114512836979e-01 7.115564079821340426e-01 -1.398362800227531677e-02
-3.583821857238049802e-01 7.115675603934212834e-01 -9.656992895036722868e-02
-3.170264698852447438e-01 6.745982047731217124e-01 -2.448286523441849938e-01
-2.798160423134485320e-01 6.340423570865434399e-01 -3.661926594334312113e-01
-2.643424378675466313e-01 6.312186449257044529e-01 -4.717719313728317987e-01
-2.684434749979330292e-01 6.259734560370915357e-01 -5.475940187601802123e-01
-2.495800905519447721e-01 5.491848588784139507e-01 -6.898948770347819170e-01
-2.850007589434650490e-01 5.303366672502015655e-01 -7.762482809519813953e-01
-1.179661309918604989e-01 5.107741406808816720e-01 -7.612939450157835131e-01
-1.498884511100372074e-01 3.343057196266095987e-01 -7.249846135666350166e-01
-2.268414969905585554e-01 1.281099849925587120e-01 -7.602730865645337399e-01
-3.084471012148793378e-01 -6.607085529507303323e-02 -7.489726459332642916e-01
-1.129639446418807536e-01 3.414994889166041159e-02 -6.179483845423326960e-01
8.820371952392852544e-02 2.850526627683630521e-02 -5.983532443266429413e-01
7.863895379462090829e-02 -1.760874405050715519e-01 -6.429974832903222470e-01
1.290068643956260308e-02 -3.697298494594968843e-01 -6.231208229376224983e-01
-1.404654545711211955e-02 -5.492090114266621192e-01 -6.074581516769949063e-01
3.532187760018605793e-01 -4.956265005522595968e-01 -5.421683046872812772e-01
5.630168066389754644e-01 -5.012549788170271858e-01 -5.708929373098784454e-01
8.031011395517417828e-01 -3.542645831561244130e-01 -3.566186516534466944e-01
8.561853879302346870e-01 -2.721944957745537352e-01 -2.706289325074154872e-01
1.108266482668047725e+00 -2.835662161723219721e-01 -2.846176132397437164e-01
1.319500598157419935e+00 -2.647986500481027683e-01 -3.156006754726264907e-01
1.394401674907451039e+00 -4.252575842163551778e-01 -3.176623979870965009e-01
1.397507697900949974e+00 -4.808695106013442522e-01 -3.980793433911280488e-01
1.930999110918587336e+00 -4.286929008327710622e-01 -2.603895279793782547e-01
2.041030014556022287e+00 -4.954670228988357072e-01 -3.847936437990305270e-01
2.250030485212416220e+00 -5.706187995991111039e-01 -5.099102027172328633e-01
2.290546848411299408e+00 -5.484023802597727260e-01 -4.775132142445548400e-01
2.562315988538178768e+00 -6.243089872796526718e-01 -4.884029332964389680e-01
2.613238514462095097e+00 -7.315227340177359316e-01 -6.119877546037777449e-01
2.794938383029024198e+00 -9.620401834896887827e-01 -5.962411214213655386e-01
2.819316450521205830e+00 -8.293124516683281211e-01 -4.466760216176303144e-01
2.838512791592831430e+00 -7.836064883158196936e-01 -3.989262605405144435e-01
2.898395296794823661e+00 -8.829646701295343902e-01 -5.345043719931115156e-01
2.898394213297813771e+00 -1.041440924384539057e+00 -6.756472126802706146e-01
3.413401487794515798e+00 -1.082533823044467214e+00 -5.732422325076764746e-01
3.180421107268499803e+00 -1.020756453609357184e+00 -5.282697845468896647e-01
3.140227194219298301e+00 -1.118022650650221550e+00 -6.504713331342089067e-01
2.892732152503580512e+00 -1.309109168661322986e+00 -6.940821902960019329e-01
3.164010199443472171e+00 -1.465574321923013290e+00 -5.645905209834053418e-01
3.264967886608901804e+00 -1.450954809371227450e+00 -5.160111531193818379e-01
3.101381854795101312e+00 -1.523251424888207861e+00 -6.937063920835288000e-01
3.040429296667658043e+00 -1.606689955492102584e+00 -1.014638366342764719e+00
2.973572864689935091e+00 -1.696337281072624048e+00 -9.659453801746133994e-01
2.682928177548134840e+00 -1.500357888435779996e+00 -7.835900906018166134e-01
2.713478092019559806e+00 -1.628225851714883765e+00 -1.087447865005899406e+00
2.477136496530349064e+00 -1.631453604524959911e+00 -1.134102715057958122e+00
2.214921624165428149e+00 -1.584775381177872200e+00 -1.009029062853118663e+00
1.976559524522307099e+00 -1.480917669048005703e+00 -9.495169844914859159e-01
1.925988427754586452e+00 -1.587987971234943174e+00 -1.105505011735324450e+00
1.648520072262663616e+00 -1.575689232664917450e+00 -1.301981533923366463e+00
1.205195291591889761e+00 -1.432994118873033740e+00 -1.151087669639861977e+00
9.907408893233017322e-01 -1.385293329948187768e+00 -1.043972726631088310e+00
9.231725697894967997e-01 -1.417956182230920348e+00 -1.113103335516584913e+00
8.459080409132857525e-01 -1.499080816735861799e+00 -1.142147498587335219e+00
2.441520724324474090e-01 -1.212685225215310414e+00 -8.846042011393039362e-01
1.458598423866478422e-01 -1.153222438782348869e+00 -8.475156246238170210e-01
5.925928575215616556e-02 -1.078792847759541429e+00 -8.533503871276165720e-01
-1.017727135235366176e-02 -1.079209327688710918e+00 -8.626599503322988083e-01
-4.076374697042853268e-01 -8.711281154150180006e-01 -6.994804073728995153e-01
-6.483724635408600889e-01 -6.853341674400053041e-01 -6.073346897988020077e-01
-6.855102957972964983e-01 -6.674638457632328103e-01 -5.758595221859332813e-01
-7.127169062790741361e-01 -6.440408129851191710e-01 -5.663025582365177613e-01
-7.401891093155730239e-01 -6.445933665922188860e-01 -5.565560871927913711e-01
-9.295293811243636739e-01 -6.207234374514760677e-01 -3.424740467258377552e-01
-9.653028013052463718e-01 -5.737375771859143381e-01 -3.534752423105525510e-01
-9.812527900566377914e-01 -5.308880954396894003e-01 -3.400617197486156540e-01
-9.807975347321518100e-01 -5.379229948640479320e-01 -3.338013266213852304e-01
-9.823608688944758249e-01 -5.399051872837228316e-01 -3.166712859486844889e-01
-9.694468428209878086e-01 -5.655534085022707602e-01 -3.496439864941527920e-01
-9.556975596471788403e-01 -6.740825846610694061e-01 -2.137256623145536993e-01
-9.805522707464935372e-01 -6.380924987540353976e-01 -1.883347754946271824e-01
-9.845111907784505068e-01 -6.302895002632248334e-01 -1.734013006794387357e-01
-9.597293815886884794e-01 -7.511845152154762451e-01 -2.546552523191950024e-02
-9.598414529702240516e-01 -7.513835747184823832e-01 8.526753816233176297e-03
-8.751909513939934993e-01 -7.511846141830765822e-01 6.991632101857335468e-02
-8.763051650915217872e-01 -7.427776758681593483e-01 7.812541590045452011e-02
-8.664732987122846231e-01 -8.538819210026151740e-01 2.288051782449400107e-01
-8.632635670412421858e-01 -8.484067579970938633e-01 2.728085174623041675e-01
-8.545078770082457087e-01 -8.269556196490409627e-01 2.913248544451403355e-01
-8.290849745771654566e-01 -1.041745059386332661e+00 5.494293248368644633e-01
-8.004017822612153887e-01 -1.380689209689192731e+00 9.749110267719914846e-01
-8.022766761028991001e-01 -1.360904593121037953e+00 1.060286626142543875e+00
-7.964415782059872662e-01 -1.323298921837164022e+00 1.106595009316858613e+00
-8.170966799903056632e-01 -1.274034203228683104e+00 9.574565350802104469e-01
-8.032158103614674971e-01 -1.701345401986887662e+00 1.549812343116524715e+00
-7.944290671171337914e-01 -1.796842478985954283e+00 1.798250952757848742e+00
-7.729453329470226119e-01 -1.696094365173431262e+00 2.115389617707127634e+00
-7.355583014845383794e-01 -1.622230244276446465e+00 2.235758042713861915e+00
-7.547311367764800716e-01 -1.677297608532414275e+00 2.444059169876748872e+00
-7.595381480933300899e-01 -1.841816475178066126e+00 2.636286612653536476e+00
-7.298887738414601145e-01 -1.884265671547986631e+00 2.868448493972607594e+00
-7.113894864450176492e-01 -1.789108705972956459e+00 2.884954265076021152e+00
-7.498466590879144800e-01 -1.690411063576945594e+00 2.719881034963425481e+00
-7.459223394009402153e-01 -1.762169420121697305e+00 2.958263977424796298e+00
-7.438007774751691503e-01 -1.875798579155321777e+00 3.328826965674297256e+00
-7.100554395927627382e-01 -1.767275593395637223e+00 3.330750183596187686e+00
-5.219130565228110585e-01 -1.445165860410847936e+00 3.366133334621098872e+00
-5.086275760672919199e-01 -1.369269232485910370e+00 3.414178854450245826e+00
-4.485050493336657507e-01 -1.564047305430532608e+00 3.683025069552960939e+00
-4.359293344764990641e-01 -1.521173507098944722e+00 3.437344254673787347e+00
-2.779463370574710712e-01 -1.390573877984427442e+00 3.007492227112248617e+00
-2.561807488862246074e-01 -1.314339846552920577e+00 2.964930401654238601e+00
-2.496638660013665856e-01 -1.284349234730311373e+00 2.979707731710032004e+00
-2.120658300773715366e-01 -1.352043024123781523e+00 3.135424642989480315e+00
-2.536269205551177075e-01 -1.147327403916119870e+00 2.379281738775053334e+00
-1.494837396335875479e-01 -1.174552730202159223e+00 2.309350781036544564e+00
-2.422927635944088776e-01 -1.109338630745257515e+00 2.248772137541935834e+00
-2.524979667408153161e-01 -7.809542865358720665e-01 2.578098217986368290e+00
1.360172924953901574e-01 -4.399038682868925410e-01 2.755975604308523064e+00
4.533804647879616789e-01 -2.439695572956738223e-01 2.483104375417063192e+00
4.840114151666395359e-01 -1.742568782293015539e-01 2.127401270438930680e+00
4.998028466543147363e-01 -1.369524185795972238e-01 2.058924242601673171e+00
5.781583526364525438e-01 -6.926861177517251722e-02 2.121590125155248252e+00
6.262065144136704786e-01 5.737366235898950367e-03 1.798606047867963742e+00
6.215712533624497826e-01 6.634590265822093436e-02 1.205688723879884572e+00
6.129821568685305255e-01 4.860551631964327851e-02 1.085596781401643396e+00
3.732581529925643737e-01 2.204107103647471450e-02 1.166553210651020134e+00
4.147699495543639703e-01 3.118259533877029005e-02 1.042670716609182424e+00
3.653706280933488593e-01 9.619074182419769248e-02 5.000374184611684480e-01
3.163472390609303186e-01 8.526776349608286565e-02 1.843057242946966046e-01
1.115689837182545496e-01 1.887467744167384276e-01 7.140512119966635485e-04
1.150702760067969788e-01 1.575272004398615977e-01 -9.325145720418422102e-02
1.390266721690353313e-01 1.087588286070778759e-01 -1.742455238526640360e-01
8.856540962252519578e-02 8.080876587557817015e-02 -4.655189504844304826e-01
4.904881647742108386e-02 3.062753876372353856e-02 -4.959868188122729671e-01
-3.606372295894480495e-02 4.558251975759924218e-02 -7.229261082113837000e-01
-6.720306253306682076e-02 -1.339057601442573409e-01 -6.102686411614074435e-01
-2.536749885071436506e-01 -4.510848782566087012e-01 -5.953121082922314677e-01
-7.121840517448264629e-01 -4.196636939640371877e-01 -4.161523824820689277e-01
-9.293501245601939464e-01 -3.189611700142150341e-01 -3.929768916400393497e-01
-9.246025164549177555e-01 -3.102827615840972886e-01 -4.045495310317461790e-01
-9.192316872847807740e-01 -3.247985345076049857e-01 -4.217627325504742508e-01
-9.471915190794186756e-01 -3.270554776976920541e-01 -4.239147033052739211e-01
-9.559466314004507748e-01 -3.298785788309672173e-01 -4.270221650810730463e-01
-9.569837304595394389e-01 -3.329797370558832403e-01 -4.387193590160303192e-01
-9.590246056354734261e-01 -3.349013883821295168e-01 -4.608184444241719691e-01
-9.705589985835862965e-01 -3.338686592165847067e-01 -4.707643983217296713e-01
-9.758978556721573661e-01 -3.205037539720503870e-01 -4.569861589968122750e-01
-9.265744020917384693e-01 -3.419024323674703103e-01 -4.584184902209036960e-01
-9.200079948386586937e-01 -3.446382575901237866e-01 -4.728361861703047064e-01
-9.247127715612126764e-01 -3.482021874474470202e-01 -4.880853879892851355e-01
-9.350541980953088750e-01 -3.499647717530289803e-01 -4.906528309914909292e-01
-9.525139638344091164e-01 -3.530462836505045554e-01 -4.745620732409827625e-01
-9.445029287159643072e-01 -3.687865469226334070e-01 -4.732907017105715264e-01
-9.456535795445388803e-01 -3.741452500270223136e-01 -4.817946578432091842e-01
-9.505878517626280555e-01 -3.766360424452618316e-01 -4.782700979050149570e-01
-9.794284125636028016e-01 -3.818595820533675633e-01 -4.479287150043453902e-01
-9.594236241555509359e-01 -4.182156492644521495e-01 -4.334333614575812677e-01
-9.535451185849501687e-01 -4.322030960451666570e-01 -4.270349637407684362e-01
-9.794836737295482543e-01 -4.046679339347289961e-01 -4.074507995668975591e-01
-9.811402354321777652e-01 -2.611801210951342211e-01 -2.669110460828668652e-01
-9.734645465978860601e-01 -2.441290740137943838e-01 -2.597383337364488343e-01
-9.685442588834107802e-01 -2.377495740771591592e-01 -2.614546039704083724e-01
-9.691969396960001815e-01 -2.310140262785297383e-01 -2.764879294769521656e-01
-9.645693978664516832e-01 -2.186188180229221012e-01 -2.774683189197873490e-01
-9.585315107830372217e-01 -2.092548373674117668e-01 -2.847874655130117061e-01
-9.552539902027334939e-01 -2.068778218654050705e-01 -2.995190514357168876e-01
-9.537279847242938757e-01 -2.068171963758803078e-01 -3.086919102853314945e-01
-9.720278020367052463e-01 -1.623621154483134710e-01 -3.278343439188629582e-01
-9.654629975344977133e-01 -1.583355344958598254e-01 -3.401411154656813762e-01
-9.604619067543478383e-01 -1.587230661681343913e-01 -3.580637951351255399e-01
-9.585181450590203323e-01 -1.638974315296168605e-01 -3.735845800065622502e-01
-9.572319661940797975e-01 -1.700334198949591813e-01 -3.829557786124325736e-01
-9.296252977544291474e-01 -2.218951402480796031e-01 -4.971067547323687608e-01
-9.147725510835587048e-01 -2.537794114412925683e-01 -5.655242309856097771e-01
-9.043062120287435057e-01 -2.871595314471071525e-01 -6.267158556885403797e-01
-9.072256346881946154e-01 -2.961756107964099161e-01 -6.336771855070770787e-01
-8.834770859621204897e-01 -3.497208462984325306e-01 -7.500865212342731070e-01
-8.825286128470100078e-01 -3.593048620974419460e-01 -7.597393964269680833e-01
-8.870277758208230390e-01 -3.744822183682487426e-01 -7.680422151196498737e-01
-9.509767523378818144e-01 -3.926595421565040045e-01 -6.407131045088327870e-01
-9.306647511682826224e-01 -4.031774413363605758e-01 -6.768726564662845835e-01
-9.114331327147712214e-01 -4.241816696502381245e-01 -7.205070103767553524e-01
-8.993084823719277310e-01 -4.214787667811155658e-01 -7.099315958733408705e-01
-8.960795356021626912e-01 -4.109442038065575509e-01 -6.995089093175717032e-01
-8.628494083417082017e-01 -4.527152764485670167e-01 -7.994204307933550080e-01
-8.406846115962389732e-01 -4.780871582496972749e-01 -8.496822909872836505e-01
-8.320762383866431300e-01 -4.791836369103536497e-01 -8.373507760732907812e-01
-8.135109714746963094e-01 -4.998746957890929932e-01 -8.702141048583591498e-01
-6.319989796600646859e-01 -4.662422948435148151e-01 -8.027974854691156681e-01
-6.060355459267279254e-01 -4.679237873961308303e-01 -8.000312726459781754e-01
-5.884868383335606357e-01 -4.852821145153684568e-01 -7.933085520238900568e-01
-5.728603019375224648e-01 -3.563218195205800631e-01 -6.370080511764936171e-01
-5.457389446838123437e-01 -2.954203489149447304e-01 -6.002896949977359897e-01
-5.389551056272392504e-01 -2.704016390825177973e-01 -5.902644770639776661e-01
-5.344623285530178958e-01 -2.819854969453752802e-01 -6.399628391677660844e-01
-5.206847929845600520e-01 -2.943357776145115179e-01 -6.405335347292657744e-01
-5.478685667149603145e-01 -2.416373483653060095e-01 -6.065257217992339189e-01
-3.574985068690398338e-01 -2.175159260462028732e-01 -5.621060640026032118e-01
-3.237312922769304824e-01 -2.748810560934831781e-01 -6.395946872684358242e-01
-4.084998382365488956e-01 -4.064658393321511909e-01 -5.988738174303670503e-01
-4.067012105184962811e-01 -4.123507572020344014e-01 -6.266893775835646885e-01
-4.098944428900518910e-01 -3.930106682340396840e-01 -6.149776933396178258e-01
-3.146355866779987354e-01 -4.181553746578184905e-01 -5.847133984773708049e-01
-3.120201280949731482e-01 -4.378419554150416171e-01 -6.244443916724253807e-01
-3.539985301888698976e-01 -4.253126252299752053e-01 -6.458215454080100670e-01
-2.907196067821599117e-02 -3.785349969571002449e-01 -5.696583437927380533e-01
-4.449174622431495418e-03 -2.640429696274825822e-01 -4.857784914889321515e-01
1.449636312016792661e-01 -2.354162726804552019e-01 -4.605354762929224077e-01
-9.039313903055304356e-03 -1.722689273866731818e-01 -4.130167039305606691e-01
1.860616343353064528e-01 -1.755053743065584926e-02 -2.206449699608782899e-01
4.425431858953595698e-01 2.808675170348342576e-01 6.371659216376318602e-02
6.517891301195755105e-01 1.585263809784162037e-01 6.851026216763336785e-02
6.774890797769881345e-01 1.756139537704362874e-01 2.178739495747851473e-03
7.202891560612191268e-01 5.925772800830815257e-01 3.830956320070346699e-01
9.559838699655552885e-01 7.076158865729633707e-01 4.303554070066472059e-01
1.067865685479921556e+00 8.662270429424416829e-01 4.894084852096314830e-01
1.113674195952679247e+00 9.908274605688266456e-01 4.749859506178814028e-01
1.148416073629427547e+00 1.285868760066587679e+00 6.407737978587646488e-01
1.547008564521942686e+00 1.411556520956372296e+00 6.872541270561821625e-01
1.727343256416419059e+00 1.383359867399413634e+00 4.985464226350861394e-01
1.806229275344312324e+00 1.318304700205414459e+00 2.309589674363282663e-01
2.177757930031787748e+00 1.299113460650545449e+00 1.687768094119017348e-01
2.374477480564292975e+00 1.321340884950156225e+00 8.651224415135654044e-02
2.594256956264425096e+00 1.147631640008568876e+00 -2.534099645360915476e-01
2.585885282658080708e+00 1.017823336547430735e+00 -5.196780833757432827e-01
2.395735399659216558e+00 1.122414823956658037e+00 -4.597226980934454033e-01
2.573593925827337259e+00 8.956635441977803813e-01 -5.159260283738746899e-01
2.850677030964394287e+00 8.789582234166669616e-01 -5.952552848860152013e-01
2.866328790668851489e+00 5.704590054080143080e-01 -7.315286227002834041e-01
2.654029997554523401e+00 3.063545203356626834e-01 -7.466768256264320058e-01
2.597765868571825010e+00 4.383724235090874499e-02 -6.418090636661781812e-01
2.578062186862967398e+00 1.233197525104789971e-02 -7.425596863224548372e-01
2.819739855824936026e+00 -1.968769407189968623e-01 -9.322036058995706309e-01
2.658289975710316000e+00 -7.899722532171716827e-01 -9.290375533277392961e-01
2.519343646365216571e+00 -8.325761333774661654e-01 -9.120931748412965945e-01
2.930977866348264183e+00 -1.009595658683966724e+00 -7.826606007102325790e-01
3.189884983961736697e+00 -1.088334670023584527e+00 -6.322334202761221711e-01
2.938507904607070564e+00 -1.256904450799443573e+00 -5.973949949603116760e-01
2.634063339017903793e+00 -1.314188483498706539e+00 -3.844977174959383626e-01
2.744025754714021659e+00 -1.414491359598092579e+00 -4.097471563041952813e-01
2.771122262798272562e+00 -1.481724657647743859e+00 -5.392777233126886394e-01
2.379415845161568566e+00 -1.372375406921767071e+00 -5.105297543797993054e-01
2.150620505485268286e+00 -1.372552536124272748e+00 -4.895304985968244038e-01
2.130920330383362149e+00 -1.397843125272538733e+00 -6.216340426532239727e-01
2.123599411334591291e+00 -1.595304571330194543e+00 -5.636362522968364486e-01
1.899716531785120122e+00 -1.605708131535926286e+00 -6.117073702938408131e-01
1.629746109828442702e+00 -1.672361200227815869e+00 -4.595886127706764746e-01
1.214024682850755710e+00 -1.831302035331761058e+00 7.476796557881054683e-02
1.323287400897138921e+00 -1.837833505249498955e+00 -1.076140036147166246e-02
1.262166620720114985e+00 -1.848161054399898084e+00 -7.444662998868226134e-02
9.804240796272249980e-01 -1.743222722640966671e+00 -2.340984614337174308e-02
8.286592866869606500e-01 -1.708977717903360283e+00 7.762726248522811012e-02
5.987793477182968838e-01 -1.799862959137774832e+00 5.057902002074358139e-01
5.625362603760080127e-01 -1.741406553114488887e+00 5.894694781111595727e-01
4.845766327004499829e-01 -1.729671953407350360e+00 5.615174431399695409e-01
-5.081273245938155297e-02 -1.712480343046429487e+00 1.075440265978035548e+00
-4.532974067938890794e-01 -1.889225170503513462e+00 1.623638904603819322e+00
-2.715327649234587359e-01 -1.648504602291728016e+00 2.170878551665342826e+00
-2.397913662410368074e-01 -1.511057399577062643e+00 2.000581729835044342e+00
-3.020710814350124895e-01 -1.353969045550615702e+00 2.007829984370742782e+00
-2.784301911437818688e-01 -1.740919176573884730e+00 2.620524099515942229e+00
-4.499649266517130597e-02 -1.494172347341735430e+00 3.012533423461903226e+00
2.472654701246296272e-02 -1.488275300569270154e+00 3.121333259689337059e+00
-3.688059822833689161e-02 -1.316851729170293694e+00 3.086871420044040359e+00
-4.127843561356615842e-02 -1.479636317497806219e+00 3.204998647325047134e+00
1.303973343869709728e-02 -1.418773892914650725e+00 3.319324747267186293e+00
2.750471646898469125e-01 -1.093394277145273374e+00 3.420561042363237991e+00
2.948122930611092873e-01 -9.483922850641206548e-01 2.728461197963765184e+00
1.217361667707170664e-01 -8.306871939860904774e-01 2.759054815668742222e+00
1.620968758221981165e-01 -1.024749482714381488e+00 3.075663500699216790e+00
2.227726897609388634e-01 -9.511831201441232064e-01 3.079265139657059613e+00
4.617620476740350588e-01 -9.314361075556552017e-01 3.363604206137621677e+00
5.902651771804015013e-01 -7.964025744819955843e-01 2.942897024313519516e+00
5.764546616909254073e-01 -4.993923215979554353e-01 3.252828259363794938e+00
6.467684057394711417e-01 -5.517969938454043710e-01 3.393893793472095854e+00
8.698922908329072001e-01 -3.859780639512162548e-01 3.019734345496927652e+00
8.875704466061138387e-01 -2.828944373573736293e-01 2.556602151485532826e+00
5.543932994671237902e-01 -4.134818033935470649e-01 2.446496323696591979e+00
5.545536599560774160e-01 -3.441343553584786386e-01 2.425742219617597506e+00
6.541361360992201668e-01 -3.303075077536489212e-01 2.311084885436872849e+00
5.954044155535802574e-01 -1.916590101777599087e-01 1.394579363356247104e+00
3.499021184902153525e-01 -2.410859100999618865e-01 1.392801028325833412e+00
3.227688228842748308e-01 -2.049891203614087609e-01 1.147472821820586297e+00
3.923236092284198562e-01 -1.811418039479661402e-01 1.212374823669122970e+00
3.643852073725229457e-01 -1.295285350611054265e-01 7.064808296083382455e-01
3.517584840992099005e-01 -1.779384137366054608e-01 5.784107869228997112e-01
6.967207558877704099e-02 -2.341001923320978062e-01 6.037333535702902321e-01
3.577724076829931488e-02 -2.010913229154623616e-01 5.403667384816759345e-01
1.117181111135002181e-01 -2.252961472586956782e-01 5.277759286712709885e-01
5.372334613079332577e-02 -2.016140138243068813e-01 4.638905824000297273e-02
2.457026495153587231e-02 -2.506497527899928524e-01 -2.850955541197541104e-02
-2.772925646393732402e-01 -2.752312191103669647e-01 -3.750002153405461169e-01
-4.155294919408192844e-01 -2.361749884450650427e-01 -3.237578304877822832e-01
-5.654426301012216438e-01 -5.319755023908075975e-01 -3.104132919555675496e-01
-6.147369939416461593e-01 -5.056195166510832895e-01 -5.200945019854475992e-01
-8.118898509349758985e-01 -4.176906620596891884e-01 -4.378420869378616409e-01
-8.284228292401891736e-01 -4.228146614686228433e-01 -4.480299565060668066e-01
-8.408393882931011198e-01 -4.305157523254899421e-01 -4.795244114638586574e-01
-8.595376440997444245e-01 -4.359698169903294396e-01 -4.829888267583066219e-01
-8.634431931625856649e-01 -3.818190220987558448e-01 -4.262901089650882880e-01
-8.591288065756708114e-01 -3.755453745466620918e-01 -4.327740210181179048e-01
-8.616519571325486071e-01 -9.775597273486105743e-02 -1.825959812170134811e-01
-8.501143478305899226e-01 -7.918007984502667407e-02 -1.702023656840278010e-01
-8.730288667366841171e-01 -6.890595991426348710e-02 -1.487118967433665173e-01
-8.628577470683600481e-01 -5.522542002456467397e-02 -1.609643661745905896e-01
-8.494227088763410816e-01 -3.492696211270758522e-02 -1.765674911232482380e-01
-8.313604321590493118e-01 -2.986899943875449825e-02 -1.931034199578691712e-01
-8.247622994169512278e-01 -2.449739767882122554e-02 -2.216702103247321920e-01
-8.525149651233847603e-01 1.321505396472197336e-02 -2.483547586213501746e-01
-8.405595040299065346e-01 1.650676964698324922e-02 -2.654814766934000536e-01
-8.317333426789714768e-01 2.616404977252917430e-02 -2.997804261289345740e-01
-8.468735323409762872e-01 5.128464831718370504e-02 -3.225570894868953764e-01
-8.811668219746282560e-01 6.739354013013237887e-02 -3.321267347139428283e-01
-8.786711799496416120e-01 6.222590819214286056e-02 -3.600762752153860990e-01
-8.697425534125188262e-01 4.518733844563885271e-02 -3.834236488668306686e-01
-8.655316182934704727e-01 3.245788861268168041e-02 -4.204921723082104545e-01
-8.657656846442569609e-01 1.132687015832851279e-02 -4.543793227217926001e-01
-8.109176149750144669e-01 -2.974965661671022388e-02 -4.731836332034770609e-01
-8.118510952025751459e-01 -5.001409007772068122e-02 -4.892210943094620901e-01
-8.263765938551980161e-01 7.279165002319855360e-02 -3.578377830918245683e-01
-8.259767325433592378e-01 2.009479876391009889e-01 -2.204285741829283274e-01
-9.579022102144284512e-01 -5.452298615385756109e-02 -1.327980737529879385e-01
-8.526672984870744543e-01 -7.284109240774544469e-02 -1.591987150679281815e-01
-8.415948392881860141e-01 -6.128556588156570950e-02 -1.738279762430531006e-01
-8.330166375663043965e-01 -4.794866198476805536e-02 -1.887702398202041054e-01
-8.239479347968472478e-01 -3.312779101574594293e-02 -2.221925432542916912e-01
-8.159635997745929847e-01 -3.245022020235444754e-02 -2.529923615699437578e-01
-8.104272228594879834e-01 -3.486521848077060032e-02 -2.761440778890950076e-01
-8.093658193670397738e-01 -3.530918761198788974e-02 -2.973828084826642959e-01
-8.160123453280895278e-01 -3.526114177588317994e-02 -3.335234874561137097e-01
-8.122176317339694362e-01 -4.616803994557743679e-02 -3.705146483505841748e-01
-8.122971750173255678e-01 -6.230753407376934255e-02 -3.958482313448328238e-01
-8.125829466811287372e-01 -7.418419171397937217e-02 -4.126466095350278529e-01
-8.124321799519570453e-01 -9.730063599488944504e-02 -4.351042448239280658e-01
-8.139532065930664695e-01 -1.163314231656409625e-01 -4.631816422042733250e-01
-8.065128313286091810e-01 -1.644914371713644963e-01 -5.465308885662689686e-01
-8.114276958044526200e-01 -1.888657785633887087e-01 -5.538285436481875657e-01
-8.377940244407773296e-01 -1.671157362125415546e-01 -5.726847217707201620e-01
-8.456843343733719820e-01 -1.923451355094586146e-01 -5.803580250536253260e-01
-9.262716639594283929e-01 -3.531706631716113876e-01 -5.391247833175111248e-01
-1.004324057547871574e+00 -4.971606705301455098e-01 -4.915958911900474293e-01
-9.921099267946462685e-01 -5.066317776821374075e-01 -4.901505441608358660e-01
-1.033675129268840420e+00 -4.288578855993759320e-01 -4.934004353295380341e-01
-1.033613194375409883e+00 -4.304592118993826322e-01 -4.909859876096358544e-01
-1.028241786863086649e+00 -4.313480400918760505e-01 -4.986727482526384092e-01
-1.027185450598354421e+00 -4.339074989482448186e-01 -4.979882738431203881e-01
-1.028091326393891114e+00 -4.331040084656589406e-01 -4.941931573539715128e-01
-1.028365528262033424e+00 -2.887063870724382308e-01 -3.521523035178835137e-01
-1.013713785741055862e+00 -2.657399680735070824e-01 -3.340852837171173206e-01
-9.929825141535655320e-01 -2.518369437794450438e-01 -3.232209956930904848e-01
-9.759171728759916675e-01 -2.297342282899817456e-01 -3.078662348745044852e-01
-9.684389772560009213e-01 -2.178598072160705112e-01 -3.091371444412472913e-01
-9.601319217523509586e-01 -2.074540245719986020e-01 -3.115975857984982778e-01
-9.475307286261964723e-01 -2.021386101081064646e-01 -3.188721332193198421e-01
-9.423361712410487367e-01 -2.021568242830654449e-01 -3.308036875575295355e-01
-9.609002390541778738e-01 -1.721321444106486409e-01 -3.236110421991703623e-01
-9.195684671268714583e-01 -2.429322575659215999e-01 -4.879898529756461212e-01
-9.157689096644198168e-01 -2.456035662630946526e-01 -5.074769968643907392e-01
-9.160010472114445967e-01 -2.475910200257290528e-01 -5.176935543940462958e-01
-9.174000023989372643e-01 -2.512535844862880952e-01 -5.262542788113540038e-01
-9.149822757253550654e-01 -2.514781231037916953e-01 -5.495886531582853118e-01
-9.130608405877324030e-01 -2.467090867032860069e-01 -5.644419588158865464e-01
-8.583300407574362412e-01 -2.966214743555541933e-01 -6.420338443041587739e-01
-8.503739206968906617e-01 -3.347873442074212336e-01 -6.967374569868489687e-01
-8.258667400881052334e-01 -3.961291102315144808e-01 -8.011555892249118127e-01
-7.966566557341923094e-01 -4.398139209185520371e-01 -8.640604495364315740e-01
-7.626797160089670014e-01 -4.749459526702533019e-01 -8.835087446065225114e-01
-8.170197343650937860e-01 -6.704644697651307439e-01 -9.382524998237471436e-01
-8.072995369134786658e-01 -7.029974968545352754e-01 -9.859837947313413453e-01
-8.091589015258239259e-01 -7.055404841336873067e-01 -9.690334210629196754e-01
-8.081690766242783930e-01 -7.102877246994360183e-01 -9.491208405395602510e-01
-7.991663737097171039e-01 -7.402422158904616856e-01 -9.844581055169636663e-01
-7.978929944464484558e-01 -7.480207121767216139e-01 -9.654930560370745818e-01
-7.946266859580977115e-01 -7.537986152328084444e-01 -9.344220471634686609e-01
-7.942450932563545063e-01 -7.581954694032697617e-01 -9.059975593087256085e-01
-7.903605836481877311e-01 -4.762474635431251935e-01 -6.074846195888508049e-01
-8.416656575637243565e-01 -3.585116772757137582e-01 -5.215703954927811692e-01
-7.832079794140358597e-01 -3.576773977742865873e-01 -5.182016961349804607e-01
-7.688565418990960243e-01 -3.503232387628055222e-01 -4.974847643644042527e-01
-7.492772570819268285e-01 -4.423209692303789464e-02 -2.032407045781291499e-01
-7.078479572222711180e-01 8.477846359813023813e-03 -1.738104434460073233e-01
-6.291784237268885915e-01 1.374123483934886619e-02 -1.947867764180329087e-01
-6.397760825298850484e-01 8.661528468279658388e-02 -1.825458427505665671e-01
-6.311868607001336340e-01 1.388810439402024532e-01 -1.736532308393354818e-01
-6.523008298337500399e-01 2.193200967621562469e-01 -1.677841110947946857e-01
-6.099917710581381769e-01 2.496601525324584625e-01 -2.203682882551129540e-01
-5.664778162911666692e-01 1.990343427122339692e-01 -4.300575261939277305e-01
-6.036561582791364344e-01 2.399587265754186960e-01 -4.348372053851009000e-01
-6.136138745508553649e-01 2.724480639347017230e-01 -4.593063460301386458e-01
-5.897162748901454421e-01 2.332879960405344066e-01 -5.785930998372610379e-01
-5.750970129316029800e-01 1.728273850732766070e-01 -6.923427050396088189e-01
-6.007187007463735684e-01 1.602899269082974643e-01 -7.087744122231137700e-01
-5.569533583886417949e-01 1.237809767948408468e-01 -7.523422174663807471e-01
-5.571966849230071128e-01 9.402377296932265538e-02 -7.986919750898628934e-01
-5.537947972243746353e-01 9.111859113229661689e-03 -8.830317089089190219e-01
-6.934146425080863763e-01 -3.284355422768859278e-01 -8.558438775446954860e-01
-7.043186410930474262e-01 -3.569380325229067896e-01 -8.566077623146037823e-01
-7.309975891705474682e-01 -3.401877112724694951e-01 -8.533992167296632347e-01
-7.317140522931507851e-01 -4.054619274118044792e-01 -9.047224937150730728e-01
-8.809855388893333972e-01 -6.912812379361295001e-01 -8.011705572144204313e-01
-8.816601789087241681e-01 -6.963710048341165137e-01 -7.843793571272122955e-01
-9.010300840073419693e-01 -6.622406690572052446e-01 -7.550123047402567122e-01
-8.991146546835706577e-01 -6.656198061007935207e-01 -7.336061176702074471e-01
-8.931829885216893139e-01 -6.676074188675165111e-01 -7.003988532599906280e-01
-8.816890172240534618e-01 -6.707074526448084661e-01 -6.655803358902341316e-01
-8.922950611788609265e-01 -6.372464947855692730e-01 -6.362961783402047988e-01
-9.511543359264680308e-01 -5.820715345597027301e-01 -6.226404495966860742e-01
-9.440861286879326242e-01 -5.843753257195607453e-01 -6.157482424805196253e-01
-9.410806321515453599e-01 -5.846685386928249795e-01 -5.916878973128788521e-01
-9.640114384001725600e-01 -5.572372169914017181e-01 -5.595654607169359140e-01
-9.740631135407150643e-01 -5.493313865668888463e-01 -6.023581292453291658e-01
-9.777111981026804788e-01 -5.577149526348919029e-01 -5.884890230317368909e-01
-9.792803365578282015e-01 -5.478617039833212354e-01 -6.087292921443167026e-01
-9.224771118273040749e-01 -5.841269526731038830e-01 -6.632785879536029494e-01
-9.023543211823977783e-01 -5.709302505102360481e-01 -6.539219729955647598e-01
-9.258228229729893455e-01 -5.469796387671314042e-01 -6.259150288872709078e-01
-9.028053089285329458e-01 -5.753555585240875958e-01 -6.864744707700927151e-01
-8.966359619531336644e-01 -5.793498842173691044e-01 -6.909568559569241319e-01
-9.021263859021133591e-01 -5.773815108490125692e-01 -7.277263664709932023e-01
-9.059437145959610138e-01 -5.800097669238155618e-01 -7.146441603035429413e-01
-8.957144038933866348e-01 -6.104833900951054382e-01 -7.527586539310004987e-01
-8.977154983576727254e-01 -4.712401412426575620e-01 -6.008760433375875953e-01
-7.197239753943113216e-01 -2.807122979616289982e-01 -3.781065155973497571e-01
-6.824953750287517940e-01 -2.798351504592783145e-01 -4.144857138825386311e-01
-6.661585825532669869e-01 -2.763342235244735656e-01 -4.174983595476033926e-01
-6.480668968585705514e-01 -2.576413293771444568e-01 -4.089928993241095934e-01
-6.084573317091707123e-01 -1.796784275809397147e-01 -3.362652586218063400e-01
-5.789832419793861096e-01 -1.697082932046066472e-01 -3.729845520565290840e-01
-5.535596028941354163e-01 -2.050600510509357211e-01 -4.622475134600542712e-01
-5.197792014880948663e-01 -2.627790153040855947e-01 -5.713870101514555433e-01
-5.094917228592400482e-01 -2.404221003335291207e-01 -5.594560525515082094e-01
-1.404202345926739426e-01 -1.757616780016146019e-01 -4.907947273272960098e-01
-1.400887170769944956e-01 -1.672358073246291710e-01 -5.377866306157030873e-01
-1.622519325094217146e-01 -1.651951948651839142e-01 -6.151513577979819125e-01
-1.637431234571206651e-01 -1.562897698204624430e-01 -6.142933120642181111e-01
-7.101625248407092417e-02 -1.403881929887043079e-01 -5.052727376776937618e-01
-7.607656941001367246e-02 -1.391939420023419194e-01 -5.726101316922058704e-01
-7.515474035232144745e-02 -1.903219373873568376e-01 -6.386840515959424369e-01
-1.019961678004399630e-01 -1.991782403914195143e-01 -6.310600045411306480e-01
8.076721378017114039e-02 -1.957925819182716465e-01 -5.876248993085049221e-01
2.459130105794149479e-01 -1.789890414953848874e-01 -5.879552647756380868e-01
1.838620876419176375e-01 -3.999295654139352063e-01 -6.663364406806798756e-01
-4.896974369967777713e-02 -5.080086258030173108e-01 -6.191010509517024252e-01
1.222524108656152242e-01 -4.918229110710394814e-01 -5.758051631221635658e-01
3.239763827723722844e-01 -4.782999635587510956e-01 -5.556376581630906308e-01
3.488440692964817069e-01 -5.367404256148212705e-01 -6.473330023744594541e-01
3.561505091660658318e-01 -6.363803317710085006e-01 -7.185681723309282898e-01
5.432537949907748631e-01 -5.158632956862896357e-01 -5.428644202667115559e-01
9.000006380943987860e-01 -2.913926869150661458e-01 -2.904310408756305417e-01
8.976942252360287089e-01 -2.691770769493436744e-01 -3.777014205033700778e-01
1.176287573682346821e+00 -3.193979623991340389e-01 -3.941271371873577012e-01
1.090890366424241309e+00 -1.534371230853964208e-01 -2.179992319083348673e-01
1.325452025629966890e+00 -1.430070121075514566e-01 -2.134706499829987780e-01
1.746696111014818475e+00 -1.281250744503305006e-01 -2.333056267077669443e-01
2.001602340437280692e+00 -2.017197882333104930e-01 -3.579190588853208843e-01
2.071981218476096842e+00 -3.134594476814822617e-01 -4.425211870553807936e-01
2.167341099590112563e+00 -4.089311856781465693e-01 -5.326654380430129176e-01
2.945391212752238808e+00 -3.944848764398184993e-01 -4.245041856783132728e-01
3.219845099233777042e+00 -5.018140189320084987e-01 -5.851378991821285513e-01
3.235515940475538255e+00 -5.157862836995136258e-01 -6.309511329696154691e-01
3.105136657096729813e+00 -6.629771303474605304e-01 -5.336999456613132908e-01
3.686550841418879454e+00 -6.768547314033699358e-01 -4.278869850114017659e-01
3.772370146780743116e+00 -7.991563368032689185e-01 -6.363624305435370276e-01
4.029631374606750249e+00 -8.618418103053550050e-01 -7.223656713145896191e-01
3.941086295644671722e+00 -9.721403994022455031e-01 -7.777155421449821748e-01
3.998212723544408487e+00 -1.144771468927209712e+00 -8.481465871361487663e-01
4.147990158808071648e+00 -1.247489650281677021e+00 -9.107707148208705750e-01
4.023504085951940645e+00 -1.550289409371912619e+00 -1.133805979558272670e+00
3.590082498005302547e+00 -1.728961768522470743e+00 -1.193769180635795291e+00
3.504871034327247781e+00 -1.867298652415832372e+00 -1.215384384101229065e+00
3.338106118483533891e+00 -1.861537701339929463e+00 -1.227101246248766264e+00
3.149098595721557370e+00 -1.901992820631237757e+00 -1.338560750595550353e+00
2.935103192244681303e+00 -1.967243406561141938e+00 -1.404745159774767993e+00
2.522567899578200823e+00 -1.866761988573040432e+00 -1.262412655203076772e+00
2.245393849988050139e+00 -1.834119573310146523e+00 -1.191990076088953243e+00
2.144089253733914902e+00 -1.890367886412499754e+00 -1.272605009262056885e+00
2.030508145216556315e+00 -2.072783165814976236e+00 -1.205238901809351226e+00
1.241481735039890566e+00 -1.744282626842922790e+00 -9.220643101488867899e-01
9.948889165916391386e-01 -1.895674410260645981e+00 -5.562411820107028282e-01
7.681036525696856021e-01 -1.856329237725834469e+00 -4.436968007005731018e-01
7.422601611649045639e-01 -2.011438313982962356e+00 -4.855562807563224559e-01
1.870323619926055614e-01 -1.965482230650844597e+00 1.114187630109381155e-02
1.022545295733251480e-01 -1.957163273785744506e+00 1.198091873752063219e-01
-3.475888004101620465e-01 -1.661258168261252832e+00 3.422077069305826114e-01
-3.621486175191260815e-01 -2.052301968840072099e+00 9.144816321308921747e-01
-3.796906253945066534e-01 -2.372386392582813919e+00 1.420169853703848517e+00
-5.553456315742983929e-01 -2.374645045598156479e+00 1.763439083354550796e+00
-6.553653504066186963e-01 -2.289716215830483126e+00 2.023434940191303877e+00
-7.187059242898898859e-01 -2.431258758951979626e+00 2.415525517730346738e+00
-7.233322820820001775e-01 -2.525553258394935607e+00 2.713491581014182419e+00
-2.458894913431779461e-01 -2.268307521410122263e+00 3.116814792335864670e+00
-2.368379924124386360e-01 -2.154785489748104688e+00 3.171035802725633790e+00
-2.468866541129605130e-01 -2.085040976050583694e+00 3.217039780275503080e+00
-7.794237395174148653e-02 -2.086833246623514881e+00 3.492092260410891047e+00
1.881238819450955502e-01 -1.795148716787841270e+00 3.835382069276437988e+00
2.607358560131508018e-01 -1.680664466435576321e+00 3.812431771329987562e+00
2.818257936477049919e-01 -1.703413751987371993e+00 3.669033311077163351e+00
3.159734253747018551e-01 -1.758194647595043403e+00 3.819270331262529350e+00
4.940846009331442135e-01 -1.569340195301855090e+00 3.570372215062751486e+00
6.279810766460638405e-01 -1.493311093120006872e+00 3.487612680512030661e+00
6.212800666457306553e-01 -1.379892717769859889e+00 3.098685535731503737e+00
6.326624347341737176e-01 -1.415987344510769796e+00 2.800898608527096378e+00
6.585112780190971460e-01 -1.362550137543864670e+00 2.853372080999455385e+00
7.486397373818027834e-01 -1.284835569034923797e+00 2.788513754228454378e+00
7.421291540305323675e-01 -1.133536630142911061e+00 1.867735694680616509e+00
6.401279529627331710e-01 -1.042005269219448804e+00 1.232415985422670612e+00
7.609672027435485653e-01 -8.323238170030178296e-01 1.286096024667295445e+00
7.688196701063476635e-01 -7.794625849645354654e-01 1.019355860904286981e+00
7.319068225839421293e-01 -7.391750274462381975e-01 4.466299790460818153e-01
6.517647866098013054e-01 -7.463452321577891402e-01 2.019443886211589045e-01
1.122453338156197550e-01 -4.784365835531143585e-01 4.460780034559524432e-01
1.508695982296242299e-01 -4.720881876631267682e-01 4.609573720935550289e-01
1.450154882100609943e-01 -4.949242583708275411e-01 3.245614554897696125e-01
-4.706535549025846893e-02 -3.841122760011721482e-01 2.003934819278488377e-01
-2.684027331048460807e-01 -4.496100264873623131e-01 3.225923963800598204e-01
-2.335987514493274297e-01 -4.299220559815844500e-01 3.498931168845162420e-01
-2.551767080278873334e-01 -4.054892431092800842e-01 6.490966755427973744e-02
-3.043531963263819140e-01 -3.851044946003677194e-01 -1.833775859841564881e-01
-4.397297387696068593e-01 -3.213337947185856414e-01 -1.287626448155606007e-01
-4.072332417544259897e-01 -2.620884552668120149e-01 -4.621523675370027562e-02
-4.093705502475110669e-01 -2.796034263094230310e-01 -1.250107044726516403e-01
-4.725577499428698647e-01 -2.203481501112035945e-01 -3.824763163947521027e-01
-4.815538194196698485e-01 -2.643417976693575588e-01 -4.479979125719122379e-01
-4.734455712793164128e-01 -2.731239649822837512e-01 -3.996467920516698635e-01
-5.137034856980322584e-01 -2.618213321944040106e-01 -4.392075741094623176e-01
-5.427806834314139461e-01 -2.922354989999623176e-01 -4.668880851066908866e-01
-7.977050441494624167e-01 -3.437821136889908646e-01 -3.640982521446860520e-01
-7.891322266156768350e-01 -3.464696363508479315e-01 -3.682584383322122790e-01
-7.511292482195585096e-01 -7.813445970922311412e-02 -5.249513870966898699e-02
-7.437378355358429394e-01 8.307327624439647673e-02 8.018039106435026486e-02
-7.393815216174510763e-01 1.119634166021126476e-01 7.765999396899214702e-02
-7.405013839283178800e-01 2.676442859976474464e-01 2.025658161677610647e-01
-7.155359694841473273e-01 3.090129552523654954e-01 1.695515890163288020e-01
-7.153753671275356885e-01 3.466227868136453338e-01 1.371490762056210011e-01
-7.132264752661874319e-01 4.035455436113121741e-01 6.684545753872032925e-02
-7.125839790291847997e-01 4.142976769722481190e-01 3.147370351255904253e-02
-6.909792077646843556e-01 4.264321364551456606e-01 -1.948717714645455124e-02
-6.715105598874173687e-01 4.367193712406283734e-01 -8.787536078554863961e-02
-6.611511895080913748e-01 4.269810765763302207e-01 -2.709080249499465909e-01
-6.683891334117106897e-01 3.880207707632820080e-01 -3.534220921059788578e-01
-6.569119317728953078e-01 3.748703546617705440e-01 -4.022497985946819066e-01
-6.397875121312748270e-01 3.522879945341537700e-01 -4.603305366155900913e-01
-6.462932943849590828e-01 3.359636411865252748e-01 -5.669685785239706455e-01
-6.593233906711394310e-01 2.994938976311833367e-01 -6.135060718428553272e-01
-6.592613042402184487e-01 2.637747675332334230e-01 -6.516776130681518620e-01
-6.573386393255595816e-01 2.294201589475413361e-01 -6.866328423412676463e-01
-6.549797831798427339e-01 1.938170563395330281e-01 -7.281655875980882486e-01
-6.615501679470272567e-01 1.386089243531499482e-01 -7.506118056935661143e-01
-8.247224272021396185e-01 -1.717943831179344072e-01 -6.560163371075079519e-01
-8.985845759705288760e-01 -3.208291676953738958e-01 -6.142756573976746459e-01
-9.002302446959793425e-01 -3.371905343396586208e-01 -6.125051234281888579e-01
-9.694462331102946528e-01 -4.763779761957910308e-01 -5.599544381734622434e-01
-9.644618378383138513e-01 -4.771884823567240641e-01 -5.440759876941857476e-01
-9.635946741658627523e-01 -4.840240098387720291e-01 -5.391695630607404865e-01
-9.611728853460727029e-01 -4.720368043383615930e-01 -5.291604370354504594e-01
-9.536800719065874343e-01 -4.719535935622095058e-01 -5.137261207076551095e-01
-9.457455790526920758e-01 -4.733954202742150508e-01 -4.985229603745801041e-01
-9.387735322299919360e-01 -4.756808597840677666e-01 -4.906716659446915818e-01
-9.706894697464309996e-01 -4.456874715255116914e-01 -5.055529779472986984e-01
-9.927736025025898359e-01 -4.187274015718461251e-01 -4.855091950646063248e-01
-9.919899128758977724e-01 -4.180545607494061122e-01 -4.800793555135854929e-01
-9.909215006063998299e-01 -4.180871274808365401e-01 -4.785490013963683564e-01
-1.003080292107430882e+00 -4.157227670991482937e-01 -5.138461271388283791e-01
-9.913003172356190662e-01 -4.419798605713547990e-01 -5.647246207541648522e-01
-9.925075933814172524e-01 -4.427441503860203298e-01 -5.614250803423262992e-01
-9.951497149696233446e-01 -4.401097619408535500e-01 -5.570134473039184408e-01
-9.838840805781442489e-01 -4.649189670701546206e-01 -6.075788984267482817e-01
-9.826024460278329764e-01 -3.661873197809162317e-02 -1.905208164891885048e-01
-9.549502274478629538e-01 2.074049236051150880e-02 -1.591513025129575043e-01
-9.242909870294361285e-01 1.986379946261133955e-02 -2.115953585208296406e-01
-9.065337423519080895e-01 3.854460399388161262e-02 -2.233892672855574413e-01
-8.828854154679071087e-01 7.428905678935490697e-02 -2.285699017997622207e-01
-8.464503633469712129e-01 8.042205929269467812e-02 -2.938261298574937896e-01
-8.225923431871545732e-01 8.831162621936995694e-02 -3.286925140609233686e-01
-7.956941822524832286e-01 6.374306063667493916e-02 -4.101661911042277509e-01
-7.761209935245915181e-01 7.381057320455704229e-02 -4.223559481686189887e-01
-7.538446469093382785e-01 8.721904478554629025e-02 -4.462698252363823670e-01
-7.342386068470503346e-01 8.477873769145818916e-02 -4.892247349414506896e-01
-7.346772877350240538e-01 7.299526478966804344e-02 -5.623604008589133674e-01
-7.242927812456926295e-01 5.493110683530953720e-02 -5.769257867165578091e-01
-6.968509783737972807e-01 2.318399640928650585e-02 -6.468162589554959929e-01
-6.814956470929420806e-01 5.888747658778420435e-03 -6.876891772862270269e-01
-6.986297702698047729e-01 5.898673669094307848e-03 -7.040495644098779815e-01
-7.070130297689096732e-01 -2.307306204658331195e-02 -7.609099401104031379e-01
-6.850566664665376226e-01 -7.307841295515762892e-02 -8.307026601678022537e-01
-6.688990395567937508e-01 -1.185516930510170652e-01 -9.016502826969190476e-01
-6.986437358989457946e-01 1.115121562768328634e-03 -7.451795499117861432e-01
-9.086864881735150501e-01 -4.022301341366766314e-01 -5.972689445072904002e-01
-8.779076324480747928e-01 -3.090327681499659418e-01 -5.552514340456617958e-01
-8.840206429828109114e-01 -1.189040836536316981e-01 -3.851996224117813505e-01
-5.174841314538676240e-01 -1.904605401131984066e-02 -2.445541634646847540e-01
-4.641145887598150388e-01 -2.033305446578588527e-02 -3.105958472183172336e-01
-4.442903216746228456e-01 -1.274103878887462848e-02 -3.974744046680895870e-01
-4.111181581176461819e-01 -6.844963272321077929e-03 -4.108293918630643304e-01
-3.930594723563946014e-01 1.810932334802464183e-01 -2.579734994747339138e-01
-3.505499098955400239e-01 2.048273188452495175e-01 -2.955924587193933251e-01
-3.056511592306109804e-01 1.711794305281959527e-01 -4.135390894539553996e-01
-2.808533620578148038e-01 1.733877937388893231e-01 -4.441169675741283296e-01
-2.608257943518829114e-01 3.526857509555354486e-01 -3.684814177353777920e-01
-2.166890694396693684e-01 3.658427723664599007e-01 -4.199858956014323463e-01
-1.779363291389001178e-01 2.968117544162794941e-01 -6.571170527904302006e-01
-1.698853941384826371e-01 2.638539444172388615e-01 -7.081996203443370330e-01
-1.443515194966930315e-01 2.269568713844276053e-01 -7.723455692331593347e-01
5.230280482276683518e-02 2.803642306880768098e-01 -6.919581482773422554e-01
2.698228344211384133e-01 2.685337726854418183e-01 -7.265097195717263867e-01
2.657612157895513638e-01 3.589568904374978442e-01 -6.507175919995890068e-01
2.038324567104079221e-01 1.917830695070669167e-01 -6.098455655167694944e-01
5.628858045398340559e-01 3.746798795100930723e-01 -3.732204007290374492e-01
4.958922793905975457e-01 2.712247218731403953e-01 -3.821581051706541832e-01
4.632454985513095314e-01 3.213891470281411700e-02 -5.314134890364712316e-01
1.612901145012907989e-01 4.446210341628859530e-01 -2.068752977551249761e-01
7.555898269603658068e-01 5.810934322847121081e-01 -1.108020996179209794e-02
1.043195028314794381e+00 6.156678273280494773e-01 -7.381385769834993005e-02
1.153727071101156243e+00 5.256716029233078347e-01 -2.420796172419828474e-01
1.213055336725473721e+00 3.001285370888083226e-01 -2.980921189011275230e-01
1.279006418756498009e+00 2.836479080459435864e-01 -3.302723300959673480e-01
1.493235473977338357e+00 3.106041744780584368e-01 -3.659610021816308012e-01
1.761817027268471669e+00 2.081556725218887405e-01 -5.284675730212649025e-01
1.869216378078473628e+00 -9.222804104198817354e-03 -5.239118789573400381e-01
1.891240359256157300e+00 6.455021544207346917e-02 -4.358615322296937045e-01
2.036970645829390580e+00 1.171033573064582112e-01 -4.265246266005978670e-01
2.366223820667082922e+00 -2.485252015392086511e-02 -6.312215317287681593e-01
2.387245008449392802e+00 -1.525456834983766052e-01 -8.016832189463450886e-01
2.181679822775159927e+00 -1.604065714540324761e-01 -7.729959287939213164e-01
2.162640543602099896e+00 -2.052828373779863880e-01 -8.711019783150029117e-01
2.107856363430658853e+00 -4.645749063566098624e-01 -9.865970423043195492e-01
2.080990269305870388e+00 -6.058414970157656176e-01 -1.109286671802062640e+00
1.641443060793408737e+00 -6.619342376474377510e-01 -9.658990929293689298e-01
1.664292878475334136e+00 -7.715091070387839478e-01 -9.882251573591340765e-01
1.597196086107229407e+00 -8.414944511058969345e-01 -1.033946264551855343e+00
1.376437495946247092e+00 -1.194292851391711707e+00 -1.009949002168725629e+00
8.488940971944755054e-01 -9.777458983206670506e-01 -8.980648980244133606e-01
6.982397047331032613e-01 -9.283200513707966506e-01 -8.878688227574749181e-01
6.951081272716910231e-01 -9.625512060179149953e-01 -9.334720263758613523e-01
6.726800357554574283e-01 -9.797380715312613564e-01 -1.008928186056395893e+00
9.496991299922159513e-01 -1.097538491634986402e+00 -1.045840387383121017e+00
8.430088249053926397e-01 -1.130024994291996432e+00 -1.059979888944269755e+00
6.152296938840328133e-01 -1.167605698535483461e+00 -8.709692357658764816e-01
4.104915468340998297e-01 -1.142511320430683819e+00 -7.918124491460192260e-01
3.298055432896163652e-01 -1.353609228966316191e+00 -8.217416074726960895e-01
2.066105607574813818e-01 -1.348887925801063981e+00 -7.970748588028210291e-01
-4.672516325656420749e-02 -1.185127937063533698e+00 -7.217883898279101595e-01
-1.025906782906797626e-01 -1.162084565811150494e+00 -6.911126380218239884e-01
3.842912044787971659e-02 -1.140888385678882955e+00 -5.952785751722763363e-01
-4.488798935483058472e-02 -1.016231563395288306e+00 -5.997999802346428710e-01
-3.834203001578717629e-02 -1.285708340132134087e+00 -3.603293120159551943e-01
-4.210947409058349994e-02 -1.653693452931031871e+00 7.477993278155892209e-02
-4.361707944996086328e-02 -1.887709852442681857e+00 4.263646604094109005e-01
-8.345839881438824048e-02 -1.844224642788833801e+00 4.681162351539238098e-01
-9.291685582440215030e-02 -2.081133597303737037e+00 7.592641398210103754e-01
-1.368927892497196486e-01 -2.108418865340719428e+00 8.982657117736002617e-01
-9.514616057037600383e-03 -1.975016422139802330e+00 1.392719855359275671e+00
2.533882031138280921e-01 -1.840984248887602037e+00 1.570701954604662109e+00
2.532721667587170544e-01 -1.899634327838166881e+00 1.713902311384541299e+00
2.176197750042113688e-01 -1.977227493432954120e+00 1.930755205565209520e+00
1.700225375431914376e-03 -1.830007665215488188e+00 2.249185440972016004e+00
1.163572005953161098e-02 -1.645985168481691074e+00 2.381377799425680397e+00
9.732530558495089412e-02 -1.947347635732310955e+00 2.541742175503857837e+00
1.028205502983863956e-01 -2.052956725697385743e+00 2.716134816454419010e+00
5.218280087450898053e-02 -1.795610245988038312e+00 2.993275603580910715e+00
2.058064997354530079e-01 -1.596131037120683605e+00 3.105180363623901929e+00
2.516265011674451157e-01 -1.662675238273980227e+00 3.165229195007829954e+00
2.449864024165123444e-01 -1.632306795680559475e+00 3.137180229649293661e+00
1.827357689748622949e-01 -1.508250137580824379e+00 3.245530646046756118e+00
2.665300057119940336e-01 -1.443058119330379530e+00 3.235376766634942225e+00
2.503391263396713695e-01 -1.330663492402159642e+00 2.756598546667292648e+00
1.861689297540066179e-01 -1.217665777651143699e+00 2.116046062300256825e+00
1.292506166385835042e-01 -1.121033548695856696e+00 1.754340758869595840e+00
1.346290707158133149e-01 -1.077513712518458844e+00 1.737883845510822312e+00
9.704461625893173737e-02 -9.980928080571928040e-01 1.277455923431822571e+00
7.263248396612426161e-02 -1.020679840474185474e+00 1.213598483098528025e+00
-2.129636954655613756e-01 -1.020637762907935731e+00 1.138676733122172990e+00
-3.827087785957610233e-01 -8.224583963452951618e-01 1.200237029134636701e+00
-1.172011562145021113e-01 -7.181964451996613041e-01 1.120819503559123742e+00
-1.393446277285567692e-01 -6.773016182973649046e-01 8.497427029103045149e-01
-1.744351864248372408e-01 -6.442437200976328660e-01 6.386630469949959865e-01
-1.375043981256383330e-01 -6.557404790158930519e-01 6.217247216386087016e-01
-2.147081448835315987e-01 -5.116887933721440129e-01 -1.519021047141019820e-02
-2.414743092865063168e-01 -4.992846781336997553e-01 -2.593620044285417370e-01
-2.811064642108179190e-01 -6.910761001029404049e-01 -2.325779503091627287e-01
-4.001476903448764055e-01 -5.807257235572419463e-01 -5.075509727582351582e-02
-4.273595112778260097e-01 -5.582132886828167218e-01 -2.752298848891978067e-01
-4.376345841223171496e-01 -5.736566106392770870e-01 -3.067781919760466658e-01
-4.940762854139277294e-01 -4.886983754679700143e-01 -3.485710246374786880e-01
-5.208888976925889480e-01 -5.734862574068411156e-01 -2.503459016158675055e-01
-5.012735365454825676e-01 -5.699816211613746297e-01 -2.005166605399081869e-01
-5.157713888396040502e-01 -5.706289595266200720e-01 -2.486863818945829474e-01
-5.376883264531751028e-01 -5.871349421095748422e-01 -2.701922550094681963e-01
-5.619709083798092308e-01 -6.019356925815646520e-01 -2.739823805935482914e-01
-5.530123633642143322e-01 -5.974735428028834505e-01 -2.072271699224210728e-01
-5.716327684541010479e-01 -6.108980062284311563e-01 -2.318563197614075810e-01
-5.970267200297758592e-01 -6.258144697115575195e-01 -2.538246929615479708e-01
-6.476080042475159670e-01 -5.938223196552044891e-01 -2.730721074889893574e-01
-8.747160214746084739e-01 -4.661058114250764550e-01 -1.984356698906820649e-01
-8.817796054407007755e-01 -4.580118473770038445e-01 -2.148358129122294180e-01
-8.927826221236178084e-01 -4.645532144046334855e-01 -2.158436228418272873e-01
-9.221124375149007957e-01 -4.077632110555395317e-01 -2.175537037334017709e-01
-9.247449456299232651e-01 -4.103092677241656494e-01 -2.235197075892651208e-01
-9.140801469635920773e-01 -4.303215992613360630e-01 -2.411430905675511771e-01
-9.455133068125373130e-01 -3.836466515908771857e-01 -2.709072402476210284e-01
-9.828340276812381759e-01 -3.839760785100078677e-01 -2.556669608956743112e-01
-9.313709606061538748e-01 -3.867396486789683174e-01 -2.444253232682523369e-01
-9.317126311324958055e-01 -3.855951078222101813e-01 -2.522179837174808870e-01
-9.271170618274633402e-01 -3.952603396308645989e-01 -2.644308669863706385e-01
-9.522978700780799777e-01 -3.484693702838456142e-01 -4.433930027123423878e-01
-9.631880130561230047e-01 -3.637578110332621573e-01 -4.269047418239142466e-01
-9.051036089334004719e-01 -4.002095317097320581e-01 -4.293617984521452269e-01
-9.078986816979920382e-01 -4.063855607752635546e-01 -4.371071541397797966e-01
-9.127722046177424442e-01 -4.114181914618171287e-01 -4.371891462748594970e-01
-9.321709782537836997e-01 -4.154557277144145799e-01 -4.223645601219783163e-01
-9.336609532844024617e-01 -4.171669582755501149e-01 -4.204489704165246255e-01
-8.938783457189334314e-01 -4.317771305764967482e-01 -4.391560452709659668e-01
-8.966706155588515248e-01 -4.382717669602389510e-01 -4.389039650631572087e-01
-9.001738270187840119e-01 -4.414860979287110188e-01 -4.356007007459073987e-01
-8.977390818569165321e-01 -4.531997480349868046e-01 -4.437022146257204036e-01
-9.007999033464381133e-01 -4.581802239017743750e-01 -4.439267843372494693e-01
-9.057190473573735190e-01 -4.631566109718215363e-01 -4.385889358846871700e-01
-9.122041192466068260e-01 -4.646670959229126097e-01 -4.310539965844643051e-01
-9.164639996772738773e-01 -4.692530207607684134e-01 -4.293612265956403551e-01
-9.215053525856919947e-01 -4.738128849621700556e-01 -4.295403085933766629e-01
-9.264806527934235092e-01 -4.770676330660854059e-01 -4.242085983643223424e-01
-9.525429506708240623e-01 -4.374866902289097359e-01 -4.330916602469811472e-01
-9.577884126880235049e-01 -4.382702717833474315e-01 -4.294669259272017037e-01
-9.614101848575224984e-01 -4.409193248744670002e-01 -4.279511240647330128e-01
-9.222856126597531734e-01 -4.565566126269803293e-01 -4.458985654473253124e-01
-9.259632703819913324e-01 -4.599931068532444045e-01 -4.435083291028094621e-01
-9.525860899566547246e-01 -4.225103952356503156e-01 -4.537527157042360315e-01
-9.654803236639099007e-01 -4.295723190375260736e-01 -4.602487702979753403e-01
-9.674447979263079977e-01 -4.325605957022339854e-01 -4.583754053182655941e-01
-9.584436616904099537e-01 -4.600302818455140330e-01 -5.080416333124868622e-01
-9.624218613218609164e-01 -4.646006766386643339e-01 -5.076320585798596019e-01
-9.816167943198341739e-01 -4.286898375413232265e-01 -5.008954322812175786e-01
-9.899328323040568200e-01 -4.313331658146226100e-01 -5.090168187528957278e-01
-9.408807671754559898e-01 -4.554907366354469245e-01 -5.145427732927947417e-01
-9.593222979534524741e-01 -4.655795965643668155e-01 -5.381504287730334291e-01
-9.287019971040548771e-01 -4.941231264213753471e-01 -5.550322488484080719e-01
-9.345820035371568135e-01 -5.015512542408178120e-01 -5.579937648512652837e-01
-9.245460514132572971e-01 -5.360438249703128877e-01 -6.104751286920850895e-01
-9.274759186377105058e-01 -5.426180702827752000e-01 -6.215227435648390530e-01
-9.317975888624020486e-01 -5.514717013650426436e-01 -6.184729973065911102e-01
-9.377163124184001441e-01 -5.611035720073721533e-01 -6.145080199351027339e-01
-9.380919861530325754e-01 -5.542380676339367929e-01 -6.092155593104069400e-01
-9.187853588291535756e-01 -6.121480419833211783e-01 -7.023850960024383694e-01
-9.136047787771945927e-01 -6.504302158183952187e-01 -7.475809174426690795e-01
