6.914331763982772827e-02 -8.026848435401916504e-01 5.923818349838256836e-01
7.995143532752990723e-02 -8.036496639251708984e-01 5.897075533866882324e-01
8.646320551633834839e-02 -8.043864965438842773e-01 5.877810120582580566e-01
8.931771665811538696e-02 -8.032034039497375488e-01 5.889709591865539551e-01
9.100119024515151978e-02 -8.020614981651306152e-01 5.902677178382873535e-01
9.192841500043869019e-02 -8.010748028755187988e-01 5.914629697799682617e-01
9.219802916049957275e-02 -8.002371191978454590e-01 5.925538539886474609e-01
9.167980402708053589e-02 -7.995404601097106934e-01 5.935737490653991699e-01
9.024613350629806519e-02 -7.989664077758789062e-01 5.945656299591064453e-01
8.776822686195373535e-02 -7.984881401062011719e-01 5.955782532691955566e-01
8.411934226751327515e-02 -7.980678081512451172e-01 5.966671109199523926e-01
7.918025553226470947e-02 -7.976539731025695801e-01 5.978950858116149902e-01
7.284479588270187378e-02 -7.971801757812500000e-01 5.993309020996093750e-01
6.502553075551986694e-02 -7.965611815452575684e-01 6.010507345199584961e-01
5.566240474581718445e-02 -7.956938147544860840e-01 6.031360626220703125e-01
4.472789168357849121e-02 -7.944545149803161621e-01 6.056744456291198730e-01
3.223528712987899780e-02 -7.927016615867614746e-01 6.087568998336791992e-01
1.824442110955715179e-02 -7.902777194976806641e-01 6.124771833419799805e-01
2.867066534236073494e-03 -7.870131731033325195e-01 6.169294714927673340e-01
-1.373157184571027756e-02 -7.827329635620117188e-01 6.222062110900878906e-01
-3.133205696940422058e-02 -7.772630453109741211e-01 6.283951997756958008e-01
-4.966506361961364746e-02 -7.704390883445739746e-01 6.355760693550109863e-01
-6.841851770877838135e-02 -7.621141076087951660e-01 6.438175439834594727e-01
-8.724825084209442139e-02 -7.521661520004272461e-01 6.531721949577331543e-01
-1.057909950613975525e-01 -7.405040860176086426e-01 6.636730432510375977e-01
-1.236797720193862915e-01 -7.270718216896057129e-01 6.753295063972473145e-01
-1.405598670244216919e-01 -7.118490934371948242e-01 6.881234049797058105e-01
-1.561025977134704590e-01 -6.948516964912414551e-01 7.020063996315002441e-01
-1.700200140476226807e-01 -6.761289238929748535e-01 7.168981432914733887e-01
-1.820747703313827515e-01 -6.557601094245910645e-01 7.326850891113281250e-01
-1.920880675315856934e-01 -6.338502168655395508e-01 7.492237091064453125e-01
-1.999453157186508179e-01 -6.105265617370605469e-01 7.663414478302001953e-01
-2.055974155664443970e-01 -5.859337449073791504e-01 7.838438749313354492e-01
-2.090607583522796631e-01 -5.602302551269531250e-01 8.015208244323730469e-01
-2.104134708642959595e-01 -5.335863232612609863e-01 8.191531300544738770e-01
-2.097902595996856689e-01 -5.061777234077453613e-01 8.365238308906555176e-01
-2.073747068643569946e-01 -4.781851172447204590e-01 8.534252643585205078e-01
-2.033908665180206299e-01 -4.497888386249542236e-01 8.696678280830383301e-01
-1.980923861265182495e-01 -4.211657345294952393e-01 8.850868940353393555e-01
-1.917521357536315918e-01 -3.924849629402160645e-01 8.995480537414550781e-01
-1.846508383750915527e-01 -3.639050424098968506e-01 9.129496812820434570e-01
-1.770661771297454834e-01 -3.355700075626373291e-01 9.252244830131530762e-01
-1.692626476287841797e-01 -3.076068758964538574e-01 9.363377094268798828e-01
-1.614821255207061768e-01 -2.801249027252197266e-01 9.462841153144836426e-01
-1.539347320795059204e-01 -2.532135546207427979e-01 9.550848007202148438e-01
-1.467936933040618896e-01 -2.269440591335296631e-01 9.627814292907714844e-01
-1.401885151863098145e-01 -2.013696879148483276e-01 9.694315195083618164e-01
-1.342018246650695801e-01 -1.765291839838027954e-01 9.751037359237670898e-01
-1.288655251264572144e-01 -1.524489969015121460e-01 9.798739552497863770e-01
-1.241597831249237061e-01 -1.291472017765045166e-01 9.838218092918395996e-01
-1.200115829706192017e-01 -1.066375076770782471e-01 9.870286583900451660e-01
-1.162949874997138977e-01 -8.493319898843765259e-02 9.895765185356140137e-01
-1.128302067518234253e-01 -6.405087560415267944e-02 9.915477037429809570e-01
-1.093866303563117981e-01 -4.401543363928794861e-02 9.930242300033569336e-01
-1.056818664073944092e-01 -2.486318536102771759e-02 9.940891265869140625e-01
-1.013834476470947266e-01 -6.645702756941318512e-03 9.948252439498901367e-01
-9.610905498266220093e-02 1.056592166423797607e-02 9.953147172927856445e-01
-8.942636102437973022e-02 2.667752280831336975e-02 9.956361055374145508e-01
-8.085061609745025635e-02 4.156739264726638794e-02 9.958590865135192871e-01
-6.984424591064453125e-02 5.508026108145713806e-02 9.960361719131469727e-01
-5.581029132008552551e-02 6.702113151550292969e-02 9.961894750595092773e-01
-3.809438273310661316e-02 7.714813202619552612e-02 9.962916374206542969e-01
-1.598430424928665161e-02 8.516244590282440186e-02 9.962388873100280762e-01
1.127929799258708954e-02 9.070295840501785278e-02 9.958140850067138672e-01
4.447683319449424744e-02 9.333552420139312744e-02 9.946408271789550781e-01
8.435367047786712646e-02 9.255924075841903687e-02 9.921276569366455078e-01
1.315233856439590454e-01 8.781670033931732178e-02 9.874157309532165527e-01
1.863095909357070923e-01 7.854358106851577759e-02 9.793464541435241699e-01
2.485374957323074341e-01 6.424383819103240967e-02 9.664894938468933105e-01
3.172868788242340088e-01 4.462092369794845581e-02 9.472792148590087891e-01
3.907152414321899414e-01 1.973451115190982819e-02 9.203000664710998535e-01
4.660535156726837158e-01 -9.853575378656387329e-03 8.847016692161560059e-01
5.399167537689208984e-01 -4.303970932960510254e-02 8.406172990798950195e-01
6.089028120040893555e-01 -7.828381657600402832e-02 7.893725633621215820e-01
6.702795624732971191e-01 -1.138800159096717834e-01 7.333189249038696289e-01
7.224618792533874512e-01 -1.482629179954528809e-01 6.753272414207458496e-01
7.651022672653198242e-01 -1.802421212196350098e-01 6.181677579879760742e-01
7.988345623016357422e-01 -2.090792357921600342e-01 5.640471577644348145e-01
8.248768448829650879e-01 -2.344417423009872437e-01 5.144075751304626465e-01
8.446573019027709961e-01 -2.562859952449798584e-01 4.699697494506835938e-01
8.595658540725708008e-01 -2.747410535812377930e-01 4.308873713016510010e-01
8.708213567733764648e-01 -2.900126874446868896e-01 3.969418406486511230e-01
8.794303536415100098e-01 -3.023254573345184326e-01 3.676978051662445068e-01
8.861905932426452637e-01 -3.118871450424194336e-01 3.426259160041809082e-01
8.917204737663269043e-01 -3.188762366771697998e-01 3.211738169193267822e-01
8.964884281158447266e-01 -3.234362900257110596e-01 3.028158843517303467e-01
9.008454084396362305e-01 -3.256803154945373535e-01 2.870711386203765869e-01
9.050478339195251465e-01 -3.256949782371520996e-01 2.735161781311035156e-01
9.092777967453002930e-01 -3.235484361648559570e-01 2.617828845977783203e-01
9.136577844619750977e-01 -3.192948698997497559e-01 2.515558600425720215e-01
9.182612895965576172e-01 -3.129836022853851318e-01 2.425642162561416626e-01
9.231220483779907227e-01 -3.046635389328002930e-01 2.345758527517318726e-01
9.282400608062744141e-01 -2.943902015686035156e-01 2.273867279291152954e-01
9.335869550704956055e-01 -2.822326421737670898e-01 2.208171486854553223e-01
9.391114115715026855e-01 -2.682784497737884521e-01 2.147009968757629395e-01
9.447436332702636719e-01 -2.526406347751617432e-01 2.088832408189773560e-01
9.504001736640930176e-01 -2.354655563831329346e-01 2.032128125429153442e-01
9.559891819953918457e-01 -2.169374972581863403e-01 1.975420862436294556e-01
9.614155888557434082e-01 -1.972864568233489990e-01 1.917239278554916382e-01
9.665876626968383789e-01 -1.767927408218383789e-01 1.856141537427902222e-01
9.714233279228210449e-01 -1.557872444391250610e-01 1.790730208158493042e-01
9.758557677268981934e-01 -1.346512883901596069e-01 1.719723790884017944e-01
9.798398017883300781e-01 -1.138079836964607239e-01 1.641997992992401123e-01
9.833543300628662109e-01 -9.370780736207962036e-02 1.556696891784667969e-01
9.864031672477722168e-01 -7.481067627668380737e-02 1.463293135166168213e-01
9.890125393867492676e-01 -5.755749717354774475e-02 1.361665427684783936e-01
9.912253618240356445e-01 -4.234702140092849731e-02 1.252158284187316895e-01
9.930928349494934082e-01 -2.950559183955192566e-02 1.135596558451652527e-01
9.946664571762084961e-01 -1.926847919821739197e-02 1.013271957635879517e-01
9.959898591041564941e-01 -1.176586374640464783e-02 8.868899941444396973e-02
9.970946907997131348e-01 -7.017227821052074432e-03 7.584794610738754272e-02
9.979994893074035645e-01 -4.937493707984685898e-03 6.302851438522338867e-02
9.987115859985351562e-01 -5.351015366613864899e-03 5.046323314309120178e-02
9.992311596870422363e-01 -8.009438402950763702e-03 3.838028758764266968e-02
9.995560646057128906e-01 -1.261453330516815186e-02 2.699241042137145996e-02
9.996865391731262207e-01 -1.883956976234912872e-02 1.648635789752006531e-02
9.996281266212463379e-01 -2.635009028017520905e-02 7.017679978162050247e-03
9.993928670883178711e-01 -3.481721132993698120e-02 -1.293518347665667534e-03
9.989994764328002930e-01 -4.393202438950538635e-02 -8.362974971532821655e-03
9.984725713729858398e-01 -5.341029167175292969e-02 -1.414071768522262573e-02
9.978401660919189453e-01 -6.299841403961181641e-02 -1.860619522631168365e-02
9.971329569816589355e-01 -7.247218489646911621e-02 -2.176524884998798370e-02
9.963816404342651367e-01 -8.163714408874511719e-02 -2.364239655435085297e-02
9.956162571907043457e-01 -9.032648801803588867e-02 -2.427482977509498596e-02
9.948646426200866699e-01 -9.839854389429092407e-02 -2.370667085051536560e-02
9.941513538360595703e-01 -1.057352721691131592e-01 -2.198080532252788544e-02
9.934968948364257812e-01 -1.122399792075157166e-01 -1.913494430482387543e-02
9.929169416427612305e-01 -1.178346723318099976e-01 -1.519540324807167053e-02
9.924211502075195312e-01 -1.224613934755325317e-01 -1.017165556550025940e-02
9.920120239257812500e-01 -1.260785758495330811e-01 -4.055216442793607712e-03
9.916835427284240723e-01 -1.286606937646865845e-01 3.183355089277029037e-03
9.914203286170959473e-01 -1.301972419023513794e-01 1.159478165209293365e-02
9.911954998970031738e-01 -1.306906193494796753e-01 2.124798670411109924e-02
9.909697771072387695e-01 -1.301545351743698120e-01 3.222781047224998474e-02
9.906904697418212891e-01 -1.286117732524871826e-01 4.462680593132972717e-02
9.902900457382202148e-01 -1.260908991098403931e-01 5.853895470499992371e-02
9.896866083145141602e-01 -1.226264461874961853e-01 7.404842972755432129e-02
9.887846708297729492e-01 -1.182565167546272278e-01 9.121559560298919678e-02
9.874775409698486328e-01 -1.130216568708419800e-01 1.100644618272781372e-01
9.856525063514709473e-01 -1.069680377840995789e-01 1.305649280548095703e-01
9.831980466842651367e-01 -1.001481488347053528e-01 1.526170372962951660e-01
9.800162315368652344e-01 -9.262714534997940063e-02 1.760352700948715210e-01
9.760367274284362793e-01 -8.448696881532669067e-02 2.005348801612854004e-01
9.712350368499755859e-01 -7.583542913198471069e-02 2.257242053747177124e-01
9.656512141227722168e-01 -6.681019067764282227e-02 2.511058449745178223e-01
9.594062566757202148e-01 -5.758542940020561218e-02 2.760860323905944824e-01
9.527124762535095215e-01 -4.837051779031753540e-02 2.999986708164215088e-01
9.458729028701782227e-01 -3.941110149025917053e-02 3.221353590488433838e-01
9.392666220664978027e-01 -3.097583167254924774e-02 3.417875170707702637e-01
9.333196282386779785e-01 -2.334875985980033875e-02 3.582867085933685303e-01
9.284615516662597656e-01 -1.681130379438400269e-02 3.710479140281677246e-01
9.250793457031250000e-01 -1.162539422512054443e-02 3.795958757400512695e-01
9.234661459922790527e-01 -8.016790263354778290e-03 3.835960626602172852e-01
9.237837791442871094e-01 -6.159054115414619446e-03 3.828649520874023438e-01
9.260377883911132812e-01 -6.159721873700618744e-03 3.773805797100067139e-01
9.300733208656311035e-01 -8.052163757383823395e-03 3.672856688499450684e-01
9.355930089950561523e-01 -1.178986486047506332e-02 3.528834581375122070e-01
9.421922564506530762e-01 -1.724505983293056488e-02 3.346289396286010742e-01
9.494088888168334961e-01 -2.421584539115428925e-02 3.131073415279388428e-01
9.567779898643493652e-01 -3.244077041745185852e-02 2.890041470527648926e-01
9.638810157775878906e-01 -4.161606356501579285e-02 2.630617618560791016e-01
9.703841209411621094e-01 -5.141677707433700562e-02 2.360317856073379517e-01
9.760577082633972168e-01 -6.152015179395675659e-02 2.086302042007446289e-01
9.807799458503723145e-01 -7.162356376647949219e-02 1.814957559108734131e-01
9.845248460769653320e-01 -8.145759999752044678e-02 1.551627814769744873e-01
9.873421788215637207e-01 -9.079310297966003418e-02 1.300467252731323242e-01
9.893334507942199707e-01 -9.944371879100799561e-02 1.064440608024597168e-01
9.906298518180847168e-01 -1.072631850838661194e-01 8.454031497240066528e-02
9.913735389709472656e-01 -1.141394600272178650e-01 6.442636996507644653e-02
9.917036890983581543e-01 -1.199884712696075439e-01 4.611352831125259399e-02
9.917482137680053711e-01 -1.247472763061523438e-01 2.955481782555580139e-02
9.916182756423950195e-01 -1.283681541681289673e-01 1.465871557593345642e-02
9.914063811302185059e-01 -1.308120340108871460e-01 1.304281991906464100e-03
9.911864399909973145e-01 -1.320459395647048950e-01 -1.064673345535993576e-02
9.910147190093994141e-01 -1.320387721061706543e-01 -2.134288288652896881e-02
9.909315705299377441e-01 -1.307585537433624268e-01 -3.093366883695125580e-02
9.909623265266418457e-01 -1.281728744506835938e-01 -3.956578671932220459e-02
9.911196827888488770e-01 -1.242459043860435486e-01 -4.737839475274085999e-02
9.914046525955200195e-01 -1.189399585127830505e-01 -5.449952930212020874e-02
9.918071031570434570e-01 -1.122154816985130310e-01 -6.104367226362228394e-02
9.923073053359985352e-01 -1.040310189127922058e-01 -6.710982322692871094e-02
9.928755760192871094e-01 -9.434650093317031860e-02 -7.277886569499969482e-02
9.934731721878051758e-01 -8.312246203422546387e-02 -7.811308652162551880e-02
9.940522909164428711e-01 -7.032498717308044434e-02 -8.315242081880569458e-02
9.945568442344665527e-01 -5.592467635869979858e-02 -8.791574090719223022e-02
9.949223995208740234e-01 -3.990216180682182312e-02 -9.239751845598220825e-02
9.950776696205139160e-01 -2.224791608750820160e-02 -9.656839817762374878e-02
9.949455261230468750e-01 -2.967626554891467094e-03 -1.003721132874488831e-01
9.944444298744201660e-01 1.791867613792419434e-02 -1.037264019250869751e-01
9.934905171394348145e-01 4.037122428417205811e-02 -1.065210029482841492e-01
9.919997453689575195e-01 6.433311104774475098e-02 -1.086177453398704529e-01
9.898903965950012207e-01 8.972372114658355713e-02 -1.098482981324195862e-01
9.870855212211608887e-01 1.164439618587493896e-01 -1.100140511989593506e-01
9.835144877433776855e-01 1.443736851215362549e-01 -1.088834032416343689e-01
9.791145324707031250e-01 1.733746379613876343e-01 -1.061885058879852295e-01
9.738309979438781738e-01 2.032890468835830688e-01 -1.016203090548515320e-01
9.676147103309631348e-01 2.339449524879455566e-01 -9.482434391975402832e-02
9.604175090789794922e-01 2.651549279689788818e-01 -8.538751304149627686e-02
9.521838426589965820e-01 2.967179119586944580e-01 -7.283041626214981079e-02
9.428375959396362305e-01 3.284131288528442383e-01 -5.658689886331558228e-02
9.322603940963745117e-01 3.599936366081237793e-01 -3.598799929022789001e-02
9.202621579170227051e-01 3.911683261394500732e-01 -1.023992616683244705e-02
9.065357446670532227e-01 4.215761125087738037e-01 2.159918099641799927e-02
8.905974626541137695e-01 4.507331848144531250e-01 6.062753871083259583e-02
8.717030286788940430e-01 4.779655039310455322e-01 1.080874726176261902e-01
8.487478494644165039e-01 5.022982358932495117e-01 1.652985066175460815e-01
8.201580047607421875e-01 5.223343372344970703e-01 2.334687858819961548e-01
7.838391065597534180e-01 5.361108183860778809e-01 3.133392930030822754e-01
7.372738718986511230e-01 5.410684347152709961e-01 4.045641124248504639e-01
6.779733300209045410e-01 5.342560410499572754e-01 5.048986673355102539e-01
6.043872833251953125e-01 5.130303502082824707e-01 6.095210313796997070e-01
5.171412229537963867e-01 4.762137830257415771e-01 7.111859321594238281e-01
4.198212623596191406e-01 4.252499341964721680e-01 8.018182516098022461e-01
3.184075653553009033e-01 3.643958270549774170e-01 8.751184344291687012e-01
2.193653732538223267e-01 2.995269596576690674e-01 9.285269975662231445e-01
1.276112794876098633e-01 2.363077998161315918e-01 9.632622003555297852e-01
4.557065665721893311e-02 1.789327263832092285e-01 9.828053712844848633e-01
-2.659333311021327972e-02 1.298463791608810425e-01 9.911774396896362305e-01
-9.020540863275527954e-02 9.015044569969177246e-02 9.918346405029296875e-01
-1.473579406738281250e-01 6.016388535499572754e-02 9.872517585754394531e-01
-2.004491090774536133e-01 3.991451859474182129e-02 9.788907170295715332e-01
-2.519584894180297852e-01 2.943884767591953278e-02 9.672901630401611328e-01
-3.043737113475799561e-01 2.901021391153335571e-02 9.521108269691467285e-01
-3.601432442665100098e-01 3.921445086598396301e-02 9.320724606513977051e-01
-4.215728342533111572e-01 6.100667640566825867e-02 9.047400355339050293e-01
-4.904713928699493408e-01 9.555602073669433594e-02 8.662025332450866699e-01
-5.673690438270568848e-01 1.438157260417938232e-01 8.108079433441162109e-01
-6.500838994979858398e-01 2.054863423109054565e-01 7.315505146980285645e-01
-7.320845723152160645e-01 2.773976624011993408e-01 6.221757531166076660e-01
-8.024171590805053711e-01 3.521934151649475098e-01 4.817535877227783203e-01
-8.497363328933715820e-01 4.195625782012939453e-01 3.192418515682220459e-01
-8.690015077590942383e-01 4.708293974399566650e-01 1.521712839603424072e-01
-8.642503619194030762e-01 5.030584335327148438e-01 -1.869510975666344166e-03
-8.445812463760375977e-01 5.187119245529174805e-01 -1.327422410249710083e-01
-8.186680674552917480e-01 5.224176645278930664e-01 -2.384583503007888794e-01
-7.922618389129638672e-01 5.184484720230102539e-01 -3.217643797397613525e-01
-7.683300375938415527e-01 5.098620653152465820e-01 -3.869231939315795898e-01
-7.480233311653137207e-01 4.985873103141784668e-01 -4.380317330360412598e-01
-7.315070629119873047e-01 4.857710301876068115e-01 -4.784600138664245605e-01
-7.184909582138061523e-01 4.720739722251892090e-01 -5.108003616333007812e-01
-7.085091471672058105e-01 4.578719437122344971e-01 -5.369990468025207520e-01
-7.010563611984252930e-01 4.433863461017608643e-01 -5.585055947303771973e-01
-6.956530809402465820e-01 4.287493824958801270e-01 -5.764032006263732910e-01
-6.918669342994689941e-01 4.140528738498687744e-01 -5.915068387985229492e-01
-6.893200278282165527e-01 3.993684947490692139e-01 -6.044359207153320312e-01
-6.876882314682006836e-01 3.847617805004119873e-01 -6.156648993492126465e-01
-6.866989731788635254e-01 3.702979385852813721e-01 -6.255589127540588379e-01
-6.861245036125183105e-01 3.560457825660705566e-01 -6.344009637832641602e-01
-6.857801079750061035e-01 3.420759141445159912e-01 -6.424092054367065430e-01
-6.855207085609436035e-01 3.284636735916137695e-01 -6.497484445571899414e-01
-6.852378249168395996e-01 3.152826726436614990e-01 -6.565409302711486816e-01
-6.848578453063964844e-01 3.026061952114105225e-01 -6.628718972206115723e-01
-6.843386888504028320e-01 2.904996573925018311e-01 -6.687977313995361328e-01
-6.836670041084289551e-01 2.790239155292510986e-01 -6.743478775024414062e-01
-6.828556060791015625e-01 2.682273387908935547e-01 -6.795307993888854980e-01
-6.819399595260620117e-01 2.581464052200317383e-01 -6.843379735946655273e-01
-6.809728145599365234e-01 2.488029748201370239e-01 -6.887475252151489258e-01
-6.800221800804138184e-01 2.402031868696212769e-01 -6.927281022071838379e-01
-6.791656017303466797e-01 2.323384881019592285e-01 -6.962419152259826660e-01
-6.784855723381042480e-01 2.251842170953750610e-01 -6.992490291595458984e-01
-6.780667304992675781e-01 2.187042087316513062e-01 -7.017078399658203125e-01
-6.779910326004028320e-01 2.128479480743408203e-01 -7.035793066024780273e-01
-6.783345937728881836e-01 2.075582444667816162e-01 -7.048274874687194824e-01
-6.791649460792541504e-01 2.027695626020431519e-01 -7.054214477539062500e-01
-6.805390715599060059e-01 1.984142959117889404e-01 -7.053356170654296875e-01
-6.825019717216491699e-01 1.944205164909362793e-01 -7.045507431030273438e-01
-6.850853562355041504e-01 1.907186210155487061e-01 -7.030536532402038574e-01
-6.883078217506408691e-01 1.872385144233703613e-01 -7.008381485939025879e-01
-6.921748518943786621e-01 1.839136779308319092e-01 -6.979037523269653320e-01
-6.966780424118041992e-01 1.806803643703460693e-01 -6.942581534385681152e-01
-7.017982006072998047e-01 1.774778366088867188e-01 -6.899137496948242188e-01
-7.075036168098449707e-01 1.742482483386993408e-01 -6.848914027214050293e-01
-7.137533426284790039e-01 1.709373891353607178e-01 -6.792176365852355957e-01
-7.204974889755249023e-01 1.674929708242416382e-01 -6.729260087013244629e-01
-7.276783585548400879e-01 1.638658195734024048e-01 -6.660572290420532227e-01
-7.352319359779357910e-01 1.600080877542495728e-01 -6.586588025093078613e-01
-7.430894970893859863e-01 1.558766067028045654e-01 -6.507844924926757812e-01
-7.511783838272094727e-01 1.514281034469604492e-01 -6.424955725669860840e-01
-7.594233155250549316e-01 1.466252803802490234e-01 -6.338590383529663086e-01
-7.677475810050964355e-01 1.414326727390289307e-01 -6.249482631683349609e-01
-7.760747671127319336e-01 1.358218789100646973e-01 -6.158412694931030273e-01
-7.843284010887145996e-01 1.297683566808700562e-01 -6.066210865974426270e-01
-7.924356460571289062e-01 1.232560947537422180e-01 -5.973722934722900391e-01
-8.003267049789428711e-01 1.162754595279693604e-01 -5.881811976432800293e-01
-8.079369068145751953e-01 1.088257133960723877e-01 -5.791327953338623047e-01
-8.152077794075012207e-01 1.009154245257377625e-01 -5.703089833259582520e-01
-8.220883607864379883e-01 9.256132692098617554e-02 -5.617856383323669434e-01
-8.285363316535949707e-01 8.378948271274566650e-02 -5.536307096481323242e-01
-8.345181345939636230e-01 7.463403046131134033e-02 -5.459021925926208496e-01
-8.400102257728576660e-01 6.513608247041702271e-02 -5.386465787887573242e-01
-8.449987173080444336e-01 5.534281209111213684e-02 -5.318968892097473145e-01
-8.494801521301269531e-01 4.530650749802589417e-02 -5.256717205047607422e-01
-8.534613251686096191e-01 3.508098423480987549e-02 -5.199741721153259277e-01
-8.569577336311340332e-01 2.472161315381526947e-02 -5.147933959960937500e-01
-8.599947094917297363e-01 1.428202260285615921e-02 -5.101031064987182617e-01
-8.626052737236022949e-01 3.812011796981096268e-03 -5.058633089065551758e-01
-8.648299574851989746e-01 -6.643908098340034485e-03 -5.020210146903991699e-01
-8.667147159576416016e-01 -1.704884134232997894e-02 -4.985127747058868408e-01
-8.683106899261474609e-01 -2.737444080412387848e-02 -4.952648282051086426e-01
-8.696714639663696289e-01 -3.760313615202903748e-02 -4.921966493129730225e-01
-8.708521127700805664e-01 -4.772762209177017212e-02 -4.892224967479705811e-01
-8.719071149826049805e-01 -5.775119364261627197e-02 -4.862537682056427002e-01
-8.728892803192138672e-01 -6.768772751092910767e-02 -4.832004606723785400e-01
-8.738470673561096191e-01 -7.756092399358749390e-02 -4.799746274948120117e-01
-8.748237490653991699e-01 -8.740302175283432007e-02 -4.764912724494934082e-01
-8.758562207221984863e-01 -9.725324809551239014e-02 -4.726707339286804199e-01
-8.769730329513549805e-01 -1.071561500430107117e-01 -4.684398770332336426e-01
-8.781942725181579590e-01 -1.171598732471466064e-01 -4.637331664562225342e-01
-8.795309066772460938e-01 -1.273145526647567749e-01 -4.584937095642089844e-01
-8.809844255447387695e-01 -1.376705914735794067e-01 -4.526734054088592529e-01
-8.825475573539733887e-01 -1.482769548892974854e-01 -4.462328255176544189e-01
-8.842037916183471680e-01 -1.591795980930328369e-01 -4.391418397426605225e-01
-8.859283924102783203e-01 -1.704211831092834473e-01 -4.313786327838897705e-01
-8.876888751983642578e-01 -1.820389479398727417e-01 -4.229306280612945557e-01
-8.894463181495666504e-01 -1.940645873546600342e-01 -4.137923717498779297e-01
-8.911555409431457520e-01 -2.065232396125793457e-01 -4.039677977561950684e-01
-8.927667737007141113e-01 -2.194325029850006104e-01 -3.934677839279174805e-01
-8.942265510559082031e-01 -2.328016757965087891e-01 -3.823116421699523926e-01
-8.954793214797973633e-01 -2.466303557157516479e-01 -3.705270588397979736e-01
-8.964682817459106445e-01 -2.609079778194427490e-01 -3.581503033638000488e-01
-8.971380591392517090e-01 -2.756118476390838623e-01 -3.452264964580535889e-01
-8.974358439445495605e-01 -2.907072901725769043e-01 -3.318104147911071777e-01
-8.973138928413391113e-01 -3.061465322971343994e-01 -3.179654479026794434e-01
-8.967311978340148926e-01 -3.218690156936645508e-01 -3.037653565406799316e-01
-8.956564068794250488e-01 -3.378020226955413818e-01 -2.892910838127136230e-01
-8.940687775611877441e-01 -3.538616597652435303e-01 -2.746321558952331543e-01
-8.919605016708374023e-01 -3.699549436569213867e-01 -2.598839998245239258e-01
-8.893372416496276855e-01 -3.859826922416687012e-01 -2.451462000608444214e-01
-8.862190842628479004e-01 -4.018407166004180908e-01 -2.305206507444381714e-01
-8.826397657394409180e-01 -4.174252152442932129e-01 -2.161094397306442261e-01
-8.786464333534240723e-01 -4.326334297657012939e-01 -2.020115703344345093e-01
-8.742977976799011230e-01 -4.473681151866912842e-01 -1.883220970630645752e-01
-8.696623444557189941e-01 -4.615381956100463867e-01 -1.751283854246139526e-01
-8.648160696029663086e-01 -4.750617146492004395e-01 -1.625106185674667358e-01
-8.598397970199584961e-01 -4.878663718700408936e-01 -1.505386531352996826e-01
-8.548172116279602051e-01 -4.998906254768371582e-01 -1.392729878425598145e-01
-8.498318195343017578e-01 -5.110830664634704590e-01 -1.287631839513778687e-01
-8.449653387069702148e-01 -5.214028358459472656e-01 -1.190495640039443970e-01
-8.402949571609497070e-01 -5.308189988136291504e-01 -1.101619973778724670e-01
-8.358927965164184570e-01 -5.393089652061462402e-01 -1.021226644515991211e-01
-8.318243026733398438e-01 -5.468581318855285645e-01 -9.494504332542419434e-02
-8.281461596488952637e-01 -5.534595847129821777e-01 -8.863622695207595825e-02
-8.249072432518005371e-01 -5.591121315956115723e-01 -8.319687098264694214e-02
-8.221470117568969727e-01 -5.638198256492614746e-01 -7.862234860658645630e-02
-8.198961019515991211e-01 -5.675913691520690918e-01 -7.490316033363342285e-02
-8.181751966476440430e-01 -5.704398751258850098e-01 -7.202532142400741577e-02
-8.169966340065002441e-01 -5.723814368247985840e-01 -6.997079402208328247e-02
-8.163635730743408203e-01 -5.734356641769409180e-01 -6.871745735406875610e-02
-8.162709474563598633e-01 -5.736245512962341309e-01 -6.823899596929550171e-02
-8.167058229446411133e-01 -5.729734897613525391e-01 -6.850481033325195312e-02
-8.176482915878295898e-01 -5.715100169181823730e-01 -6.947977095842361450e-02
-8.190718889236450195e-01 -5.692650079727172852e-01 -7.112413644790649414e-02
-8.209443092346191406e-01 -5.662718415260314941e-01 -7.339328527450561523e-02
-8.232283592224121094e-01 -5.625680088996887207e-01 -7.623774558305740356e-02
-8.258831501007080078e-01 -5.581938028335571289e-01 -7.960305362939834595e-02
-8.288643956184387207e-01 -5.531936883926391602e-01 -8.343040943145751953e-02
-8.321253657341003418e-01 -5.476163625717163086e-01 -8.765631169080734253e-02
-8.356183767318725586e-01 -5.415151119232177734e-01 -9.221389144659042358e-02
-8.392952680587768555e-01 -5.349467992782592773e-01 -9.703250229358673096e-02
-8.431083559989929199e-01 -5.279736518859863281e-01 -1.020393744111061096e-01
-8.470118045806884766e-01 -5.206609368324279785e-01 -1.071596592664718628e-01
-8.509612679481506348e-01 -5.130785107612609863e-01 -1.123178154230117798e-01
-8.549163937568664551e-01 -5.052981376647949219e-01 -1.174383088946342468e-01
-8.588395714759826660e-01 -4.973945021629333496e-01 -1.224469393491744995e-01
-8.626983165740966797e-01 -4.894422590732574463e-01 -1.272709965705871582e-01
-8.664636611938476562e-01 -4.815169572830200195e-01 -1.318415999412536621e-01
-8.701118826866149902e-01 -4.736917316913604736e-01 -1.360934525728225708e-01
-8.736236691474914551e-01 -4.660373330116271973e-01 -1.399669647216796875e-01
-8.769844174385070801e-01 -4.586202502250671387e-01 -1.434081047773361206e-01
-8.801829814910888672e-01 -4.515015482902526855e-01 -1.463705003261566162e-01
-8.832127451896667480e-01 -4.447353184223175049e-01 -1.488150805234909058e-01
-8.860695362091064453e-01 -4.383681416511535645e-01 -1.507119834423065186e-01
-8.887526392936706543e-01 -4.324378967285156250e-01 -1.520404368638992310e-01
-8.912627100944519043e-01 -4.269734323024749756e-01 -1.527891606092453003e-01
-8.936025500297546387e-01 -4.219937324523925781e-01 -1.529570817947387695e-01
-8.957757353782653809e-01 -4.175086021423339844e-01 -1.525526940822601318e-01
-8.977869153022766113e-01 -4.135187566280364990e-01 -1.515943109989166260e-01
-8.996408581733703613e-01 -4.100164771080017090e-01 -1.501091122627258301e-01
-9.013428688049316406e-01 -4.069861471652984619e-01 -1.481325030326843262e-01
-9.028984308242797852e-01 -4.044054150581359863e-01 -1.457075327634811401e-01
-9.043132066726684570e-01 -4.022463262081146240e-01 -1.428826898336410522e-01
-9.055932760238647461e-01 -4.004766941070556641e-01 -1.397114545106887817e-01
-9.067447185516357422e-01 -3.990611732006072998e-01 -1.362505555152893066e-01
-9.077739715576171875e-01 -3.979632854461669922e-01 -1.325580477714538574e-01
-9.086874723434448242e-01 -3.971465826034545898e-01 -1.286923587322235107e-01
-9.094914793968200684e-01 -3.965758681297302246e-01 -1.247104629874229431e-01
-9.101922512054443359e-01 -3.962190747261047363e-01 -1.206666752696037292e-01
-9.107953906059265137e-01 -3.960472345352172852e-01 -1.166115254163742065e-01
-9.113059639930725098e-01 -3.960363864898681641e-01 -1.125901117920875549e-01
-9.117282032966613770e-01 -3.961674273014068604e-01 -1.086420118808746338e-01
-9.120653271675109863e-01 -3.964262902736663818e-01 -1.047998294234275818e-01
-9.123197793960571289e-01 -3.968041539192199707e-01 -1.010896116495132446e-01
-9.124925732612609863e-01 -3.972976505756378174e-01 -9.752894192934036255e-02
-9.125837683677673340e-01 -3.979080319404602051e-01 -9.412832558155059814e-02
-9.125922918319702148e-01 -3.986405730247497559e-01 -9.089011698961257935e-02
-9.125164747238159180e-01 -3.995037078857421875e-01 -8.780957758426666260e-02
-9.123535156250000000e-01 -4.005087018013000488e-01 -8.487489819526672363e-02
-9.121007919311523438e-01 -4.016676843166351318e-01 -8.206851780414581299e-02
-9.117551445960998535e-01 -4.029927551746368408e-01 -7.936755567789077759e-02
-9.113146662712097168e-01 -4.044945538043975830e-01 -7.674519717693328857e-02
-9.107775092124938965e-01 -4.061807096004486084e-01 -7.417161762714385986e-02
-9.101442098617553711e-01 -4.080548584461212158e-01 -7.161559164524078369e-02
-9.094165563583374023e-01 -4.101151823997497559e-01 -6.904509663581848145e-02
-9.085990786552429199e-01 -4.123527407646179199e-01 -6.642927229404449463e-02
-9.076993465423583984e-01 -4.147520363330841064e-01 -6.373833119869232178e-02
-9.067277908325195312e-01 -4.172894954681396484e-01 -6.094552576541900635e-02
-9.056980609893798828e-01 -4.199332594871520996e-01 -5.802715197205543518e-02
-9.046274423599243164e-01 -4.226444065570831299e-01 -5.496288463473320007e-02
-9.035365581512451172e-01 -4.253764748573303223e-01 -5.173652246594429016e-02
-9.024479985237121582e-01 -4.280786216259002686e-01 -4.833573475480079651e-02
-9.013872146606445312e-01 -4.306952953338623047e-01 -4.475156590342521667e-02
-9.003803730010986328e-01 -4.331695735454559326e-01 -4.097897186875343323e-02
-8.994538784027099609e-01 -4.354452490806579590e-01 -3.701606392860412598e-02
-8.986329436302185059e-01 -4.374684393405914307e-01 -3.286431729793548584e-02
-8.979405760765075684e-01 -4.391910731792449951e-01 -2.852784655988216400e-02
-8.973958492279052734e-01 -4.405723512172698975e-01 -2.401419728994369507e-02
-8.970131278038024902e-01 -4.415808618068695068e-01 -1.933343522250652313e-02
-8.968012928962707520e-01 -4.421960413455963135e-01 -1.449883263558149338e-02
-8.967626690864562988e-01 -4.424093663692474365e-01 -9.526444599032402039e-03
-8.968931436538696289e-01 -4.422250092029571533e-01 -4.435227252542972565e-03
-8.971819877624511719e-01 -4.416602253913879395e-01 7.533484022133052349e-04
-8.976125121116638184e-01 -4.407442510128021240e-01 6.015571765601634979e-03
-8.981625437736511230e-01 -4.395177066326141357e-01 1.132602151483297348e-02
-8.988052010536193848e-01 -4.380316436290740967e-01 1.665832102298736572e-02
-8.995108604431152344e-01 -4.363448619842529297e-01 2.198618836700916290e-02
-9.002473354339599609e-01 -4.345232248306274414e-01 2.728352323174476624e-02
-9.009817242622375488e-01 -4.326360821723937988e-01 3.252634778618812561e-02
-9.016812443733215332e-01 -4.307554662227630615e-01 3.769243136048316956e-02
-9.023142457008361816e-01 -4.289527833461761475e-01 4.276245459914207458e-02
-9.028508663177490234e-01 -4.272974729537963867e-01 4.771892353892326355e-02
-9.032645821571350098e-01 -4.258542060852050781e-01 5.254781246185302734e-02
-9.035318493843078613e-01 -4.246812760829925537e-01 5.723643302917480469e-02
-9.036331176757812500e-01 -4.238290786743164062e-01 6.177446991205215454e-02
-9.035531878471374512e-01 -4.233385026454925537e-01 6.615255028009414673e-02
-9.032814502716064453e-01 -4.232396483421325684e-01 7.036230713129043579e-02
-9.028121232986450195e-01 -4.235511720180511475e-01 7.439601421356201172e-02
-9.021441936492919922e-01 -4.242799878120422363e-01 7.824627310037612915e-02
-9.012816548347473145e-01 -4.254206717014312744e-01 8.190587162971496582e-02
-9.002337455749511719e-01 -4.269559085369110107e-01 8.536811172962188721e-02
-8.990146517753601074e-01 -4.288568496704101562e-01 8.862601965665817261e-02
-8.976423144340515137e-01 -4.310848712921142578e-01 9.167355298995971680e-02
-8.961400985717773438e-01 -4.335915446281433105e-01 9.450509399175643921e-02
-8.945347666740417480e-01 -4.363209605216979980e-01 9.711539745330810547e-02
-8.928567171096801758e-01 -4.392112791538238525e-01 9.950038790702819824e-02
-8.911387920379638672e-01 -4.421964287757873535e-01 1.016565933823585510e-01
-8.894160389900207520e-01 -4.452076554298400879e-01 1.035817563533782959e-01
-8.877245783805847168e-01 -4.481767714023590088e-01 1.052747666835784912e-01
-8.861007094383239746e-01 -4.510355591773986816e-01 1.067354381084442139e-01
-8.845798373222351074e-01 -4.537201523780822754e-01 1.079645752906799316e-01
-8.831967115402221680e-01 -4.561695158481597900e-01 1.089635565876960754e-01
-8.819822669029235840e-01 -4.583290219306945801e-01 1.097346246242523193e-01
-8.809655308723449707e-01 -4.601500034332275391e-01 1.102802157402038574e-01
-8.801709413528442383e-01 -4.615907073020935059e-01 1.106036975979804993e-01
-8.796188831329345703e-01 -4.626168608665466309e-01 1.107079759240150452e-01
-8.793251514434814453e-01 -4.632011651992797852e-01 1.105970665812492371e-01
-8.793009519577026367e-01 -4.633240401744842529e-01 1.102750599384307861e-01
-8.795518279075622559e-01 -4.629731476306915283e-01 1.097472906112670898e-01
-8.800792098045349121e-01 -4.621424674987792969e-01 1.090188696980476379e-01
-8.808792829513549805e-01 -4.608327150344848633e-01 1.080969199538230896e-01
-8.819444179534912109e-01 -4.590506553649902344e-01 1.069888994097709656e-01
-8.832624554634094238e-01 -4.568086266517639160e-01 1.057036742568016052e-01
-8.848180174827575684e-01 -4.541243612766265869e-01 1.042509004473686218e-01
-8.865918517112731934e-01 -4.510203897953033447e-01 1.026416718959808350e-01
-8.885625600814819336e-01 -4.475246071815490723e-01 1.008875519037246704e-01
-8.907055854797363281e-01 -4.436689019203186035e-01 9.900227189064025879e-02
-8.929948806762695312e-01 -4.394896030426025391e-01 9.699948877096176147e-02
-8.954030871391296387e-01 -4.350266158580780029e-01 9.489499032497406006e-02
-8.979021310806274414e-01 -4.303226470947265625e-01 9.270522743463516235e-02
-9.004633426666259766e-01 -4.254231154918670654e-01 9.044882655143737793e-02
-9.030601382255554199e-01 -4.203712344169616699e-01 8.814942091703414917e-02
-9.056721925735473633e-01 -4.151852130889892578e-01 8.590169996023178101e-02
-9.084047079086303711e-01 -4.096195995807647705e-01 8.374150842428207397e-02
-9.115749001502990723e-01 -4.028553962707519531e-01 8.208967745304107666e-02
