2.479751617626824611e+00
2.707832148302579789e+00
2.932432723055007351e+00
3.151597387904627290e+00
3.363522847514798464e+00
3.566594724476048306e+00
3.759416346264225162e+00
3.940829633546880206e+00
4.109928063634737505e+00
4.266062014350739950e+00
4.408837058662413710e+00
4.538105978210564828e+00
4.653955390197144659e+00
4.756687937865106797e+00
4.846800991628739119e+00
4.924962762672229211e+00
4.991986657500053326e+00
5.048804610961695971e+00
5.096440037648305221e+00
5.135980949898550030e+00
5.168553715240689961e+00
5.195297868943130837e+00
5.217342351298057679e+00
5.235783494054716769e+00
5.251665028783969014e+00
5.265960329589834288e+00
5.279557035911478735e+00
5.293244133347897673e+00
5.307701506270471548e+00
5.323491919630058078e+00
5.341055343944218770e+00
5.360705510548444686e+00
5.382628573011263740e+00
5.406883754542747056e+00
5.433405883066245501e+00
5.462009752812812202e+00
5.492396289439123613e+00
5.524160519571204908e+00
5.556801352575837960e+00
5.589733177133478392e+00
5.622299256899973230e+00
5.653786870175487422e+00
5.683444072503890609e+00
5.710497870833638245e+00
5.734173492736377220e+00
5.753714330008794064e+00
5.768402051467365510e+00
5.777576327740019835e+00
5.780653592924899442e+00
5.777144278689146262e+00
5.766667991300757912e+00
5.748966161345092196e+00
5.723911780737067190e+00
5.691515947205556536e+00
5.651931050414374269e+00
5.605450545866625944e+00
5.552505369857184903e+00
5.493657148592814288e+00
5.429588440348330103e+00
5.361090318108912456e+00
5.289047658454048673e+00
5.214422558388607243e+00
5.138236352677635566e+00
5.061550737784234144e+00
4.985448513569717299e+00
4.911014427025066631e+00
4.839316546466044144e+00
4.771388517162143295e+00
4.708212962632108756e+00
4.650706214432261731e+00
4.599704485972298862e+00
4.555951552501466217e+00
4.520087957211310403e+00
4.492641733625393208e+00
4.474020620037947538e+00
4.464505741032401609e+00
4.464246737273700028e+00
4.473258333364834805e+00
4.491418347691269020e+00
4.518467173428778239e+00
4.554008796265407000e+00
4.597513456053328618e+00
4.648322099032134780e+00
4.705652796187166587e+00
4.768609312895249808e+00
4.836191998102576051e+00
4.907311113872715680e+00
4.980802648168644708e+00
5.055446550911236514e+00
5.129987216614622980e+00
5.203155916466307040e+00
5.273694764954352188e+00
5.340381699344136202e+00
5.402055866455632405e+00
5.457642755969597026e+00
5.506178388815762048e+00
5.546831859281689425e+00
5.578925541717940639e+00
5.601952308281588522e+00
5.615589161480103009e+00
5.619706764361946050e+00
5.614374458330815720e+00
5.599860501927735434e+00
5.576627439568535571e+00
5.545322696827505560e+00
5.506764677795042751e+00
5.461924802821279457e+00
5.411906070532081614e+00
5.357918849541754902e+00
5.301254689267673292e+00
5.243258973127003841e+00
5.185303216657874081e+00
5.128757744685334963e+00
5.074965382613241260e+00
5.025216685533814953e+00
4.980727113102160430e+00
4.942616436275344860e+00
4.911890536862683732e+00
4.889425648030258031e+00
4.875955001553236912e+00
4.872057802661971415e+00
4.878150442946529886e+00
4.894479881059140780e+00
4.921119161235213646e+00
4.957965084729616834e+00
5.004738082987927328e+00
5.060984359556276679e+00
5.126080378717671415e+00
5.199239791437768154e+00
5.279522900305604338e+00
5.365848760188752564e+00
5.457009977379509991e+00
5.551690206094513691e+00
5.648484255760032546e+00
5.745920626060248892e+00
5.842486187423604704e+00
5.936652627044396446e+00
6.026904187707755156e+00
6.111766143435316323e+00
6.189833387935604669e+00
6.259798461270368541e+00
6.320478305681467290e+00
6.370839023340628238e+00
6.410017911659532608e+00
6.437342081302962704e+00
6.452343020506549287e+00
6.454766558894419859e+00
6.444577810202286372e+00
6.421960838231314916e+00
6.387312983486952866e+00
6.341233988910308206e+00
6.284510251839264150e+00
6.218094691643245575e+00
6.143082851585580428e+00
6.060685951153341300e+00
5.972201678751666520e+00
5.878983570037613404e+00
5.782409853636243824e+00
5.683852658607809083e+00
5.584648462058101615e+00
5.486070606870425692e+00
5.389304635222455175e+00
5.295427064294631059e+00
5.205388086915339052e+00
5.119998528375218960e+00
5.039921242459359796e+00
4.965666986154743334e+00
4.897594673381608033e+00
4.835915778872232451e+00
4.780702550635835379e+00
4.731899597181936201e+00
4.689338346681608094e+00
4.652753830162341231e+00
4.621803213561488377e+00
4.596085482582563664e+00
4.575161662687511566e+00
4.558574939963778050e+00
4.545870051530419786e+00
4.536611346200930761e+00
4.530398976141021272e+00
4.526882762308757080e+00
4.525773373098332719e+00
4.526850556071796206e+00
4.529968258545610915e+00
4.535056566314765725e+00
4.542120488314123072e+00
4.551235717630860655e+00
4.562541594227629282e+00
4.576231569381229214e+00
4.592541522538025944e+00
4.611736314270644677e+00
4.634094983866358319e+00
4.659895023743296782e+00
4.689396189580018692e+00
4.722824337110587578e+00
4.760355810063071402e+00
4.802102925605367112e+00
4.848101099202280828e+00
4.898298112380878422e+00
4.952545953686562363e+00
5.010595559749293493e+00
5.072094661796452186e+00
5.136588818167786563e+00
5.203525595231654144e+00
5.272261750244423339e+00
5.342073170808475879e+00
5.412167240589607076e+00
5.481697237312944893e+00
5.549778333620433379e+00
5.615504765358653394e+00
5.677967748437907858e+00
5.736273752545451465e+00
5.789562765847734660e+00
5.837026200602117854e+00
5.877924092581625182e+00
5.911601243816116735e+00
5.937501959524521311e+00
5.955183042227785606e+00
5.964324726258874776e+00
5.964739258553932721e+00
5.956376855298561424e+00
5.939328795678145312e+00
5.913827466621444096e+00
5.880243253291037142e+00
5.839078269619689898e+00
5.790957022889863026e+00
5.736614199049578922e+00
5.676879848855136856e+00
5.612662354390715258e+00
5.544929653431591277e+00
5.474689281218395820e+00
5.402967842808521048e+00
5.330790545528111934e+00
5.259161396884265649e+00
5.189044613314479193e+00
5.121347701366223859e+00
5.056906579668015489e+00
4.996473018742293881e+00
4.940704591406331225e+00
4.890157247677512586e+00
4.845280550260615549e+00
4.806415527488963946e+00
4.773795022715467518e+00
4.747546349641560859e+00
4.727696008770996272e+00
4.714176183491158412e+00
4.706832712703911348e+00
4.705434224056717518e+00
4.709682101224674788e+00
4.719220951338540360e+00
4.733649243964161535e+00
4.752529819248382026e+00
4.775400009235347909e+00
4.801781175141456082e+00
4.831187524377480891e+00
4.863134124597627839e+00
4.897144072184649310e+00
4.932754799081426889e+00
4.969523516080490033e+00
5.007031792022376138e+00
5.044889258168348434e+00
5.082736412019987604e+00
5.120246483034988749e+00
5.157126319275979753e+00
5.193116263444738756e+00
5.227989013557565734e+00
5.261547508205553392e+00
5.293621932154843002e+00
5.324065994440984717e+00
5.352752680249153627e+00
5.379569716770770782e+00
5.404415020524414359e+00
5.427192405579616796e+00
5.447807822512539921e+00
5.466166362330543649e+00
5.482170199810445510e+00
5.495717575217256901e+00
5.506702834244903144e+00
5.515017474659709151e+00
5.520552093079468925e+00
5.523199092412059308e+00
5.522856002099392647e+00
5.519429275588844774e+00
5.512838452564087000e+00
5.503020596905934703e+00
5.489934937399556958e+00
5.473567642493548213e+00
5.453936653677698310e+00
5.431096488810423395e+00
5.405142909580486155e+00
5.376217325586689633e+00
5.344510782016341111e+00
5.310267353288153913e+00
5.273786748167859528e+00
5.235425929268521017e+00
5.195599565386244123e+00
5.154779167509855320e+00
5.113490801618322479e+00
5.072311315058396275e+00
5.031863053201074187e+00
4.992807076938586164e+00
4.955834917729388778e+00
4.921658926228312581e+00
4.891001289363379634e+00
4.864581817799101593e+00
4.843104645711420631e+00
4.827244035290283897e+00
4.817629532580462559e+00
4.814830773649124041e+00
4.819342290703494847e+00
4.831568718825306696e+00
4.851810850978972134e+00
4.880253020178237477e+00
4.916952292751657794e+00
4.961829931837675289e+00
5.014665537629229952e+00
5.075094195299976185e+00
5.142606865834838281e+00
5.216554137177287664e+00
5.296153312942362135e+00
5.380498666546560393e+00
5.468574556692058053e+00
5.559271010013697278e+00
5.651401335344131027e+00
5.743721332585267625e+00
5.834949683136942511e+00
5.923789144296061515e+00
6.008948204644496194e+00
6.089162880765369934e+00
6.163218342089272106e+00
6.229970043615240982e+00
6.288364034971622551e+00
6.337456104877577268e+00
6.376429412321553691e+00
6.404610247730009753e+00
6.421481559824958829e+00
6.426693883107031269e+00
6.420073319964548553e+00
6.401626284557943691e+00
6.371540806084941444e+00
6.330184301432543847e+00
6.278097837825040273e+00
6.215987003044592285e+00
6.144709589298281038e+00
6.065260382686253671e+00
5.978753426648894198e+00
5.886402181950151302e+00
5.789498033394590237e+00
5.689387602844720782e+00
5.587449331895937732e+00
5.485069802409743289e+00
5.383620266536227383e+00
5.284433853307578310e+00
5.188783900679799999e+00
5.097863826459633430e+00
5.012768899394598243e+00
4.934480209994180910e+00
4.863851079127959665e+00
4.801596085324559837e+00
4.748282836577256916e+00
4.704326555651631381e+00
4.669987487485926181e+00
4.645371073821303654e+00
4.630430777108589524e+00
4.624973377557858534e+00
4.628666518122574125e+00
4.641048238511888968e+00
4.661538229761493568e+00
4.689450558959356030e+00
4.724007650831751448e+00
4.764355353685874483e+00
4.809578949416969174e+00
4.858719984265994718e+00
4.910793795482214286e+00
4.964807586927237892e+00
5.019778861346321008e+00
5.074753948396874215e+00
5.128826284905176003e+00
5.181154025943770058e+00
5.230976510220004094e+00
5.277629080515363391e+00
5.320555772809354877e+00
5.359319438374281042e+00
5.393608952089880226e+00
5.423243280567768387e+00
5.448172317095439254e+00
5.468474514543226306e+00
5.484351450512075843e+00
5.496119544654004763e+00
5.504199222393832969e+00
5.509101878236895011e+00
5.511415026617443758e+00
5.511786038806202548e+00
5.510904859505521003e+00
5.509486082355127934e+00
5.508250741345123380e+00
5.507908152810003344e+00
5.509138133443461705e+00
5.512573926791325185e+00
5.518786181052314888e+00
5.528268318241511103e+00
5.541423611620259315e+00
5.558554248367007844e+00
5.579852606267374782e+00
5.605394923359352077e+00
5.635137489504886688e+00
5.668915435958134630e+00
5.706444139490362666e+00
5.747323192646369705e+00
5.791042828903954387e+00
5.836992637107178084e+00
5.884472351699075787e+00
5.932704461924529049e+00
5.980848351775123639e+00
6.028015673298731336e+00
6.073286668982449399e+00
6.115727183187968485e+00
6.154406124702083147e+00
6.188413153389855204e+00
6.216876361964434494e+00
6.238979713270845551e+00
6.253979978693372743e+00
6.261222905447888287e+00
6.260158319725026566e+00
6.250353850829926117e+00
6.231506944227992228e+00
6.203454828446904656e+00
6.166182119068002621e+00
6.119825779754057393e+00
6.064677208834572397e+00
6.001181280681024965e+00
5.929932249985706783e+00
5.851666527556095510e+00
5.767252455028553548e+00
5.677677331386424164e+00
5.584032056015401757e+00
5.487493830232811121e+00
5.389307394960404451e+00
5.290765287734082278e+00
5.193187592583660361e+00
5.097901636794755831e+00
5.006222056745484927e+00
4.919431607733764977e+00
4.838763029507556546e+00
4.765382204280682821e+00
4.700372764028069028e+00
4.644722223200442812e+00
4.599309635916591255e+00
4.564894712243648733e+00
4.542108287076954909e+00
4.531444022741062838e+00
4.533251241422022737e+00
4.547728820141172967e+00
4.574920131080203234e+00
4.614709066550176431e+00
4.666817247021369575e+00
4.730802570262788720e+00
4.806059316632284251e+00
4.891820074881297664e+00
4.987159786393325689e+00
5.091002212357711443e+00
5.202129098507054294e+00
5.319192243410340026e+00
5.440728573354905784e+00
5.565178197683090744e+00
5.690905275691778620e+00
5.816221388451261021e+00
5.939410994051462112e+00
6.058758459608705849e+00
6.172576104630025817e+00
6.279232653931090091e+00
6.377181480103645050e+00
6.464988009494393673e+00
6.541355669272259199e+00
6.605149768823394218e+00
6.655418737802407669e+00
6.691412185872972707e+00
6.712595308244252656e+00
6.718659239289692664e+00
6.709527052271477388e+00
6.685355211264137232e+00
6.646530395347057585e+00
6.593661730681005473e+00
6.527568584389659812e+00
6.449264197516862751e+00
6.359935556258979439e+00
6.260920007988802105e+00
6.153679213469081866e+00
6.039771088076971495e+00
5.920820421287236179e+00
5.798488873839835911e+00
5.674445039129767387e+00
5.550335223185095757e+00
5.427755546152159383e+00
5.308225897614153865e+00
5.193166194919546896e+00
5.083875310352556909e+00
4.981512959142606611e+00
4.887084777123154034e+00
4.801430760761726368e+00
4.725217190182885219e+00
4.658932103380984735e+00
4.602884330120184941e+00
4.557206022584080252e+00
4.521858539437130453e+00
4.496641457239418216e+00
4.481204402374618923e+00
4.475061319974648733e+00
4.477606727993656222e+00
4.488133450511045730e+00
4.505851289080475830e+00
4.529906078036794348e+00
4.559398583087181045e+00
4.593402744763436907e+00
4.630982837574316946e+00
4.671209205798452224e+00
4.713172338678448092e+00
4.755995149254348853e+00
4.798843408805419486e+00
4.840934353077502195e+00
4.881543513745751461e+00
4.920009840643939647e+00
4.955739174474190989e+00
4.988206120036327462e+00
5.016954372684542918e+00
5.041595575187010070e+00
5.061806827098222605e+00
5.077327025816177120e+00
5.087952276786746886e+00
5.093530657964093322e+00
5.093956651640077382e+00
5.089165563507353163e+00
5.079128237284182390e+00
5.063846345282487782e+00
5.043348492707861119e+00
5.017687319787553335e+00
4.986937722216227442e+00
4.951196234340701885e+00
4.910581532117565651e+00
4.865235924442750104e+00
4.815327626414570794e+00
4.761053557179240059e+00
4.702642382118884079e+00
4.640357521059102375e+00
4.574499862581437704e+00
4.505409950796821938e+00
4.433469438708606880e+00
4.359101627375579824e+00
4.282770931427585914e+00
4.204981131589885734e+00
4.126272298701687546e+00
4.047216308234530047e+00
3.968410917084823630e+00
3.890472449136516797e+00
3.814027227062578795e+00
3.739701978507806057e+00
3.668113515451585815e+00
3.599858025543256179e+00
3.535500326130500692e+00
3.475563424862987638e+00
3.420518713249836473e+00
3.370777094070601443e+00
3.326681307568631674e+00
3.288499672904852567e+00
3.256421403231643197e+00
3.230553589264339109e+00
3.210919881254187036e+00
3.197460839905408303e+00
3.190035881843530152e+00
3.188426718218670963e+00
3.192342172749047524e+00
3.201424261449919317e+00
3.215255411513921135e+00
3.233366682543131976e+00
3.255246827880445171e+00
3.280352005086643263e+00
3.308115923579936002e+00
3.337960209302080372e+00
3.369304768783583537e+00
3.401577943646094671e+00
3.434226258814427002e+00
3.466723583230234773e+00
3.498579542069944370e+00
3.529347045666653582e+00
3.558628831314981422e+00
3.586082946272454386e+00
3.611427129668461689e+00
3.634442075493702795e+00
3.654973577605364454e+00
3.672933569839103018e+00
3.688300080030697536e+00
3.701116118948092559e+00
3.711487526574551499e+00
3.719579798551317484e+00
3.725613914361303625e+00
3.729861189482081674e+00
3.732637182930493402e+00
3.734294713978123514e+00
3.735216075896115484e+00
3.735804574557471280e+00
3.736475559912600275e+00
3.737647155290479084e+00
3.739730921509210049e+00
3.743122718518846259e+00
3.748194042277975591e+00
3.755284110163880751e+00
3.764692937495905500e+00
3.776675592753466759e+00
3.791437750433816145e+00
3.809132590221779857e+00
3.829859026905709118e+00
3.853661200755552851e+00
3.880529116223687680e+00
3.910400293571193675e+00
3.943162297720589571e+00
3.978656028415953561e+00
4.016679685141795630e+00
4.056993344730288165e+00
4.099324095934821166e+00
4.143371660033776216e+00
4.188814400799439674e+00
4.235315607256413983e+00
4.282529925654906755e+00
4.330109818198379479e+00
4.377711926861512559e+00
4.425003215652148825e+00
4.471666754092346707e+00
4.517406995144579440e+00
4.561954402062330161e+00
4.605069298454509408e+00
4.646544856173902005e+00
4.686209189272697806e+00
4.723926574290111091e+00
4.759597854732287914e+00
4.793160108675351694e+00
4.824585668804258987e+00
4.853880587657108947e+00
4.881082634845011370e+00
4.906258895762075412e+00
4.929503018720351903e+00
4.950932138442589725e+00
4.970683491623072214e+00
4.988910733232049921e+00
5.005779960982366106e+00
5.021465463932977435e+00
5.036145231395339650e+00
5.049996284421419901e+00
5.063189912237377577e+00
5.075886901319657696e+00
5.088232838781777900e+00
5.100353565824144120e+00
5.112350859047126050e+00
5.124298428345444911e+00
5.136238337456622283e+00
5.148177971463971936e+00
5.160087687365561671e+00
5.171899287528006539e+00
5.183505457765294366e+00
5.194760317263918736e+00
5.205481231647775431e+00
5.215452029538868217e+00
5.224427724481073732e+00
5.232140774372787462e+00
5.238308816576155991e+00
5.242643713255368709e+00
5.244861643750483360e+00
5.244693898032202206e+00
5.241897959624819414e+00
5.236268419923163719e+00
5.227647244234159274e+00
5.215932917838010496e+00
5.201088038818779680e+00
5.183144991642332222e+00
5.162209424523659607e+00
5.138461351128505328e+00
5.112153790420924437e+00
5.083608943423926441e+00
5.053211987523566151e+00
5.021402655733584020e+00
4.988664861592280175e+00
4.955514722055495369e+00
4.922487409006372161e+00
4.890123316209963100e+00
4.858954059674696957e+00
4.829488835059072116e+00
4.802201635844267180e+00
4.777519793087871669e+00
4.755814236714937415e+00
4.737391801540694836e+00
4.722489808433505409e+00
4.711273046328213532e+00
4.703833172574261035e+00
4.700190444692272429e+00
4.700297600722532110e+00
4.704045623077401928e+00
4.711271058708122794e+00
4.721764529632054952e+00
4.735280048083337689e+00
4.751544742943687893e+00
4.770268607469324351e+00
4.791153896656949129e+00
4.813903840894208308e+00
4.838230405438209480e+00
4.863860911939855036e+00
4.890543436374712449e+00
4.918050988803202905e+00
4.946184550071929031e+00
4.974775082317652419e+00
5.003684644793711556e+00
5.032806740740414675e+00
5.062066001749226274e+00
5.091417288213105685e+00
5.120844254243722915e+00
5.150357400080268100e+00
5.179991617580115282e+00
5.209803224224694773e+00
5.239866479299318591e+00
5.270269584888987779e+00
5.301110192005904942e+00
5.332490452842687745e+00
5.364511681577392110e+00
5.397268711371347116e+00
5.430844067292509791e+00
5.465302111572884591e+00
5.500683349822540258e+00
5.536999103263435806e+00
5.574226747076905575e+00
5.612305692494965470e+00
5.651134260000076459e+00
5.690567562526804402e+00
5.730416497501261475e+00
5.770447935502145853e+00
5.810386183272161276e+00
5.849915778869665850e+00
5.888685642137788889e+00
5.926314555586511545e+00
5.962397892563563673e+00
5.996515448102492485e+00
6.028240173017242576e+00
6.057147569920873664e+00
6.082825480405738006e+00
6.104883972917613200e+00
6.122965029522877245e+00
6.136751727319587957e+00
6.145976620818645486e+00
6.150429060507216050e+00
6.149961227314230783e+00
6.144492711449026423e+00
6.134013508693046290e+00
6.118585347854155643e+00
6.098341302856121970e+00
6.073483684573905528e+00
6.044280253698151917e+00
6.011058846135348688e+00
5.974200551369154510e+00
5.934131627160527778e+00
5.891314372773520880e+00
5.846237221929517780e+00
5.799404353533666345e+00
5.751325143286852182e+00
5.702503784038539969e+00
5.653429384294632598e+00
5.604566815703429405e+00
5.556348531650939115e+00
5.509167534518947917e+00
5.463371636837522693e+00
5.419259136535860222e+00
5.377075996467588936e+00
5.337014574951743029e+00
5.299213897317221367e+00
5.263761395211070671e+00
5.230695981212406309e+00
5.200012281190309338e+00
5.171665821421911780e+00
5.145578960137723534e+00
5.121647355335783303e+00
5.099746761689645247e+00
5.079739943765892107e+00
5.061483485302638918e+00
5.044834277001150724e+00
5.029655486124312347e+00
5.015821844842352384e+00
5.003224127325210269e+00
4.991772710225920839e+00
4.981400130501461021e+00
4.972062575706206466e+00
4.963740268779152309e+00
4.956436743915412002e+00
4.950177055915658819e+00
4.945005020816660490e+00
4.940979637663384771e+00
4.938170875190157183e+00
4.936655019294840407e+00
4.936509774080786173e+00
4.937809299352118764e+00
4.940619358235489145e+00
4.944992744883290214e+00
4.950965160342992277e+00
4.958551693789583936e+00
4.967744040187187515e+00
4.978508547531694362e+00
4.990785144353306890e+00
5.004487158567517469e+00
5.019502007579602854e+00
5.035692715586297830e+00
5.052900191730090640e+00
5.070946180347095655e+00
5.089636773888032373e+00
5.108766360214573865e+00
5.128121857673753503e+00
5.147487074543302121e+00
5.166647016467565301e+00
5.185391959216007152e+00
5.203521108533062822e+00
5.220845687548359315e+00
5.237191325860296232e+00
5.252399672166711220e+00
5.266329212749623956e+00
5.278855344563697649e+00
5.289869809934739209e+00
5.299279636489468537e+00
5.307005738247482007e+00
5.312981329269599762e+00
5.317150288741300024e+00
5.319465600536593897e+00
5.319887972638541740e+00
5.318384721943812288e+00
5.314928985221579971e+00
5.309499285257794021e+00
5.302079445927926571e+00
5.292658819720639229e+00
5.281232774748600534e+00
5.267803387255544756e+00
5.252380292128091099e+00
5.234981649464380382e+00
5.215635190845233637e+00
5.194379319168726639e+00
5.171264247499046007e+00
5.146353167327561984e+00
5.119723432616488878e+00
5.091467736765858731e+00
5.061695248785340162e+00
5.030532664170731749e+00
4.998125116122421829e+00
4.964636883551625246e+00
4.930251824828143725e+00
4.895173464826803489e+00
4.859624669844518685e+00
4.823846855443008508e+00
4.788098679975759886e+00
4.752654181975428216e+00
4.717800327912175185e+00
4.683833952045874938e+00
4.651058094016490507e+00
4.619777772441701735e+00
4.590295270258907046e+00
4.562905043300709451e+00
4.537888392649230163e+00
4.515508060603415252e+00
4.496002917934194265e+00
4.479582910324048761e+00
4.466424432875121475e+00
4.456666305623108393e+00
4.450406522547798005e+00
4.447699933441383813e+00
4.448556988981411386e+00
4.452943634058494915e+00
4.460782376601449606e+00
4.471954498089068863e+00
4.486303316068571689e+00
4.503638361040743554e+00
4.523740290331855540e+00
4.546366332072302008e+00
4.571256036604066431e+00
4.598137113753965721e+00
4.626731154275631752e+00
4.656759070379246523e+00
4.687946136326639923e+00
4.720026557280604607e+00
4.752747537706969894e+00
4.785872854132317222e+00
4.819185953585855664e+00
4.852492596522666624e+00
4.885623049338657431e+00
4.918433817918298701e+00
4.950808905701467033e+00
4.982660577290112691e+00
5.013929608948820338e+00
5.044585007022534207e+00
5.074623174413754434e+00
5.104066511567372011e+00
5.132961458594128779e+00
5.161376012605307650e+00
5.189396775941975903e+00
5.217125603376120857e+00
5.244675924423124691e+00
5.272168821861258792e+00
5.299728946111345707e+00
5.327480334346875956e+00
5.355542181494502785e+00
5.384024581709540236e+00
5.413024237349246093e+00
5.442620131591513477e+00
5.472869180494201125e+00
5.503801910991021451e+00
5.535418247321119090e+00
5.567683526768855806e+00
5.600524899079055707e+00
5.633828284374282624e+00
5.667436069419011346e+00
5.701145713509710333e+00
5.734709415339337646e+00
5.767834962901713602e+00
5.800187851746792411e+00
5.831394712849161444e+00
5.861048037892628848e+00
5.888712126903196342e+00
5.913930119643401540e+00
5.936231924733771592e+00
5.955142842884908028e+00
5.970192693067106759e+00
5.980925278642009957e+00
5.986908054213103014e+00
5.987741858929103600e+00
5.983070567646263882e+00
5.972590487913564061e+00
5.956059308593018464e+00
5.933304389713137006e+00
5.904230174132122144e+00
5.868824500503302843e+00
5.827163603452118146e+00
5.779415598782187580e+00
5.725842268794234968e+00
5.666798991854276046e+00
5.602732710623564927e+00
5.534177904813706306e+00
5.461750612942013916e+00
5.386140616168880513e+00
5.308101946399644611e+00
5.228441909522264730e+00
5.148008827900344642e+00
5.067678712860064216e+00
4.988341087122861950e+00
4.910884194396705205e+00
4.836179858970520939e+00
4.765068289303569848e+00
4.698343152422404856e+00
4.636737275585902651e+00
4.580909350898266119e+00
4.531432018701445408e+00
4.488781681552254987e+00
4.453330354261307633e+00
4.425339793096211061e+00
4.404958074656243561e+00
4.392218715564096598e+00
4.387042339527248203e+00
4.389240809462371828e+00
4.398523652308314880e+00
4.414506520694892799e+00
4.436721369892724809e+00
4.464627988543449000e+00
4.497626508757228692e+00
4.535070533038719987e+00
4.576280549693940713e+00
4.620557357998030135e+00
4.667195276197025677e+00
4.715494948694358257e+00
4.764775602572347779e+00
4.814386629935841100e+00
4.863718388428312167e+00
4.912212113628884325e+00
4.959368826487971837e+00
5.004757104755341857e+00
5.048019575883334831e+00
5.088877981680236751e+00
5.127136664319921877e+00
5.162684336249033556e+00
5.195494029236294331e+00
5.225621167661604005e+00
5.253199767243260432e+00
5.278436812409642798e+00
5.301604912299219485e+00
5.323033382981313011e+00
5.343097952722785315e+00
5.362209328284414767e+00
5.380800884705516651e+00
5.399315750935711478e+00
5.418193566165643738e+00
5.437857182102083797e+00
5.458699587831278066e+00
5.481071336204666800e+00
5.505268751040037323e+00
5.531523191793623617e+00
5.559991647058678765e+00
5.590748917547756491e+00
5.623781629288486350e+00
5.658984288441563315e+00
5.696157551390297336e+00
5.735008835378573089e+00
5.775155333432267390e+00
5.816129424381284885e+00
5.857386390998257752e+00
5.898314285472762819e+00
5.938245719455471416e+00
5.976471308322862441e+00
6.012254463796646853e+00
6.044847204071960078e+00
6.073506636782489920e+00
6.097511764033831660e+00
6.116180251572447268e+00
6.128884791047982006e+00
6.135068670898681020e+00
6.134260167710052336e+00
6.126085381873059177e+00
6.110279169441414027e+00
6.086693862338442784e+00
6.055305515178428521e+00
6.016217466217287146e+00
5.969661056034641256e+00
5.915993415778075359e+00
5.855692318963271248e+00
5.789348183773713075e+00
5.717653409517383878e+00
5.641389323177763870e+00
5.561411091745488200e+00
5.478631015515203373e+00
5.394000652691210540e+00
5.308492239330755424e+00
5.223079868382900059e+00
5.138720883270853967e+00
5.056337926477903366e+00
4.976802062002472660e+00
4.900917363941315053e+00
4.829407332448881540e+00
4.762903460429662061e+00
4.701936227287835557e+00
4.646928741544849473e+00
4.598193193902638143e+00
4.555930211268390373e+00
4.520231113708177872e+00
4.491082976328401699e+00
4.468376303834332930e+00
4.451915046423878586e+00
4.441428616217231173e+00
4.436585495411043745e+00
4.437007960790639416e+00
4.442287392267830093e+00
4.451999598373814315e+00
4.465719590849405840e+00
4.483035276541748715e+00
4.503559598590686441e+00
4.526940735792964965e+00
4.552870049086640059e+00
4.581087545675023520e+00
4.611384717534489752e+00
4.643604703821110569e+00
4.677639822889910093e+00
4.713426612376287572e+00
4.750938599609134450e+00
4.790177099258653648e+00
4.831160402787606500e+00
4.873911783361142724e+00
4.918446784728910615e+00
4.964760290469484971e+00
5.012813884111149143e+00
5.062524015689627177e+00
5.113751486655638168e+00
5.166292745880097570e+00
5.219873443565972160e+00
5.274144610312323955e+00
5.328681719141549422e+00
5.382986760653460045e+00
5.436493328504287348e+00
5.488574584333181683e+00
5.538553855994931219e+00
5.585717527113656544e+00
5.629329802712184971e+00
5.668648884401231491e+00
5.702944059989660808e+00
5.731513208464392051e+00
5.753700237801964157e+00
5.768911999110774680e+00
5.776634248893341983e+00
5.776446262656538266e+00
5.768033740621821615e+00
5.751199689119485647e+00
5.725873006453295666e+00
5.692114548761156634e+00
5.650120500731653728e+00
5.600222927408808893e+00
5.542887434348284792e+00
5.478707914753078612e+00
5.408398420850925703e+00
5.332782269430677680e+00
5.252778575560271612e+00
5.169386494136017696e+00
5.083667526937664327e+00
4.996726317829606856e+00
4.909690409221038720e+00
4.823689470813976143e+00
4.739834536113914254e+00
4.659197784823319921e+00
4.582793382360168977e+00
4.511559835959621623e+00
4.446344262981685169e+00
4.387888896664167149e+00
4.336820074310339557e+00
4.293639864160776476e+00
4.258720398305979593e+00
4.232300893890442950e+00
4.214487262185595995e+00
4.205254129528478657e+00
4.204449037700356939e+00
4.211798561972017296e+00
4.226916080423006150e+00
4.249310940113786295e+00
4.278398784544487299e+00
4.313512822902257682e+00
4.353915828470641181e+00
4.398812650151299408e+00
4.447363011398381971e+00
4.498694364103643650e+00
4.551914571231699291e+00
4.606124214834928843e+00
4.660428361054033353e+00
4.713947655335758213e+00
4.765828667344075953e+00
4.815253453803260086e+00
4.861448352419841079e+00
4.903692051657552398e+00
4.941322991065744574e+00
4.973746132597916869e+00
5.000439111516751467e+00
5.020957737642802066e+00
5.034940782449297991e+00
5.042113959483931929e+00
5.042292990243407047e+00
5.035385649591326285e+00
5.021392700803586351e+00
5.000407649727451442e+00
4.972615262208336162e+00
4.938288799870560908e+00
4.897785944451618079e+00
4.851543407942235930e+00
4.800070266070624037e+00
4.743940099888082962e+00
4.683782074146606966e+00
4.620271113163616938e+00
4.554117353443166927e+00
4.486055064338749787e+00
4.416831242763204379e+00
4.347194109283082142e+00
4.277881756077145603e+00
4.209611211712085854e+00
4.143068185021066441e+00
4.078897728789794286e+00
4.017696026353479333e+00
3.960003456083849294e+00
3.906299038113768773e+00
3.856996321340736333e+00
3.812440727599399448e+00
3.772908330140267275e+00
3.738606002401865691e+00
3.709672831834508244e+00
3.686182657591853928e+00
3.668147567136139209e+00
3.655522178629381003e+00
3.648208539645516169e+00
3.646061479259824711e+00
3.648894253005299682e+00
3.656484319848035902e+00
3.668579094529049733e+00
3.684901532083809439e+00
3.705155422181296565e+00
3.729030294372143839e+00
3.756205858160940103e+00
3.786355922104656546e+00
3.819151752330105509e+00
3.854264843782046590e+00
3.891369091570767047e+00
3.930142370460332213e+00
3.970267560292539244e+00
4.011433089591356804e+00
4.053333097825792208e+00
4.095667328831708254e+00
4.138140862225845318e+00
4.180463773269755379e+00
4.222350794121950024e+00
4.263521036773278539e+00
4.303697830172913186e+00
4.342608717942273877e+00
4.379985656753116352e+00
4.415565448292984918e+00
4.449090429357935861e+00
4.480309438516201226e+00
4.508979081465381178e+00
4.534865332342969069e+00
4.557745525014024857e+00
4.577410793451316628e+00
4.593669006703222202e+00
4.606348211726349007e+00
4.615300551332973455e+00
4.620406573487652935e+00
4.621579803166505407e+00
4.618771417314090577e+00
4.611974847933781874e+00
4.601230131276031976e+00
4.586627814779799195e+00
4.568312226185059721e+00
4.546483905268397407e+00
4.521401002708445915e+00
4.493379464061690420e+00
4.462791840483083305e+00
4.430064606175636577e+00
4.395673919220961068e+00
4.360139832609725374e+00
4.324019036178315289e+00
4.287896280610840272e+00
4.252374696705526702e+00
4.218065271685792261e+00
4.185575777526602259e+00
4.155499467271402736e+00
4.128403867759945278e+00
4.104819999708190004e+00
4.085232343778676167e+00
4.070069841675694633e+00
4.059698176781213697e+00
4.054413523835332711e+00
4.054437895594567465e+00
4.059916150536008850e+00
4.070914665282479028e+00
4.087421624276311505e+00
4.109348839238354145e+00
4.136534977982513794e+00
4.168750050053319001e+00
4.205700964214991622e+00
4.247037945779797319e+00
4.292361588589623800e+00
4.341230322600138081e+00
4.393168101750962506e+00
4.447672149356567850e+00
4.504220629175923918e+00
4.562280133482375710e+00
4.621312894306350394e+00
4.680783632795950666e+00
4.740165965534172798e+00
4.798948284854870572e+00
4.856639023930334531e+00
4.912771213460874087e+00
4.966906244472300891e+00
5.018636776247248577e+00
5.067588768512560904e+00
5.113422667864512938e+00
5.155833833692323509e+00
5.194552339938153018e+00
5.229342327130384049e+00
5.260001099056385243e+00
5.286358157819871728e+00
5.308274348226979633e+00
5.325641239202431265e+00
5.338380814261012297e+00
5.346445485297143918e+00
5.349818390743288354e+00
5.348513894843141436e+00
5.342578175076186042e+00
5.332089772068645317e+00
5.317159975645276759e+00
5.297932927591351593e+00
5.274585340968529934e+00
5.247325775228521394e+00
5.216393462882911614e+00
5.182056740450984300e+00
5.144611175159058192e+00
5.104377491150174251e+00
5.061699387877287570e+00
5.016941315418752545e+00
4.970486231932417454e+00
4.922733324809875022e+00
4.874095641330880468e+00
4.824997557693703421e+00
4.775872020766603221e+00
4.727157520293549631e+00
4.679294779541255167e+00
4.632723176754695693e+00
4.587876924503555998e+00
4.545181047692631537e+00
4.505047223162041092e+00
4.467869573274724004e+00
4.434020531795474618e+00
4.403846910462092978e+00
4.377666284122144091e+00
4.355763786659482939e+00
4.338389378572836463e+00
4.325755615676124322e+00
4.318035918596356382e+00
4.315363315533341293e+00
4.317829607231556288e+00
4.325484884456409773e+00
4.338337318061707748e+00
4.356353146303866275e+00
4.379456806364065535e+00
4.407531190681264199e+00
4.440418040176234094e+00
4.477918504181075399e+00
4.519793897752456324e+00
4.565766674503663580e+00
4.615521613264225387e+00
4.668707199605145242e+00
4.724937181047537571e+00
4.783792293810500418e+00
4.844822193518842468e+00
4.907547660340219942e+00
4.971463179910624142e+00
5.036040017770441857e+00
5.100729902205000776e+00
5.164969407156025483e+00
5.228185086229839129e+00
5.289799356905812822e+00
5.349237078629727193e+00
5.405932718226881484e+00
5.459337958762786158e+00
5.508929587032781683e+00
5.554217486187472019e+00
5.594752553430428321e+00
5.630134351810994531e+00
5.660018295955735468e+00
5.684122174943482264e+00
5.702231832691061264e+00
5.714205850944773069e+00
5.719979109228454206e+00
5.719565129560018946e+00
5.713057147518158629e+00
5.700627878161401263e+00
5.682527960498971353e+00
5.659083070232081347e+00
5.630689697952064421e+00
5.597809611417121189e+00
5.560963060122425361e+00
5.520720829417911091e+00
5.477695296407381065e+00
5.432530673377820918e+00
5.385892645067928974e+00
5.338457613188402284e+00
5.290901757603395872e+00
5.243890115425291043e+00
5.198065872578651714e+00
5.154040057234595906e+00
5.112381819186502696e+00
5.073609473108913193e+00
5.038182474714789194e+00
5.006494483061013412e+00
4.978867638868442747e+00
4.955548164251520227e+00
4.936703371739684876e+00
4.922420159273280582e+00
4.912705053274123657e+00
4.907485835567846344e+00
4.906614751951473785e+00
4.909873255840579098e+00
4.916978194535796653e+00
4.927589301530932886e+00
4.941317818233041947e+00
4.957736032647103386e+00
4.976387488798299508e+00
4.996797588000406520e+00
5.018484276971121538e+00
5.040968508352928090e+00
5.063784172429698138e+00
5.086487233320104551e+00
5.108663854052798214e+00
5.129937354976847885e+00
5.149973905748379543e+00
5.168486890621264429e+00
5.185239909676309544e+00
5.200048395699022663e+00
5.212779848836304630e+00
5.223352724741459063e+00
5.231734057366457691e+00
5.237935948485396231e+00
5.242011099643679728e+00
5.244047588857145392e+00
5.244163105072642495e+00
5.242498856549855368e+00
5.239213372398604740e+00
5.234476420464687862e+00
5.228463264362986251e+00
5.221349471867201331e+00
5.213306464544330332e+00
5.204497966657897656e+00
5.195077471851730522e+00
5.185186797639492084e+00
5.174955736463746625e+00
5.164502736170806685e+00
5.153936458285715005e+00
5.143357985708427726e+00
5.132863400833304723e+00
5.122546439970046883e+00
5.112500948837562120e+00
5.102822909565775333e+00
5.093611872152385089e+00
5.084971692140723754e+00
5.077010541880499161e+00
5.069840217280018990e+00
5.063574801831243200e+00
5.058328776920509640e+00
5.054214686054982586e+00
5.051340472619202160e+00
5.049806616761788547e+00
5.049703197865125226e+00
5.051107004075107376e+00
5.054078797670784162e+00
5.058660827442301944e+00
5.064874665149379673e+00
5.072719436933248005e+00
5.082170516140249283e+00
5.093178732717776214e+00
5.105670135836697376e+00
5.119546326320023155e+00
5.134685354854924277e+00
5.150943155961855702e+00
5.168155454112899783e+00
5.186140041284390101e+00
5.204699290879963414e+00
5.223622748899940937e+00
5.242689639312781757e+00
5.261671144553425883e+00
5.280332374619381319e+00
5.298434012801294557e+00
5.315733708454857265e+00
5.331987357074140732e+00
5.346950449722340792e+00
5.360379686722141379e+00
5.372035041938659106e+00
5.381682436803763458e+00
5.389097134298246772e+00
5.394067892413952237e+00
5.396401832062250215e+00
5.395929888549867215e+00
5.392512640394429013e+00
5.386046252200129558e+00
5.376468234465976437e+00
5.363762716769866934e+00
5.347964951946430290e+00
5.329164808682196330e+00
5.307509053745764760e+00
5.283202262796525162e+00
5.256506230700340510e+00
5.227737785770655066e+00
5.197264954128312908e+00
5.165501473251411291e+00
5.132899717577469545e+00
5.099942171283515790e+00
5.067131659096402174e+00
5.034980618441754707e+00
5.003999759398613634e+00
4.974686508235914850e+00
4.947513659193580438e+00
4.922918658066559594e+00
4.901293905678895335e+00
4.882978407154574541e+00
4.868251017787619261e+00
4.857325458402717011e+00
4.850347197012009559e+00
4.847392221980816096e+00
4.848467667353030031e+00
4.853514193730068982e+00
4.862409974748015173e+00
4.874976088713482980e+00
4.890983074627055949e+00
4.910158390812386919e+00
4.932194514119277784e+00
4.956757433142664482e+00
4.983495312995675164e+00
5.012047132896260138e+00
5.042051114083206720e+00
5.073152765312934243e+00
5.105012382420508033e+00
5.137311849849918843e+00
5.169760603824503420e+00
5.202100627801041099e+00
5.234110363281780032e+00
5.265607436760999960e+00
5.296450129536896867e+00
5.326537552628368921e+00
5.355808533672783867e+00
5.384239274692431465e+00
5.411839896747888901e+00
5.438650045541843170e+00
5.464733781696212489e+00
5.490174009006353550e+00
5.515066698334830875e+00
5.539515148653642029e+00
5.563624497380168066e+00
5.587496652279680731e+00
5.611225766371684465e+00
5.634894316929209168e+00
5.658569785510840333e+00
5.682301878137867135e+00
5.706120185563588798e+00
5.730032171881656922e+00
5.754021395168013697e+00
5.778045897822607913e+00
5.802036746687147861e+00
5.825896746367199341e+00
5.849499386480417229e+00
5.872688107952975578e+00
5.895275982089419387e+00
5.917045890712872236e+00
5.937751280188788172e+00
5.957117542474775540e+00
5.974844059220334458e+00
5.990606934008347650e+00
6.004062433485040984e+00
6.014851160632785465e+00
6.022602991188080068e+00
6.026942810454532840e+00
6.027497082905171055e+00
6.023901263808870254e+00
6.015808019611355917e+00
6.002896167092221624e+00
5.984880177602035722e+00
5.961520027069174610e+00
5.932631107770173884e+00
5.898093857953210062e+00
5.857862719210438662e+00
5.811974011192400980e+00
5.760552325084809411e+00
5.703815077136624723e+00
5.642074924317831197e+00
5.575739822101235532e+00
5.505310595677552321e+00
5.431375992554371201e+00
5.354605276650754142e+00
5.275738506328280231e+00
5.195574711655400080e+00
5.114958251103924880e+00
5.034763684728120303e+00
4.955879549468698464e+00
4.879191463230932335e+00
4.805565017268087047e+00
4.735828936745948070e+00
4.670758990275474254e+00
4.611063105768158366e+00
4.557368101208426836e+00
4.510208368758640951e+00
4.470016769262802114e+00
4.437117912728122171e+00
4.411723921606630405e+00
4.393932694725919852e+00
4.383728611444772660e+00
4.380985544324285108e+00
4.385471990323861924e+00
4.396858087182454966e+00
4.414724250592041876e+00
4.438571143936523633e+00
4.467830672275658443e+00
4.501877677407405187e+00
4.540042007796952106e+00
4.581620652494169832e+00
4.625889662190637353e+00
4.672115627423445439e+00
4.719566536419094405e+00
4.767521886053860847e+00
4.815281960616299983e+00
4.862176218065658695e+00
4.907570731936454322e+00
4.950874632955833299e+00
4.991545482881019957e+00
5.029093501608547179e+00
5.063084567411388015e+00
5.093141926857391866e+00
5.118946587841132434e+00
5.140236424192574205e+00
5.156804087602155029e+00
5.168493893707159614e+00
5.175197915376599234e+00
5.176851567947088562e+00
5.173428998313195137e+00
5.164938586971175916e+00
5.151418843985430485e+00
5.132934938529270852e+00
5.109576055790707727e+00
5.081453722014623864e+00
5.048701171332886872e+00
5.011473748485803625e+00
4.969950261543358394e+00
4.924335131089674356e+00
4.874861131842195050e+00
4.821792485188224120e+00
4.765428030218970434e+00
4.706104175185435778e+00
4.644197315980178153e+00
4.580125410785614193e+00
4.514348424728229503e+00
4.447367403794233454e+00
4.379721999484706529e+00
4.311986342651323412e+00
4.244763256416843156e+00
4.178676901690619339e+00
4.114364055167055056e+00
4.052464311620632031e+00
3.993609562064782459e+00
3.938413119393023187e+00
3.887458850408274103e+00
3.841290644075769478e+00
3.800402515159062133e+00
3.765229613151734878e+00
3.736140371843643671e+00
3.713429990869205888e+00
3.697315391189963663e+00
3.687931736632807045e+00
3.685330563818588701e+00
3.689479512084458790e+00
3.700263594091569797e+00
3.717487899336488155e+00
3.740881581716229753e+00
3.770102955067109018e+00
3.804745510668437802e+00
3.844344675373550402e+00
3.888385141933414335e+00
3.936308619487815630e+00
3.987521870671280944e+00
4.041404920351162389e+00
4.097319334077736741e+00
4.154616466188478796e+00
4.212645568988567568e+00
4.270761643413456987e+00
4.328332907135750141e+00
4.384747764745782206e+00
4.439421190300739006e+00
4.491800473388068760e+00
4.541370326058908446e+00
4.587657388819196491e+00
4.630234205255031377e+00
4.668722754777296480e+00
4.702797635304642121e+00
4.732188968484923208e+00
4.756685064731239088e+00
4.776134844119182432e+00
4.790449969178987466e+00
4.799606610261037964e+00
4.803646735411280844e+00
4.802678796390538629e+00
4.796877674682865411e+00
4.786483761265404091e+00
4.771801071234428093e+00
4.753194331231096470e+00
4.731085014485150175e+00
4.705946328344410290e+00
4.678297179359905300e+00
4.648695154464931534e+00
4.617728571359020151e+00
4.586007672649267342e+00
4.554155066613807534e+00
4.522795549764823342e+00
4.492545481631329274e+00
4.464001922250443677e+00
4.437731788449243986e+00
4.414261330149825469e+00
4.394066259287749077e+00
4.377562868136219087e+00
4.365100448461383564e+00
4.356955276835626556e+00
4.353326372390717403e+00
4.354333163022248598e+00
4.360015118509281251e+00
4.370333332961606310e+00
4.385173969391637172e+00
4.404353414342065065e+00
4.427624930419099769e+00
4.454686544909033152e+00
4.485189877873938968e+00
4.518749593220456440e+00
4.554953152859979149e+00
4.593370572199761526e+00
4.633563913644822563e+00
4.675096301561583623e+00
4.717540285055106253e+00
4.760485412030733166e+00
4.803544914006535826e+00
4.846361438719934966e+00
4.888611805173715297e+00
4.930010788007115785e+00
4.970313956315176362e+00
5.009319589176329579e+00
5.046869668854387037e+00
5.082849928870910361e+00
5.117188928655543201e+00
5.149856149069804268e+00
5.180859146424650064e+00
5.210239852269522132e+00
5.238070152204368668e+00
5.264446913928128247e+00
5.289486657826346416e+00
5.313320068946802976e+00
5.336086537355971160e+00
5.357928886911544453e+00
5.378988412311555223e+00
5.399400293654327498e+00
5.419289401179279153e+00
5.438766445820959028e+00
5.457924384998658063e+00
5.476834979233201395e+00
5.495545432681491427e+00
5.514075134685567647e+00
5.532412619678142462e+00
5.550512943578153724e+00
5.568295714245242500e+00
5.585644008375358460e+00
5.602404365998752134e+00
5.618387988116205101e+00
5.633373184308902992e+00
5.647109036077937461e+00
5.659320166595476209e+00
5.669712445101823484e+00
5.677979412925924230e+00
5.683809207000438235e+00
5.686891775919102443e+00
5.686926219786185399e+00
5.683628119793796785e+00
5.676736744132726109e+00
5.666022022214642462e+00
5.651291177642138841e+00
5.632394911388773906e+00
5.609233031558956917e+00
5.581759429206509360e+00
5.549986297108342903e+00
5.513987481756314146e+00
5.473900850777725147e+00
5.429929548812869378e+00
5.382342007244280246e+00
5.331470576212579360e+00
5.277708670594620344e+00
5.221506365928449966e+00
5.163364437700201925e+00
5.103826900537855593e+00
5.043472172712759161e+00
4.982903067528349439e+00
4.922735889881368898e+00
4.863588979640768528e+00
4.806071082146736728e+00
4.750769936649099634e+00
4.698241457820906852e+00
4.648999845320948232e+00
4.603508893630799292e+00
4.562174697779674659e+00
4.525339874760764936e+00
4.493279355205447523e+00
4.466197746207150487e+00
4.444228223136177824e+00
4.427432875415756364e+00
4.415804404920066872e+00
4.409269051560364971e+00
4.407690599374244123e+00
4.410875301081840227e+00
4.418577548769158980e+00
4.430506109380286439e+00
4.446330736244667570e+00
4.465688969173998935e+00
4.488192954753406738e+00
4.513436156780043618e+00
4.540999874953528526e+00
4.570459534001853008e+00
4.601390735344772942e+00
4.633375076228533729e+00
4.666005740316490069e+00
4.698892855382469591e+00
4.731668604020427438e+00
4.763992064656028980e+00
4.795553749256801446e+00
4.826079784378885407e+00
4.855335651484216086e+00
4.883129367254567477e+00
4.909313956667008760e+00
4.933789062187478258e+00
4.956501546663201196e+00
4.977444982135150298e+00
4.996657965251278810e+00
5.014221256948552252e+00
5.030253803909827681e+00
5.044907754253681098e+00
5.058362623726806007e+00
5.070818800151960737e+00
5.082490595161599067e+00
5.093599063811439009e+00
5.104364811636229682e+00
5.115000992264373991e+00
5.125706668414735212e+00
5.136660672731886201e+00
5.148016074279631482e+00
5.159895340174474931e+00
5.172386278794500747e+00
5.378544201003842673e+00
5.334693667873918521e+00
5.284926842533673508e+00
5.229611176278739393e+00
5.169161672996588131e+00
5.104036834251516552e+00
5.034734579429345658e+00
4.961788051589770099e+00
4.885761184099134624e+00
4.807243885313146059e+00
4.726846705560252104e+00
4.645194883560062493e+00
4.562921725810614504e+00
4.480661350198906767e+00
4.399040918330771710e+00
4.318672575389277846e+00
4.240145393324821654e+00
4.164017659121332926e+00
4.090809857112149395e+00
4.020998660218023879e+00
3.955012175282943243e+00
3.893226596201715406e+00
3.835964319133717382e+00
3.783493476622859397e+00
3.736028761816945210e+00
3.693733350707538499e+00
3.656721693553010244e+00
3.625062931924411203e+00
3.598784699540749088e+00
3.577877081052803110e+00
3.562296529305705395e+00
3.551969571641641288e+00
3.546796167682946699e+00
3.546652618485472086e+00
3.551393969689750296e+00
3.560855892110178722e+00
3.574856055162942248e+00
3.593195030696088921e+00
3.615656781501173977e+00
3.642008804212478523e+00
3.672002008683556973e+00
3.705370420049860503e+00
3.741830786107016138e+00
3.781082169375748148e+00
3.822805605630652082e+00
3.866663915078069280e+00
3.912301752466714078e+00
3.959345976475505235e+00
4.007406409114044443e+00
4.056077046132738673e+00
4.104937772330583989e+00
4.153556630960412832e+00
4.201492689257669610e+00
4.248299524925353232e+00
4.293529328730840255e+00
4.336737583979670241e+00
4.377488256229162822e+00
4.415359411147066204e+00
4.449949169759913836e+00
4.480881898725513679e+00
4.507814514165861652e+00
4.530442757206365911e+00
4.548507288994223074e+00
4.561799458722780365e+00
4.570166617263627273e+00
4.573516872662445998e+00
4.571823201870844677e+00
4.565126839444428875e+00
4.553539859132346379e+00
4.537246852704202027e+00
4.516505597164205632e+00
4.491646593618426664e+00
4.463071365172718963e+00
4.431249418219953995e+00
4.396713796425683718e+00
4.360055185008804735e+00
4.321914554224250971e+00
4.282974368362173934e+00
4.243948433231943262e+00
4.205570511163658765e+00
4.168581893907564506e+00
4.133718183780938027e+00
4.101695586843975505e+00
4.073197066433235314e+00
4.048858738992197281e+00
4.029256915279134432e+00
4.014896199175794322e+00
4.006199051149700097e+00
4.003497195360115057e+00
4.007025191518266638e+00
4.016916408190581045e+00
4.033201533042839237e+00
4.055809646014605363e+00
4.084571771490666414e+00
4.119226726478371958e+00
4.159429004366007376e+00
4.204758381356063168e+00
4.254730900960230322e+00
4.308810874657940104e+00
4.366423529811894078e+00
4.426967938131855185e+00
4.489829870823676572e+00
4.554394253754477262e+00
4.620056940363762799e+00
4.686235578342052399e+00
4.752379408591916210e+00
4.817977890734992386e+00
4.882568090196559574e+00
4.945740784085288944e+00
5.007145249375264839e+00
5.066492696073710000e+00
5.123558311408368482e+00
5.178181895883378516e+00
5.230267096709452446e+00
5.279779271467469393e+00
5.326742041117276116e+00
5.371232618287629101e+00
5.413376025375965739e+00
5.453338345710586843e+00
5.491319177825844555e+00
5.527543484307096300e+00
5.562253037750618745e+00
5.595697666701852313e+00
5.628126498823672108e+00
5.659779389975375885e+00
5.690878716301711826e+00
5.721621693557162658e+00
5.752173375422160895e+00
5.782660468052398528e+00
5.813166078868257536e+00
5.843725496764330174e+00
5.874323085742908290e+00
5.904890368090278230e+00
5.935305371013954279e+00
5.965393300007917787e+00
5.994928573971646912e+00
6.023638212036294348e+00
6.051206508837954523e+00
6.077280884349246293e+00
6.101478755432829360e+00
6.123395252491423690e+00
6.142611590318337811e+00
6.158703888717528940e+00
6.171252225483166320e+00
6.179849701815554042e+00
6.184111317356188131e+00
6.183682486005507073e+00
6.178247058476627807e+00
6.167534736409447049e+00
6.151327764937585485e+00
6.129466789453827502e+00
6.101855767785981932e+00
6.068465839278730733e+00
6.029338064412228526e+00
5.984584965342107488e+00
5.934390822180555247e+00
5.879010711715845439e+00
5.818768312896229311e+00
5.754052544187623575e+00
5.685313140240416452e+00
5.613055319546451649e+00
5.537833735396961110e+00
5.460245923646295019e+00
5.380925450020509260e+00
5.300534920949987239e+00
5.219758968510596731e+00
5.139297262380896569e+00
5.059857546399009642e+00
4.982148650492866260e+00
4.906873395878523780e+00
4.834721296285722225e+00
4.766360962548091607e+00
4.702432143021988864e+00
4.643537378769753587e+00
4.590233319373382415e+00
4.543021826295460031e+00
4.502341073016191686e+00
4.468556919749210543e+00
4.441954885489352911e+00
4.422733060034548913e+00
4.410996295926896238e+00
4.406751995131473087e+00
4.409907756711368698e+00
4.420271083698699144e+00
4.437551268907362179e+00
4.461363497444175152e+00
4.491235119157921396e+00
4.526613959314569335e+00
4.566878459621226405e+00
4.611349384198200951e+00
4.659302786936339480e+00
4.709983910761126324e+00
4.762621669522925316e+00
4.816443348940969926e+00
4.870689157565392335e+00
4.924626265993320651e+00
4.977561994130978995e+00
5.028855839989510912e+00
5.077930084720794213e+00
5.124278752405454718e+00
5.167474745620352472e+00
5.207175017420945906e+00
5.243123679541775495e+00
5.275152992265954133e+00
5.303182240186202101e+00
5.327214568554330398e+00
5.347331925852730095e+00
5.363688317201042111e+00
5.376501616292817864e+00
5.386044214456624069e+00
5.392632808534155053e+00
5.396617647276516827e+00
5.398371569624162092e+00
5.398279172951450100e+00
5.396726435908182573e+00
5.394091084142389469e+00
5.390733934821041906e+00
5.386991400976327782e+00
5.383169286882015570e+00
5.379537957235469570e+00
5.376328909428571556e+00
5.373732720650613359e+00
5.371898286796604971e+00
5.370933223421882730e+00
5.370905263553454212e+00
5.371844466651102046e+00
5.373746048184735891e+00
5.376573645488865516e+00
5.380262846825524470e+00
5.384724823515036007e+00
5.389849918443308852e+00
5.395511061625545501e+00
5.401566914400256714e+00
5.407864695309642755e+00
5.414242705426520530e+00
5.420532628356047766e+00
5.426561711909376307e+00
5.432154941444948371e+00
5.437137299589906547e+00
5.441336184282427268e+00
5.444584030088279292e+00
5.446721145807019937e+00
5.447598744450213637e+00
5.447082101004300014e+00
5.445053732545896530e+00
5.441416461116622472e+00
5.436096199477049140e+00
5.429044296936757164e+00
5.420239295588982209e+00
5.409687972126075550e+00
5.397425573800055609e+00
5.383515199398478224e+00
5.368046327078633162e+00
5.351132544342558361e+00
5.332908581498919887e+00
5.313526782563174677e+00
5.293153166682425415e+00
5.271963240702627118e+00
5.250137720915259543e+00
5.227858312351773229e+00
5.205303682526581710e+00
5.182645758297385719e+00
5.160046470000286156e+00
5.137655060208373037e+00
5.115606057303760501e+00
5.094017982934618161e+00
5.072992819796862562e+00
5.052616218536948089e+00
5.032958378145288236e+00
5.014075500324874035e+00
4.996011698755726371e+00
4.978801237514375977e+00
4.962470973657299389e+00
4.947042882144384812e+00
4.932536545787288063e+00
4.918971500105356220e+00
4.906369334625351186e+00
4.894755470642796702e+00
4.884160560839992726e+00
4.874621481704650705e+00
4.866181905788981688e+00
4.858892444562801671e+00
4.852810350011895757e+00
4.847998763484745233e+00
4.844525510458345785e+00
4.842461461032100623e+00
4.841878502457624300e+00
4.842847192897158592e+00
4.845434178577227691e+00
4.849699459409333002e+00
4.855693585346634755e+00
4.863454860901892829e+00
4.873006628434204401e+00
4.884354692167997669e+00
4.897484938115639785e+00
4.912361203282787692e+00
4.928923448171516952e+00
4.947086282926815848e+00
4.966737884513357848e+00
4.987739321968654771e+00
5.009924287820152422e+00
5.033099224647560987e+00
5.057043837607887227e+00
5.081511991200067690e+00
5.106232995569715882e+00
5.130913291494513473e+00
5.155238545998450661e+00
5.178876177529097014e+00
5.201478343218749245e+00
5.222685436555082106e+00
5.242130154020224531e+00
5.259442188294239706e+00
5.274253589802767372e+00
5.286204804516108524e+00
5.294951345450189528e+00
5.300170997664980455e+00
5.301571403579462327e+00
5.298897833373939825e+00
5.291940913811765235e+00
5.280544067740903458e+00
5.264610408794646368e+00
5.244108840532955007e+00
5.219079117510745824e+00
5.189635629894342905e+00
5.155969676476285457e+00
5.118350003547311289e+00
5.077121417380086044e+00
5.032701328926838080e+00
4.985574159602529143e+00
4.936283623681604560e+00
4.885423001859315661e+00
4.833623626836561549e+00
4.781541908641480099e+00
4.729845324779851978e+00
4.679197874394955825e+00
4.630245534199188384e+00
4.583602254136073029e+00
4.539836997598493795e+00
4.499462268832016498e+00
4.462924482089351663e+00
4.430596423001157191e+00
4.402771947937971220e+00
4.379662972882133687e+00
4.361398721235363318e+00
4.348027126181125190e+00
4.339518213941751412e+00
4.335769229666442293e+00
4.336611212356718426e+00
4.341816685188483405e+00
4.351108107112328760e+00
4.364166733306017676e+00
4.380641556283238813e+00
4.400158041410434429e+00
4.422326421768370430e+00
4.446749372208993911e+00
4.473028939892873090e+00
4.500772666027339497e+00
4.529598884994053165e+00
4.559141226912418077e+00
4.589052375252633986e+00
4.619007142644221631e+00
4.648704928411508952e+00
4.677871615505538649e+00
4.706260958453975185e+00
4.733655512836937973e+00
4.759867161402755009e+00
4.784737299100225272e+00
4.808136745164207859e+00
4.829965450062196908e+00
4.850152053301533428e+00
4.868653324963099216e+00
4.885453495462709128e+00
4.900563448624696505e+00
4.914019722725529782e+00
4.925883236369811513e+00
4.936237641697859502e+00
4.945187215261380942e+00
4.952854224374092063e+00
4.959375744589301860e+00
4.964899945508277845e+00
4.969581902773332338e+00
4.973579027920588480e+00
4.977046230914079494e+00
4.980130944433873275e+00
4.982968149996364282e+00
4.985675559616542962e+00
4.988349124403841373e+00
4.991059057204811467e+00
4.993846562306115011e+00
4.996721460271682069e+00
4.999660884392818083e+00
5.002609207372032074e+00
5.005479326551236063e+00
5.008155384997317050e+00
5.010496928973001474e+00
5.012344402601265791e+00
5.013525771561920585e+00
5.013863969300624390e+00
5.013184787883997906e+00
5.011324799416531306e+00
5.008138893986548545e+00
5.003507052699244007e+00
4.997340033389887637e+00
4.989583725725358576e+00
4.980222023141288368e+00
4.969278149343301365e+00
4.956814455931903396e+00
4.942930771251131006e+00
4.927761431578631779e+00
4.911471167411992411e+00
4.894250049300840288e+00
4.876307717183450130e+00
4.857867123575275059e+00
4.839158014414688402e+00
4.820410353291817884e+00
4.801847870086376702e+00
4.783681893058390422e+00
4.766105614111354249e+00
4.749288942640129463e+00
4.733374113063538502e+00
4.718472207735255886e+00
4.704660733587136434e+00
4.691982354960833490e+00
4.680444845202544890e+00
4.670022276028397812e+00
4.660657411902696445e+00
4.652265213764144924e+00
4.644737285537758886e+00
4.637947029802306886e+00
4.631755230865385542e+00
4.626015762282050581e+00
4.620581120494752447e+00
4.615307513069976331e+00
4.610059275756537289e+00
4.604712455410049365e+00
4.599157475018095020e+00
4.593300886548179918e+00
4.587066301195992679e+00
4.580394647925323248e+00
4.573243943709943693e+00
4.565588767100887679e+00
4.557419617889232555e+00
4.548742323750042615e+00
4.539577620421198390e+00
4.529960986067009365e+00
4.519942757326683491e+00
4.509588500618916029e+00
4.498979563306128249e+00
4.488213690496930752e+00
4.477405569130107565e+00
4.466687152481234158e+00
4.456207622858483042e+00
4.446132865924530719e+00
4.436644355133557482e+00
4.427937375855998781e+00
4.420218553131662453e+00
4.413702684412861288e+00
4.408608918166247115e+00
4.405156356772272908e+00
4.403559193180613285e+00
4.404021513617175643e+00
4.406731915433406144e+00
4.411858102077303556e+00
4.419541625300444032e+00
4.429892948045598189e+00
4.442987002401925345e+00
4.458859414981503733e+00
4.477503562854533214e+00
4.498868603520459253e+00
4.522858589772116744e+00
4.549332733060812650e+00
4.578106821093292922e+00
4.608955737032808919e+00
4.641616977929844623e+00
4.675795030555311094e+00
4.711166430417320861e+00
4.747385305254924859e+00
4.784089195846914500e+00
4.820904961925425170e+00
4.857454617776952865e+00
4.893360991541902294e+00
4.928253152956654226e+00
4.961771595859109318e+00
4.993573186470993797e+00
5.023335893600413549e+00
5.050763305890830779e+00
5.075588921365797646e+00
5.097580171610624156e+00
5.116542119204096295e+00
5.132320745732167566e+00
5.144805734348707027e+00
5.153932646110309435e+00
5.159684388523691823e+00
5.162091877323403466e+00
5.161233805031709032e+00
5.157235457101739584e+00
5.150266553946162063e+00
5.140538136287423399e+00
5.128298549835133890e+00
5.113828626682881406e+00
5.097436202367721769e+00
5.079450138741583132e+00
5.060214036625395373e+00
5.040079820424217871e+00
5.019401363753542178e+00
4.998528302780774091e+00
4.977800155831896056e+00
4.957540842390510960e+00
4.938053681440161213e+00
4.919616949783260473e+00
4.902480087081920956e+00
4.886860634448026985e+00
4.872941979230112075e+00
4.860871946513927178e+00
4.850762230594637181e+00
4.842688608799278427e+00
4.836691840532865605e+00
4.832779133492621781e+00
4.830926051714121705e+00
4.831078738461254574e+00
4.833156329765195380e+00
4.837053444637069433e+00
4.842642655345275493e+00
4.849776863555399053e+00
4.858291535363815861e+00
4.868006777730785828e+00
4.878729262663349608e+00
4.890254018187641272e+00
4.902366110461831461e+00
4.914842247363382377e+00
4.927452344560252939e+00
4.939961109996921174e+00
4.952129719065037072e+00
4.963717664081716663e+00
4.974484860372530903e+00
4.984194075433789450e+00
4.992613722811203303e+00
4.999521034513015216e+00
5.004705596582065041e+00
5.007973200929479951e+00
5.009149932919681802e+00
5.008086380520388126e+00
5.004661819523271937e+00
4.998788202587856055e+00
4.990413759675327299e+00
4.979526006273131244e+00
4.966153957002739538e+00
4.950369358977159351e+00
4.932286793642983724e+00
4.912062547193308149e+00
4.889892212335791299e+00
4.866007049185927968e+00
4.840669194165315048e+00
4.814165861683563641e+00
4.786802732985537823e+00
4.758896766837819037e+00
4.730768695362759679e+00
4.702735484077089190e+00
4.675103036061874384e+00
4.648159405852654302e+00
4.622168764119005679e+00
4.597366324956573713e+00
4.573954410018886030e+00
4.552099767272682840e+00
4.531932184604356983e+00
4.513544354188972818e+00
4.496992873889486653e+00
4.482300229549752935e+00
4.469457583729673722e+00
4.458428189673268704e+00
4.449151245025795731e+00
4.441545999963664393e+00
4.435515947063898956e+00
4.430952948394428326e+00
4.427741192080445920e+00
4.425760904796479878e+00
4.424891770389772105e+00
4.425016016249702311e+00
4.426021130488374311e+00
4.427802168849733988e+00
4.430263605073506916e+00
4.433320676710606811e+00
4.436900185239503358e+00
4.440940728363033330e+00
4.445392372794024105e+00
4.450215813674286203e+00
4.455381105678585918e+00
4.460866080909518416e+00
4.466654580524586748e+00
4.472734620194912303e+00
4.479096593226049805e+00
4.485731598572803236e+00
4.492629964200891557e+00
4.499780014257442673e+00
4.507167101965513289e+00
4.514772907968706228e+00
4.522574994369628065e+00
4.530546607224309241e+00
4.538656726396794738e+00
4.546870363634931245e+00
4.555149105200325899e+00
4.563451885610670722e+00
4.571735966292134634e+00
4.579958080345717164e+00
4.588075694255508097e+00
4.596048327937494626e+00
4.603838864464128378e+00
4.611414772434230258e+00
4.618749162097075533e+00
4.625821604162510425e+00
4.632618657859389977e+00
4.639134078646443449e+00
4.645368698662146301e+00
4.651329988579018249e+00
4.657031319099073308e+00
4.662490949158722309e+00
4.667730779170298661e+00
4.672774921122388569e+00
4.677648150754396994e+00
4.682374316132319692e+00
4.686974777582969764e+00
4.691466946108028502e+00
4.695862977145710992e+00
4.700168671053262415e+00
4.704382632434210620e+00
4.708495742502250891e+00
4.712490995525644877e+00
4.716343738525277551e+00
4.720022333602822862e+00
4.723489237803843110e+00
4.726702469783850447e+00
4.729617408110647681e+00
4.732188843047504534e+00
4.734373182210973141e+00
4.736130693903389144e+00
4.737427664756837409e+00
4.738238351543379245e+00
4.738546618962146795e+00
4.738347176102207570e+00
4.737646354180109043e+00
4.736462401236653186e+00
4.734825296455603905e+00
4.732776104319547095e+00
4.730365902202688488e+00
4.727654330645472136e+00
4.724707834263139894e+00
4.721597678852401003e+00
4.718397841717091090e+00
4.715182874043168937e+00
4.712025826026914999e+00
4.708996310548797304e+00
4.706158762871917034e+00
4.703570933293630851e+00
4.701282627909616707e+00
4.699334692728543317e+00
4.697758221980889104e+00
4.696573965201603862e+00
4.695791912212877506e+00
4.695411052833875942e+00
4.695419335767959446e+00
4.695793877451110987e+00
4.696501484487185074e+00
4.697499547740445536e+00
4.698737343549006518e+00
4.700157739913962907e+00
4.701699256814840133e+00
4.703298380606263152e+00
4.704891997654200075e+00
4.706419802269997454e+00
4.707826548829443070e+00
4.709064049401593621e+00
4.710092853369905797e+00
4.710883572222469340e+00
4.711417827392286206e+00
4.711688808744177948e+00
4.711701442891836678e+00
4.711472182570378919e+00
4.711028437790477419e+00
4.710407679011338722e+00
4.709656254697513589e+00
4.708827976568243479e+00
4.707982530248056463e+00
4.707183768335344354e+00
4.706497944415771073e+00
4.705991954056091053e+00
4.705731657357245190e+00
4.705780359020825365e+00
4.706197512564306074e+00
4.707037697315314517e+00
4.708349894305053240e+00
4.710177063983751466e+00
4.712556006300228084e+00
4.715517461706381752e+00
4.719086391020604232e+00
4.723282355692318468e+00
4.728119910015127658e+00
4.733608914478590890e+00
4.739754685972283887e+00
4.746557915567874986e+00
4.754014305297936005e+00
4.762113899104504000e+00
4.770840109940002627e+00
4.780168476230649333e+00
4.790065215160717038e+00
4.800485671433895263e+00
4.811372780277972439e+00
4.822655666418414810e+00
4.834248486528136546e+00
4.846049599168948063e+00
4.857941123767728797e+00
4.869788934490325794e+00
4.881443127046747321e+00
4.892738993785322954e+00
4.903498538372893734e+00
4.913532549694330953e+00
4.922643234130392287e+00
4.930627379516039355e+00
4.937279997212229432e+00
4.942398362012134783e+00
4.945786340900400369e+00
4.947258871574013561e+00
4.946646427052178829e+00
4.943799291396353546e+00
4.938591475259926256e+00
4.930924116009464342e+00
4.920728234196443118e+00
4.907966755306174989e+00
4.892635746759051329e+00
4.874764855845394429e+00
4.854416961570019673e+00
4.831687076730504238e+00
4.806700559853736898e+00
4.779610717814920307e+00
4.750595893036415163e+00
4.719856130115474002e+00
4.687609509017057086e+00
4.654088223875166186e+00
4.619534481321514008e+00
4.584196286412972832e+00
4.548323176648053412e+00
4.512161962758131750e+00
4.475952547623388789e+00
4.439923920399799329e+00
4.404290448793278578e+00
4.369248604281800397e+00
4.334974247137895809e+00
4.301620572453718871e+00
4.269316781930885263e+00
4.238167508375489945e+00
4.208252987224786246e+00
4.179629941861558784e+00
4.152333122300290391e+00
4.126377405133196064e+00
4.101760326058800921e+00
4.078464884111141053e+00
4.056462443482062419e+00
4.035715570773848349e+00
4.016180674344115076e+00
3.997810345364305018e+00
3.980555332458284301e+00
3.964366116503526438e+00
3.949194090343448149e+00
3.934992381926653238e+00
3.921716378723431262e+00
3.909324015086401705e+00
3.897775880051697506e+00
3.887035196983996688e+00
3.877067719258896261e+00
3.867841579596215329e+00
3.859327129886514385e+00
3.851496814391281998e+00
3.844325124477113498e+00
3.837788679078401710e+00
3.831866460447484357e+00
3.826540213623299547e+00
3.821794994589413186e+00
3.817619827780508679e+00
3.814008410244478231e+00
3.810959783513976795e+00
3.808478891186598325e+00
3.806576948503062496e+00
3.805271561965790195e+00
3.804586546644064704e+00
3.804551396842128952e+00
3.805200378330692690e+00
3.806571234238790069e+00
3.808703531733939052e+00
3.811636713130586607e+00
3.815407941502998224e+00
3.820049841607148888e+00
3.825588232613208017e+00
3.832039934468121523e+00
3.839410712873195575e+00
3.847693417488162293e+00
3.856866366131890711e+00
3.866892028888907262e+00
3.877716064766608906e+00
3.889266759731122569e+00
3.901454909274926219e+00
3.914174178703605289e+00
3.927301958837075002e+00
3.940700717960416544e+00
3.954219837544937999e+00
3.967697908304335552e+00
3.980965448490894065e+00
3.993847984304081944e+00
4.006169405745430900e+00
4.017755487247474555e+00
4.028437446919687304e+00
4.038055413493187196e+00
4.046461676299253796e+00
4.053523611976729946e+00
4.059126213397469485e+00
4.063174189793321567e+00
4.065593654051816941e+00
4.066333450299300267e+00
4.065366192473960361e+00
4.062689083601487283e+00
4.058324574282838881e+00
4.052320904972630089e+00
4.044752563011076774e+00
4.035720671889584388e+00
4.025353314929422943e+00
4.013805775945662013e+00
4.001260655928521537e+00
3.987927802977608849e+00
3.974043979113937919e+00
3.959872182232054172e+00
3.945700538343231312e+00
3.931840673656789686e+00
3.918625469961894758e+00
3.906406106475428075e+00
3.895548298866488679e+00
3.886427656117288354e+00
3.879424083005618584e+00
3.874915162678472580e+00
3.873268466952515254e+00
3.874832766307954923e+00
3.879928148168516167e+00
3.888835100985956750e+00
3.901782682870081675e+00
3.918935966463042764e+00
3.940383033669278223e+00
3.966121876227488574e+00
3.996047626238829142e+00
4.029940582364582191e+00
4.067455512955712393e+00
4.108112718536499841e+00
4.151291333353396062e+00
4.196225338851895081e+00
4.242002741606178517e+00
4.287568325963695415e+00
4.331730327835037642e+00
4.373171297882476161e+00
4.410463335562798903e+00
4.442087780278856535e+00
4.466459341070030398e+00
4.481954533070946489e+00
4.486944169344869948e+00
4.479829529660902310e+00
4.459081688489000328e+00
4.423283329409295028e+00
4.371172207602284310e+00
4.301685258307178295e+00
4.214002196200665296e+00
4.107587312026875104e+00
3.982228052537966079e+00
3.838068875748068542e+00
3.675638814887752126e+00
3.495871167635605570e+00
3.300113753526641602e+00
3.090128253502302691e+00
2.868077271831241060e+00
2.636497959326860485e+00
2.398261321260485968e+00
2.156516708027015117e+00
1.914621448553535332e+00
1.676056130196131200e+00
1.444326653932782589e+00
1.222854905841266770e+00
1.014860689154387430e+00
8.232384526887863707e-01
6.504333244675468695e-01
4.983220073399319827e-01
3.681052124648164781e-01
2.602194969209337128e-01
1.742776327636898215e-01
1.090479574151152070e-01
6.248452494924557760e-02
3.182128628123399167e-02
1.374497309334917622e-02
4.662842325315155398e-03
1.082942125877388089e-03
1.260702364213592600e-04
