-4.890737831592559814e-01 -8.621685504913330078e-01 -1.321826875209808350e-01
-5.019451975822448730e-01 -8.597514033317565918e-01 -9.422598779201507568e-02
-5.033761858940124512e-01 -8.626537919044494629e-01 -4.940490052103996277e-02
-4.928858280181884766e-01 -8.700605630874633789e-01 7.625971920788288116e-03
-4.736362099647521973e-01 -8.777940273284912109e-01 7.173858582973480225e-02
-4.482999742031097412e-01 -8.825578689575195312e-01 1.418404728174209595e-01
-4.164340198040008545e-01 -8.829631805419921875e-01 2.166995406150817871e-01
-3.781611919403076172e-01 -8.775883913040161133e-01 2.946738898754119873e-01
-3.341775238513946533e-01 -8.653280735015869141e-01 3.735409080982208252e-01
-2.857855558395385742e-01 -8.456521630287170410e-01 4.507759809494018555e-01
-2.347552925348281860e-01 -8.187638521194458008e-01 5.239425301551818848e-01
-1.830957531929016113e-01 -7.855796217918395996e-01 5.910503864288330078e-01
-1.327511072158813477e-01 -7.475551366806030273e-01 6.507983803749084473e-01
-8.536520600318908691e-02 -7.063992619514465332e-01 7.026470899581909180e-01
-4.215758293867111206e-02 -6.638131141662597656e-01 7.467093467712402344e-01
-3.914066124707460403e-03 -6.213018894195556641e-01 7.835615277290344238e-01
2.895929105579853058e-02 -5.800794363021850586e-01 8.140450119972229004e-01
5.633189156651496887e-02 -5.410577654838562012e-01 8.390966057777404785e-01
7.826742529869079590e-02 -5.048464536666870117e-01 8.596535325050354004e-01
9.493582695722579956e-02 -4.718210697174072266e-01 8.765683174133300781e-01
1.065528169274330139e-01 -4.421508014202117920e-01 8.905892372131347656e-01
1.133550330996513367e-01 -4.158612787723541260e-01 9.023359417915344238e-01
1.155464500188827515e-01 -3.928585052490234375e-01 9.123108386993408203e-01
1.133134812116622925e-01 -3.729835748672485352e-01 9.208925962448120117e-01
1.067850440740585327e-01 -3.560264408588409424e-01 9.283545017242431641e-01
9.605577588081359863e-02 -3.417601585388183594e-01 9.348653554916381836e-01
8.117879182100296021e-02 -3.299448192119598389e-01 9.405032992362976074e-01
6.217518448829650879e-02 -3.203603625297546387e-01 9.452531337738037109e-01
3.905889391899108887e-02 -3.127850294113159180e-01 9.490205645561218262e-01
1.184607204049825668e-02 -3.070177435874938965e-01 9.516300559043884277e-01
-1.941050961613655090e-02 -3.028646409511566162e-01 9.528358578681945801e-01
-5.459724366664886475e-02 -3.001369535923004150e-01 9.523323774337768555e-01
-9.350330382585525513e-02 -2.986428141593933105e-01 9.497734904289245605e-01
-1.358010321855545044e-01 -2.981760799884796143e-01 9.448010921478271484e-01
-1.810260713100433350e-01 -2.985182404518127441e-01 9.370786547660827637e-01
-2.285622954368591309e-01 -2.994287014007568359e-01 9.263377785682678223e-01
-2.776819765567779541e-01 -3.006469309329986572e-01 9.124165773391723633e-01
-3.275614678859710693e-01 -3.019118905067443848e-01 8.952947854995727539e-01
-3.773508071899414062e-01 -3.029513955116271973e-01 8.751152753829956055e-01
-4.262173175811767578e-01 -3.035132586956024170e-01 8.521845340728759766e-01
-4.734301567077636719e-01 -3.033527135848999023e-01 8.269467949867248535e-01
-5.183935165405273438e-01 -3.022641539573669434e-01 7.999402880668640137e-01
-5.606793165206909180e-01 -3.000580966472625732e-01 7.717536687850952148e-01
-6.000255942344665527e-01 -2.965793907642364502e-01 7.429736256599426270e-01
-6.363277435302734375e-01 -2.916844189167022705e-01 7.141479849815368652e-01
-6.696032285690307617e-01 -2.852481007575988770e-01 6.857588291168212891e-01
-6.999741196632385254e-01 -2.771463096141815186e-01 6.581992506980895996e-01
-7.276104092597961426e-01 -2.672701478004455566e-01 6.317829489707946777e-01
-7.527136802673339844e-01 -2.555035650730133057e-01 6.067453622817993164e-01
-7.754907608032226562e-01 -2.417403012514114380e-01 5.832458138465881348e-01
-7.961288690567016602e-01 -2.258781343698501587e-01 5.613893270492553711e-01
-8.147910237312316895e-01 -2.078337371349334717e-01 5.412214398384094238e-01
-8.315979838371276855e-01 -1.875446140766143799e-01 5.227540135383605957e-01
-8.466323614120483398e-01 -1.649819612503051758e-01 5.059590935707092285e-01
-8.599401712417602539e-01 -1.401589661836624146e-01 4.907732903957366943e-01
-8.715351223945617676e-01 -1.131439656019210815e-01 4.771005213260650635e-01
-8.814042806625366211e-01 -8.407507836818695068e-02 4.648203253746032715e-01
-8.895213603973388672e-01 -5.314953252673149109e-02 4.537916779518127441e-01
-8.958708643913269043e-01 -2.063941024243831635e-02 4.438348710536956787e-01
-9.004517197608947754e-01 1.311771944165229797e-02 4.347581565380096436e-01
-9.032961130142211914e-01 4.772911965847015381e-02 4.263543784618377686e-01
-9.044809341430664062e-01 8.276088535785675049e-02 4.184075891971588135e-01
-9.041353464126586914e-01 1.177694201469421387e-01 4.106939435005187988e-01
-9.024422764778137207e-01 1.523019671440124512e-01 4.029913842678070068e-01
-8.996287584304809570e-01 1.859346777200698853e-01 3.950904607772827148e-01
-8.959649205207824707e-01 2.182804793119430542e-01 3.867821395397186279e-01
-8.917420506477355957e-01 2.490092813968658447e-01 3.778763413429260254e-01
-8.872665762901306152e-01 2.778493463993072510e-01 3.681817054748535156e-01
-8.828417658805847168e-01 3.045794665813446045e-01 3.575217723846435547e-01
-8.787539005279541016e-01 3.290451765060424805e-01 3.457179069519042969e-01
-8.752629756927490234e-01 3.511343896389007568e-01 3.325950801372528076e-01
-8.725970983505249023e-01 3.707696795463562012e-01 3.179685473442077637e-01
-8.709372878074645996e-01 3.879102170467376709e-01 3.016521036624908447e-01
-8.704206347465515137e-01 4.025278091430664062e-01 2.834420502185821533e-01
-8.711305856704711914e-01 4.146057367324829102e-01 2.631227672100067139e-01
-8.730880618095397949e-01 4.241304099559783936e-01 2.404799163341522217e-01
-8.762528896331787109e-01 4.310839474201202393e-01 2.152847647666931152e-01
-8.805099725723266602e-01 4.354466497898101807e-01 1.873189657926559448e-01
-8.856676220893859863e-01 4.371929168701171875e-01 1.563818007707595825e-01
-8.914467692375183105e-01 4.363021552562713623e-01 1.223234981298446655e-01
-8.974865078926086426e-01 4.327617883682250977e-01 8.506049960851669312e-02
-9.033418893814086914e-01 4.265951514244079590e-01 4.460930079221725464e-02
-9.085056185722351074e-01 4.178710281848907471e-01 1.140454434789717197e-03
-9.124376177787780762e-01 4.067331552505493164e-01 -4.500828683376312256e-02
-9.146066904067993164e-01 3.934327661991119385e-01 -9.330080449581146240e-02
-9.145522117614746094e-01 3.783445954322814941e-01 -1.430020183324813843e-01
-9.119468927383422852e-01 3.619756102561950684e-01 -1.932004839181900024e-01
-9.066495299339294434e-01 3.449665009975433350e-01 -2.428681403398513794e-01
-8.987399339675903320e-01 3.280542492866516113e-01 -2.909413576126098633e-01
-8.885211348533630371e-01 3.120377659797668457e-01 -3.363964259624481201e-01
-8.764805197715759277e-01 2.977287769317626953e-01 -3.783377707004547119e-01
-8.632296919822692871e-01 2.858859300613403320e-01 -4.160572588443756104e-01
-8.494308590888977051e-01 2.771920859813690186e-01 -4.490342140197753906e-01
-8.357188105583190918e-01 2.722014188766479492e-01 -4.769491255283355713e-01
-8.226391673088073730e-01 2.713474631309509277e-01 -4.996351599693298340e-01
-8.106116652488708496e-01 2.749360501766204834e-01 -5.170288681983947754e-01
-7.998933196067810059e-01 2.831334173679351807e-01 -5.291560292243957520e-01
-7.905848622322082520e-01 2.959885299205780029e-01 -5.360655188560485840e-01
-7.826281189918518066e-01 3.134070932865142822e-01 -5.378375053405761719e-01
-7.758324742317199707e-01 3.351642787456512451e-01 -5.345548391342163086e-01
-7.698856592178344727e-01 3.608788251876831055e-01 -5.263481736183166504e-01
-7.644003033638000488e-01 3.900319635868072510e-01 -5.133880972862243652e-01
-7.589504718780517578e-01 4.219486713409423828e-01 -4.959369897842407227e-01
-7.531124353408813477e-01 4.558245837688446045e-01 -4.743898510932922363e-01
-7.465356588363647461e-01 4.907720386981964111e-01 -4.492519497871398926e-01
-7.389566302299499512e-01 5.258641242980957031e-01 -4.212006628513336182e-01
-7.302557229995727539e-01 5.602150559425354004e-01 -3.910059928894042969e-01
-7.204469442367553711e-01 5.930295586585998535e-01 -3.595442473888397217e-01
-7.096813917160034180e-01 6.236680150032043457e-01 -3.277050256729125977e-01
-6.982172131538391113e-01 6.516636013984680176e-01 -2.963566482067108154e-01
-6.863798499107360840e-01 6.767387390136718750e-01 -2.662844061851501465e-01
-6.745160818099975586e-01 6.987854838371276855e-01 -2.381740808486938477e-01
-6.629764437675476074e-01 7.178252935409545898e-01 -2.125771790742874146e-01
-6.520662903785705566e-01 7.339841723442077637e-01 -1.899389177560806274e-01
-6.420409679412841797e-01 7.474538683891296387e-01 -1.705759763717651367e-01
-6.331018209457397461e-01 7.584471106529235840e-01 -1.547258049249649048e-01
-6.253837347030639648e-01 7.671849131584167480e-01 -1.425568610429763794e-01
-6.189619302749633789e-01 7.738729119300842285e-01 -1.341896951198577881e-01
-6.138569712638854980e-01 7.786874175071716309e-01 -1.297132372856140137e-01
-6.100327372550964355e-01 7.817724943161010742e-01 -1.291964650154113770e-01
-6.074069738388061523e-01 7.832291126251220703e-01 -1.326986402273178101e-01
-6.058500409126281738e-01 7.831170558929443359e-01 -1.402619779109954834e-01
-6.051896214485168457e-01 7.814506888389587402e-01 -1.519220471382141113e-01
-6.051985025405883789e-01 7.782119512557983398e-01 -1.676930338144302368e-01
-6.056218743324279785e-01 7.733385562896728516e-01 -1.875360757112503052e-01
-6.061551570892333984e-01 7.667456269264221191e-01 -2.113695144653320312e-01
-6.064701676368713379e-01 7.583262920379638672e-01 -2.390294969081878662e-01
-6.062158346176147461e-01 7.479721307754516602e-01 -2.702592909336090088e-01
-6.050391197204589844e-01 7.355909943580627441e-01 -3.046860992908477783e-01
-6.026062965393066406e-01 7.211256027221679688e-01 -3.418238461017608643e-01
-5.986399054527282715e-01 7.045763731002807617e-01 -3.810544013977050781e-01
-5.929265022277832031e-01 6.860256791114807129e-01 -4.216716289520263672e-01
-5.853582620620727539e-01 6.656377911567687988e-01 -4.629061520099639893e-01
-5.759407281875610352e-01 6.436702609062194824e-01 -5.039651989936828613e-01
-5.647935271263122559e-01 6.204643845558166504e-01 -5.440884232521057129e-01
-5.521449446678161621e-01 5.964065194129943848e-01 -5.826107263565063477e-01
-5.383151769638061523e-01 5.719156265258789062e-01 -6.189745068550109863e-01
-5.236701369285583496e-01 5.474039316177368164e-01 -6.527775526046752930e-01
-5.086069107055664062e-01 5.232458710670471191e-01 -6.837636232376098633e-01
-4.935119748115539551e-01 4.997578263282775879e-01 -7.118203639984130859e-01
-4.787508249282836914e-01 4.771892428398132324e-01 -7.369450926780700684e-01
-4.646359980106353760e-01 4.557174742221832275e-01 -7.592331767082214355e-01
-4.514340758323669434e-01 4.354439079761505127e-01 -7.788426876068115234e-01
-4.393694698810577393e-01 4.164117872714996338e-01 -7.959620952606201172e-01
-4.285994172096252441e-01 3.986051380634307861e-01 -8.108122348785400391e-01
-4.192559719085693359e-01 3.819799423217773438e-01 -8.235993385314941406e-01
-4.114267528057098389e-01 3.664460778236389160e-01 -8.345329761505126953e-01
-4.051698148250579834e-01 3.518958985805511475e-01 -8.438048958778381348e-01
-4.005167484283447266e-01 3.381991386413574219e-01 -8.515912294387817383e-01
-3.974889516830444336e-01 3.252314031124114990e-01 -8.580367565155029297e-01
-3.960910141468048096e-01 3.128512203693389893e-01 -8.632705807685852051e-01
-3.963185250759124756e-01 3.009175360202789307e-01 -8.673985004425048828e-01
-3.981484174728393555e-01 2.892923653125762939e-01 -8.705101013183593750e-01
-4.015623629093170166e-01 2.778479754924774170e-01 -8.726672530174255371e-01
-4.065278470516204834e-01 2.664583027362823486e-01 -8.739193081855773926e-01
-4.130073487758636475e-01 2.550092935562133789e-01 -8.742970228195190430e-01
-4.209491610527038574e-01 2.434071600437164307e-01 -8.738161921501159668e-01
-4.302944540977478027e-01 2.315680384635925293e-01 -8.724808692932128906e-01
-4.409601986408233643e-01 2.194211035966873169e-01 -8.702921867370605469e-01
-4.528731107711791992e-01 2.069385647773742676e-01 -8.672268390655517578e-01
-4.659128487110137939e-01 1.940847635269165039e-01 -8.632823228836059570e-01
-4.799787998199462891e-01 1.808718889951705933e-01 -8.584321141242980957e-01
-4.949304461479187012e-01 1.673234403133392334e-01 -8.526703119277954102e-01
-5.106301307678222656e-01 1.534803956747055054e-01 -8.459908962249755859e-01
-5.269313454627990723e-01 1.394076794385910034e-01 -8.383966088294982910e-01
-5.436825752258300781e-01 1.251817047595977783e-01 -8.299028277397155762e-01
-5.607373714447021484e-01 1.108810454607009888e-01 -8.205358386039733887e-01
-5.779379606246948242e-01 9.658416360616683960e-02 -8.103450536727905273e-01
-5.951614975929260254e-01 8.237637579441070557e-02 -7.993727326393127441e-01
-6.122660040855407715e-01 6.832902878522872925e-02 -7.876936793327331543e-01
-6.291407942771911621e-01 5.450037866830825806e-02 -7.753782868385314941e-01
-6.456851363182067871e-01 4.093666374683380127e-02 -7.625057101249694824e-01
-6.617981791496276855e-01 2.766017057001590729e-02 -7.491715550422668457e-01
-6.774065494537353516e-01 1.469745766371488571e-02 -7.354619503021240234e-01
-6.924393177032470703e-01 2.046808833256363869e-03 -7.214732170104980469e-01
-7.068287134170532227e-01 -1.030181068927049637e-02 -7.073097229003906250e-01
-7.205246090888977051e-01 -2.236220613121986389e-02 -6.930686831474304199e-01
-7.334829568862915039e-01 -3.415409848093986511e-02 -6.788491606712341309e-01
-7.456511259078979492e-01 -4.570122808218002319e-02 -6.647673845291137695e-01
-7.570003271102905273e-01 -5.701752379536628723e-02 -6.509220600128173828e-01
-7.674918174743652344e-01 -6.812254339456558228e-02 -6.374289393424987793e-01
-7.770924568176269531e-01 -7.902946323156356812e-02 -6.244050264358520508e-01
-7.857829928398132324e-01 -8.973270654678344727e-02 -6.119583845138549805e-01
-7.935302853584289551e-01 -1.002331152558326721e-01 -6.002191901206970215e-01
-8.003140687942504883e-01 -1.105151921510696411e-01 -5.893078446388244629e-01
-8.061083555221557617e-01 -1.205615550279617310e-01 -5.793567895889282227e-01
-8.108994364738464355e-01 -1.303313672542572021e-01 -5.704874396324157715e-01
-8.146529793739318848e-01 -1.398088186979293823e-01 -5.628445744514465332e-01
-8.173552155494689941e-01 -1.489416211843490601e-01 -5.565490126609802246e-01
-8.189675211906433105e-01 -1.577057689428329468e-01 -5.517438054084777832e-01
-8.194668889045715332e-01 -1.660455316305160522e-01 -5.485461354255676270e-01
-8.188105821609497070e-01 -1.739291846752166748e-01 -5.470812320709228516e-01
-8.169639110565185547e-01 -1.813123375177383423e-01 -5.474447607994079590e-01
-8.138824701309204102e-01 -1.881506443023681641e-01 -5.497224330902099609e-01
-8.095191121101379395e-01 -1.944008916616439819e-01 -5.539737939834594727e-01
-8.038235306739807129e-01 -2.000164985656738281e-01 -5.602331161499023438e-01
-7.967514395713806152e-01 -2.049495726823806763e-01 -5.684917569160461426e-01
-7.882705926895141602e-01 -2.091382592916488647e-01 -5.786973834037780762e-01
-7.783498167991638184e-01 -2.125257402658462524e-01 -5.907658934593200684e-01
-7.669875025749206543e-01 -2.150450199842453003e-01 -6.045541763305664062e-01
-7.542091608047485352e-01 -2.166243344545364380e-01 -6.198729276657104492e-01
-7.400711774826049805e-01 -2.171924859285354614e-01 -6.364919543266296387e-01
-7.246678471565246582e-01 -2.166806906461715698e-01 -6.541451215744018555e-01
-7.081444859504699707e-01 -2.150175869464874268e-01 -6.725316047668457031e-01
-6.906830668449401855e-01 -2.121501713991165161e-01 -6.913387179374694824e-01
-6.725106239318847656e-01 -2.080447822809219360e-01 -7.102441787719726562e-01
-6.538988351821899414e-01 -2.026675790548324585e-01 -7.289322018623352051e-01
-6.351356506347656250e-01 -1.960224509239196777e-01 -7.471130490303039551e-01
-6.165277361869812012e-01 -1.881189197301864624e-01 -7.645291686058044434e-01
-5.983877182006835938e-01 -1.790015846490859985e-01 -7.809549570083618164e-01
-5.810173153877258301e-01 -1.687232255935668945e-01 -7.962107062339782715e-01
-5.646904706954956055e-01 -1.573641747236251831e-01 -8.101612925529479980e-01
-5.496584177017211914e-01 -1.450165510177612305e-01 -8.227064013481140137e-01
-5.361355543136596680e-01 -1.317781060934066772e-01 -8.337824940681457520e-01
-5.242744684219360352e-01 -1.177730187773704529e-01 -8.433657288551330566e-01
-5.142086148262023926e-01 -1.031262055039405823e-01 -8.514425754547119141e-01
-5.060058832168579102e-01 -8.798101544380187988e-02 -8.580310940742492676e-01
-4.997023046016693115e-01 -7.247843593358993530e-02 -8.631595969200134277e-01
-4.952733814716339111e-01 -5.679585412144660950e-02 -8.668786287307739258e-01
-4.926674365997314453e-01 -4.111438244581222534e-02 -8.692458868026733398e-01
-4.917877912521362305e-01 -2.563316002488136292e-02 -8.703377246856689453e-01
-4.924984574317932129e-01 -1.057593896985054016e-02 -8.702490329742431641e-01
-4.946219027042388916e-01 3.817085409536957741e-03 -8.690999150276184082e-01
-4.979570806026458740e-01 1.728629507124423981e-02 -8.670293688774108887e-01
-5.022706389427185059e-01 2.955629862844944000e-02 -8.642052412033081055e-01
-5.072968602180480957e-01 4.034969210624694824e-02 -8.608261942863464355e-01
-5.127609968185424805e-01 4.938104748725891113e-02 -8.571100831031799316e-01
-5.183612704277038574e-01 5.638119205832481384e-02 -8.533011078834533691e-01
-5.237923860549926758e-01 6.110683083534240723e-02 -8.496513962745666504e-01
-5.287417769432067871e-01 6.334181874990463257e-02 -8.464159965515136719e-01
-5.329063534736633301e-01 6.292788684368133545e-02 -8.438310623168945312e-01
-5.359935760498046875e-01 5.976165831089019775e-02 -8.421041369438171387e-01
-5.377287864685058594e-01 5.380897596478462219e-02 -8.413989543914794922e-01
-5.378726720809936523e-01 4.512299224734306335e-02 -8.418176770210266113e-01
-5.362271666526794434e-01 3.383317589759826660e-02 -8.433954119682312012e-01
-5.326514840126037598e-01 2.015470527112483978e-02 -8.460947275161743164e-01
-5.270721912384033203e-01 4.391869530081748962e-03 -8.498092293739318848e-01
-5.194949507713317871e-01 -1.308594737201929092e-02 -8.543733358383178711e-01
-5.100067257881164551e-01 -3.185229375958442688e-02 -8.595804572105407715e-01
-4.987860023975372314e-01 -5.144062265753746033e-02 -8.651973009109497070e-01
-4.860839545726776123e-01 -7.136023789644241333e-02 -8.709937930107116699e-01
-4.722200036048889160e-01 -9.113957732915878296e-02 -8.767564296722412109e-01
-4.575547277927398682e-01 -1.103351265192031860e-01 -8.823093771934509277e-01
-4.424683749675750732e-01 -1.285434514284133911e-01 -8.875237107276916504e-01
-4.273337721824645996e-01 -1.454240530729293823e-01 -8.923215866088867188e-01
-4.124901294708251953e-01 -1.607037782669067383e-01 -8.966751098632812500e-01
-3.982302546501159668e-01 -1.741635799407958984e-01 -9.005996584892272949e-01
-3.847773373126983643e-01 -1.856452077627182007e-01 -9.041472077369689941e-01
-3.722817599773406982e-01 -1.950390785932540894e-01 -9.073951840400695801e-01
-3.608253300189971924e-01 -2.022705972194671631e-01 -9.104349613189697266e-01
-3.504123985767364502e-01 -2.072875499725341797e-01 -9.133689999580383301e-01
-3.409939110279083252e-01 -2.100562006235122681e-01 -9.162966609001159668e-01
-3.324582874774932861e-01 -2.105578333139419556e-01 -9.193132519721984863e-01
-3.246614933013916016e-01 -2.087701559066772461e-01 -9.225019812583923340e-01
-3.174347281455993652e-01 -2.046692371368408203e-01 -9.259296059608459473e-01
-3.105927407741546631e-01 -1.982329785823822021e-01 -9.296429157257080078e-01
-3.039467632770538330e-01 -1.894338577985763550e-01 -9.336654543876647949e-01
-2.973267436027526855e-01 -1.782439202070236206e-01 -9.379903078079223633e-01
-2.905837297439575195e-01 -1.646395325660705566e-01 -9.425788521766662598e-01
-2.835968136787414551e-01 -1.486116796731948853e-01 -9.473580718040466309e-01
-2.762828767299652100e-01 -1.301653981208801270e-01 -9.522209763526916504e-01
-2.686083912849426270e-01 -1.093343570828437805e-01 -9.570243358612060547e-01
-2.605880796909332275e-01 -8.619353175163269043e-02 -9.615947604179382324e-01
-2.522816658020019531e-01 -6.087461113929748535e-02 -9.657371044158935547e-01
-2.438156306743621826e-01 -3.356522694230079651e-02 -9.692405462265014648e-01
-2.353524118661880493e-01 -4.535804968327283859e-03 -9.718994498252868652e-01
-2.271252721548080444e-01 2.586844749748706818e-02 -9.735218882560729980e-01
-2.193852365016937256e-01 5.721653252840042114e-02 -9.739591479301452637e-01
-2.124337404966354370e-01 8.900548517704010010e-02 -9.731135368347167969e-01
-2.065803259611129761e-01 1.206660941243171692e-01 -9.709604978561401367e-01
-2.021610736846923828e-01 1.515879780054092407e-01 -9.675495028495788574e-01
-1.994816511869430542e-01 1.811291575431823730e-01 -9.630157351493835449e-01
-1.988345086574554443e-01 2.086634337902069092e-01 -9.575617313385009766e-01
-2.004643380641937256e-01 2.335724085569381714e-01 -9.514504671096801758e-01
-2.045722156763076782e-01 2.552882432937622070e-01 -9.449751973152160645e-01
-2.112714946269989014e-01 2.732911109924316406e-01 -9.384435415267944336e-01
-2.206181436777114868e-01 2.871303260326385498e-01 -9.321393966674804688e-01
-2.325633466243743896e-01 2.964159250259399414e-01 -9.263108968734741211e-01
-2.469677776098251343e-01 3.008397221565246582e-01 -9.211419224739074707e-01
-2.635691463947296143e-01 3.001758456230163574e-01 -9.167473912239074707e-01
-2.820217013359069824e-01 2.943046987056732178e-01 -9.131530523300170898e-01
-3.018361926078796387e-01 2.832112312316894531e-01 -9.103220701217651367e-01
-3.224551081657409668e-01 2.670341730117797852e-01 -9.081384539604187012e-01
-3.432288467884063721e-01 2.460573464632034302e-01 -9.064490199089050293e-01
-3.634802103042602539e-01 2.207401543855667114e-01 -9.050723314285278320e-01
-3.825380504131317139e-01 1.916954666376113892e-01 -9.038348793983459473e-01
-3.998071253299713135e-01 1.596763134002685547e-01 -9.025839567184448242e-01
-4.147904515266418457e-01 1.255223453044891357e-01 -9.012174606323242188e-01
-4.271577596664428711e-01 9.011556208133697510e-02 -8.996751904487609863e-01
-4.367438554763793945e-01 5.430320277810096741e-02 -8.979454040527343750e-01
-4.435452818870544434e-01 1.885774359107017517e-02 -8.960535526275634766e-01
-4.477156698703765869e-01 -1.556988153606653214e-02 -8.940404057502746582e-01
-4.495141506195068359e-01 -4.847352206707000732e-02 -8.919569849967956543e-01
-4.492914378643035889e-01 -7.949016988277435303e-02 -8.898418545722961426e-01
-4.474261403083801270e-01 -1.084075048565864563e-01 -8.877261281013488770e-01
-4.443066120147705078e-01 -1.351275891065597534e-01 -8.856253027915954590e-01
-4.403107166290283203e-01 -1.596615165472030640e-01 -8.835353255271911621e-01
-4.357716143131256104e-01 -1.820972859859466553e-01 -8.814440965652465820e-01
-4.309748709201812744e-01 -2.025840133428573608e-01 -8.793295025825500488e-01
-4.261560738086700439e-01 -2.213092893362045288e-01 -8.771620392799377441e-01
-4.214859008789062500e-01 -2.384864091873168945e-01 -8.749136924743652344e-01
-4.170913398265838623e-01 -2.543411552906036377e-01 -8.725511431694030762e-01
-4.130357503890991211e-01 -2.691024839878082275e-01 -8.700489997863769531e-01
-4.093505740165710449e-01 -2.829915583133697510e-01 -8.673799037933349609e-01
-4.060225784778594971e-01 -2.962220609188079834e-01 -8.645219206809997559e-01
-4.030052125453948975e-01 -3.089889585971832275e-01 -8.614596128463745117e-01
-4.002322852611541748e-01 -3.214729726314544678e-01 -8.581779599189758301e-01
-3.976171314716339111e-01 -3.338260054588317871e-01 -8.546699881553649902e-01
-3.950586915016174316e-01 -3.461808562278747559e-01 -8.509331941604614258e-01
-3.924614489078521729e-01 -3.586387336254119873e-01 -8.469665646553039551e-01
-3.897228240966796875e-01 -3.712711632251739502e-01 -8.427775502204895020e-01
-3.867488503456115723e-01 -3.841237425804138184e-01 -8.383760452270507812e-01
-3.834603130817413330e-01 -3.972091078758239746e-01 -8.337764739990234375e-01
-3.797948062419891357e-01 -4.105080664157867432e-01 -8.289988040924072266e-01
-3.757154643535614014e-01 -4.239754378795623779e-01 -8.240647912025451660e-01
-3.712137341499328613e-01 -4.375362098217010498e-01 -8.190008401870727539e-01
-3.663086295127868652e-01 -4.510954916477203369e-01 -8.138371109962463379e-01
-3.610584437847137451e-01 -4.645412862300872803e-01 -8.086026906967163086e-01
-3.555577695369720459e-01 -4.777424633502960205e-01 -8.033310770988464355e-01
-3.499328494071960449e-01 -4.905749857425689697e-01 -7.980496287345886230e-01
-3.443471789360046387e-01 -5.029111504554748535e-01 -7.927833199501037598e-01
-3.389930725097656250e-01 -5.146304965019226074e-01 -7.875526547431945801e-01
-3.340848982334136963e-01 -5.256305336952209473e-01 -7.823680639266967773e-01
-3.298515081405639648e-01 -5.358289480209350586e-01 -7.772293090820312500e-01
-3.265313208103179932e-01 -5.451656579971313477e-01 -7.721215486526489258e-01
-3.243583738803863525e-01 -5.535990595817565918e-01 -7.670199275016784668e-01
-3.235507905483245850e-01 -5.611153244972229004e-01 -7.618822455406188965e-01
-3.243024945259094238e-01 -5.677192807197570801e-01 -7.566523551940917969e-01
-3.267741501331329346e-01 -5.734289288520812988e-01 -7.512642145156860352e-01
-3.310807049274444580e-01 -5.782746076583862305e-01 -7.456433773040771484e-01
-3.372892141342163086e-01 -5.822957754135131836e-01 -7.397077679634094238e-01
-3.454068303108215332e-01 -5.855329036712646484e-01 -7.333793044090270996e-01
-3.553814589977264404e-01 -5.880283117294311523e-01 -7.265857458114624023e-01
-3.671008348464965820e-01 -5.898222923278808594e-01 -7.192681431770324707e-01
-3.803932368755340576e-01 -5.909589529037475586e-01 -7.113848924636840820e-01
-3.950330913066864014e-01 -5.914831757545471191e-01 -7.029199600219726562e-01
-4.107529222965240479e-01 -5.914438366889953613e-01 -6.938848495483398438e-01
-4.272555112838745117e-01 -5.908961892127990723e-01 -6.843203902244567871e-01
-4.442233145236968994e-01 -5.899057388305664062e-01 -6.742973327636718750e-01
-4.613369107246398926e-01 -5.885502099990844727e-01 -6.639104485511779785e-01
-4.782872796058654785e-01 -5.869166254997253418e-01 -6.532764434814453125e-01
-4.947903752326965332e-01 -5.851019024848937988e-01 -6.425249576568603516e-01
-5.105910897254943848e-01 -5.832120180130004883e-01 -6.317915320396423340e-01
-5.254745483398437500e-01 -5.813550949096679688e-01 -6.212107539176940918e-01
-5.392650961875915527e-01 -5.796427130699157715e-01 -6.109070777893066406e-01
-5.518276691436767578e-01 -5.781800746917724609e-01 -6.009942293167114258e-01
-5.630639791488647461e-01 -5.770689249038696289e-01 -5.915660262107849121e-01
-5.729089379310607910e-01 -5.764008760452270508e-01 -5.826983451843261719e-01
-5.813269019126892090e-01 -5.762555599212646484e-01 -5.744464397430419922e-01
-5.883045196533203125e-01 -5.767018795013427734e-01 -5.668445229530334473e-01
-5.938477516174316406e-01 -5.777946710586547852e-01 -5.599091649055480957e-01
-5.979806780815124512e-01 -5.795735716819763184e-01 -5.536365509033203125e-01
-6.007384061813354492e-01 -5.820657014846801758e-01 -5.480080842971801758e-01
-6.021674871444702148e-01 -5.852832198143005371e-01 -5.429896116256713867e-01
-6.023245453834533691e-01 -5.892256498336791992e-01 -5.385334491729736328e-01
-6.012752652168273926e-01 -5.938782691955566406e-01 -5.345808267593383789e-01
-5.990915298461914062e-01 -5.992174744606018066e-01 -5.310627818107604980e-01
-5.958531498908996582e-01 -6.052082180976867676e-01 -5.279034376144409180e-01
-5.916469693183898926e-01 -6.118065118789672852e-01 -5.250204801559448242e-01
-5.865601301193237305e-01 -6.189659237861633301e-01 -5.223296880722045898e-01
-5.806854963302612305e-01 -6.266326308250427246e-01 -5.197460055351257324e-01
-5.741112232208251953e-01 -6.347564458847045898e-01 -5.171852111816406250e-01
-5.669229030609130859e-01 -6.432869434356689453e-01 -5.145680308341979980e-01
-5.591965913772583008e-01 -6.521787047386169434e-01 -5.118224024772644043e-01
-5.509963631629943848e-01 -6.613947153091430664e-01 -5.088812708854675293e-01
-5.423727631568908691e-01 -6.709048151969909668e-01 -5.056862831115722656e-01
-5.333498716354370117e-01 -6.806947588920593262e-01 -5.021879076957702637e-01
-5.239324569702148438e-01 -6.907619833946228027e-01 -4.983399808406829834e-01
-5.140959620475769043e-01 -7.011203169822692871e-01 -4.941008090972900391e-01
-5.037826299667358398e-01 -7.118017673492431641e-01 -4.894294440746307373e-01
-4.928995966911315918e-01 -7.228579521179199219e-01 -4.842793345451354980e-01
-4.813159108161926270e-01 -7.343620657920837402e-01 -4.785888195037841797e-01
-4.688546955585479736e-01 -7.464081645011901855e-01 -4.722818136215209961e-01
-4.552916884422302246e-01 -7.591140270233154297e-01 -4.652476012706756592e-01
-4.403503537178039551e-01 -7.726180553436279297e-01 -4.573324024677276611e-01
-4.237014651298522949e-01 -7.870727181434631348e-01 -4.483231604099273682e-01
-4.049504101276397705e-01 -8.026429414749145508e-01 -4.379263222217559814e-01
-3.836514353752136230e-01 -8.194804191589355469e-01 -4.257504045963287354e-01
-3.592966198921203613e-01 -8.377068638801574707e-01 -4.112824499607086182e-01
-3.313329517841339111e-01 -8.573782444000244141e-01 -3.938539922237396240e-01
-2.991934716701507568e-01 -8.784170746803283691e-01 -3.726482391357421875e-01
-2.623390555381774902e-01 -9.005502462387084961e-01 -3.466807603836059570e-01
-2.203419208526611328e-01 -9.232074618339538574e-01 -3.148608207702636719e-01
-1.730046421289443970e-01 -9.454366564750671387e-01 -2.760779857635498047e-01
-1.205112412571907043e-01 -9.658445715904235840e-01 -2.293935269117355347e-01
-6.359653174877166748e-02 -9.826374053955078125e-01 -1.742965728044509888e-01
-3.655613632872700691e-03 -9.938160777091979980e-01 -1.109789833426475525e-01
5.729124695062637329e-02 -9.975320696830749512e-01 -4.059059172868728638e-02
1.168166100978851318e-01 -9.925444722175598145e-01 3.477540984749794006e-02
1.725028157234191895e-01 -9.785808324813842773e-01 1.123496964573860168e-01
2.224002480506896973e-01 -9.564246535301208496e-01 1.891825050115585327e-01
2.653203904628753662e-01 -9.276865124702453613e-01 2.626839578151702881e-01
3.009114265441894531e-01 -8.943755030632019043e-01 3.309755325317382812e-01
3.295049369335174561e-01 -8.584762811660766602e-01 3.929948806762695312e-01
3.518595099449157715e-01 -8.216732740402221680e-01 4.483837783336639404e-01
3.689149916172027588e-01 -7.852451801300048828e-01 4.972842931747436523e-01
3.816142678260803223e-01 -7.500771880149841309e-01 5.401431918144226074e-01
3.907922208309173584e-01 -7.167562246322631836e-01 5.775308012962341309e-01
3.971429467201232910e-01 -6.856461763381958008e-01 6.100546717643737793e-01
4.012035131454467773e-01 -6.569812893867492676e-01 6.382877826690673828e-01
4.033795893192291260e-01 -6.309183835983276367e-01 6.627419590950012207e-01
4.039611518383026123e-01 -6.075706481933593750e-01 6.838663816452026367e-01
4.031526744365692139e-01 -5.870344638824462891e-01 7.020387649536132812e-01
4.010846912860870361e-01 -5.693963170051574707e-01 7.175785303115844727e-01
3.978367149829864502e-01 -5.547410249710083008e-01 7.307450175285339355e-01
3.934489190578460693e-01 -5.431439876556396484e-01 7.417497038841247559e-01
3.879233300685882568e-01 -5.346841812133789062e-01 7.507518529891967773e-01
3.812370598316192627e-01 -5.294353961944580078e-01 7.578630447387695312e-01
3.733406960964202881e-01 -5.274663567543029785e-01 7.631486058235168457e-01
3.641628026962280273e-01 -5.288469791412353516e-01 7.666200995445251465e-01
3.536079227924346924e-01 -5.336393117904663086e-01 7.682385444641113281e-01
3.415620326995849609e-01 -5.418997406959533691e-01 7.679063081741333008e-01
3.278858065605163574e-01 -5.536751151084899902e-01 7.654637098312377930e-01
3.124272823333740234e-01 -5.689948201179504395e-01 7.606799602508544922e-01
2.950159907341003418e-01 -5.878553986549377441e-01 7.532539963722229004e-01
2.754776179790496826e-01 -6.102063059806823730e-01 7.428056597709655762e-01
2.536435723304748535e-01 -6.359210610389709473e-01 7.288822531700134277e-01
2.293754369020462036e-01 -6.647616028785705566e-01 7.109705209732055664e-01
2.025848627090454102e-01 -6.963474750518798828e-01 6.885198354721069336e-01
1.732855439186096191e-01 -7.301114201545715332e-01 6.609913110733032227e-01
1.416194289922714233e-01 -7.652725577354431152e-01 6.279344558715820312e-01
1.079136654734611511e-01 -8.008381724357604980e-01 5.890779495239257812e-01
7.269714772701263428e-02 -8.356378674507141113e-01 5.444489121437072754e-01
3.669796884059906006e-02 -8.684270977973937988e-01 4.944568872451782227e-01
8.079896797426044941e-04 -8.980175256729125977e-01 4.399590790271759033e-01
-3.402418270707130432e-02 -9.234431982040405273e-01 3.822238445281982422e-01
-6.690318882465362549e-02 -9.440919756889343262e-01 3.228223621845245361e-01
-9.711956232786178589e-02 -9.597730636596679688e-01 2.634454965591430664e-01
-1.242343336343765259e-01 -9.706976413726806641e-01 2.056987434625625610e-01
-1.481258273124694824e-01 -9.773821830749511719e-01 1.509399712085723877e-01
-1.689711958169937134e-01 -9.805173277854919434e-01 1.001728177070617676e-01
-1.872058957815170288e-01 -9.808340668678283691e-01 5.402280017733573914e-02
-2.034401297569274902e-01 -9.790040850639343262e-01 1.276938710361719131e-02
-2.183955162763595581e-01 -9.755750298500061035e-01 -2.359354309737682343e-02
-2.328329086303710938e-01 -9.709445834159851074e-01 -5.527544394135475159e-02
-2.475079447031021118e-01 -9.653564691543579102e-01 -8.262448012828826904e-02
-2.631183266639709473e-01 -9.589158892631530762e-01 -1.060619279742240906e-01
-2.802800238132476807e-01 -9.516084194183349609e-01 -1.260340660810470581e-01
-2.995037436485290527e-01 -9.433221817016601562e-01 -1.429709345102310181e-01
-3.211763799190521240e-01 -9.338704347610473633e-01 -1.572634875774383545e-01
-3.455578386783599854e-01 -9.230093955993652344e-01 -1.692438721656799316e-01
-3.727679848670959473e-01 -9.104630947113037109e-01 -1.791677325963973999e-01
-4.028230011463165283e-01 -8.958655595779418945e-01 -1.875063627958297729e-01
-4.342076182365417480e-01 -8.794651031494140625e-01 -1.949484199285507202e-01
-4.611439704895019531e-01 -8.651286363601684570e-01 -1.972273290157318115e-01
