1.317354440689086914e+00 -1.734772920608520508e+00 1.837543249130249023e-01
1.310889482498168945e+00 -1.792110443115234375e+00 2.439421415328979492e-01
1.316781997680664062e+00 -1.815479755401611328e+00 2.676063179969787598e-01
1.312732696533203125e+00 -1.826491117477416992e+00 3.142882585525512695e-01
1.294389486312866211e+00 -1.824894189834594727e+00 3.681640028953552246e-01
1.268183231353759766e+00 -1.830436468124389648e+00 4.164591431617736816e-01
1.257322788238525391e+00 -1.813592195510864258e+00 4.440789818763732910e-01
1.240773439407348633e+00 -1.760020494461059570e+00 4.960300326347351074e-01
1.204403638839721680e+00 -1.697630643844604492e+00 5.501945614814758301e-01
1.161824226379394531e+00 -1.615094661712646484e+00 5.958740115165710449e-01
1.113460063934326172e+00 -1.514181852340698242e+00 6.334251761436462402e-01
1.059430599212646484e+00 -1.399853229522705078e+00 6.672766804695129395e-01
9.914874434471130371e-01 -1.291105747222900391e+00 7.130436301231384277e-01
9.158089756965637207e-01 -1.178961277008056641e+00 7.603452801704406738e-01
8.058853745460510254e-01 -9.224096536636352539e-01 8.950498700141906738e-01
6.683011651039123535e-01 -5.519266724586486816e-01 1.061069488525390625e+00
5.903556942939758301e-01 -3.555420637130737305e-01 1.115003824234008789e+00
5.618986487388610840e-01 -2.973747849464416504e-01 1.089642286300659180e+00
5.313048958778381348e-01 -2.363083362579345703e-01 1.059817790985107422e+00
4.853054881095886230e-01 -2.094407677650451660e-01 1.006064414978027344e+00
4.366188049316406250e-01 -1.870776414871215820e-01 9.462860226631164551e-01
3.894085884094238281e-01 -1.900488734245300293e-01 8.934968113899230957e-01
3.923443555831909180e-01 -1.780667304992675781e-01 8.874476552009582520e-01
4.076506495475769043e-01 -1.487053632736206055e-01 8.829036355018615723e-01
3.924350142478942871e-01 -1.185948252677917480e-01 8.408042788505554199e-01
3.652904033660888672e-01 -9.581458568572998047e-02 7.865908741950988770e-01
3.370253443717956543e-01 -7.845181226730346680e-02 7.318597435951232910e-01
2.629706263542175293e-01 -7.009378075599670410e-02 6.415081620216369629e-01
1.947292685508728027e-01 -6.708040833473205566e-02 5.570675730705261230e-01
1.029223203659057617e-01 -2.851873636245727539e-02 4.686350226402282715e-01
-5.076926946640014648e-02 9.551149606704711914e-02 3.096589446067810059e-01
-2.734718918800354004e-01 3.220757842063903809e-01 2.002769708633422852e-01
-4.199552536010742188e-01 4.774956107139587402e-01 8.998939394950866699e-02
-5.180259943008422852e-01 5.462747216224670410e-01 -1.349868625402450562e-01
-4.108126759529113770e-01 2.552871108055114746e-01 -3.360058367252349854e-01
-1.970418393611907959e-01 1.643222570419311523e-02 -4.912937879562377930e-01
-7.016736268997192383e-02 -7.753738760948181152e-02 -5.330721139907836914e-01
4.496812820434570312e-03 -1.519883275032043457e-01 -5.635541081428527832e-01
6.825727224349975586e-02 -2.452552467584609985e-01 -5.947501063346862793e-01
1.072890162467956543e-01 -3.772358298301696777e-01 -6.159706115722656250e-01
1.926022768020629883e-01 -4.545305967330932617e-01 -6.015466451644897461e-01
5.034340023994445801e-01 -5.142506361007690430e-01 -5.171715021133422852e-01
7.880054116249084473e-01 -5.706192851066589355e-01 -3.807870149612426758e-01
8.962364792823791504e-01 -6.251742839813232422e-01 -3.478990197181701660e-01
9.233554005622863770e-01 -7.528296709060668945e-01 -2.939686775207519531e-01
9.551892876625061035e-01 -8.986890912055969238e-01 -2.352603822946548462e-01
9.794883131980895996e-01 -1.036976695060729980e+00 -1.766094565391540527e-01
1.018334627151489258e+00 -1.135660409927368164e+00 -1.347247064113616943e-01
1.058405637741088867e+00 -1.209142923355102539e+00 -1.016053557395935059e-01
1.075333118438720703e+00 -1.276164770126342773e+00 -4.656308889389038086e-02
1.077334642410278320e+00 -1.356572151184082031e+00 2.283316850662231445e-02
1.094011545181274414e+00 -1.441810131072998047e+00 8.644592761993408203e-02
1.103817701339721680e+00 -1.515274286270141602e+00 1.485579013824462891e-01
1.102961540222167969e+00 -1.575070142745971680e+00 2.082363963127136230e-01
1.090459346771240234e+00 -1.620968580245971680e+00 2.652573585510253906e-01
1.103147983551025391e+00 -1.622925519943237305e+00 2.930564880371093750e-01
1.107810258865356445e+00 -1.597304344177246094e+00 3.170116543769836426e-01
1.074937582015991211e+00 -1.593274354934692383e+00 3.616467118263244629e-01
1.080409049987792969e+00 -1.568379402160644531e+00 4.018716812133789062e-01
1.068971872329711914e+00 -1.504741907119750977e+00 4.496026635169982910e-01
1.037428617477416992e+00 -1.421794652938842773e+00 4.949474930763244629e-01
9.880118966102600098e-01 -1.340375661849975586e+00 5.545132756233215332e-01
9.243649840354919434e-01 -1.255254983901977539e+00 6.217520833015441895e-01
8.526193499565124512e-01 -1.156771898269653320e+00 6.858736872673034668e-01
7.486262917518615723e-01 -8.849123716354370117e-01 8.691151738166809082e-01
6.086624264717102051e-01 -5.116441845893859863e-01 1.080628156661987305e+00
5.577966570854187012e-01 -4.447836875915527344e-01 1.107883453369140625e+00
5.037788748741149902e-01 -3.312992453575134277e-01 1.062170267105102539e+00
4.452376961708068848e-01 -2.001898884773254395e-01 9.902574419975280762e-01
3.863531947135925293e-01 -1.131609678268432617e-01 9.304860234260559082e-01
3.367426991462707520e-01 -7.632023096084594727e-02 8.940299153327941895e-01
3.943778872489929199e-01 -9.244501590728759766e-03 8.982685208320617676e-01
4.587505459785461426e-01 5.340397357940673828e-02 9.030521512031555176e-01
5.372305512428283691e-01 1.099115610122680664e-01 9.251025319099426270e-01
6.180632710456848145e-01 1.636901497840881348e-01 9.528370499610900879e-01
6.302703022956848145e-01 2.002997994422912598e-01 9.155008196830749512e-01
6.258545517921447754e-01 1.953158974647521973e-01 8.843796849250793457e-01
5.787422060966491699e-01 1.716204285621643066e-01 8.289385437965393066e-01
5.255116820335388184e-01 1.562991738319396973e-01 7.758782505989074707e-01
4.571166634559631348e-01 1.899704933166503906e-01 7.124257683753967285e-01
3.830716013908386230e-01 2.182309031486511230e-01 6.429888606071472168e-01
2.314141392707824707e-01 3.508262038230895996e-01 5.127734541893005371e-01
3.328722715377807617e-02 4.757664203643798828e-01 3.507465720176696777e-01
-1.498840451240539551e-01 5.849634408950805664e-01 2.044857740402221680e-01
-3.526348471641540527e-01 6.989080309867858887e-01 7.050091028213500977e-02
-4.490610957145690918e-01 7.105622887611389160e-01 1.089951992034912109e-01
-5.168228745460510254e-01 7.211135029792785645e-01 6.756722927093505859e-02
-6.069421172142028809e-01 7.607052922248840332e-01 3.961050510406494141e-02
-6.957324147224426270e-01 7.925040125846862793e-01 -7.454660534858703613e-02
-7.328436374664306641e-01 8.386294245719909668e-01 -2.028004825115203857e-01
-6.578537821769714355e-01 8.603250384330749512e-01 -3.447880744934082031e-01
-4.996215105056762695e-01 8.449303507804870605e-01 -4.296206235885620117e-01
-1.292300820350646973e-01 7.226952910423278809e-01 -5.820264816284179688e-01
1.726703643798828125e-01 5.701157450675964355e-01 -6.584222316741943359e-01
3.232001066207885742e-01 4.512161016464233398e-01 -6.531743407249450684e-01
4.220446348190307617e-01 3.370677232742309570e-01 -7.126649022102355957e-01
5.869494080543518066e-01 2.338287830352783203e-01 -7.469201087951660156e-01
7.007868885993957520e-01 1.339668929576873779e-01 -7.628847360610961914e-01
7.661150097846984863e-01 1.191681623458862305e-02 -7.601878643035888672e-01
1.003726005554199219e+00 -1.372020393610000610e-01 -6.219649314880371094e-01
1.176679134368896484e+00 -3.811984956264495850e-01 -4.807467460632324219e-01
1.230436801910400391e+00 -5.601496100425720215e-01 -4.124271869659423828e-01
1.286362886428833008e+00 -7.379319071769714355e-01 -3.408903777599334717e-01
1.338638782501220703e+00 -9.093557596206665039e-01 -2.692832946777343750e-01
1.386238574981689453e+00 -1.071884393692016602e+00 -1.983931362628936768e-01
1.432774305343627930e+00 -1.219058632850646973e+00 -1.310222148895263672e-01
1.483742237091064453e+00 -1.342232465744018555e+00 -7.095834612846374512e-02
1.528228521347045898e+00 -1.454545021057128906e+00 -1.547491550445556641e-02
1.573344707489013672e+00 -1.555551290512084961e+00 3.178137540817260742e-02
1.599789381027221680e+00 -1.671158790588378906e+00 1.109656691551208496e-01
1.615562915802001953e+00 -1.776253461837768555e+00 1.895501613616943359e-01
1.620642185211181641e+00 -1.869732618331909180e+00 2.665410041809082031e-01
1.615001440048217773e+00 -1.950723409652709961e+00 3.411454558372497559e-01
1.615487098693847656e+00 -2.015799999237060547e+00 3.855340480804443359e-01
1.606956958770751953e+00 -2.066730499267578125e+00 4.236686229705810547e-01
1.588088035583496094e+00 -2.103231430053710938e+00 4.574230313301086426e-01
1.559066772460937500e+00 -2.124926328659057617e+00 4.864476323127746582e-01
1.492465257644653320e+00 -2.163208961486816406e+00 5.389164090156555176e-01
1.400999546051025391e+00 -2.203926563262939453e+00 6.019197106361389160e-01
1.324383258819580078e+00 -2.211423873901367188e+00 6.432231068611145020e-01
1.254991292953491211e+00 -2.192165374755859375e+00 6.682801842689514160e-01
1.176130533218383789e+00 -2.159918546676635742e+00 6.890004277229309082e-01
1.034265518188476562e+00 -2.149701833724975586e+00 7.412902712821960449e-01
8.894668221473693848e-01 -2.128392696380615234e+00 7.858535647392272949e-01
7.793007493019104004e-01 -2.092077255249023438e+00 7.965688109397888184e-01
6.623850464820861816e-01 -2.045782566070556641e+00 8.043943047523498535e-01
5.398671030998229980e-01 -1.990133047103881836e+00 8.093834519386291504e-01
3.686757683753967285e-01 -1.932473659515380859e+00 7.995564341545104980e-01
-1.857841014862060547e-02 -1.722944021224975586e+00 8.158718943595886230e-01
-1.761444509029388428e-01 -1.607095718383789062e+00 8.047761321067810059e-01
-2.775135636329650879e-01 -1.482314825057983398e+00 7.832406163215637207e-01
-3.585786223411560059e-01 -1.337817668914794922e+00 7.687740921974182129e-01
-4.494860172271728516e-01 -1.177146911621093750e+00 7.568679451942443848e-01
-5.384454727172851562e-01 -1.015162944793701172e+00 7.439264655113220215e-01
-6.247323155403137207e-01 -8.532911539077758789e-01 7.303625941276550293e-01
-7.085325717926025391e-01 -6.903508901596069336e-01 7.143543362617492676e-01
-7.903366088867187500e-01 -5.244007110595703125e-01 6.934607625007629395e-01
-8.679126501083374023e-01 -3.618859052658081055e-01 6.726129651069641113e-01
-9.536318778991699219e-01 -2.328788638114929199e-01 6.413369774818420410e-01
-1.064424991607666016e+00 -1.280068755149841309e-01 5.607774853706359863e-01
-1.170206427574157715e+00 -1.736825704574584961e-02 4.800335764884948730e-01
-1.267454147338867188e+00 8.865857124328613281e-02 4.079553484916687012e-01
-1.339915990829467773e+00 2.030947804450988770e-01 3.584360480308532715e-01
-1.374321222305297852e+00 3.366555571556091309e-01 3.427981734275817871e-01
-1.364737868309020996e+00 4.975275993347167969e-01 2.758257389068603516e-01
-1.307012557983398438e+00 6.207432150840759277e-01 1.701366305351257324e-01
-1.267299532890319824e+00 7.430567145347595215e-01 5.478829145431518555e-02
-1.285931229591369629e+00 8.690471053123474121e-01 -1.030604839324951172e-01
-1.280483722686767578e+00 9.748999476432800293e-01 -2.070772945880889893e-01
-1.285646438598632812e+00 1.071957111358642578e+00 -2.489713430404663086e-01
-1.288120746612548828e+00 1.119039773941040039e+00 -2.397814393043518066e-01
-1.288922309875488281e+00 1.168502569198608398e+00 -2.182121276855468750e-01
-1.289080858230590820e+00 1.220546722412109375e+00 -1.893234252929687500e-01
-1.289015769958496094e+00 1.269859313964843750e+00 -1.553389430046081543e-01
-1.288469552993774414e+00 1.316392898559570312e+00 -1.169259548187255859e-01
-1.286165356636047363e+00 1.359580278396606445e+00 -7.591837644577026367e-02
-1.276928067207336426e+00 1.401703119277954102e+00 -3.192573785781860352e-02
-1.261836767196655273e+00 1.447914123535156250e+00 2.531987428665161133e-02
-1.246842265129089355e+00 1.492273330688476562e+00 8.900445699691772461e-02
-1.229621648788452148e+00 1.535021305084228516e+00 1.554061174392700195e-01
-1.210031032562255859e+00 1.576261758804321289e+00 2.239021062850952148e-01
-1.165437221527099609e+00 1.607726573944091797e+00 2.916768789291381836e-01
-1.116331577301025391e+00 1.637243270874023438e+00 3.602872490882873535e-01
-1.064737081527709961e+00 1.665749549865722656e+00 4.294973015785217285e-01
-1.035562992095947266e+00 1.694703817367553711e+00 4.925802350044250488e-01
-1.038924932479858398e+00 1.724820613861083984e+00 5.466592907905578613e-01
-1.041828155517578125e+00 1.754670619964599609e+00 5.999780297279357910e-01
-1.044592142105102539e+00 1.784442186355590820e+00 6.522591710090637207e-01
-1.048514366149902344e+00 1.814389944076538086e+00 7.006695866584777832e-01
-1.052793502807617188e+00 1.844540596008300781e+00 7.477068305015563965e-01
-1.056429624557495117e+00 1.873746395111083984e+00 7.868062853813171387e-01
-1.063352346420288086e+00 1.907222270965576172e+00 8.243866562843322754e-01
-1.072911739349365234e+00 1.943596839904785156e+00 8.622606396675109863e-01
-1.083660125732421875e+00 1.980598926544189453e+00 8.987448811531066895e-01
-1.095649242401123047e+00 2.018146276473999023e+00 9.337064623832702637e-01
-1.108894824981689453e+00 2.056119441986083984e+00 9.670216441154479980e-01
-1.123377084732055664e+00 2.094366788864135742e+00 9.985761046409606934e-01
-1.139041423797607422e+00 2.132704496383666992e+00 1.028259515762329102e+00
-1.155803680419921875e+00 2.170921087265014648e+00 1.055970191955566406e+00
-1.173550605773925781e+00 2.208785295486450195e+00 1.081613063812255859e+00
-1.200272083282470703e+00 2.244198083877563477e+00 1.093827962875366211e+00
-1.232974290847778320e+00 2.277559995651245117e+00 1.093003034591674805e+00
-1.262880802154541016e+00 2.308361291885375977e+00 1.089664220809936523e+00
-1.284106492996215820e+00 2.333128452301025391e+00 1.082215547561645508e+00
-1.303737640380859375e+00 2.356593608856201172e+00 1.075307369232177734e+00
-1.321604728698730469e+00 2.378552675247192383e+00 1.068981647491455078e+00
-1.337569236755371094e+00 2.398827075958251953e+00 1.063275814056396484e+00
-1.351523876190185547e+00 2.417263507843017578e+00 1.058219194412231445e+00
-1.363400936126708984e+00 2.433745861053466797e+00 1.053836584091186523e+00
-1.373167276382446289e+00 2.448187112808227539e+00 1.050142288208007812e+00
-1.380831956863403320e+00 2.460543155670166016e+00 1.047142744064331055e+00
-1.386440992355346680e+00 2.470803737640380859e+00 1.044834136962890625e+00
-1.391336679458618164e+00 2.480192661285400391e+00 1.040205478668212891e+00
-1.396090030670166016e+00 2.489204406738281250e+00 1.032159566879272461e+00
-1.398845911026000977e+00 2.495120525360107422e+00 1.026288032531738281e+00
-1.414423942565917969e+00 2.492599964141845703e+00 1.002377986907958984e+00
-1.436683893203735352e+00 2.492979764938354492e+00 9.590800404548645020e-01
-1.455359697341918945e+00 2.491941928863525391e+00 9.204393029212951660e-01
-1.470530509948730469e+00 2.489732265472412109e+00 8.867166638374328613e-01
-1.482335090637207031e+00 2.486612796783447266e+00 8.580829501152038574e-01
-1.490966796875000000e+00 2.482859373092651367e+00 8.346179127693176270e-01
-1.496661901473999023e+00 2.478751897811889648e+00 8.163173794746398926e-01
-1.499698400497436523e+00 2.474570989608764648e+00 8.030884861946105957e-01
-1.500385761260986328e+00 2.470590591430664062e+00 7.947595715522766113e-01
-1.499054431915283203e+00 2.467069387435913086e+00 7.910833954811096191e-01
-1.496050357818603516e+00 2.464248657226562500e+00 7.917470335960388184e-01
-1.491721868515014648e+00 2.462343692779541016e+00 7.963805794715881348e-01
-1.486417293548583984e+00 2.461542129516601562e+00 8.045606017112731934e-01
-1.480474472045898438e+00 2.461996793746948242e+00 8.158231377601623535e-01
-1.474216461181640625e+00 2.463826417922973633e+00 8.296690583229064941e-01
-1.467943429946899414e+00 2.467109680175781250e+00 8.455757498741149902e-01
-1.461934804916381836e+00 2.471887111663818359e+00 8.629955649375915527e-01
-1.456442356109619141e+00 2.478160619735717773e+00 8.813710808753967285e-01
-1.451685667037963867e+00 2.485887527465820312e+00 9.001373648643493652e-01
-1.447863101959228516e+00 2.494992494583129883e+00 9.187219738960266113e-01
-1.445141077041625977e+00 2.505361318588256836e+00 9.365563988685607910e-01
-1.443658351898193359e+00 2.516844511032104492e+00 9.530786871910095215e-01
-1.443530797958374023e+00 2.529259204864501953e+00 9.677301049232482910e-01
-1.449728727340698242e+00 2.547013998031616211e+00 9.683249592781066895e-01
-1.456799268722534180e+00 2.564642906188964844e+00 9.675081372261047363e-01
-1.464275598526000977e+00 2.581393480300903320e+00 9.659993052482604980e-01
-1.472062826156616211e+00 2.596864938735961914e+00 9.636004567146301270e-01
-1.480064392089843750e+00 2.610652446746826172e+00 9.600983262062072754e-01
-1.488183021545410156e+00 2.622350931167602539e+00 9.552648663520812988e-01
-1.496321439743041992e+00 2.631561279296875000e+00 9.488589167594909668e-01
-1.504380464553833008e+00 2.637890815734863281e+00 9.406300187110900879e-01
-1.512256860733032227e+00 2.640951871871948242e+00 9.303213953971862793e-01
-1.526688098907470703e+00 2.646852016448974609e+00 9.013499617576599121e-01
-1.544227123260498047e+00 2.650984764099121094e+00 8.611872792243957520e-01
-1.562890529632568359e+00 2.652265310287475586e+00 8.142407536506652832e-01
-1.582407474517822266e+00 2.650301456451416016e+00 7.606247067451477051e-01
-1.602519512176513672e+00 2.644706249237060547e+00 7.003965973854064941e-01
-1.622930049896240234e+00 2.635094165802001953e+00 6.336982846260070801e-01
-1.643304109573364258e+00 2.621088981628417969e+00 5.607590675354003906e-01
-1.678975105285644531e+00 2.603431701660156250e+00 4.464130401611328125e-01
-1.714129447937011719e+00 2.586207151412963867e+00 3.218187689781188965e-01
-1.733230590820312500e+00 2.592291116714477539e+00 2.221009731292724609e-01
-1.767663240432739258e+00 2.602232694625854492e+00 1.356718540191650391e-01
-1.801996946334838867e+00 2.607983589172363281e+00 4.445457458496093750e-02
-1.835633754730224609e+00 2.608980894088745117e+00 -5.093926191329956055e-02
-1.841907024383544922e+00 2.573607683181762695e+00 -1.188758015632629395e-01
-1.818001747131347656e+00 2.498867988586425781e+00 -1.560915112495422363e-01
-1.790365457534790039e+00 2.416852951049804688e+00 -1.941277384757995605e-01
-1.756824731826782227e+00 2.342779159545898438e+00 -2.282099127769470215e-01
-1.717695951461791992e+00 2.271932125091552734e+00 -2.595338225364685059e-01
-1.673964738845825195e+00 2.194335937500000000e+00 -2.908927798271179199e-01
-1.621844291687011719e+00 2.108269453048706055e+00 -3.262041211128234863e-01
-1.560409784317016602e+00 2.013753414154052734e+00 -3.660257458686828613e-01
-1.494770765304565430e+00 1.914370775222778320e+00 -4.038104414939880371e-01
-1.425082206726074219e+00 1.810935258865356445e+00 -4.389366507530212402e-01
-1.351547241210937500e+00 1.704359292984008789e+00 -4.707986712455749512e-01
-1.272220849990844727e+00 1.607774496078491211e+00 -4.781306385993957520e-01
-9.686587452888488770e-01 1.688437700271606445e+00 -4.992448091506958008e-01
-7.862383723258972168e-01 1.699225187301635742e+00 -5.309082865715026855e-01
-6.073024868965148926e-01 1.700735092163085938e+00 -5.554135441780090332e-01
-3.885467648506164551e-01 1.684896707534790039e+00 -4.688116312026977539e-01
-1.133517622947692871e-01 1.630818843841552734e+00 -3.018715977668762207e-01
9.685641527175903320e-02 1.549910306930541992e+00 -2.622110843658447266e-01
3.880661129951477051e-01 1.295371055603027344e+00 -5.565459728240966797e-01
6.259176135063171387e-01 1.058347940444946289e+00 -6.429145932197570801e-01
8.752636313438415527e-01 8.316417336463928223e-01 -6.939369440078735352e-01
1.133100271224975586e+00 5.680973529815673828e-01 -7.028022408485412598e-01
1.382898092269897461e+00 2.252959012985229492e-01 -6.703448295593261719e-01
1.506350994110107422e+00 -1.201912462711334229e-01 -5.816490650177001953e-01
1.604454517364501953e+00 -4.577281773090362549e-01 -4.983144402503967285e-01
1.698695182800292969e+00 -7.797068953514099121e-01 -4.155805110931396484e-01
1.760898113250732422e+00 -9.843505024909973145e-01 -3.472931087017059326e-01
1.823750495910644531e+00 -1.150872707366943359e+00 -2.862005531787872314e-01
1.883512735366821289e+00 -1.309030294418334961e+00 -2.253621816635131836e-01
1.940215349197387695e+00 -1.458127260208129883e+00 -1.651995182037353516e-01
1.992649793624877930e+00 -1.597377061843872070e+00 -1.060342788696289062e-01
2.040347576141357422e+00 -1.726222515106201172e+00 -4.823005199432373047e-02
2.082966089248657227e+00 -1.844315767288208008e+00 7.491350173950195312e-03
2.136080265045166016e+00 -1.932339668273925781e+00 4.112088680267333984e-02
2.183786869049072266e+00 -2.008472442626953125e+00 7.190579175949096680e-02
2.221364974975585938e+00 -2.093822479248046875e+00 1.141607165336608887e-01
2.245923280715942383e+00 -2.177593469619750977e+00 1.655960679054260254e-01
2.257239341735839844e+00 -2.258708953857421875e+00 2.251208424568176270e-01
2.260329484939575195e+00 -2.330593109130859375e+00 2.829560637474060059e-01
2.255365371704101562e+00 -2.393150806427001953e+00 3.386604189872741699e-01
2.242594242095947266e+00 -2.446377277374267578e+00 3.918213248252868652e-01
2.222337961196899414e+00 -2.490352630615234375e+00 4.420607686042785645e-01
2.194991111755371094e+00 -2.525238275527954102e+00 4.890368580818176270e-01
2.171903610229492188e+00 -2.549551010131835938e+00 5.148848891258239746e-01
2.143243312835693359e+00 -2.565244674682617188e+00 5.360512137413024902e-01
2.108275175094604492e+00 -2.572914123535156250e+00 5.544515252113342285e-01
2.067518949508666992e+00 -2.573026895523071289e+00 5.701077580451965332e-01
2.021555185317993164e+00 -2.566105604171752930e+00 5.830636620521545410e-01
1.971018791198730469e+00 -2.552725553512573242e+00 5.933838486671447754e-01
1.916590929031372070e+00 -2.533505201339721680e+00 6.011541485786437988e-01
1.858991622924804688e+00 -2.509102582931518555e+00 6.064831614494323730e-01
1.799422740936279297e+00 -2.479775905609130859e+00 6.088058352470397949e-01
1.752157449722290039e+00 -2.433569192886352539e+00 5.878735184669494629e-01
1.703636646270751953e+00 -2.384631633758544922e+00 5.654646754264831543e-01
1.654573440551757812e+00 -2.333736419677734375e+00 5.418223738670349121e-01
1.605653047561645508e+00 -2.281652927398681641e+00 5.172104239463806152e-01
1.559545993804931641e+00 -2.229781627655029297e+00 5.019883513450622559e-01
1.515225410461425781e+00 -2.178857088088989258e+00 4.879657626152038574e-01
1.472988128662109375e+00 -2.130577564239501953e+00 4.734789729118347168e-01
1.432888269424438477e+00 -2.083847522735595703e+00 4.577962756156921387e-01
1.395319223403930664e+00 -2.039200305938720703e+00 4.412003755569458008e-01
1.380923032760620117e+00 -2.013412237167358398e+00 4.406515359878540039e-01
1.369798183441162109e+00 -1.991782426834106445e+00 4.404609799385070801e-01
1.360270023345947266e+00 -1.972865819931030273e+00 4.393176436424255371e-01
1.353063344955444336e+00 -1.955768108367919922e+00 4.373143315315246582e-01
1.348015069961547852e+00 -1.940725803375244141e+00 4.347680807113647461e-01
1.344887256622314453e+00 -1.927906990051269531e+00 4.320102334022521973e-01
1.342521667480468750e+00 -1.916624069213867188e+00 4.305729866027832031e-01
1.342343807220458984e+00 -1.909069061279296875e+00 4.308832287788391113e-01
1.347054004669189453e+00 -1.899888515472412109e+00 4.255574345588684082e-01
1.351684093475341797e+00 -1.893157482147216797e+00 4.217686057090759277e-01
1.355947256088256836e+00 -1.888422489166259766e+00 4.195199012756347656e-01
1.359521389007568359e+00 -1.885135412216186523e+00 4.187647104263305664e-01
1.362052202224731445e+00 -1.882659435272216797e+00 4.194057583808898926e-01
1.363154888153076172e+00 -1.880282878875732422e+00 4.212963581085205078e-01
1.362423658370971680e+00 -1.877234935760498047e+00 4.242444038391113281e-01
1.359434843063354492e+00 -1.872700929641723633e+00 4.280161857604980469e-01
1.353752851486206055e+00 -1.865841388702392578e+00 4.323393106460571289e-01
1.348870038986206055e+00 -1.848826169967651367e+00 4.411839842796325684e-01
1.351283550262451172e+00 -1.815057277679443359e+00 4.614003300666809082e-01
1.355401754379272461e+00 -1.786504983901977539e+00 4.890088438987731934e-01
1.339269399642944336e+00 -1.747755765914916992e+00 5.170929431915283203e-01
1.319593191146850586e+00 -1.701139211654663086e+00 5.464071035385131836e-01
1.296136617660522461e+00 -1.646094560623168945e+00 5.765426754951477051e-01
1.268690347671508789e+00 -1.582227468490600586e+00 6.070432066917419434e-01
1.236949682235717773e+00 -1.509382247924804688e+00 6.373899579048156738e-01
1.198484897613525391e+00 -1.428676605224609375e+00 6.665992140769958496e-01
1.154800176620483398e+00 -1.341197490692138672e+00 6.968745589256286621e-01
1.098808765411376953e+00 -1.260967135429382324e+00 7.402855753898620605e-01
1.025283098220825195e+00 -1.154913425445556641e+00 7.768754363059997559e-01
9.283729195594787598e-01 -9.718059897422790527e-01 8.542640805244445801e-01
8.088973164558410645e-01 -6.667256951332092285e-01 1.017072439193725586e+00
6.836418509483337402e-01 -3.190866112709045410e-01 1.186376094818115234e+00
6.367421746253967285e-01 -2.411832213401794434e-01 1.204204082489013672e+00
6.133890748023986816e-01 -2.150119543075561523e-01 1.183163642883300781e+00
5.787306427955627441e-01 -1.695720553398132324e-01 1.155137777328491211e+00
5.337480902671813965e-01 -1.790645718574523926e-01 1.126505851745605469e+00
4.814742207527160645e-01 -1.766588091850280762e-01 1.076983213424682617e+00
4.216048121452331543e-01 -1.589925289154052734e-01 1.008307456970214844e+00
4.272214770317077637e-01 -1.118044257164001465e-01 1.000814914703369141e+00
4.392139315605163574e-01 -6.256371736526489258e-02 9.989878535270690918e-01
4.500061869621276855e-01 -1.499736309051513672e-02 9.958779215812683105e-01
4.444569945335388184e-01 2.424150705337524414e-02 9.492476582527160645e-01
4.312800765037536621e-01 5.866938829421997070e-02 8.843393921852111816e-01
4.166937470436096191e-01 9.077608585357666016e-02 8.192701935768127441e-01
3.292717337608337402e-01 1.086696982383728027e-01 6.766676306724548340e-01
2.458092570304870605e-01 1.001101732254028320e-01 5.403186082839965820e-01
2.010028958320617676e-01 1.565982103347778320e-01 4.630590081214904785e-01
9.244304895401000977e-02 2.566695213317871094e-01 3.860403299331665039e-01
-2.082592248916625977e-02 3.618335127830505371e-01 3.199288249015808105e-01
-1.203677058219909668e-01 5.351194143295288086e-01 3.513235449790954590e-01
-2.588461041450500488e-01 7.793814539909362793e-01 3.962492942810058594e-01
-4.399889111518859863e-01 1.017812490463256836e+00 4.102191329002380371e-01
-6.336123347282409668e-01 1.212980270385742188e+00 2.120994925498962402e-01
-7.801217436790466309e-01 1.363321304321289062e+00 1.506894230842590332e-01
-8.606165051460266113e-01 1.445981025695800781e+00 1.990638971328735352e-01
-9.374203085899353027e-01 1.525553464889526367e+00 2.508866786956787109e-01
-1.011937141418457031e+00 1.603960514068603516e+00 3.064360618591308594e-01
-1.080699682235717773e+00 1.676028013229370117e+00 3.631685376167297363e-01
-1.139829158782958984e+00 1.734899997711181641e+00 4.056973457336425781e-01
-1.183981418609619141e+00 1.784505605697631836e+00 4.256902337074279785e-01
-1.225197553634643555e+00 1.830391645431518555e+00 4.443077445030212402e-01
-1.263958215713500977e+00 1.872615575790405273e+00 4.606027603149414062e-01
-1.286997556686401367e+00 1.904294490814208984e+00 4.633156657218933105e-01
-1.294535875320434570e+00 1.925352334976196289e+00 4.514276385307312012e-01
-1.302756309509277344e+00 1.943768262863159180e+00 4.360657334327697754e-01
-1.313820362091064453e+00 1.961524963378906250e+00 4.135139584541320801e-01
-1.330747365951538086e+00 1.981580495834350586e+00 3.786682486534118652e-01
-1.349593877792358398e+00 1.999506950378417969e+00 3.372848629951477051e-01
-1.370376110076904297e+00 2.015183210372924805e+00 2.889047265052795410e-01
-1.391732454299926758e+00 2.028841018676757812e+00 2.322534918785095215e-01
-1.411146879196166992e+00 2.040996551513671875e+00 1.654329895973205566e-01
-1.421005249023437500e+00 2.059783458709716797e+00 9.940779209136962891e-02
-1.424465894699096680e+00 2.081546068191528320e+00 3.146386146545410156e-02
-1.431687831878662109e+00 2.100359201431274414e+00 -3.547686338424682617e-02
-1.442265510559082031e+00 2.115755319595336914e+00 -1.005474328994750977e-01
-1.450417757034301758e+00 2.128166437149047852e+00 -1.695625185966491699e-01
-1.452467679977416992e+00 2.140467882156372070e+00 -2.422195076942443848e-01
-1.427967309951782227e+00 2.121319055557250977e+00 -2.900488972663879395e-01
-1.385429382324218750e+00 2.081445455551147461e+00 -3.231971859931945801e-01
-1.341937065124511719e+00 2.030512571334838867e+00 -3.546528220176696777e-01
-1.307206392288208008e+00 1.953728199005126953e+00 -3.785001635551452637e-01
-1.268266081809997559e+00 1.871430635452270508e+00 -4.016588330268859863e-01
-1.225150823593139648e+00 1.784116029739379883e+00 -4.237407445907592773e-01
-1.087707996368408203e+00 1.832833766937255859e+00 -4.899119734764099121e-01
-9.482025504112243652e-01 1.869472742080688477e+00 -5.338166952133178711e-01
-8.072834610939025879e-01 1.887247800827026367e+00 -5.710079669952392578e-01
-6.522423624992370605e-01 1.906353235244750977e+00 -6.085420846939086914e-01
-4.837549328804016113e-01 1.926720619201660156e+00 -6.460486650466918945e-01
-3.164934515953063965e-01 1.913240194320678711e+00 -6.736506819725036621e-01
3.009957075119018555e-02 1.836012125015258789e+00 -5.151813626289367676e-01
3.990533947944641113e-01 1.748108148574829102e+00 -3.202332258224487305e-01
7.017646431922912598e-01 1.687430381774902344e+00 -2.100288867950439453e-01
9.435343146324157715e-01 1.461592912673950195e+00 -2.709186673164367676e-01
1.037541389465332031e+00 1.187644481658935547e+00 -3.683701157569885254e-01
1.112227678298950195e+00 9.023389220237731934e-01 -4.582816362380981445e-01
1.357536554336547852e+00 4.945833086967468262e-01 -4.723441004753112793e-01
1.450120687484741211e+00 1.184192001819610596e-01 -4.996573925018310547e-01
1.520114898681640625e+00 -2.329272627830505371e-01 -4.602086544036865234e-01
1.591238975524902344e+00 -5.543104410171508789e-01 -3.734739720821380615e-01
1.656935691833496094e+00 -8.612650036811828613e-01 -2.883536815643310547e-01
1.694019794464111328e+00 -1.092861413955688477e+00 -2.115136384963989258e-01
1.707578182220458984e+00 -1.261544704437255859e+00 -1.420331895351409912e-01
1.720282793045043945e+00 -1.420176506042480469e+00 -7.499372959136962891e-02
1.743684768676757812e+00 -1.553543090820312500e+00 -2.193337678909301758e-02
1.771537065505981445e+00 -1.665788412094116211e+00 2.152663469314575195e-02
1.808723926544189453e+00 -1.763929605484008789e+00 6.151628494262695312e-02
1.834005355834960938e+00 -1.862273693084716797e+00 1.120389103889465332e-01
1.852210760116577148e+00 -1.954861402511596680e+00 1.642511487007141113e-01
1.865478038787841797e+00 -2.039433717727661133e+00 2.145591378211975098e-01
1.874184608459472656e+00 -2.116146087646484375e+00 2.628000378608703613e-01
1.878713130950927734e+00 -2.185248136520385742e+00 3.088758587837219238e-01
1.879442691802978516e+00 -2.247064113616943359e+00 3.527491688728332520e-01
1.876734256744384766e+00 -2.301976680755615234e+00 3.944366574287414551e-01
1.870916843414306641e+00 -2.350407600402832031e+00 4.340035319328308105e-01
1.862280368804931641e+00 -2.392801761627197266e+00 4.715549349784851074e-01
1.851068019866943359e+00 -2.429603576660156250e+00 5.072259306907653809e-01
1.849579334259033203e+00 -2.452853202819824219e+00 5.225003361701965332e-01
1.855244159698486328e+00 -2.466264009475708008e+00 5.215154290199279785e-01
1.857382774353027344e+00 -2.476556777954101562e+00 5.211556553840637207e-01
1.857190608978271484e+00 -2.487723350524902344e+00 5.243194699287414551e-01
1.854162454605102539e+00 -2.497805833816528320e+00 5.293754935264587402e-01
1.847954273223876953e+00 -2.505579710006713867e+00 5.352966189384460449e-01
1.838505029678344727e+00 -2.510986328125000000e+00 5.419936776161193848e-01
1.825698375701904297e+00 -2.513898134231567383e+00 5.493678450584411621e-01
1.809363842010498047e+00 -2.514117956161499023e+00 5.573095679283142090e-01
1.789289951324462891e+00 -2.511389493942260742e+00 5.657015442848205566e-01
1.765232086181640625e+00 -2.505404710769653320e+00 5.744220614433288574e-01
1.736922025680541992e+00 -2.495815038681030273e+00 5.833463072776794434e-01
