-8.995205163955688477e-01 4.112180769443511963e-01 -1.475209742784500122e-01
-8.959622383117675781e-01 4.185653328895568848e-01 -1.485083401203155518e-01
-8.927799463272094727e-01 4.253300726413726807e-01 -1.484528481960296631e-01
-8.909105658531188965e-01 4.293099641799926758e-01 -1.482270509004592896e-01
-8.893033266067504883e-01 4.324162900447845459e-01 -1.488482058048248291e-01
-8.876920938491821289e-01 4.353787302970886230e-01 -1.498267352581024170e-01
-8.860319852828979492e-01 4.383295476436614990e-01 -1.510451436042785645e-01
-8.843412399291992188e-01 4.412576258182525635e-01 -1.524215042591094971e-01
-8.826416730880737305e-01 4.441458284854888916e-01 -1.538765877485275269e-01
-8.809583783149719238e-01 4.469725787639617920e-01 -1.553314030170440674e-01
-8.793177604675292969e-01 4.497097134590148926e-01 -1.567209810018539429e-01
-8.777479529380798340e-01 4.523265063762664795e-01 -1.579850614070892334e-01
-8.762771487236022949e-01 4.547882080078125000e-01 -1.590792685747146606e-01
-8.749341368675231934e-01 4.570573568344116211e-01 -1.599650830030441284e-01
-8.737460970878601074e-01 4.590941071510314941e-01 -1.606247276067733765e-01
-8.727393150329589844e-01 4.608568549156188965e-01 -1.610495299100875854e-01
-8.719362020492553711e-01 4.623033702373504639e-01 -1.612534373998641968e-01
-8.713574409484863281e-01 4.633892476558685303e-01 -1.612655967473983765e-01
-8.710185289382934570e-01 4.640709757804870605e-01 -1.611358523368835449e-01
-8.709320425987243652e-01 4.643027782440185547e-01 -1.609353274106979370e-01
-8.711065053939819336e-01 4.640367925167083740e-01 -1.607587635517120361e-01
-8.715450763702392578e-01 4.632255136966705322e-01 -1.607212424278259277e-01
-8.722507357597351074e-01 4.618125259876251221e-01 -1.609591245651245117e-01
-8.732238411903381348e-01 4.597352147102355957e-01 -1.616282761096954346e-01
-8.744646906852722168e-01 4.569192826747894287e-01 -1.628998070955276489e-01
-8.759768605232238770e-01 4.532704353332519531e-01 -1.649556756019592285e-01
-8.777669668197631836e-01 4.486737549304962158e-01 -1.679796725511550903e-01
-8.798453211784362793e-01 4.429854154586791992e-01 -1.721515804529190063e-01
-8.822286128997802734e-01 4.360278546810150146e-01 -1.776297390460968018e-01
-8.849365115165710449e-01 4.275871217250823975e-01 -1.845444291830062866e-01
-8.879892826080322266e-01 4.174150228500366211e-01 -1.929758191108703613e-01
-8.914027810096740723e-01 4.052366912364959717e-01 -2.029392719268798828e-01
-8.951811790466308594e-01 3.907647132873535156e-01 -2.143676578998565674e-01
-8.993062376976013184e-01 3.737294673919677734e-01 -2.271005660295486450e-01
-9.037283062934875488e-01 3.539120852947235107e-01 -2.408763021230697632e-01
-9.083597064018249512e-01 3.311870396137237549e-01 -2.553384006023406982e-01
-9.130702614784240723e-01 3.055661320686340332e-01 -2.700591087341308594e-01
-9.176939129829406738e-01 2.772281765937805176e-01 -2.845740318298339844e-01
-9.220407009124755859e-01 2.465284466743469238e-01 -2.984370291233062744e-01
-9.259167909622192383e-01 2.139798551797866821e-01 -3.112727999687194824e-01
-9.291444420814514160e-01 1.801970452070236206e-01 -3.228305280208587646e-01
-9.315780997276306152e-01 1.458297222852706909e-01 -3.330102860927581787e-01
-9.331110715866088867e-01 1.114825978875160217e-01 -3.418704867362976074e-01
-9.336715340614318848e-01 7.765382528305053711e-02 -3.496101796627044678e-01
-9.332128763198852539e-01 4.469667002558708191e-02 -3.565332591533660889e-01
-9.317001104354858398e-01 1.281100511550903320e-02 -3.630024790763854980e-01
-9.290995001792907715e-01 -1.794664189219474792e-02 -3.693942427635192871e-01
-9.253721237182617188e-01 -4.763181507587432861e-02 -3.760553598403930664e-01
-9.204732179641723633e-01 -7.638326287269592285e-02 -3.832684755325317383e-01
-9.143536090850830078e-01 -1.043899804353713989e-01 -3.912292718887329102e-01
-9.069650173187255859e-01 -1.318661570549011230e-01 -4.000321030616760254e-01
-8.982636332511901855e-01 -1.590287536382675171e-01 -4.096733331680297852e-01
-8.882105350494384766e-01 -1.860807090997695923e-01 -4.200665652751922607e-01
-8.767714500427246094e-01 -2.131909579038619995e-01 -4.310701787471771240e-01
-8.639125823974609375e-01 -2.404814362525939941e-01 -4.425196647644042969e-01
-8.495985269546508789e-01 -2.680121958255767822e-01 -4.542596638202667236e-01
-8.337895274162292480e-01 -2.957675457000732422e-01 -4.661721587181091309e-01
-8.164424896240234375e-01 -3.236515522003173828e-01 -4.781960248947143555e-01
-7.975127696990966797e-01 -3.514845371246337891e-01 -4.903385937213897705e-01
-7.769573330879211426e-01 -3.790114820003509521e-01 -5.026804208755493164e-01
-7.547382712364196777e-01 -4.059122502803802490e-01 -5.153690576553344727e-01
-7.308222055435180664e-01 -4.318152666091918945e-01 -5.286155343055725098e-01
-7.051788568496704102e-01 -4.563150405883789062e-01 -5.426779985427856445e-01
-6.777747273445129395e-01 -4.789861440658569336e-01 -5.578473806381225586e-01
-6.485661864280700684e-01 -4.993891119956970215e-01 -5.744322538375854492e-01
-6.174888014793395996e-01 -5.170812010765075684e-01 -5.927347540855407715e-01
-5.844476222991943359e-01 -5.316081643104553223e-01 -6.130364537239074707e-01
-5.493149757385253906e-01 -5.424967408180236816e-01 -6.355708241462707520e-01
-5.119221210479736328e-01 -5.492371916770935059e-01 -6.605105996131896973e-01
-4.720660448074340820e-01 -5.512673258781433105e-01 -6.879374980926513672e-01
-4.295062720775604248e-01 -5.479442477226257324e-01 -7.178310155868530273e-01
-3.839713037014007568e-01 -5.385256409645080566e-01 -7.500374317169189453e-01
-3.351696431636810303e-01 -5.221365094184875488e-01 -7.842414975166320801e-01
-2.828022539615631104e-01 -4.977617263793945312e-01 -8.199123144149780273e-01
-2.266003638505935669e-01 -4.642496705055236816e-01 -8.562269210815429688e-01
-1.664201766252517700e-01 -4.204005599021911621e-01 -8.919459581375122070e-01
-1.024163886904716492e-01 -3.651656508445739746e-01 -9.252917766571044922e-01
-3.530487045645713806e-02 -2.980557978153228760e-01 -9.538953900337219238e-01
3.335358202457427979e-02 -2.196960747241973877e-01 -9.749980568885803223e-01
1.010584309697151184e-01 -1.323593109846115112e-01 -9.860365986824035645e-01
1.646759808063507080e-01 -4.004611819982528687e-02 -9.855344295501708984e-01
2.211886793375015259e-01 5.216691642999649048e-02 -9.738347530364990234e-01
2.685264348983764648e-01 1.393427848815917969e-01 -9.531406760215759277e-01
3.060225844383239746e-01 2.178084254264831543e-01 -9.267738461494445801e-01
3.342768549919128418e-01 2.856222987174987793e-01 -8.981530666351318359e-01
3.546745479106903076e-01 3.423683643341064453e-01 -8.700516223907470703e-01
3.688552677631378174e-01 3.886289298534393311e-01 -8.443419933319091797e-01
3.783518373966217041e-01 4.254683256149291992e-01 -8.220866918563842773e-01
3.844164311885833740e-01 4.540711641311645508e-01 -8.037682175636291504e-01
3.879699409008026123e-01 4.755512475967407227e-01 -7.895126938819885254e-01
3.896398544311523438e-01 4.908614158630371094e-01 -7.792533636093139648e-01
3.898214101791381836e-01 5.007690787315368652e-01 -7.728321552276611328e-01
3.887440860271453857e-01 5.058579444885253906e-01 -7.700557112693786621e-01
3.865435123443603516e-01 5.065466761589050293e-01 -7.707104086875915527e-01
3.833225071430206299e-01 5.031027197837829590e-01 -7.745652794837951660e-01
3.791863620281219482e-01 4.956767857074737549e-01 -7.813592553138732910e-01
3.742981553077697754e-01 4.843246042728424072e-01 -7.907784581184387207e-01
3.688931465148925781e-01 4.690528810024261475e-01 -8.024383187294006348e-01
3.633023500442504883e-01 4.498719871044158936e-01 -8.158594369888305664e-01
3.579533994197845459e-01 4.268569648265838623e-01 -8.304591774940490723e-01
3.533532023429870605e-01 4.002156257629394531e-01 -8.455583453178405762e-01
3.500635623931884766e-01 3.703559041023254395e-01 -8.604022264480590820e-01
3.486438691616058350e-01 3.379287123680114746e-01 -8.742148876190185547e-01
3.495925068855285645e-01 3.038409650325775146e-01 -8.862650394439697266e-01
3.532816171646118164e-01 2.692145407199859619e-01 -8.959439992904663086e-01
3.599077165126800537e-01 2.353122979402542114e-01 -9.028258323669433594e-01
3.694651126861572266e-01 2.034192234277725220e-01 -9.067061543464660645e-01
3.817462325096130371e-01 1.747322082519531250e-01 -9.076004028320312500e-01
3.963740170001983643e-01 1.502509564161300659e-01 -9.057109355926513672e-01
4.128440916538238525e-01 1.307221353054046631e-01 -9.013720154762268066e-01
4.305817484855651855e-01 1.166080683469772339e-01 -8.949871063232421875e-01
4.489907622337341309e-01 1.080974265933036804e-01 -8.869736194610595703e-01
4.674832522869110107e-01 1.051414385437965393e-01 -8.777270317077636719e-01
4.855201840400695801e-01 1.074894517660140991e-01 -8.675921559333801270e-01
5.026230216026306152e-01 1.147374287247657776e-01 -8.568578958511352539e-01
5.183858275413513184e-01 1.263651102781295776e-01 -8.457588553428649902e-01
5.324841141700744629e-01 1.417668908834457397e-01 -8.344836235046386719e-01
5.446795225143432617e-01 1.602840423583984375e-01 -8.231848478317260742e-01
5.548184514045715332e-01 1.812214553356170654e-01 -8.119946122169494629e-01
5.628331303596496582e-01 2.038799673318862915e-01 -8.010317087173461914e-01
5.687341094017028809e-01 2.275676429271697998e-01 -7.904140949249267578e-01
5.725976228713989258e-01 2.516292631626129150e-01 -7.802656888961791992e-01
5.745531916618347168e-01 2.754584252834320068e-01 -7.707212567329406738e-01
5.747588872909545898e-01 2.985206842422485352e-01 -7.619301676750183105e-01
5.733829140663146973e-01 3.203590512275695801e-01 -7.540571093559265137e-01
5.705782175064086914e-01 3.406043946743011475e-01 -7.472811341285705566e-01
5.664660334587097168e-01 3.589687049388885498e-01 -7.417935729026794434e-01
5.611202716827392578e-01 3.752400875091552734e-01 -7.377933263778686523e-01
5.545544624328613281e-01 3.892653882503509521e-01 -7.354874610900878906e-01
5.467253327369689941e-01 4.009376764297485352e-01 -7.350785136222839355e-01
5.375263690948486328e-01 4.101685583591461182e-01 -7.367680072784423828e-01
5.267956256866455078e-01 4.168727397918701172e-01 -7.407452464103698730e-01
5.143273472785949707e-01 4.209413230419158936e-01 -7.471784949302673340e-01
4.998778402805328369e-01 4.222258329391479492e-01 -7.562059760093688965e-01
4.831861853599548340e-01 4.205164015293121338e-01 -7.679173350334167480e-01
4.639928042888641357e-01 4.155307710170745850e-01 -7.823328971862792969e-01
4.420750141143798828e-01 4.069048464298248291e-01 -7.993736267089843750e-01
4.172807037830352783e-01 3.942012786865234375e-01 -8.188297748565673828e-01
3.895860314369201660e-01 3.769307732582092285e-01 -8.403248786926269531e-01
3.591508567333221436e-01 3.546027541160583496e-01 -8.632888197898864746e-01
3.263799846172332764e-01 3.267992734909057617e-01 -8.869488239288330078e-01
2.919693887233734131e-01 2.932771146297454834e-01 -9.103528857231140137e-01
2.569082677364349365e-01 2.540754377841949463e-01 -9.324397444725036621e-01
2.224304676055908203e-01 2.096076309680938721e-01 -9.521498680114746094e-01
1.899023205041885376e-01 1.607044935226440430e-01 -9.685614109039306641e-01
1.606541872024536133e-01 1.085827425122261047e-01 -9.810198545455932617e-01
1.358193159103393555e-01 5.473523959517478943e-02 -9.892204403877258301e-01
1.161861419677734375e-01 7.717419648543000221e-04 -9.932271838188171387e-01
1.021545082330703735e-01 -5.174031853675842285e-02 -9.934220314025878906e-01
9.374599158763885498e-02 -1.014232262969017029e-01 -9.904165863990783691e-01
9.068676829338073730e-02 -1.471644788980484009e-01 -9.849459528923034668e-01
9.252294152975082397e-02 -1.881451457738876343e-01 -9.777734279632568359e-01
9.872189909219741821e-02 -2.238246351480484009e-01 -9.696166515350341797e-01
1.087607443332672119e-01 -2.538807988166809082e-01 -9.611012935638427734e-01
1.221773996949195862e-01 -2.781593203544616699e-01 -9.527329802513122559e-01
1.385900974273681641e-01 -2.966087162494659424e-01 -9.448894262313842773e-01
1.576990336179733276e-01 -3.092305362224578857e-01 -9.378206133842468262e-01
1.792643070220947266e-01 -3.160471022129058838e-01 -9.316536188125610352e-01
2.030891627073287964e-01 -3.170707821846008301e-01 -9.264021515846252441e-01
2.289839386940002441e-01 -3.122978806495666504e-01 -9.219741821289062500e-01
2.567390203475952148e-01 -3.017035126686096191e-01 -9.181830286979675293e-01
2.860886454582214355e-01 -2.852620780467987061e-01 -9.147561788558959961e-01
3.166875541210174561e-01 -2.629581689834594727e-01 -9.113517403602600098e-01
3.480886220932006836e-01 -2.348326742649078369e-01 -9.075725674629211426e-01
3.797230720520019531e-01 -2.010209262371063232e-01 -9.029955863952636719e-01
4.109005928039550781e-01 -1.618075519800186157e-01 -8.972062468528747559e-01
4.408433139324188232e-01 -1.176712363958358765e-01 -8.898374438285827637e-01
4.687224030494689941e-01 -6.931445002555847168e-02 -8.806218504905700684e-01
4.937408566474914551e-01 -1.767163351178169250e-02 -8.694295883178710938e-01
5.152209401130676270e-01 3.614505752921104431e-02 -8.562948107719421387e-01
5.326830744743347168e-01 9.090522676706314087e-02 -8.414183855056762695e-01
5.459113121032714844e-01 1.453825682401657104e-01 -8.251331448554992676e-01
5.549616217613220215e-01 1.984435021877288818e-01 -8.078600764274597168e-01
5.601413249969482422e-01 2.491393387317657471e-01 -7.900450825691223145e-01
5.619440078735351562e-01 2.967490851879119873e-01 -7.721132636070251465e-01
5.609704852104187012e-01 3.407962322235107422e-01 -7.544335126876831055e-01
5.578526258468627930e-01 3.810280263423919678e-01 -7.373046278953552246e-01
5.531827807426452637e-01 4.173818528652191162e-01 -7.209585309028625488e-01
5.474667549133300781e-01 4.499453604221343994e-01 -7.055702805519104004e-01
5.410977602005004883e-01 4.789114892482757568e-01 -6.912720799446105957e-01
5.343481898307800293e-01 5.045442581176757812e-01 -6.781646013259887695e-01
5.273743867874145508e-01 5.271444320678710938e-01 -6.663295030593872070e-01
5.202307701110839844e-01 5.470301508903503418e-01 -6.558338403701782227e-01
5.128921270370483398e-01 5.645169615745544434e-01 -6.467319726943969727e-01
5.052719116210937500e-01 5.799068212509155273e-01 -6.390683650970458984e-01
4.972429871559143066e-01 5.934822559356689453e-01 -6.328730583190917969e-01
4.886578023433685303e-01 6.055011749267578125e-01 -6.281574368476867676e-01
4.793542027473449707e-01 6.161975860595703125e-01 -6.249160170555114746e-01
4.691715240478515625e-01 6.257781386375427246e-01 -6.231210827827453613e-01
4.579561948776245117e-01 6.344253420829772949e-01 -6.227203011512756348e-01
4.455676972866058350e-01 6.422962546348571777e-01 -6.236385107040405273e-01
4.318773746490478516e-01 6.495235562324523926e-01 -6.257803440093994141e-01
4.167744815349578857e-01 6.562158465385437012e-01 -6.290308237075805664e-01
4.001664817333221436e-01 6.624567508697509766e-01 -6.332597732543945312e-01
3.819769322872161865e-01 6.683067083358764648e-01 -6.383257508277893066e-01
3.621534109115600586e-01 6.738023161888122559e-01 -6.440770030021667480e-01
3.406656682491302490e-01 6.789582967758178711e-01 -6.503556370735168457e-01
3.175094723701477051e-01 6.837677359580993652e-01 -6.570003032684326172e-01
2.927126586437225342e-01 6.882069110870361328e-01 -6.638453006744384766e-01
2.663396000862121582e-01 6.922388076782226562e-01 -6.707224845886230469e-01
2.384944111108779907e-01 6.958152651786804199e-01 -6.774669289588928223e-01
2.093216925859451294e-01 6.988853216171264648e-01 -6.839180588722229004e-01
1.790110170841217041e-01 7.014029026031494141e-01 -6.899195313453674316e-01
1.477992981672286987e-01 7.033290863037109375e-01 -6.953297853469848633e-01
1.159517019987106323e-01 7.046422958374023438e-01 -7.000246047973632812e-01
8.377102762460708618e-02 7.053413391113281250e-01 -7.039005160331726074e-01
5.157610028982162476e-02 7.054452896118164062e-01 -7.068853378295898438e-01
1.968977600336074829e-02 7.050027847290039062e-01 -7.089311480522155762e-01
-1.155954133719205856e-02 7.040836811065673828e-01 -7.100229263305664062e-01
-4.187417775392532349e-02 7.027771472930908203e-01 -7.101765871047973633e-01
-7.098174840211868286e-02 7.011872529983520508e-01 -7.094350457191467285e-01
-9.865219146013259888e-02 6.994285583496093750e-01 -7.078612446784973145e-01
-1.246977522969245911e-01 6.976202130317687988e-01 -7.055327892303466797e-01
-1.489857733249664307e-01 6.958765983581542969e-01 -7.025374770164489746e-01
-1.714326739311218262e-01 6.943066120147705078e-01 -6.989629268646240234e-01
-1.920019984245300293e-01 6.930094361305236816e-01 -6.948907375335693359e-01
-2.107060402631759644e-01 6.920711994171142578e-01 -6.903914213180541992e-01
-2.275952547788619995e-01 6.915694475173950195e-01 -6.855158209800720215e-01
-2.427514642477035522e-01 6.915689110755920410e-01 -6.802970767021179199e-01
-2.562945187091827393e-01 6.921249628067016602e-01 -6.747415661811828613e-01
-2.683602273464202881e-01 6.932900547981262207e-01 -6.688285470008850098e-01
-2.791033089160919189e-01 6.951138973236083984e-01 -6.625087857246398926e-01
-2.886974811553955078e-01 6.976452469825744629e-01 -6.557018160820007324e-01
-2.973208129405975342e-01 7.009429335594177246e-01 -6.482895612716674805e-01
-3.051632642745971680e-01 7.050704956054687500e-01 -6.401179432868957520e-01
-3.124119937419891357e-01 7.101063728332519531e-01 -6.309893727302551270e-01
-3.192629218101501465e-01 7.161414027214050293e-01 -6.206550598144531250e-01
-3.259033262729644775e-01 7.232846617698669434e-01 -6.088073849678039551e-01
-3.325185477733612061e-01 7.316586971282958984e-01 -5.950688719749450684e-01
-3.392904400825500488e-01 7.414039969444274902e-01 -5.789664387702941895e-01
-3.463809192180633545e-01 7.526680231094360352e-01 -5.599205493927001953e-01
-3.539350330829620361e-01 7.655987143516540527e-01 -5.372045040130615234e-01
-3.620603382587432861e-01 7.803213000297546387e-01 -5.099128484725952148e-01
-3.708136081695556641e-01 7.968998551368713379e-01 -4.769150316715240479e-01
-3.801644444465637207e-01 8.152794241905212402e-01 -4.368003308773040771e-01
-3.899341523647308350e-01 8.351830840110778809e-01 -3.878407776355743408e-01
-3.997230529785156250e-01 8.559494018554687500e-01 -3.279816508293151855e-01
-4.087819755077362061e-01 8.763028979301452637e-01 -2.549324333667755127e-01
-4.158994555473327637e-01 8.940494060516357422e-01 -1.664431840181350708e-01
-4.192571938037872314e-01 9.058207273483276367e-01 -6.092847138643264771e-02
-4.164951145648956299e-01 9.070580601692199707e-01 6.146134808659553528e-02
-4.050727188587188721e-01 8.926861882209777832e-01 1.975538283586502075e-01
-3.831423521041870117e-01 8.586968779563903809e-01 3.403550684452056885e-01
-3.505328297615051270e-01 8.042181134223937988e-01 4.799582660198211670e-01
-3.092297613620758057e-01 7.325757145881652832e-01 6.063908338546752930e-01
-2.627275586128234863e-01 6.502680182456970215e-01 7.128294110298156738e-01
-2.147732824087142944e-01 5.644651055335998535e-01 7.970267534255981445e-01
-1.682832688093185425e-01 4.808735251426696777e-01 8.604890704154968262e-01
-1.250177621841430664e-01 4.029541611671447754e-01 9.066413044929504395e-01
-8.573996275663375854e-02 3.321986198425292969e-01 9.393044114112854004e-01
-5.058590695261955261e-02 2.688049972057342529e-01 9.618653655052185059e-01
-1.937316730618476868e-02 2.122803479433059692e-01 9.770167469978332520e-01
8.217982016503810883e-03 1.618393808603286743e-01 9.867829680442810059e-01
3.252094611525535583e-02 1.166400313377380371e-01 9.926416277885437012e-01
5.385189875960350037e-02 7.589542120695114136e-02 9.956604838371276855e-01
7.245988398790359497e-02 3.891465440392494202e-02 9.966118335723876953e-01
8.857026696205139160e-02 5.116676911711692810e-03 9.960567951202392578e-01
1.023526415228843689e-01 -2.597818523645401001e-02 9.944089055061340332e-01
1.139574944972991943e-01 -5.476319417357444763e-02 9.919751286506652832e-01
1.235117390751838684e-01 -8.155938237905502319e-02 9.889857769012451172e-01
1.311233639717102051e-01 -1.066306158900260925e-01 9.856148362159729004e-01
1.368942856788635254e-01 -1.301956623792648315e-01 9.819924235343933105e-01
1.409169286489486694e-01 -1.524350345134735107e-01 9.782157540321350098e-01
1.432804465293884277e-01 -1.735039055347442627e-01 9.743546843528747559e-01
1.440726369619369507e-01 -1.935343742370605469e-01 9.704573750495910645e-01
1.433783620595932007e-01 -2.126419544219970703e-01 9.665536880493164062e-01
1.412744075059890747e-01 -2.309250086545944214e-01 9.626605510711669922e-01
1.378353238105773926e-01 -2.484664469957351685e-01 9.587836265563964844e-01
1.331397593021392822e-01 -2.653398215770721436e-01 9.549180269241333008e-01
1.272505521774291992e-01 -2.815982401371002197e-01 9.510571360588073730e-01
1.202375143766403198e-01 -2.972851991653442383e-01 9.471877217292785645e-01
1.121630743145942688e-01 -3.124289810657501221e-01 9.432961344718933105e-01
1.030966714024543762e-01 -3.270444273948669434e-01 9.393684267997741699e-01
9.309640526771545410e-02 -3.411307632923126221e-01 9.353944659233093262e-01
8.223096281290054321e-02 -3.546725809574127197e-01 9.313675761222839355e-01
7.057251781225204468e-02 -3.676495850086212158e-01 9.272827506065368652e-01
5.819136276841163635e-02 -3.800238668918609619e-01 9.231444597244262695e-01
4.516810551285743713e-02 -3.917555510997772217e-01 9.189599752426147461e-01
3.158645704388618469e-02 -4.028010368347167969e-01 9.147423505783081055e-01
1.753341592848300934e-02 -4.131127595901489258e-01 9.105110764503479004e-01
3.099870868027210236e-03 -4.226489067077636719e-01 9.062881469726562500e-01
-1.162039116024971008e-02 -4.313696920871734619e-01 9.021003842353820801e-01
-2.653280459344387054e-02 -4.392462372779846191e-01 8.979747891426086426e-01
-4.154677689075469971e-02 -4.462567865848541260e-01 8.939399719238281250e-01
-5.657000094652175903e-02 -4.523930549621582031e-01 8.900226950645446777e-01
-7.152000814676284790e-02 -4.576568007469177246e-01 8.862478137016296387e-01
-8.631455898284912109e-02 -4.620631933212280273e-01 8.826366066932678223e-01
-1.008814349770545959e-01 -4.656406342983245850e-01 8.792051672935485840e-01
-1.151559427380561829e-01 -4.684261679649353027e-01 8.759657144546508789e-01
-1.290812939405441284e-01 -4.704693555831909180e-01 8.729241490364074707e-01
-1.426088511943817139e-01 -4.718264937400817871e-01 8.700819015502929688e-01
-1.556982547044754028e-01 -4.725639820098876953e-01 8.674337863922119141e-01
-1.683177202939987183e-01 -4.727532863616943359e-01 8.649702668190002441e-01
-1.804451048374176025e-01 -4.724677801132202148e-01 8.626782298088073730e-01
-1.920623332262039185e-01 -4.717881083488464355e-01 8.605393767356872559e-01
-2.031623423099517822e-01 -4.707930088043212891e-01 8.585330843925476074e-01
-2.137424498796463013e-01 -4.695613384246826172e-01 8.566366434097290039e-01
-2.238069772720336914e-01 -4.681727886199951172e-01 8.548243641853332520e-01
-2.333671599626541138e-01 -4.667008221149444580e-01 8.530709743499755859e-01
-2.424385845661163330e-01 -4.652170538902282715e-01 8.513498306274414062e-01
-2.510445415973663330e-01 -4.637874066829681396e-01 8.496339917182922363e-01
-2.592089772224426270e-01 -4.624704718589782715e-01 8.478984832763671875e-01
-2.669650912284851074e-01 -4.613194465637207031e-01 8.461170196533203125e-01
-2.743460536003112793e-01 -4.603767096996307373e-01 8.442674875259399414e-01
-2.813902795314788818e-01 -4.596802294254302979e-01 8.423262834548950195e-01
-2.881395518779754639e-01 -4.592548310756683350e-01 8.402740955352783203e-01
-2.946369349956512451e-01 -4.591189920902252197e-01 8.380923271179199219e-01
-3.009280860424041748e-01 -4.592812955379486084e-01 8.357648849487304688e-01
-3.070584833621978760e-01 -4.597412347793579102e-01 8.332785367965698242e-01
-3.130738437175750732e-01 -4.604892730712890625e-01 8.306228518486022949e-01
-3.190194070339202881e-01 -4.615101516246795654e-01 8.277892470359802246e-01
-3.249396383762359619e-01 -4.627786278724670410e-01 8.247728347778320312e-01
-3.308728635311126709e-01 -4.642649888992309570e-01 8.215723633766174316e-01
-3.368577659130096436e-01 -4.659347534179687500e-01 8.181880116462707520e-01
-3.429274857044219971e-01 -4.677454829216003418e-01 8.146256208419799805e-01
-3.491087257862091064e-01 -4.696566760540008545e-01 8.108918666839599609e-01
-3.554243147373199463e-01 -4.716235399246215820e-01 8.069974184036254883e-01
-3.618885576725006104e-01 -4.735997915267944336e-01 8.029569387435913086e-01
-3.685108721256256104e-01 -4.755411744117736816e-01 7.987868785858154297e-01
-3.752929270267486572e-01 -4.774062633514404297e-01 7.945052385330200195e-01
-3.822289109230041504e-01 -4.791540205478668213e-01 7.901344895362854004e-01
-3.893054425716400146e-01 -4.807506203651428223e-01 7.856972813606262207e-01
-3.965061902999877930e-01 -4.821659326553344727e-01 7.812163233757019043e-01
-4.038041234016418457e-01 -4.833740293979644775e-01 7.767186164855957031e-01
-4.111717343330383301e-01 -4.843589067459106445e-01 7.722268104553222656e-01
-4.185752272605895996e-01 -4.851075410842895508e-01 7.677665352821350098e-01
-4.259771704673767090e-01 -4.856173396110534668e-01 7.633604407310485840e-01
-4.333404302597045898e-01 -4.858897328376770020e-01 7.590304613113403320e-01
-4.406256079673767090e-01 -4.859347343444824219e-01 7.547956705093383789e-01
-4.477925300598144531e-01 -4.857659637928009033e-01 7.506752014160156250e-01
-4.548041522502899170e-01 -4.854052066802978516e-01 7.466825842857360840e-01
-4.616239666938781738e-01 -4.848766028881072998e-01 7.428310513496398926e-01
-4.682187139987945557e-01 -4.842095375061035156e-01 7.391295433044433594e-01
-4.745576679706573486e-01 -4.834345877170562744e-01 7.355854511260986328e-01
-4.806140661239624023e-01 -4.825864434242248535e-01 7.322025299072265625e-01
-4.863664805889129639e-01 -4.816976189613342285e-01 7.289821505546569824e-01
-4.917949438095092773e-01 -4.808030426502227783e-01 7.259243130683898926e-01
-4.968856871128082275e-01 -4.799357354640960693e-01 7.230257987976074219e-01
-5.016291141510009766e-01 -4.791269004344940186e-01 7.202816605567932129e-01
-5.060180425643920898e-01 -4.784060120582580566e-01 7.176861763000488281e-01
-5.100513696670532227e-01 -4.777982234954833984e-01 7.152318358421325684e-01
-5.137301683425903320e-01 -4.773276746273040771e-01 7.129092812538146973e-01
-5.170594453811645508e-01 -4.770125448703765869e-01 7.107099294662475586e-01
-5.200470685958862305e-01 -4.768689274787902832e-01 7.086233496665954590e-01
-5.227050781250000000e-01 -4.769072234630584717e-01 7.066391110420227051e-01
-5.250443220138549805e-01 -4.771363437175750732e-01 7.047477364540100098e-01
-5.270828604698181152e-01 -4.775583446025848389e-01 7.029378414154052734e-01
-5.288352370262145996e-01 -4.781754612922668457e-01 7.012000679969787598e-01
-5.303204655647277832e-01 -4.789847731590270996e-01 6.995239257812500000e-01
-5.315588116645812988e-01 -4.799798130989074707e-01 6.979001164436340332e-01
-5.325691103935241699e-01 -4.811526238918304443e-01 6.963205337524414062e-01
-5.333725810050964355e-01 -4.824936687946319580e-01 6.947759389877319336e-01
-5.339896082878112793e-01 -4.839905500411987305e-01 6.932591199874877930e-01
-5.344418287277221680e-01 -4.856303036212921143e-01 6.917623281478881836e-01
-5.347499251365661621e-01 -4.873981177806854248e-01 6.902794241905212402e-01
-5.349340438842773438e-01 -4.892800152301788330e-01 6.888037919998168945e-01
-5.350148677825927734e-01 -4.912590980529785156e-01 6.873307228088378906e-01
-5.350127816200256348e-01 -4.933207631111145020e-01 6.858542561531066895e-01
-5.349476337432861328e-01 -4.954481720924377441e-01 6.843699216842651367e-01
-5.348391532897949219e-01 -4.976244270801544189e-01 6.828740239143371582e-01
-5.347058176994323730e-01 -4.998339116573333740e-01 6.813631653785705566e-01
-5.345671176910400391e-01 -5.020590424537658691e-01 6.798344254493713379e-01
-5.344412922859191895e-01 -5.042831301689147949e-01 6.782853603363037109e-01
-5.343452095985412598e-01 -5.064888000488281250e-01 6.767158508300781250e-01
-5.342991948127746582e-01 -5.086575150489807129e-01 6.751236319541931152e-01
-5.343185067176818848e-01 -5.107710361480712891e-01 6.735106706619262695e-01
-5.344205498695373535e-01 -5.128115415573120117e-01 6.718772649765014648e-01
-5.346202850341796875e-01 -5.147592425346374512e-01 6.702269315719604492e-01
-5.349332094192504883e-01 -5.165956020355224609e-01 6.685622334480285645e-01
-5.353713035583496094e-01 -5.183022022247314453e-01 6.668886542320251465e-01
-5.359477996826171875e-01 -5.198599696159362793e-01 6.652108430862426758e-01
-5.366720557212829590e-01 -5.212514996528625488e-01 6.635359525680541992e-01
-5.375541448593139648e-01 -5.224596261978149414e-01 6.618696451187133789e-01
-5.386005640029907227e-01 -5.234678387641906738e-01 6.602202653884887695e-01
-5.398169159889221191e-01 -5.242618918418884277e-01 6.585949063301086426e-01
-5.412074327468872070e-01 -5.248282551765441895e-01 6.570006608963012695e-01
-5.427753329277038574e-01 -5.251542925834655762e-01 6.554448604583740234e-01
-5.445207357406616211e-01 -5.252307057380676270e-01 6.539341211318969727e-01
-5.464453101158142090e-01 -5.250475406646728516e-01 6.524742245674133301e-01
-5.485475659370422363e-01 -5.245980024337768555e-01 6.510702967643737793e-01
-5.508270263671875000e-01 -5.238763689994812012e-01 6.497254967689514160e-01
-5.532820820808410645e-01 -5.228778123855590820e-01 6.484425663948059082e-01
-5.559111237525939941e-01 -5.215985178947448730e-01 6.472231745719909668e-01
-5.587127208709716797e-01 -5.200361013412475586e-01 6.460669636726379395e-01
-5.616842508316040039e-01 -5.181893110275268555e-01 6.449733376502990723e-01
-5.648260116577148438e-01 -5.160558819770812988e-01 6.439394354820251465e-01
-5.681348443031311035e-01 -5.136355161666870117e-01 6.429629325866699219e-01
-5.716123580932617188e-01 -5.109277963638305664e-01 6.420374512672424316e-01
-5.752553343772888184e-01 -5.079317688941955566e-01 6.411604285240173340e-01
-5.790638327598571777e-01 -5.046481490135192871e-01 6.403242945671081543e-01
-5.830375552177429199e-01 -5.010771155357360840e-01 6.395224332809448242e-01
-5.871748924255371094e-01 -4.972183108329772949e-01 6.387484669685363770e-01
-5.914737582206726074e-01 -4.930745959281921387e-01 6.379938721656799316e-01
-5.959319472312927246e-01 -4.886468052864074707e-01 6.372513771057128906e-01
-6.005437374114990234e-01 -4.839392006397247314e-01 6.365139484405517578e-01
-6.053040027618408203e-01 -4.789569675922393799e-01 6.357730031013488770e-01
-6.102049946784973145e-01 -4.737068414688110352e-01 6.350210309028625488e-01
-6.152356863021850586e-01 -4.681990146636962891e-01 6.342512965202331543e-01
-6.203838586807250977e-01 -4.624462723731994629e-01 6.334566473960876465e-01
-6.256329417228698730e-01 -4.564654529094696045e-01 6.326315999031066895e-01
-6.309654712677001953e-01 -4.502758383750915527e-01 6.317707896232604980e-01
-6.363590359687805176e-01 -4.439029097557067871e-01 6.308703422546386719e-01
-6.417905688285827637e-01 -4.373750686645507812e-01 6.299269795417785645e-01
-6.472327709197998047e-01 -4.307263195514678955e-01 6.289392113685607910e-01
-6.526573300361633301e-01 -4.239950478076934814e-01 6.279065012931823730e-01
-6.580328345298767090e-01 -4.172247350215911865e-01 6.268303394317626953e-01
-6.633282303810119629e-01 -4.104628562927246094e-01 6.257123351097106934e-01
-6.685100197792053223e-01 -4.037618041038513184e-01 6.245565414428710938e-01
-6.735460758209228516e-01 -3.971762359142303467e-01 6.233673095703125000e-01
-6.784040331840515137e-01 -3.907641172409057617e-01 6.221506595611572266e-01
-6.830520629882812500e-01 -3.845865726470947266e-01 6.209130883216857910e-01
-6.874597668647766113e-01 -3.787046074867248535e-01 6.196628212928771973e-01
-6.916005015373229980e-01 -3.731794655323028564e-01 6.184058785438537598e-01
-6.954494118690490723e-01 -3.680697679519653320e-01 6.171504855155944824e-01
-6.989827752113342285e-01 -3.634335696697235107e-01 6.159051060676574707e-01
-7.021843194961547852e-01 -3.593213856220245361e-01 6.146751046180725098e-01
-7.050370573997497559e-01 -3.557810783386230469e-01 6.134676933288574219e-01
-7.075317502021789551e-01 -3.528505563735961914e-01 6.122869253158569336e-01
-7.096602916717529297e-01 -3.505614697933197021e-01 6.111373305320739746e-01
-7.114211320877075195e-01 -3.489351570606231689e-01 6.100198626518249512e-01
-7.128160595893859863e-01 -3.479824960231781006e-01 6.089347600936889648e-01
-7.138513922691345215e-01 -3.477042317390441895e-01 6.078799366950988770e-01
-7.145377993583679199e-01 -3.480894565582275391e-01 6.068521142005920410e-01
-7.148904800415039062e-01 -3.491173386573791504e-01 6.058454513549804688e-01
-7.149305939674377441e-01 -3.507540524005889893e-01 6.048519611358642578e-01
-7.146819233894348145e-01 -3.529578149318695068e-01 6.038629412651062012e-01
-7.141738533973693848e-01 -3.556758761405944824e-01 6.028684377670288086e-01
-7.134397625923156738e-01 -3.588491082191467285e-01 6.018562912940979004e-01
-7.125160694122314453e-01 -3.624103963375091553e-01 6.008156538009643555e-01
-7.114437222480773926e-01 -3.662885427474975586e-01 5.997337102890014648e-01
-7.102648615837097168e-01 -3.704087436199188232e-01 5.985993742942810059e-01
-7.090263366699218750e-01 -3.746931850910186768e-01 5.973999500274658203e-01
-7.077731490135192871e-01 -3.790663778781890869e-01 5.961257219314575195e-01
-7.065537571907043457e-01 -3.834500610828399658e-01 5.947670340538024902e-01
-7.054136395454406738e-01 -3.877727389335632324e-01 5.933160781860351562e-01
-7.043967843055725098e-01 -3.919652998447418213e-01 5.917671322822570801e-01
-7.035465240478515625e-01 -3.959628939628601074e-01 5.901150107383728027e-01
-7.029005885124206543e-01 -3.997079730033874512e-01 5.883573293685913086e-01
-7.024938464164733887e-01 -4.031487703323364258e-01 5.864925384521484375e-01
-7.023554444313049316e-01 -4.062399268150329590e-01 5.845220088958740234e-01
-7.025101780891418457e-01 -4.089437127113342285e-01 5.824469327926635742e-01
-7.029765844345092773e-01 -4.112282395362854004e-01 5.802717208862304688e-01
-7.037669420242309570e-01 -4.130706191062927246e-01 5.780006647109985352e-01
-7.048883438110351562e-01 -4.144528508186340332e-01 5.756399035453796387e-01
-7.063414454460144043e-01 -4.153647422790527344e-01 5.731962323188781738e-01
-7.081207036972045898e-01 -4.158031046390533447e-01 5.706775188446044922e-01
-7.102177739143371582e-01 -4.157674610614776611e-01 5.680916309356689453e-01
-7.126163244247436523e-01 -4.152668416500091553e-01 5.654479861259460449e-01
-7.152972817420959473e-01 -4.143133163452148438e-01 5.627560615539550781e-01
-7.182376980781555176e-01 -4.129244983196258545e-01 5.600249767303466797e-01
-7.214111089706420898e-01 -4.111228585243225098e-01 5.572648048400878906e-01
-7.247893214225769043e-01 -4.089336693286895752e-01 5.544851422309875488e-01
-7.283405661582946777e-01 -4.063875377178192139e-01 5.516967177391052246e-01
-7.320327758789062500e-01 -4.035179316997528076e-01 5.489091873168945312e-01
-7.358336448669433594e-01 -4.003604948520660400e-01 5.461322069168090820e-01
-7.397101521492004395e-01 -3.969530165195465088e-01 5.433757305145263672e-01
-7.436296343803405762e-01 -3.933364748954772949e-01 5.406489968299865723e-01
-7.475622296333312988e-01 -3.895494341850280762e-01 5.379608869552612305e-01
-7.514775395393371582e-01 -3.856344521045684814e-01 5.353200435638427734e-01
-7.553490400314331055e-01 -3.816308379173278809e-01 5.327341556549072266e-01
-7.591517567634582520e-01 -3.775776624679565430e-01 5.302110314369201660e-01
-7.628634572029113770e-01 -3.735127151012420654e-01 5.277571678161621094e-01
-7.664653658866882324e-01 -3.694702684879302979e-01 5.253785848617553711e-01
-7.699407339096069336e-01 -3.654823005199432373e-01 5.230812430381774902e-01
-7.732762694358825684e-01 -3.615780174732208252e-01 5.208696722984313965e-01
-7.764621973037719727e-01 -3.577812612056732178e-01 5.187475681304931641e-01
-7.794892787933349609e-01 -3.541149199008941650e-01 5.167194008827209473e-01
-7.823556661605834961e-01 -3.505918383598327637e-01 5.147863030433654785e-01
-7.850700616836547852e-01 -3.472585678100585938e-01 5.129097700119018555e-01
-7.876251935958862305e-01 -3.443365395069122314e-01 5.109587311744689941e-01
-7.898094654083251953e-01 -3.421747982501983643e-01 5.090358257293701172e-01
