5.185538853655861757e+00
5.199362959385743999e+00
5.213827251214879333e+00
5.228859115006819103e+00
5.244345850555300004e+00
5.260137109148379508e+00
5.276048573215160076e+00
5.291866796863438971e+00
5.307355056252079706e+00
5.322260003965535446e+00
5.336318890471127396e+00
5.349267107308759428e+00
5.360845811526500526e+00
5.370809396585574547e+00
5.378932574583915383e+00
5.385016829693033635e+00
5.388895999847084006e+00
5.390440753518443984e+00
5.389561762271279477e+00
5.386211430963188995e+00
5.380384127404987282e+00
5.372114939662427702e+00
5.361477073009621286e+00
5.348578071698942615e+00
5.333555102942498571e+00
5.316569564247145330e+00
5.297801273261219634e+00
5.277442484048500582e+00
5.255691956019082234e+00
5.232749282929162860e+00
5.208809667552110945e+00
5.184059305273973628e+00
5.158671519514900439e+00
5.132803769108905456e+00
5.106595613968646141e+00
5.080167677300047480e+00
5.053621586804787569e+00
5.027040824509345640e+00
5.000492372417976839e+00
4.974029010601089595e+00
4.947692104126560686e+00
4.921514703968908222e+00
4.895524784013690400e+00
4.869748441804998329e+00
4.844212905555915327e+00
4.818949213652900632e+00
4.793994462872725570e+00
4.769393553774679440e+00
4.745200391757597558e+00
4.721478527449397333e+00
4.698301240345721830e+00
4.675751084578393169e+00
4.653918925223327285e+00
4.632902502718390991e+00
4.612804580474882954e+00
4.593730759115715045e+00
4.575787071896698421e+00
4.559077499127377919e+00
4.543701550228783859e+00
4.529752059756384952e+00
4.517313325868139273e+00
4.506459684850469216e+00
4.497254567296034011e+00
4.489750026385365800e+00
4.483986671470586494e+00
4.479993888844109762e+00
4.477790199285589523e+00
4.477383598242863805e+00
4.478771746331523751e+00
4.481941914534413485e+00
4.486870633027240096e+00
4.493523042610774176e+00
4.501851998643713770e+00
4.511797020596636010e+00
4.523283208520614274e+00
4.536220259659164533e+00
4.550501718741562840e+00
4.566004588664727137e+00
4.582589414808162509e+00
4.600100934396881058e+00
4.618369350187877309e+00
4.637212244834952202e+00
4.656437102917596604e+00
4.675844362117314468e+00
4.695230885342719596e+00
4.714393736884673558e+00
4.733134150880617952e+00
4.751261586729873088e+00
4.768597768311172658e+00
4.784980607188336066e+00
4.800267919763482993e+00
4.814340860404724864e+00
4.827106996967608588e+00
4.838502947059732939e+00
4.848496478362499751e+00
4.857087965184597067e+00
4.864311094379183409e+00
4.870232729705493924e+00
4.874951873952399595e+00
4.878597707783196569e+00
4.881326724742687695e+00
4.883319017669300877e+00
4.884773804336859371e+00
4.885904313006184552e+00
4.886932182064712471e+00
4.888081558952731775e+00
4.889573106851237583e+00
4.891618137641959407e+00
4.894413082588083164e+00
4.898134487184072405e+00
4.902934676961726801e+00
4.908938193220642177e+00
4.916239049544622652e+00
4.924898820214748341e+00
4.934945546887625767e+00
4.946373439896550650e+00
4.959143348403425300e+00
4.973183971854139962e+00
4.988393780103587360e+00
5.004643602276344971e+00
5.021779838025068443e+00
5.039628239820856059e+00
5.057998208159813380e+00
5.076687529125448073e+00
5.095487462207489493e+00
5.114188053981699511e+00
5.132583514559065918e+00
5.150477462349312141e+00
5.167687834960159599e+00
5.184051284025207984e+00
5.199426906770685974e+00
5.213699201401642114e+00
5.226780162062180324e+00
5.238610457708212209e+00
5.249159673877170640e+00
5.258425637551415122e+00
5.266432888727028860e+00
5.273230400356568204e+00
5.278888671527645293e+00
5.283496322822984759e+00
5.287156315792334915e+00
5.289981913924841628e+00
5.292092505888612131e+00
5.293609418220763807e+00
5.294651848834412533e+00
5.295333054407630691e+00
5.295756923456278464e+00
5.296015058784045770e+00
5.296184474936203479e+00
5.296325987638742738e+00
5.296483332955786771e+00
5.296683006352954415e+00
5.296934763655121614e+00
5.297232687145300822e+00
5.297556696508269880e+00
5.297874376066931568e+00
5.298142996643332658e+00
5.298311632418131190e+00
5.298323304498628872e+00
5.298117113187259086e+00
5.297630344422591619e+00
5.296800552543897922e+00
5.295567629818044075e+00
5.293875868955876918e+00
5.291676008033582512e+00
5.288927223277943845e+00
5.285599010401322850e+00
5.281672874594575795e+00
5.277143737947122659e+00
5.272020975526817033e+00
5.266329008686753355e+00
5.260107412906380731e+00
5.253410532663572496e+00
5.246306633874173286e+00
5.238876660804586471e+00
5.231212690831401169e+00
5.223416189705620383e+00
5.215596162128245616e+00
5.207867273394188423e+00
5.200347994552531716e+00
5.193158801058919138e+00
5.186420434483337338e+00
5.180252217664754077e+00
5.174770397995853699e+00
5.170086486424937178e+00
5.166305564942357265e+00
5.163524553081968449e+00
5.161830450734956166e+00
5.161298602349583042e+00
5.161991046066681577e+00
5.163955012038441872e+00
5.167221615100142884e+00
5.171804756293682637e+00
5.177700220565509603e+00
5.184884944745248525e+00
5.193316429710213455e+00
5.202932277581558296e+00
5.213649846570222124e+00
5.225366033904628615e+00
5.237957221719034884e+00
5.251279449460058757e+00
5.265168903856214833e+00
5.279442836896778068e+00
5.293901027703443951e+00
5.308327893976091616e+00
5.322495335739062305e+00
5.336166360984289092e+00
5.349099499028398874e+00
5.361053952847857573e+00
5.371795378410574529e+00
5.381102109931374500e+00
5.388771579993643535e+00
5.394626623293974355e+00
5.398521319081726944e+00
5.400346035921989696e+00
5.400031397084685381e+00
5.397550973715956601e+00
5.392922615540201470e+00
5.386208425808918676e+00
5.377513464505545571e+00
5.366983314473006139e+00
5.354800671424430725e+00
5.341181130109273312e+00
5.326368343876044520e+00
5.310628735652663579e+00
5.294245932435805990e+00
5.277515081155480736e+00
5.260737183697473007e+00
5.244213567527926223e+00
5.228240589104853342e+00
5.213104651733980077e+00
5.199077608745994006e+00
5.186412615983748253e+00
5.175340491267830245e+00
5.166066629913045993e+00
5.158768513594169214e+00
5.153593833521131984e+00
5.150659225822773024e+00
5.150049588171518700e+00
5.151817918269434138e+00
5.155985595271245003e+00
5.162543019254350440e+00
5.171450530523419964e+00
5.182639546711181211e+00
5.196013877847144968e+00
5.211451202009759420e+00
5.228804699869443517e+00
5.247904853211717402e+00
5.268561416222170557e+00
5.290565577682870391e+00
5.313692348355487205e+00
5.337703219005414113e+00
5.362349126293657342e+00
5.387373733630760775e+00
5.412516992426307461e+00
5.437518909123934208e+00
5.462123414089975704e+00
5.486082213400921503e+00
5.509158502838044313e+00
5.531130432438089883e+00
5.551794227092212708e+00
5.570966890191144216e+00
5.588488440302172400e+00
5.604223655383858471e+00
5.618063324885774534e+00
5.629925032870882973e+00
5.639753507938066512e+00
5.647520573453389758e+00
5.653224715931115085e+00
5.656890267539951722e+00
5.658566179760185832e+00
5.658324357891966194e+00
5.656257536485991722e+00
5.652476702934262853e+00
5.647108113051852563e+00
5.640289980723394159e+00
5.632168957471928472e+00
5.622896541515226332e+00
5.612625566262149590e+00
5.601506916243780054e+00
5.589686607158529164e+00
5.577303346679290286e+00
5.564486660539410323e+00
5.551355621739026525e+00
5.538018164572175550e+00
5.524570911347045588e+00
5.511099401096229755e+00
5.497678595470428142e+00
5.484373546410298061e+00
5.471240130569052340e+00
5.458325774747355474e+00
5.445670113671112311e+00
5.433305540817583434e+00
5.421257635453717860e+00
5.409545469406757512e+00
5.398181806682980977e+00
5.387173201814858814e+00
5.376519982064536407e+00
5.366216076349637376e+00
5.356248642780143676e+00
5.346597454531649696e+00
5.337234031259749933e+00
5.328120543889710348e+00
5.319208562296536158e+00
5.310437747522681384e+00
5.301734609671180820e+00
5.293011461627608938e+00
5.284165698652294019e+00
5.275079523247335089e+00
5.265620212161501890e+00
5.255640989710117950e+00
5.244982534086158665e+00
5.233475107545775273e+00
5.220941272168007075e+00
5.207199132830096389e+00
5.192066038833044850e+00
5.175362673706978889e+00
5.156917464267586126e+00
5.136571238741987067e+00
5.114182056696066070e+00
5.089630121375757099e+00
5.062822668172375806e+00
5.033698700652196045e+00
5.002233420987049151e+00
4.968442180167309985e+00
4.932383758192201206e+00
4.894162777787861351e+00
4.853931061396281166e+00
4.811887763058244616e+00
4.768278143189938589e+00
4.723390903133014795e+00
4.677554057136624088e+00
4.631129391296131104e+00
4.584505638240282011e+00
4.538090574227785723e+00
4.492302310467951365e+00
4.447560096618437875e+00
4.404274982703559438e+00
4.362840697927647504e+00
4.323625097069272449e+00
4.286962491580585066e+00
4.253147125012117336e+00
4.222427981453242829e+00
4.195005043872286343e+00
4.171027058147053879e+00
4.150590816336800160e+00
4.133741946304810178e+00
4.120477169956986430e+00
4.110747958096506061e+00
4.104465468364023373e+00
4.101506612281503372e+00
4.101721061289275383e+00
4.104938966801292999e+00
4.110979132270891512e+00
4.119657335879837845e+00
4.130794464420232792e+00
4.144224091591653725e+00
4.159799131741712230e+00
4.177397233720072656e+00
4.196924646534644587e+00
4.218318375555123012e+00
4.241546540394720566e+00
4.266606932468075541e+00
4.293523845937266437e+00
4.322343321442423836e+00
4.353127002615926777e+00
4.385944860225510666e+00
4.420867077782049570e+00
4.457955407070057774e+00
4.497254297791784872e+00
4.538782097355285927e+00
4.582522613166406522e+00
4.628417325622964817e+00
4.676358527677997756e+00
4.726183648215610766e+00
4.777670998484837561e+00
4.830537162105654758e+00
4.884436220124316996e+00
4.938960957748443903e+00
4.993646141801231231e+00
5.047973892375162031e+00
5.101381100985391548e+00
5.153268772920736041e+00
5.203013095947778055e+00
5.249977963605801712e+00
5.293528615182467867e+00
5.333046005567482872e+00
5.367941493518337381e+00
5.397671438179187930e+00
5.421751316785981878e+00
5.439769009390239773e+00
5.451396924307435832e+00
5.456402655320161443e+00
5.454657877251083420e+00
5.446145213388005502e+00
5.430962849897927214e+00
5.409326722129593534e+00
5.381570148071345372e+00
5.348140830986724659e+00
5.309595194602899859e+00
5.266590053757137291e+00
5.219871672398727291e+00
5.170262332179309084e+00
5.118644634546962280e+00
5.065943883763348587e+00
5.013109033420361627e+00
4.961092799407787801e+00
4.910831619887064292e+00
4.863226160689795741e+00
4.819123020637730015e+00
4.779298195048450992e+00
4.744442726036269598e+00
4.715150827151606272e+00
4.691910632860664343e+00
4.675097599450098507e+00
4.664970482057385404e+00
4.661669739527190437e+00
4.665218174654349070e+00
4.675523596276304872e+00
4.692383283152667950e+00
4.715490029233371239e+00
4.744439550942643358e+00
4.778739039795041776e+00
4.817816651767547143e+00
4.861031742511062959e+00
4.907685685316141466e+00
4.957033140099481372e+00
5.008293663615503988e+00
5.060663552800804155e+00
5.113327794158567308e+00
5.165471960917230376e+00
5.216293867086487346e+00
5.265014763859475089e+00
5.310889858256582663e+00
5.353217949443329182e+00
5.391350008904733038e+00
5.424696568259296470e+00
5.452733819615406929e+00
5.475008378484048421e+00
5.491140706012685335e+00
5.500827229856776412e+00
5.503841238528510260e+00
5.500032654580126135e+00
5.489326818080013659e+00
5.471722429627850381e+00
5.447288808404143978e+00
5.416162617493458953e+00
