3.327470603835401608e+00
3.397942920191457716e+00
3.473429300194793790e+00
3.553040224155775917e+00
3.635868097456634196e+00
3.720999792136831186e+00
3.807528578597418001e+00
3.894565242264489857e+00
3.981248198705664709e+00
4.066752455370606256e+00
4.150297324485775263e+00
4.231152864390977264e+00
4.308645099359299735e+00
4.382160124202245655e+00
4.451147232962646250e+00
4.515121222994288530e+00
4.573664023560644942e+00
4.626425788660988303e+00
4.673125577916555251e+00
4.713551721583025156e+00
4.747561924783019194e+00
4.775083121967781175e+00
4.796111058727161591e+00
4.810709558182574064e+00
4.819009418556967184e+00
4.821206884237749790e+00
4.817561635479065352e+00
4.808394248829661599e+00
4.794083084050773103e+00
4.775060549224884987e+00
4.751808685211665662e+00
4.724854000196458514e+00
4.694761488302663821e+00
4.662127797668985885e+00
4.627573574680527990e+00
4.591735086783464759e+00
4.555255296304897783e+00
4.518774610540710057e+00
4.482921567235178095e+00
4.448303728531668888e+00
4.415499046596091937e+00
4.385047929852468940e+00
4.357446189769794032e+00
4.333138999242064138e+00
4.312515951573618445e+00
4.295907269515875981e+00
4.283581172214804944e+00
4.275742367323181803e+00
4.272531602985449872e+00
4.274026195371045667e+00
4.280241441841029726e+00
4.291132830936372322e+00
4.306598960188372516e+00
4.326485070796564081e+00
4.350587111565753062e+00
4.378656256176179262e+00
4.410403809542295051e+00
4.445506439271757593e+00
4.483611654527244639e+00
4.524343434725047963e+00
4.567307895653787142e+00
4.612098877686568343e+00
4.658303348793483067e+00
4.705506527690818785e+00
4.753296644513278046e+00
4.801269268083478536e+00
4.849031144089954282e+00
4.896203510140114901e+00
4.942424881805669301e+00
4.987353337386178254e+00
5.030668365433809797e+00
5.072072372215218117e+00
5.111291971190150996e+00
5.148079192837315965e+00
5.182212761148976554e+00
5.213499579563497299e+00
5.241776548470274300e+00
5.266912794662060193e+00
5.288812330898729819e+00
5.307417088522061732e+00
5.322710189563381711e+00
5.334719256396428300e+00
5.343519501102261593e+00
5.349236298151160973e+00
5.352046931682153286e+00
5.352181228785846123e+00
5.349920838239759391e+00
5.345596978770771557e+00
5.339586554258103135e+00
5.332306612426611636e+00
5.324207204291239393e+00
5.315762777415048213e+00
5.307462302900361806e+00
5.299798392300161254e+00
5.293255703040530058e+00
5.288298955916395983e+00
5.285360896367088834e+00
5.284830526492335423e+00
5.287041921428328628e+00
5.292263926143297326e+00
5.300691009538105902e+00
5.312435531733722627e+00
5.327521659160550982e+00
5.345881143648102629e+00
5.367351162386300167e+00
5.391674385424977345e+00
5.418501391577357218e+00
5.447395495737604065e+00
5.477839985668163436e+00
5.509247697785802700e+00
5.540972792342708786e+00
5.572324520530059111e+00
5.602582710872467509e+00
5.631014641315310598e+00
5.656892906901267892e+00
5.679513841965546206e+00
5.698216014895834292e+00
5.712398287036893230e+00
5.721536914633547966e+00
5.725201170764175451e+00
5.723066974236359350e+00
5.714928041886421894e+00
5.700704137817416139e+00
5.680446078558277989e+00
5.654337258514899212e+00
5.622691575756801008e+00
5.585947761160891645e+00
5.544660244399571170e+00
5.499486822213600412e+00
5.451173515154950522e+00
5.400537098003407976e+00
5.348445865393681942e+00
5.295799253634235093e+00
5.243506981822940283e+00
5.192468387477210179e+00
5.143552603219782249e+00
5.097580155983546746e+00
5.055306480096889210e+00
5.017407727028770026e+00
4.984469132076038811e+00
4.956976071270346118e+00
4.935307822702198699e+00
4.919733943457591963e+00
4.910413087064688931e+00
4.907394016330460573e+00
4.910618519862841147e+00
4.919925927817534905e+00
4.935058942432584139e+00
4.955670535931406384e+00
4.981331706435856432e+00
5.011539917557715107e+00
5.045728082307090467e+00
5.083273986137096578e+00
5.123510070811826189e+00
5.165733514497291345e+00
5.209216544813871863e+00
5.253216916829699379e+00
5.296988482943752352e+00
5.339791777953894147e+00
5.380904538510435486e+00
5.419632069226244298e+00
5.455317357808636913e+00
5.487350830171511262e+00
5.515179623288195110e+00
5.538316237616683679e+00
5.556346414784103516e+00
5.568936073460020175e+00
5.575837127554266637e+00
5.576892007395255035e+00
5.572036711194663816e+00
5.561302232755318542e+00
5.544814238421229113e+00
5.522790900009933779e+00
5.495538834561950026e+00
5.463447160309390149e+00
5.426979751967940580e+00
5.386665862058928944e+00
5.343089355285414399e+00
5.296876864808149676e+00
5.248685216040489543e+00
5.199188477829927102e+00
5.149064995930193511e+00
5.098984741893284323e+00
5.049597278385672183e+00
5.001520608760110953e+00
4.955331147450340090e+00
4.911555011576634655e+00
4.870660786729438030e+00
4.833053864693242829e+00
4.799072395872555852e+00
4.768984849417361005e+00
4.742989132746981973e+00
4.721213191623106376e+00
4.703716990797677688e+00
4.690495758931503723e+00
4.681484364417611843e+00
4.676562666875673457e+00
4.675561663561820680e+00
4.678270228474564085e+00
4.684442233710833570e+00
4.693803851271846739e+00
4.706060854261882476e+00
4.720905759658779566e+00
4.738024673778171270e+00
4.757103715653908438e+00
4.777834905185978087e+00
4.799921414886233251e+00
4.823082099258258815e+00
4.847055234932198253e+00
4.871601425446234757e+00
4.896505645881387814e+00
4.921578427640481479e+00
4.946656217382593645e+00
4.971600985570789888e+00
4.996299199314112371e+00
5.020660298397451093e+00
5.044614815793039497e+00
5.068112267191033915e+00
5.091118907731516430e+00
5.113615428525839057e+00
5.135594646870782931e+00
5.157059233141855437e+00
5.178019510567057893e+00
5.198491356689205034e+00
5.218494227357960646e+00
5.238049320336747527e+00
5.257177898200581012e+00
5.275899795206760778e+00
5.294232134841966975e+00
5.312188281257385292e+00
5.329777038613912055e+00
5.347002098585120322e+00
5.363861720955990897e+00
5.380348619134619703e+00
5.396450014362068615e+00
5.412147822323176705e+00
5.427418944020772962e+00
5.442235644040461118e+00
5.456566008863412698e+00
5.470374486086690524e+00
5.483622512723104414e+00
5.496269244151199551e+00
5.508272392727969091e+00
5.519589177627681309e+00
5.530177377111937354e+00
5.539996463537810278e+00
5.549008791504197013e+00
5.557180797913199299e+00
5.564484155057486170e+00
5.570896797103887188e+00
5.576403728076208210e+00
5.580997525673058846e+00
5.584678481409265594e+00
5.587454358509570618e+00
5.589339794780678439e+00
5.590355414883455332e+00
5.590526736376220995e+00
5.589882959625859904e+00
5.588455731629919931e+00
5.586277971531282027e+00
5.583382838832197770e+00
5.579802911185326231e+00
5.575569616696212982e+00
5.570712938247728729e+00
5.565261379740517711e+00
5.559242161015751194e+00
5.552681588871089424e+00
5.545605534328068131e+00
5.538039937168746540e+00
5.530011267480708703e+00
5.521546901133407736e+00
5.512675400421797711e+00
5.503426720127370331e+00
5.493832379099785612e+00
5.483925649517833456e+00
5.473741817318322767e+00
5.463318551072965157e+00
5.452696383262768620e+00
5.441919270096940764e+00
5.431035168653077783e+00
5.420096558114252616e+00
5.409160831415775306e+00
5.398290492568309951e+00
5.387553115488723954e+00
5.377021050218452558e+00
5.366770891836725177e+00
5.356882747416916501e+00
5.347439346560883600e+00
5.338525043681846327e+00
5.330224755452119823e+00
5.322622866209036019e+00
5.315802121732376762e+00
5.309842519898279711e+00
5.304820195298597163e+00
5.300806286768342090e+00
5.297865776834982832e+00
5.296056300243100701e+00
5.295426929031418872e+00
5.296016950546819757e+00
5.297854663698642774e+00
5.300956229018407129e+00
5.305324618440094397e+00
5.310948718919355827e+00
5.317802647313293107e+00
5.325845329941535589e+00
5.335020389968131660e+00
5.345256373578646247e+00
5.356467334569452454e+00
5.368553784229684211e+00
5.381403995350902747e+00
5.394895625625355073e+00
5.408897602200135601e+00
5.423272194404094471e+00
5.437877201408140238e+00
5.452568192879531317e+00
5.467200752825238652e+00
5.481632681127996953e+00
5.495726105212924040e+00
5.509349453949966779e+00
5.522379252650616799e+00
5.534701709558272675e+00
5.546214074532334060e+00
5.556825757334389770e+00
5.566459197387938040e+00
5.575050478300114243e+00
5.582549676884926093e+00
5.588920930636985140e+00
5.594142205361416487e+00
5.598204750209982983e+00
5.601112244488209768e+00
5.602879671815006013e+00
5.603531996775924284e+00
5.603102752319519375e+00
5.601632659786925039e+00
5.599168395617901695e+00
5.595761595701808311e+00
5.591468156385596799e+00
5.586347854224358755e+00
5.580464269111041098e+00
5.573884963298686657e+00
5.566681845800157014e+00
5.558931635851506847e+00
5.550716325831082543e+00
5.542123534685180708e+00
5.533246647023788434e+00
5.524184656085421530e+00
5.515041663046840625e+00
5.505926016899634234e+00
5.496949100466468785e+00
5.488223781515823241e+00
5.479862562648949442e+00
5.471975486411417400e+00
5.464667878185252903e+00
5.458038026495843020e+00
5.452174902567171522e+00
5.447156013888179160e+00
5.443045477295282097e+00
5.439892385018048948e+00
5.437729516984151523e+00
5.436572424676644921e+00
5.436418886332633704e+00
5.437248721678916930e+00
5.439023956372293078e+00
5.441689331487887138e+00
5.445173155751430016e+00
5.449388501765823456e+00
5.454234756505691450e+00
5.459599546016588256e+00
5.465361053254402357e+00
5.471390727711511914e+00
5.477556347137235271e+00
5.483725347188178390e+00
5.489768299498948956e+00
5.495562400600582542e+00
5.500994831482524994e+00
5.505965855348055271e+00
5.510391536994917239e+00
5.514205990253808309e+00
5.517363086712164133e+00
5.519837584222081261e+00
5.521625653365777708e+00
5.522744794374382593e+00
5.523233150939215186e+00
5.523148245518207489e+00
5.522565179618432296e+00
5.521574352663956020e+00
5.520278752582456150e+00
5.518790870055624076e+00
5.517229295299827641e+00
5.515715071124323465e+00
5.514367895624606497e+00
5.513302289476474272e+00
5.512623861641866796e+00
5.512425817903112701e+00
5.512785856176486199e+00
5.513763580574569723e+00
5.515398543344823601e+00
5.517708990943179792e+00
5.520691348809490862e+00
5.524320434302508964e+00
5.528550349093047878e+00
5.533315978029847315e+00
5.538535008747358823e+00
5.544110378982107790e+00
5.549933053696783247e+00
5.555885033108203253e+00
5.561842498867212825e+00
5.567679018104383815e+00
5.573268736951128233e+00
5.578489501110508897e+00
5.583225842500977976e+00
5.587371771757209338e+00
5.590833318112374606e+00
5.593530760936856971e+00
5.595400500484265294e+00
5.596396517962435979e+00
5.596491376363394110e+00
5.595676716286319241e+00
5.593963208656925978e+00
5.591379937748657269e+00
5.587973201784274480e+00
5.583804740046085513e+00
5.578949430912971685e+00
5.573492549696386078e+00
5.567526716854892754e+00
5.561148699425332964e+00
5.554456248228948567e+00
5.547545154030894210e+00
5.540506681461446092e+00
5.533425492480347430e+00
5.526378110288932888e+00
5.519431910041419087e+00
5.512644565417327946e+00
5.506063841304749573e+00
5.499727609965098907e+00
5.493663981883541325e+00
5.487891477855650457e+00
5.482419215599151130e+00
5.477247128063035042e+00
5.472366257588372918e+00
5.467759173688601315e+00
5.463400546560281512e+00
5.459257883210774764e+00
5.455292406812768391e+00
5.451460038006018749e+00
5.447712424843209611e+00
5.443997972696930532e+00
5.440262847204349050e+00
5.436451948831172665e+00
5.432509869339513742e+00
5.428381835700939462e+00
5.424014638748670514e+00
5.419357542894631230e+00
5.414363178961788314e+00
5.408988429372182161e+00
5.403195319931777263e+00
5.396951931661717161e+00
5.390233335440452578e+00
5.383022531655773157e+00
5.375311352919822205e+00
5.367101269334735747e+00
5.358404030294281917e+00
5.349242084774004091e+00
5.339648735028465154e+00
5.329667988760128594e+00
5.319354084676593430e+00
5.308770683199128371e+00
5.297989738451970076e+00
5.287090092498051064e+00
5.276155851143769837e+00
5.265274610500052077e+00
5.254535606886268972e+00
5.244027862647978822e+00
