6.792858962862278194e-01 -7.446444030306070827e-02 -9.628834118219797844e-02
7.138868346859090774e-01 -8.904165557387586083e-02 -7.602774943329958235e-02
7.459692998375521134e-01 -1.013190884334916192e-01 -5.780826612069796949e-02
7.754252094708653509e-01 -1.114709468404163489e-01 -4.162456419910309097e-02
8.022015820927835827e-01 -1.196943750832826781e-01 -2.744508857134869001e-02
8.262967768994906592e-01 -1.262038747134844874e-01 -1.521468221721316953e-02
8.477556542265091144e-01 -1.312258139151237513e-01 -4.857557157558584429e-03
8.666637877080870522e-01 -1.349931329443686545e-01 3.719440543291348614e-03
8.831408835263181434e-01 -1.377403412017033368e-01 1.062333591821847979e-02
8.973335853870146872e-01 -1.396988899259310468e-01 1.597137929463925479e-02
9.094078610164099130e-01 -1.410929935042136429e-01 1.988734169823945172e-02
9.195411741300776320e-01 -1.421359599222330183e-01 2.249785226505735675e-02
9.279146462047151989e-01 -1.430270748793558699e-01 2.392888041005755001e-02
9.347054083653197898e-01 -1.439490645363695753e-01 2.430246096275744117e-02
9.400793371938261922e-01 -1.450661404568845403e-01 2.373375184968801177e-02
9.441843583206822599e-01 -1.465226096521923260e-01 2.232850339618458468e-02
9.471444865042707439e-01 -1.484420157571877397e-01 2.018100615811983800e-02
9.490547505679636231e-01 -1.509267659714020882e-01 1.737256965874579492e-02
9.499771279958996173e-01 -1.540581913382565449e-01 1.397056792425110765e-02
9.499375890035544057e-01 -1.578969828762944172e-01 1.002807064595455377e-02
9.489243239553847298e-01 -1.624839424079743411e-01 5.584061287915142655e-03
9.468872009839309767e-01 -1.678409853575529020e-01 6.642242447377839009e-04
9.437384728110845833e-01 -1.739723331701564235e-01 -4.717737701868831776e-03
9.393547233503043437e-01 -1.808658347341200179e-01 -1.055831424251616607e-02
9.335800156100088065e-01 -1.884943597864365272e-01 -1.686200132165022181e-02
9.262301728175796889e-01 -1.968172138582691688e-01 -2.363880352401356161e-02
9.170980949911373692e-01 -2.057815339468004878e-01 -3.090151721032563525e-02
9.059599837683950385e-01 -2.153236354593492663e-01 -3.866288948301691009e-02
8.925823195640270047e-01 -2.253702925771387811e-01 -4.693274958138643482e-02
8.767294078629715992e-01 -2.358399458224148815e-01 -5.571521127139011931e-02
8.581712863883951270e-01 -2.466438429623664663e-01 -6.500604706679244393e-02
8.366917625009031578e-01 -2.576871320017332656e-01 -7.479033619963149082e-02
8.120963319113000400e-01 -2.688699356457017742e-01 -8.504048678808169559e-02
7.842197189068601526e-01 -2.800884427228590989e-01 -9.571472703969768903e-02
7.529327790100704965e-01 -2.912360522265125540e-01 -1.067561482512959514e-01
7.181485201674531194e-01 -3.022045994958359461e-01 -1.180923621628460624e-01
6.798270279621879686e-01 -3.128856823308545088e-01 -1.296358076482149735e-01
6.379791210633219967e-01 -3.231720900104816385e-01 -1.412847097451776779e-01
5.926686117488929595e-01 -3.329593239000257499e-01 -1.529246609432416415e-01
5.440130999996115602e-01 -3.421471869684610811e-01 -1.644307629131128157e-01
4.921832852995949303e-01 -3.506414106662799623e-01 -1.756702385307221670e-01
4.374008344831570305e-01 -3.583552793871621622e-01 -1.865054012607148259e-01
3.799348938512344120e-01 -3.652112046869462336e-01 -1.967968534160524641e-01
3.200973771519319278e-01 -3.711421953627064840e-01 -2.064067772445654925e-01
2.582371960122809562e-01 -3.760931674973739813e-01 -2.152021832558463077e-01
1.947336251258130480e-01 -3.800220412253857982e-01 -2.230579884143823188e-01
1.299890117325518679e-01 -3.829005777052070791e-01 -2.298598120192873184e-01
6.442104923515362680e-02 -3.847149197687673716e-01 -2.355063974877701360e-01
-1.545161240426503550e-03 -3.854658117773543391e-01 -2.399115910148563735e-01
-6.748504068183325266e-02 -3.851684870122851212e-01 -2.430058305155862741e-01
-1.329822438772590432e-01 -3.838522237856251129e-01 -2.447371193813827894e-01
-1.976359621472212058e-01 -3.815595837568063753e-01 -2.450714797667286060e-01
-2.610676510811610895e-01 -3.783453559254127962e-01 -2.439928994185413258e-01
-3.229270458294462576e-01 -3.742752358750464081e-01 -2.415028037934284777e-01
-3.828973568183979270e-01 -3.694242730745588288e-01 -2.376191007796247812e-01
-4.406995690415910216e-01 -3.638751223079200736e-01 -2.323748584589904742e-01
-4.960957969154107250e-01 -3.577161406853684444e-01 -2.258166866898662362e-01
-5.488916730047641579e-01 -3.510393792260871892e-01 -2.180029005880387005e-01
-5.989377720211366274e-01 -3.439385262667770116e-01 -2.090015484271843804e-01
-6.461300910424666588e-01 -3.365068670128806283e-01 -1.988883887928713512e-01
-6.904096229554667064e-01 -3.288353278561770843e-01 -1.877449025226388679e-01
-7.317610730605016434e-01 -3.210106747476382250e-01 -1.756564234907971866e-01
-7.702107793006897074e-01 -3.131139315317296168e-01 -1.627104671869861463e-01
-8.058239056057113769e-01 -3.052190769402959858e-01 -1.489953259587215029e-01
-8.387009862810707039e-01 -2.973920685086727800e-01 -1.345989841552067134e-01
-8.689739077592576466e-01 -2.896902279402620017e-01 -1.196083856485249258e-01
-8.968014222813704972e-01 -2.821620048545301351e-01 -1.041090621511890357e-01
-9.223642955011748246e-01 -2.748471149201586194e-01 -8.818510630215282975e-02
-9.458601955935179717e-01 -2.677770262067576956e-01 -7.191945150540041132e-02
-9.674984345822396081e-01 -2.609757472469408923e-01 -5.539440291187236465e-02
-9.874946733083975747e-01 -2.544608550363181010e-01 -3.869235141654071841e-02
-1.006065699434604666e+00 -2.482446932282223184e-01 -2.189659490604815503e-02
-1.023424381907351632e+00 -2.423356701516996836e-01 -5.092188224232119080e-03
-1.039774894702423458e+00 -2.367395912172663708e-01 1.163325429052734436e-02
-1.055308288753882939e+00 -2.314609684057318817e-01 2.818887293018980736e-02
-1.070198476049660563e+00 -2.265042587297456944e-01 4.448005313673198541e-02
-1.084598675321712502e+00 -2.218749924196340151e-01 6.040814178703594189e-02
-1.098638354413870033e+00 -2.175807595756782953e-01 7.587042762936258011e-02
-1.112420690212467589e+00 -2.136320308693065162e-01 9.076041239864414412e-02
-1.126020554537922269e+00 -2.100427933191497953e-01 1.049683873975523207e-01
-1.139483025728496468e+00 -2.068309865662611713e-01 1.183823206276765905e-01
-1.152822421015849530e+00 -2.040187289959943251e-01 1.308890527996922348e-01
-1.166021842387458873e+00 -2.016323261951765700e-01 1.423757957317097755e-01
-1.179033226682080882e+00 -1.997020562860012671e-01 1.527319215836750732e-01
-1.191777888408021679e+00 -1.982617292213887661e-01 1.618510239601717304e-01
-1.204147540804934247e+00 -1.973480226616429745e-01 1.696332211878603391e-01
-1.216005776667043126e+00 -1.969996062595158748e-01 1.759876586917606955e-01
-1.227189985651119697e+00 -1.972560777371353269e-01 1.808351528392020402e-01
-1.237513680016783635e+00 -1.981567464897392161e-01 1.841109040549940845e-01
-1.246769196750302955e+00 -1.997393120803314104e-01 1.857671932702058271e-01
-1.254730741272549688e+00 -2.020384937840266348e-01 1.857759643778244263e-01
-1.261157736708405697e+00 -2.050846715384134211e-01 1.841311888675161434e-01
-1.265798442689334724e+00 -2.089025983070036119e-01 1.808509092269466045e-01
-1.268393807646900795e+00 -2.135102402198468252e-01 1.759788648777086406e-01
-1.268681517270999759e+00 -2.189177945982918039e-01 1.695856165255217318e-01
-1.266400199064869891e+00 -2.251269272450450165e-01 1.617691000610902985e-01
-1.261293739273378955e+00 -2.321302601892890893e-01 1.526545583029199626e-01
-1.253115664135688867e+00 -2.399111308478401594e-01 1.423938167432125812e-01
-1.241633532537903983e+00 -2.484436332515834733e-01 1.311638873021239715e-01
-1.226633282518685641e+00 -2.576929404209807872e-01 1.191649022215885145e-01
-1.207923470761149920e+00 -2.676158944223563374e-01 1.066173992761896283e-01
-1.185339342315847144e+00 -2.781618392932007078e-01 9.375899939000961747e-02
-1.158746666351564203e+00 -2.892736635811147261e-01 8.084053763770970846e-02
-1.128045271427564389e+00 -3.008890135765576179e-01 6.812172694961765584e-02
-1.093172210015928458e+00 -3.129416347054467251e-01 5.586644914639091186e-02
-1.054104477483354341e+00 -3.253627962949238728e-01 4.433777988153082827e-02
-1.010861207155098418e+00 -3.380827528218002254e-01 3.379286348596929890e-02
-9.635052619156623255e-01 -3.510321917492999488e-01 2.447776129566493070e-02
-9.121441448044573796e-01 -3.641436148529478278e-01 1.662240273356219503e-02
-8.569301571355948388e-01 -3.773525989282697779e-01 1.043577151449034436e-02
-7.980597443292012372e-01 -3.905988851992004407e-01 6.101458723826698807e-03
-7.357719877721011770e-01 -4.038272548959154218e-01 3.773709026768932648e-03
-6.703462247391539508e-01 -4.169881595519424056e-01 3.574075158197880051e-03
-6.020988057948831740e-01 -4.300380861252608433e-01 5.588778799807374818e-03
-5.313790285991925044e-01 -4.429396472482556302e-01 9.866852900954596259e-03
-4.585643176298697110e-01 -4.556613949224400106e-01 1.641911186382912641e-02
-3.840547499737822501e-01 -4.681773620739915764e-01 2.521796295097623875e-02
-3.082670571970329010e-01 -4.804663417701135475e-01 3.619803669914062327e-02
-2.316282620687422356e-01 -4.925109195760398739e-01 4.925757902640218178e-02
-1.545691353136337820e-01 -5.042962804938818655e-01 6.426051720072364914e-02
-7.751767753999225241e-02 -5.158088179110577043e-01 8.103908949971139197e-02
-8.928396525753227531e-04 -5.270345783984048404e-01 9.939691535166002290e-02
7.490131153615355031e-02 -5.379575831186105273e-01 1.191123780959107287e-01
1.494807964315695570e-01 -5.485580726524306172e-01 1.399421955126368688e-01
2.224861404257783282e-01 -5.588107256790614263e-01 1.616250640584306342e-01
2.935858921140811484e-01 -5.686829034179012865e-01 1.838852805954283021e-01
3.624791721210467998e-01 -5.781329724045344287e-01 2.064362675390191970e-01
4.288972282151605753e-01 -5.871087585743790527e-01 2.289839501312337378e-01
4.926040154172471319e-01 -5.955461857542485582e-01 2.512299555551421038e-01
5.533958567616692470e-01 -6.033681520584887048e-01 2.728746220400663502e-01
6.111002694819712699e-01 -6.104836987548420968e-01 2.936198219169915968e-01
6.655740627065429571e-01 -6.167875271161422646e-01 3.131716158598566446e-01
7.167008265610723683e-01 -6.221599182836781150e-01 3.312427660415275255e-01
7.643879397985334778e-01 -6.264671087655083737e-01 3.475551427638577384e-01
8.085632263982729384e-01 -6.295621703957859916e-01 3.618420613874897551e-01
8.491713938920876226e-01 -6.312864384926963890e-01 3.738505840189981222e-01
8.861703884739756676e-01 -6.314715241122184075e-01 3.833438145168942546e-01
9.195278042565965260e-01 -6.299419333675685406e-01 3.901032081403376650e-01
9.492174867086972112e-01 -6.265182974356460210e-01 3.939309106850266695e-01
9.752164722503188221e-01 -6.210211922177766297e-01 3.946521362737674399e-01
9.975024035252501031e-01 -6.132755000064136208e-01 3.921175859315199075e-01
1.016051549974924306e+00 -6.031152402644539556e-01 3.862058986801849558e-01
1.030837546618202927e+00 -5.903887738060517032e-01 3.768261130620382260e-01
1.041830942744719213e+00 -5.749642634117341222e-01 3.639201009136570075e-01
1.048999627321053785e+00 -5.567352535291101301e-01 3.474649181838029843e-01
1.052310168502682552e+00 -5.356262126057637074e-01 3.274750011763928326e-01
1.051730070224262459e+00 -5.115978648485633995e-01 3.040041226454255341e-01
1.047230909711206248e+00 -4.846521254049572791e-01 2.771470117635298491e-01
1.038792276900979195e+00 -4.548364461260946401e-01 2.470405349400860151e-01
1.026406392376785437e+00 -4.222473799062558819e-01 2.138643307680395123e-01
1.010083238227642566e+00 -3.870331808359885328e-01 1.778407938436167568e-01
9.898560005758870739e-01 -3.493952745730531384e-01 1.392343115874608295e-01
9.657865966906943322e-01 -3.095884572139264712e-01 9.834967636871656815e-02
9.379710448064314532e-01 -2.679197111332232706e-01 5.552961981065526048e-02
9.065444299801598271e-01 -2.247455638275131784e-01 1.115144363434956813e-02
8.716852228932197022e-01 -1.804679615563251627e-01 -3.437724961140714575e-02
8.336187196683982892e-01 -1.355286822452402007e-01 -8.062369124235459206e-02
7.926193895085452690e-01 -9.040236870223919419e-02 -1.271358779741680878e-01
7.490119431514952186e-01 -4.558831998971262650e-02 -1.734491972155610129e-01
7.031709687586807922e-01 -1.601232094099047307e-03 -2.190936104006911134e-01
6.555190234464111088e-01 4.103887398762688654e-02 -2.636012294006631063e-01
6.065231189701580927e-01 8.181725973676658159e-02 -3.065140964154068337e-01
5.566895990245760428e-01 1.202353056571576762e-01 -3.473919598002875864e-01
5.065574713258599315e-01 1.558212513626466011e-01 -3.858198294589693655e-01
4.566903260910068485e-01 1.881405066972826057e-01 -4.214150972372108228e-01
4.076670384586447149e-01 2.168052086785184351e-01 -4.538340207432435269e-01
3.600715105840064378e-01 2.414827226247835412e-01 -4.827773931887207048e-01
3.144817554981639840e-01 2.619028251330842161e-01 -5.079952557295677185e-01
2.714586568912937814e-01 2.778633579020233779e-01 -5.292905489265975483e-01
2.315347559150317813e-01 2.892341993344981765e-01 -5.465216422700761578e-01
1.952034190014440285e-01 2.959594605938024037e-01 -5.596037216201623643e-01
1.629087321837942304e-01 2.980578714899356774e-01 -5.685090501842765542e-01
1.350364489216469011e-01 2.956213778410932691e-01 -5.732661460518880814e-01
1.119062886225571651e-01 2.888120245155316179e-01 -5.739579380182293633e-01
9.376584013560886055e-02 2.778572454522015844e-01 -5.707189744148344346e-01
8.078626883691814031e-02 2.630437217311164533e-01 -5.637317705790098055e-01
7.305995934259487679e-02 2.447100004736232348e-01 -5.532223916142955389e-01
7.060015025050131454e-02 2.232380924387891430e-01 -5.394553787991327454e-01
7.334253521569442102e-02 1.990442873169720739e-01 -5.227281400885245288e-01
8.114872094924803492e-02 1.725694438409692555e-01 -5.033649370141491941e-01
9.381135501470960758e-02 1.442690245866427023e-01 -4.817106110762431337e-01
1.110606731988723478e-01 1.146031491984500356e-01 -4.581242009648098246e-01
1.325721736874658774e-01 8.402693306694175579e-02 -4.329726055743002289e-01
1.579751041816598867e-01 5.298136177733346608e-02 -4.066244447379764315e-01
1.868614454428738914e-01 2.188492634497352790e-02 -3.794442583312619410e-01
2.187950860418493571e-01 -8.873788183832611101e-03 -3.517871646416295128e-01
2.533209039687865372e-01 -3.894240601642082883e-02 -3.239940734388723764e-01
2.899734983721649617e-01 -6.800984220817687942e-02 -2.963875232557885431e-01
3.282853478758318566e-01 -9.581009161371764615e-02 -2.692681897515547540e-01
3.677942096435700137e-01 -1.221246968778909869e-01 -2.429120922690690687e-01
4.080496133927017932e-01 -1.467839089657949903e-01 -2.175685066531358736e-01
4.486183443243684232e-01 -1.696665943570959678e-01 -1.934585737821988005e-01
4.890888474167021660e-01 -1.906989813577858461e-01 -1.707745765231117596e-01
5.290745235790853540e-01 -2.098523709461543041e-01 -1.496798433415461871e-01
5.682159264389179398e-01 -2.271399613282555630e-01 -1.303092228529884322e-01
6.061819058848013642e-01 -2.426129479906217190e-01 -1.127700582672767765e-01
6.426697793187393648e-01 -2.563560633973294700e-01 -9.714357445599342000e-02
6.774046432967253395e-01 -2.684827153357846607e-01 -8.348657638131141978e-02
7.101379661785692798e-01 -2.791298734558044226e-01 -7.183334918572824301e-02
7.406456245220800483e-01 -2.884528416598249323e-01 -6.219764884297055568e-02
7.687255599599047695e-01 -2.966200395334537276e-01 -5.457467828875488258e-02
7.941952379886040303e-01 -3.038078985559536371e-01 -4.894295776698125156e-02
8.168890849682958200e-01 -3.101959600664048744e-01 -4.526601893700520074e-02
8.366560645776718319e-01 -3.159622454267083658e-01 -4.349387675383144941e-02
8.533575312192357432e-01 -3.212789576296150029e-01 -4.356425693649210867e-02
8.668654683902542457e-01 -3.263085681594974918e-01 -4.540357759099454549e-02
8.770611887062126355e-01 -3.312003403617586050e-01 -4.892770116715596668e-02
8.838345426389152548e-01 -3.360873368351880441e-01 -5.404248734190051501e-02
8.870836572600974135e-01 -3.410839510966552912e-01 -6.064418758468827914e-02
8.867152046262953835e-01 -3.462839928993142746e-01 -6.861972760190002130e-02
8.826451806789323840e-01 -3.517593427977656062e-01 -7.784692572810657241e-02
8.748001580654679588e-01 -3.575591758796617392e-01 -8.819469531318872846e-02
8.631189592831718382e-01 -3.637097389245581569e-01 -9.952327825183025778e-02
8.475546802343185693e-01 -3.702146519781945866e-01 -1.116845555527183759e-01
8.280769794812588014e-01 -3.770556961431818510e-01 -1.245224797034057279e-01
8.046745360583771323e-01 -3.841940443746194034e-01 -1.378736722875121001e-01
7.773575688393885574e-01 -3.915718897850751778e-01 -1.515682274627491444e-01
7.461603025603188444e-01 -3.991144247395237987e-01 -1.654307560519115983e-01
7.111432594910551686e-01 -4.067321228665664590e-01 -1.792816956845545706e-01
6.723952529281836954e-01 -4.143232742765329268e-01 -1.929388999995887977e-01
6.300349616062287383e-01 -4.217767212104380214e-01 -2.062195050463637158e-01
5.842119743237714768e-01 -4.289747375628787940e-01 -2.189420547086910751e-01
5.351072111433974321e-01 -4.357959925888263419e-01 -2.309288502833429790e-01
4.829326498703743198e-01 -4.421185372582803197e-01 -2.420084729089404529e-01
4.279303128184842042e-01 -4.478227505426547461e-01 -2.520184121208406403e-01
3.703704980993694496e-01 -4.527941820286636165e-01 -2.608077210857500106e-01
3.105492699954939262e-01 -4.569262277013351747e-01 -2.682396106864500807e-01
2.487852519886935565e-01 -4.601225787117789734e-01 -2.741938906219627548e-01
1.854157923119067186e-01 -4.622993882053293424e-01 -2.785691651632577481e-01
1.207925953343028797e-01 -4.633871079622298716e-01 -2.812846944586134268e-01
5.527693227066628190e-02 -4.633319547540203365e-01 -2.822818412849102954e-01
-1.076543985133778143e-02 -4.620969765624393655e-01 -2.815250394221745500e-01
-7.696951261252601983e-02 -4.596627010839209881e-01 -2.790022422842086680e-01
-1.429762718338202232e-01 -4.560273624023757910e-01 -2.747248356613479769e-01
-2.084378125129762727e-01 -4.512067152095046163e-01 -2.687270227186423499e-01
-2.730221853029042856e-01 -4.452334583903523879e-01 -2.610647099881766020e-01
-3.364178463238264305e-01 -4.381563006407904193e-01 -2.518139384332418462e-01
-3.983375980176780407e-01 -4.300387098613297487e-01 -2.410689134832597058e-01
-4.585219298091107731e-01 -4.209573943506588201e-01 -2.289396933544448065e-01
-5.167416912896636294e-01 -4.110005658596053157e-01 -2.155495983003553051e-01
-5.728000556754068162e-01 -4.002660328923582922e-01 -2.010324071134076407e-01
-6.265337563645310137e-01 -3.888591702229117764e-01 -1.855294118977707241e-01
-6.778136039736942786e-01 -3.768908103173754798e-01 -1.691864065418395568e-01
-7.265443143651331148e-01 -3.644751048059882148e-01 -1.521506871284496465e-01
-7.726636982955733535e-01 -3.517274073910501841e-01 -1.345681433514653302e-01
-8.161412790804133399e-01 -3.387622303943387259e-01 -1.165805181166428284e-01
-8.569764159268922210e-01 -3.256913233547392150e-01 -9.832290655101685872e-02
-8.951960179048643607e-01 -3.126219143868260164e-01 -7.992155579154464062e-02
-9.308519371933041686e-01 -2.996551462452889947e-01 -6.149201576117609147e-02
-9.640181303330084273e-01 -2.868847312593812426e-01 -4.313768108262875517e-02
-9.947876729121867267e-01 -2.743958424449760014e-01 -2.494875487448254894e-02
-1.023269706385947275e+00 -2.622642518465495565e-01 -7.001654051331828062e-03
-1.049586385675609579e+00 -2.505557218742512915e-01 1.064113868579140074e-02
-1.073869884571864386e+00 -2.393256503088665166e-01 2.793078849366725791e-02
-1.096259506099515280e+00 -2.286189626428390687e-01 4.483141907566408346e-02
-1.116898938782609818e+00 -2.184702358492686403e-01 6.131907055080448171e-02
-1.135933695765827922e+00 -2.089040274697488986e-01 7.738037104706423086e-02
-1.153508769291716529e+00 -1.999353756926850190e-01 9.301100058585246022e-02
-1.169766526779612015e+00 -1.915704313929695868e-01 1.082140315856272572e-01
-1.184844866929699148e+00 -1.838071824593257020e-01 1.229982291878419370e-01
-1.198875645657875744e+00 -1.766362342023475585e-01 1.373763877065825589e-01
-1.211983373012710308e+00 -1.700416167698425851e-01 1.513637686847678077e-01
-1.224284174009201198e+00 -1.640016001533902423e-01 1.649766927108990699e-01
-1.235884998916483957e+00 -1.584895078655135514e-01 1.782313221904308076e-01
-1.246883062673980858e+00 -1.534745299654630135e-01 1.911426567241009955e-01
-1.257365489671307568e+00 -1.489225433844215685e-01 2.037237482067137673e-01
-1.267409139694243736e+00 -1.447969512325947838e-01 2.159851310899288390e-01
-1.277080593284282584e+00 -1.410595518687366157e-01 2.279344558973352697e-01
-1.286436278873404948e+00 -1.376714424568611095e-01 2.395763109399665913e-01
-1.295522727915243255e+00 -1.345939513364177442e-01 2.509122161735031775e-01
-1.304376946500819034e+00 -1.317895814900166829e-01 2.619407718747466807e-01
-1.313026892763032638e+00 -1.292229375882488485e-01 2.726579428291978635e-01
-1.321492049890952591e+00 -1.268616040276226986e-01 2.830574573653568127e-01
-1.329784085621105838e+00 -1.246769405237821704e-01 2.931313009542724224e-01
-1.337907590287590986e+00 -1.226447634789298441e-01 3.028702856743162308e-01
-1.345860885903007453e+00 -1.207458851884837259e-01 3.122646777620779468e-01
-1.353636897815516216e+00 -1.189664897040512148e-01 3.213048640853336524e-01
-1.361224078460251175e+00 -1.172983336307890923e-01 3.299820347633139472e-01
-1.368607370043095628e+00 -1.157387704671411083e-01 3.382888550500341429e-01
-1.375769189983802931e+00 -1.142906060033590382e-01 3.462200967248079131e-01
-1.382690419510433477e+00 -1.129617987609682905e-01 3.537731982497359096e-01
-1.389351371789852907e+00 -1.117650236230717936e-01 3.609487239456247720e-01
-1.395732712552284704e+00 -1.107171181464078058e-01 3.677506959113631679e-01
-1.401816305818366803e+00 -1.098384283617633850e-01 3.741867790978278818e-01
-1.407585961294134380e+00 -1.091520648648501152e-01 3.802683094216061654e-01
-1.413028066484286693e+00 -1.086830739291603787e-01 3.860101650923061234e-01
-1.418132092901822405e+00 -1.084575252809871493e-01 3.914304904284738318e-01
-1.422890971142619199e+00 -1.085015188834061312e-01 3.965502884894157032e-01
-1.427301334753408923e+00 -1.088401168163518062e-01 4.013929038074355860e-01
-1.431363637857988591e+00 -1.094962120588049981e-01 4.059834196679700802e-01
-1.435082155427144679e+00 -1.104893531399989692e-01 4.103479959327587800e-01
-1.438464876680309645e+00 -1.118345522130030634e-01 4.145131728026276718e-01
-1.441523300912671113e+00 -1.135411134961186036e-01 4.185051626815973203e-01
-1.444272141936800313e+00 -1.156115274303660678e-01 4.223491474113190702e-01
-1.446728944247972271e+00 -1.180404815680110436e-01 4.260685935367575783e-01
-1.448913612732099621e+00 -1.208140413522105078e-01 4.296845954302675463e-01
-1.450847859183884703e+00 -1.239090520151699126e-01 4.332152562996179901e-01
-1.452554573381248826e+00 -1.272928061509764619e-01 4.366751213321291569e-01
-1.454057133462464568e+00 -1.309230104825849783e-01 4.400746840545275429e-01
-1.455378678239643175e+00 -1.347480720277314525e-01 4.434199920491003200e-01
-1.456541370514478517e+00 -1.387077110883862263e-01 4.467123775868253044e-01
-1.457565683369131060e+00 -1.427338982333246353e-01 4.499483320631360028e-01
-1.458469739886947947e+00 -1.467521048947015849e-01 4.531195327379580751e-01
-1.459268731797330299e+00 -1.506828507622750279e-01 4.562130196196937382e-01
-1.459974436677684118e+00 -1.544435236618248719e-01 4.592115122782395864e-01
-1.460594848721299854e+00 -1.579504376503719776e-01 4.620938519336182937e-01
-1.461133934758409803e+00 -1.611210825106771938e-01 4.648355525475155736e-01
-1.461591523584313546e+00 -1.638765038779997352e-01 4.674094443524149378e-01
-1.461963331136221900e+00 -1.661437404834805731e-01 4.697863928405007772e-01
-1.462241116966429333e+00 -1.678582366776154300e-01 4.719360749036284886e-01
-1.462412961321052363e+00 -1.689661461347258531e-01 4.738277920200570925e-01
-1.462463649545362676e+00 -1.694264446475824415e-01 4.754312997276001207e-01
-1.462375151804042650e+00 -1.692127726688850420e-01 4.767176348092999616e-01
-1.462127189457350873e+00 -1.683149304935549206e-01 4.776599266513306685e-01
-1.461697882533465220e+00 -1.667399529116577461e-01 4.782341846469000401e-01
-1.461064473897102145e+00 -1.645126984905526391e-01 4.784200565528400895e-01
-1.460204124858397901e+00 -1.616759017665408693e-01 4.782015529865215053e-01
-1.459094775159762269e+00 -1.582896532351369956e-01 4.775677320543369464e-01
-1.457716057746470728e+00 -1.544302914454528108e-01 4.765133355781909774e-01
-1.456050254168781644e+00 -1.501887143786436452e-01 4.750393631934516914e-01
-1.454083268652634375e+00 -1.456681441033695623e-01 4.731535622541430119e-01
-1.451805588217007781e+00 -1.409814085103985593e-01 4.708708018200579160e-01
-1.449213184768629370e+00 -1.362478345183465445e-01 4.682132912168508465e-01
-1.446308305587046705e+00 -1.315898753218324724e-01 4.652106009049842839e-01
-1.443100093380485838e+00 -1.271296160512200013e-01 4.618994476603519028e-01
-1.439604977880095671e+00 -1.229853137783715467e-01 4.583232172786794734e-01
-1.435846788973412336e+00 -1.192681266349452096e-01 4.545312141931807659e-01
-1.431856556749216303e+00 -1.160791726477375663e-01 4.505776458036298560e-01
-1.427671984658086757e+00 -1.135070339452927679e-01 4.465203673494307357e-01
-1.423336604872330824e+00 -1.116257900408636067e-01 4.424194289833089933e-01
-1.418898646377561690e+00 -1.104936288925255500e-01 4.383354795854793595e-01
-1.414409663920795479e+00 -1.101520497611852556e-01 4.343280916580020690e-01
-1.409922988552931855e+00 -1.106256401697776337e-01 4.304540781022203055e-01
-1.405492068078435741e+00 -1.119223822772357352e-01 4.267658743833828150e-01
-1.401168768977371970e+00 -1.140344231898495764e-01 4.233100579974330424e-01
-1.397001711452817707e+00 -1.169392309395813484e-01 4.201260708131976940e-01
-1.393034707107252190e+00 -1.206010539788891084e-01 4.172451991607090682e-01
-1.389305364173468060e+00 -1.249726054574772094e-01 4.146898526488699832e-01
-1.385843916943959364e+00 -1.299969007858042258e-01 4.124731661104923397e-01
-1.382672323542263326e+00 -1.356091844279692926e-01 4.105989301183128326e-01
-1.379803661457639885e+00 -1.417388866536917202e-01 4.090618369439263380e-01
-1.377241836563822597e+00 -1.483115524816988051e-01 4.078480149150993661e-01
-1.374981610141734700e+00 -1.552506858681938773e-01 4.069358164849679049e-01
-1.373008938738613738e+00 -1.624794558501709840e-01 4.062968222318523726e-01
-1.371301612060853881e+00 -1.699222187742908674e-01 4.058970224422994710e-01
-1.369830164231784719e+00 -1.775058203890011732e-01 4.056981385096907755e-01
-1.368559024485340281e+00 -1.851606524697841927e-01 4.056590461114386037e-01
-1.367447865749921831e+00 -1.928214514080350273e-01 4.057372593265125005e-01
-1.366453103983262363e+00 -2.004278408494391261e-01 4.058904302231877703e-01
-1.365529497279225124e+00 -2.079246349072956523e-01 4.060778145223538638e-01
-1.364631791478342793e+00 -2.152619301275232044e-01 4.062616527074831563e-01
-1.363716358158718167e+00 -2.223950223780243041e-01 4.064084176392404046e-01
-1.362742770900301936e+00 -2.292841895946887698e-01 4.064898836055955700e-01
-1.361675266071373569e+00 -2.358943830269768782e-01 4.064839773318406624e-01
-1.360484035657270496e+00 -2.421948681581939933e-01 4.063753787201432321e-01
-1.359146303403122369e+00 -2.481588521150292492e-01 4.061558479179999126e-01
-1.357647142995534129e+00 -2.537631280624113583e-01 4.058242658110012835e-01
-1.355980008115548863e+00 -2.589877601280491382e-01 4.053863874498265241e-01
-1.354146957660703698e+00 -2.638158260101512997e-01 4.048543219302073171e-01
-1.352158573055796342e+00 -2.682332291363636045e-01 4.042457663153056213e-01
-1.350033576128733426e+00 -2.722285876106699254e-01 4.035830331906088420e-01
-1.347798164722643577e+00 -2.757932019319989658e-01 4.028919200842360215e-01
-1.345485090263198735e+00 -2.789210966699736116e-01 4.022004744831727541e-01
-1.343132508989692386e+00 -2.816091235086334299e-01 4.015377114111006729e-01
-1.340782647395399874e+00 -2.838571061879398005e-01 4.009323415110223054e-01
-1.338480331215933905e+00 -2.856680040335966564e-01 4.004115648393646310e-01
-1.336271433642245432e+00 -2.870480711465416834e-01 3.999999778179998966e-01
-1.334201301124002814e+00 -2.880069921254367338e-01 3.997186289937029180e-01
-1.332313214675112878e+00 -2.885579799315672878e-01 3.995842465891522588e-01
-1.330646942116061826e+00 -2.887178244878194633e-01 3.996086504458541411e-01
-1.329237433035524552e+00 -2.885068806683590559e-01 3.997983539368524242e-01
-1.328113703514314015e+00 -2.879489829419288327e-01 4.001543564962817268e-01
-1.327297951063838743e+00 -2.870712741236104426e-01 4.006721229165161602e-01
-1.326804930933964899e+00 -2.859039391728741553e-01 4.013417416035459095e-01
-1.326641612894363664e+00 -2.844798407090544656e-01 4.021482517161495407e-01
-1.326807123674870859e+00 -2.828340589586454956e-01 4.030721283831780744e-01
-1.327292965909551370e+00 -2.810033446896559872e-01 4.040899143530412019e-01
-1.328083491135838790e+00 -2.790254999834173022e-01 4.051749842365306442e-01
-1.329156593157366784e+00 -2.769387084404922872e-01 4.062984236023751694e-01
-1.330484579614032103e+00 -2.747808424968408159e-01 4.074299992682480220e-01
-1.332035175015439776e+00 -2.725887795364729249e-01 4.085391896697583847e-01
-1.333772608854834951e+00 -2.703977591174574480e-01 4.095962375626555074e-01
-1.335658747182169259e+00 -2.682408101062360162e-01 4.105731841717469299e-01
-1.337654232463621140e+00 -2.661482694969278251e-01 4.114448448838676220e-01
-1.339719601579256958e+00 -2.641474061277716001e-01 4.121896907761912754e-01
-1.341816354187446825e+00 -2.622621544143113326e-01 4.127906066150440756e-01
-1.343907944572267699e+00 -2.605129566932978813e-01 4.132355030968665188e-01
-1.345960671554010446e+00 -2.589167078313890369e-01 4.135177670756471913e-01
-1.347944444060036995e+00 -2.574867921387720693e-01 4.136365369554766414e-01
-1.349833403637948903e+00 -2.562332005384668765e-01 4.135967918926206077e-01
-1.351606388234489753e+00 -2.551627153624190236e-01 4.134092452858224020e-01
-1.353247224246545644e+00 -2.542791500477004640e-01 4.130900378231717185e-01
-1.354744837722095419e+00 -2.535836303395513358e-01 4.126602341038718702e-01
-1.356093181335475961e+00 -2.530749026094172294e-01 4.121451377795879445e-01
-1.357290980666689073e+00 -2.527496544837627979e-01 4.115734493666377003e-01
-1.358341310568215388e+00 -2.526028335993237839e-01 4.109762952881840237e-01
-1.359251019478407985e+00 -2.526279523894280343e-01 4.103861567510532771e-01
-1.360030025542497523e+00 -2.528173710942873686e-01 4.098357260924410106e-01
-1.360690512754608283e+00 -2.531625568908513757e-01 4.093567193971023865e-01
-1.361246058896858457e+00 -2.536543212442955997e-01 4.089786781918788305e-01
-1.361710731039572853e+00 -2.542830383777336389e-01 4.087277982108699081e-01
-1.362098188503631624e+00 -2.550388465093455514e-01 4.086258271723742785e-01
-1.362420835769882599e+00 -2.559118326273795985e-01 4.086890747333810636e-01
-1.362689067091620077e+00 -2.568922014306215806e-01 4.089275762454135377e-01
-1.362910639816436786e+00 -2.579704282358376566e-01 4.093444482379168803e-01
-1.363090205216826556e+00 -2.591373934919491973e-01 4.099354678601349056e-01
-1.363229015046803827e+00 -2.603844944747336632e-01 4.106889002407952960e-01
-1.363324810026795397e+00 -2.617037298703197012e-01 4.115855864606136616e-01
-1.363371884091587605e+00 -2.630877561513760843e-01 4.125992912176694727e-01
-1.363361306830484398e+00 -2.645299202203608147e-01 4.136972947161814407e-01
-1.363281276944527498e+00 -2.660242788800454838e-01 4.148411993526998631e-01
-1.363117572237233954e+00 -2.675656197917634094e-01 4.159879101239151167e-01
-1.362854058006529145e+00 -2.691494988065315508e-01 4.170907404080117509e-01
-1.362473217702081962e+00 -2.707723043607028202e-01 4.181005935634825033e-01
-1.361956677780712610e+00 -2.724313515522092111e-01 4.189671756566019090e-01
-1.361285710445963026e+00 -2.741249985241084319e-01 4.196402033634539230e-01
-1.360441709385810105e+00 -2.758527694105131212e-01 4.200705804620397665e-01
-1.359406641386113446e+00 -2.776154640694541986e-01 4.202115242056490008e-01
-1.358163479782027006e+00 -2.794152344583488157e-01 4.200196289840277264e-01
-1.356696625486105701e+00 -2.812556080646260170e-01 4.194558593253554513e-01
-1.354992320043371112e+00 -2.831414392901233090e-01 4.184864670297909761e-01
-1.353039054081440540e+00 -2.850787718526515135e-01 4.170838273473645441e-01
-1.350827973218186262e+00 -2.870746010232219092e-01 4.152271867691475493e-01
-1.348353280504690499e+00 -2.891365338284404007e-01 4.129033110121624328e-01
-1.345612628816104994e+00 -2.912723567390298474e-01 4.101070165630055775e-01
-1.342607489046927283e+00 -2.934895319676879555e-01 4.068415629863253447e-01
-1.339343473156910047e+00 -2.957946527660630376e-01 4.031188781125824017e-01
-1.335830587994180529e+00 -2.981928918122744854e-01 3.989595881768898677e-01
-1.332083397567767502e+00 -3.006874733364511276e-01 3.943928325125727885e-01
-1.328121076675000012e+00 -3.032791914534516131e-01 3.894558554453648180e-01
-1.323967345086206171e+00 -3.059659890729551912e-01 3.841933818101494480e-01
-1.319650277413474182e+00 -3.087426069121536054e-01 3.786567936716247473e-01
-1.315201988923464516e+00 -3.116003105452248567e-01 3.729031334896252825e-01
-1.310658201451477156e+00 -3.145267036800768468e-01 3.669939634154203434e-01
-1.306057696072882024e+00 -3.175056370141011164e-01 3.609941125571721199e-01
-1.301441661101847558e+00 -3.205172237681913061e-01 3.549703450260215942e-01
-1.296852946133465689e+00 -3.235379748775483733e-01 3.489899815467984445e-01
-1.292335234941513811e+00 -3.265410677339168344e-01 3.431195057019954531e-01
-1.287932151570585271e+00 -3.294967607481894545e-01 3.374231825198679702e-01
-1.283686315452764681e+00 -3.323729607374099060e-01 3.319617136193960816e-01
-1.279638364035266873e+00 -3.351359416416971326e-01 3.267909514723757458e-01
-1.275825965845619248e+00 -3.377512024710561112e-01 3.219606968971058247e-01
-1.272282852691620336e+00 -3.401844398764887756e-01 3.175136087285020392e-01
-1.269037905538134670e+00 -3.424025967012409022e-01 3.134842607041162243e-01
-1.266114332848210733e+00 -3.443749353094320842e-01 3.098983840384082478e-01
-1.263528981212186375e+00 -3.460740778688489172e-01 3.067723316020206648e-01
-1.261291814876830841e+00 -3.474769570822039411e-01 3.041127910805231926e-01
-1.259405593147426394e+00 -3.485656285459032278e-01 3.019167628714100049e-01
