2.731985747814178467e-01 -7.291743159294128418e-01 6.274290680885314941e-01
2.828866839408874512e-01 -6.999934911727905273e-01 6.557317972183227539e-01
2.909589111804962158e-01 -6.810699105262756348e-01 6.719275712966918945e-01
3.021487593650817871e-01 -6.620243191719055176e-01 6.858790516853332520e-01
3.126737177371978760e-01 -6.464936137199401855e-01 6.959031224250793457e-01
3.214847743511199951e-01 -6.327095627784729004e-01 7.045041322708129883e-01
3.289285302162170410e-01 -6.206858158111572266e-01 7.117269039154052734e-01
3.351107537746429443e-01 -6.105094552040100098e-01 7.176203131675720215e-01
3.401474952697753906e-01 -6.022241711616516113e-01 7.222365140914916992e-01
3.441695570945739746e-01 -5.958452224731445312e-01 7.256140112876892090e-01
3.473183810710906982e-01 -5.913592576980590820e-01 7.277803421020507812e-01
3.497424423694610596e-01 -5.887241363525390625e-01 7.287551760673522949e-01
3.515933752059936523e-01 -5.878744721412658691e-01 7.285503745079040527e-01
3.530244827270507812e-01 -5.887172222137451172e-01 7.271764874458312988e-01
3.541913330554962158e-01 -5.911337733268737793e-01 7.246443033218383789e-01
3.552446365356445312e-01 -5.949854850769042969e-01 7.209671139717102051e-01
3.563340306282043457e-01 -6.001118421554565430e-01 7.161647081375122070e-01
3.576033413410186768e-01 -6.063379049301147461e-01 7.102634310722351074e-01
3.591901659965515137e-01 -6.134760975837707520e-01 7.032989263534545898e-01
3.612301945686340332e-01 -6.213305592536926270e-01 6.953136920928955078e-01
3.638519644737243652e-01 -6.297026872634887695e-01 6.863572597503662109e-01
3.671813011169433594e-01 -6.383937597274780273e-01 6.764844059944152832e-01
3.713434636592864990e-01 -6.472095251083374023e-01 6.657506227493286133e-01
3.764632046222686768e-01 -6.559607982635498047e-01 6.542101502418518066e-01
3.826717436313629150e-01 -6.644653081893920898e-01 6.419098377227783203e-01
3.901075720787048340e-01 -6.725459098815917969e-01 6.288863420486450195e-01
3.989241123199462891e-01 -6.800312399864196777e-01 6.151561141014099121e-01
4.092943668365478516e-01 -6.867461204528808594e-01 6.007144451141357422e-01
4.214169979095458984e-01 -6.925097703933715820e-01 5.855237245559692383e-01
4.355251789093017578e-01 -6.971236467361450195e-01 5.695053339004516602e-01
4.518961906433105469e-01 -7.003598809242248535e-01 5.525267720222473145e-01
4.708567857742309570e-01 -7.019422650337219238e-01 5.343883037567138672e-01
4.927987754344940186e-01 -7.015211582183837891e-01 5.147984027862548828e-01
5.181811451911926270e-01 -6.986375451087951660e-01 4.933497309684753418e-01
5.475314855575561523e-01 -6.926772594451904297e-01 4.694758951663970947e-01
5.814313888549804688e-01 -6.828009486198425293e-01 4.424030780792236328e-01
6.204726099967956543e-01 -6.678504347801208496e-01 4.110833406448364258e-01
6.651407480239868164e-01 -6.462327241897583008e-01 3.741270601749420166e-01
7.155917882919311523e-01 -6.157884001731872559e-01 3.297469615936279297e-01
7.712307572364807129e-01 -5.737149119377136230e-01 2.757793664932250977e-01
8.300470709800720215e-01 -5.166732072830200195e-01 2.099301666021347046e-01
8.877751231193542480e-01 -4.414072930812835693e-01 1.304412186145782471e-01
9.374286532402038574e-01 -3.461691737174987793e-01 3.734295070171356201e-02
9.702544808387756348e-01 -2.329005599021911621e-01 -6.605846434831619263e-02
9.789524078369140625e-01 -1.087561622262001038e-01 -1.726970970630645752e-01
9.617018699645996094e-01 1.513826753944158554e-02 -2.736792564392089844e-01
9.234324097633361816e-01 1.278352141380310059e-01 -3.618434965610504150e-01
8.729742169380187988e-01 2.224100083112716675e-01 -4.341079592704772949e-01
8.189399838447570801e-01 2.968256473541259766e-01 -4.911536574363708496e-01
7.674183249473571777e-01 3.523882031440734863e-01 -5.356227159500122070e-01
7.217618823051452637e-01 3.918101787567138672e-01 -5.705651044845581055e-01
6.833453774452209473e-01 4.179743528366088867e-01 -5.986121892929077148e-01
6.523730754852294922e-01 4.333862662315368652e-01 -6.217602491378784180e-01
6.284589171409606934e-01 4.400497078895568848e-01 -6.414014101028442383e-01
6.109535694122314453e-01 4.395213723182678223e-01 -6.584501862525939941e-01
5.991179347038269043e-01 4.330162405967712402e-01 -6.734646558761596680e-01
5.921987295150756836e-01 4.215127825736999512e-01 -6.867515444755554199e-01
5.894634723663330078e-01 4.058330655097961426e-01 -6.984499096870422363e-01
5.902135372161865234e-01 3.867094218730926514e-01 -7.085928916931152344e-01
5.937905311584472656e-01 3.648221194744110107e-01 -7.171593308448791504e-01
5.995806455612182617e-01 3.408156037330627441e-01 -7.241185903549194336e-01
6.070289611816406250e-01 3.153077960014343262e-01 -7.294497489929199219e-01
6.156407594680786133e-01 2.888796627521514893e-01 -7.331677675247192383e-01
6.249919533729553223e-01 2.620588243007659912e-01 -7.353300452232360840e-01
6.347333192825317383e-01 2.353096306324005127e-01 -7.360319495201110840e-01
6.445893049240112305e-01 2.090101540088653564e-01 -7.354041934013366699e-01
6.543549299240112305e-01 1.834561079740524292e-01 -7.335962653160095215e-01
6.638880372047424316e-01 1.588444113731384277e-01 -7.307674288749694824e-01
6.730993390083312988e-01 1.352869123220443726e-01 -7.270727157592773438e-01
6.819456219673156738e-01 1.128139644861221313e-01 -7.226500511169433594e-01
6.904143095016479492e-01 9.138751029968261719e-02 -7.176186442375183105e-01
6.985182166099548340e-01 7.091415673494338989e-02 -7.120698690414428711e-01
7.062882184982299805e-01 5.125899240374565125e-02 -7.060661911964416504e-01
7.137608528137207031e-01 3.226195275783538818e-02 -6.996460556983947754e-01
7.209798693656921387e-01 1.375151704996824265e-02 -6.928195953369140625e-01
7.279864549636840820e-01 -4.445542115718126297e-03 -6.855770945549011230e-01
7.348181009292602539e-01 -2.249188907444477081e-02 -6.778911948204040527e-01
7.415075302124023438e-01 -4.052747413516044617e-02 -6.697193980216979980e-01
7.480801343917846680e-01 -5.866679176688194275e-02 -6.610101461410522461e-01
7.545535564422607422e-01 -7.698680460453033447e-02 -6.517069339752197266e-01
7.609385848045349121e-01 -9.552801400423049927e-02 -6.417529582977294922e-01
7.672393918037414551e-01 -1.142883673310279846e-01 -6.310958266258239746e-01
7.734571695327758789e-01 -1.332235485315322876e-01 -6.196898221969604492e-01
7.795885801315307617e-01 -1.522519588470458984e-01 -6.075038313865661621e-01
7.856312990188598633e-01 -1.712545901536941528e-01 -5.945211052894592285e-01
7.915844917297363281e-01 -1.900817453861236572e-01 -5.807433724403381348e-01
7.974495887756347656e-01 -2.085646241903305054e-01 -5.661932826042175293e-01
8.032339215278625488e-01 -2.265175879001617432e-01 -5.509130358695983887e-01
8.089483976364135742e-01 -2.437526285648345947e-01 -5.349646210670471191e-01
8.146107196807861328e-01 -2.600847482681274414e-01 -5.184257626533508301e-01
8.202414512634277344e-01 -2.753443121910095215e-01 -5.013875961303710938e-01
8.258645534515380859e-01 -2.893809080123901367e-01 -4.839487373828887939e-01
8.315050005912780762e-01 -3.020688295364379883e-01 -4.662121534347534180e-01
8.371862173080444336e-01 -3.133125305175781250e-01 -4.482795000076293945e-01
8.429292440414428711e-01 -3.230485618114471436e-01 -4.302440285682678223e-01
8.487510681152343750e-01 -3.312423825263977051e-01 -4.121893942356109619e-01
8.546617031097412109e-01 -3.378911912441253662e-01 -3.941863775253295898e-01
8.606649637222290039e-01 -3.430194556713104248e-01 -3.762889802455902100e-01
8.667575120925903320e-01 -3.466757535934448242e-01 -3.585349917411804199e-01
8.729293346405029297e-01 -3.489297628402709961e-01 -3.409433960914611816e-01
8.791630268096923828e-01 -3.498693406581878662e-01 -3.235179483890533447e-01
8.854358196258544922e-01 -3.495963513851165771e-01 -3.062445819377899170e-01
8.917192220687866211e-01 -3.482235670089721680e-01 -2.890971302986145020e-01
8.979809880256652832e-01 -3.458715677261352539e-01 -2.720348834991455078e-01
9.041848778724670410e-01 -3.426664173603057861e-01 -2.550085783004760742e-01
9.102921485900878906e-01 -3.387386798858642578e-01 -2.379588186740875244e-01
9.162613153457641602e-01 -3.342206478118896484e-01 -2.208208143711090088e-01
9.220496416091918945e-01 -3.292436003684997559e-01 -2.035268992185592651e-01
9.276128411293029785e-01 -3.239379823207855225e-01 -1.860071718692779541e-01
9.329052567481994629e-01 -3.184317052364349365e-01 -1.681930124759674072e-01
9.378811717033386230e-01 -3.128475546836853027e-01 -1.500179916620254517e-01
9.424931406974792480e-01 -3.073032796382904053e-01 -1.314202547073364258e-01
9.466940164566040039e-01 -3.019084632396697998e-01 -1.123470813035964966e-01
9.504359960556030273e-01 -2.967634499073028564e-01 -9.275154769420623779e-02
9.536719918251037598e-01 -2.919574379920959473e-01 -7.259823381900787354e-02
9.563556313514709473e-01 -2.875658869743347168e-01 -5.186251923441886902e-02
9.584417939186096191e-01 -2.836495339870452881e-01 -3.053276427090167999e-02
9.598880410194396973e-01 -2.802510559558868408e-01 -8.610830642282962799e-03
9.606552720069885254e-01 -2.773961126804351807e-01 1.388723962008953094e-02
9.607092142105102539e-01 -2.750890552997589111e-01 3.693078830838203430e-02
9.600213170051574707e-01 -2.733164131641387939e-01 6.047514453530311584e-02
9.585702419281005859e-01 -2.720468938350677490e-01 8.446051180362701416e-02
9.563430547714233398e-01 -2.712328135967254639e-01 1.088146492838859558e-01
9.533365368843078613e-01 -2.708132863044738770e-01 1.334532648324966431e-01
9.495561122894287109e-01 -2.707214653491973877e-01 1.582816690206527710e-01
9.450176358222961426e-01 -2.708879709243774414e-01 1.831976473331451416e-01
9.397462010383605957e-01 -2.712456583976745605e-01 2.080934494733810425e-01
9.337744116783142090e-01 -2.717388868331909180e-01 2.328590601682662964e-01
9.271413683891296387e-01 -2.723277807235717773e-01 2.573838829994201660e-01
9.198906421661376953e-01 -2.729937136173248291e-01 2.815591990947723389e-01
9.120675325393676758e-01 -2.737441956996917725e-01 3.052816689014434814e-01
9.037175178527832031e-01 -2.746156156063079834e-01 3.284523785114288330e-01
8.948823809623718262e-01 -2.756762504577636719e-01 3.509816825389862061e-01
8.855994343757629395e-01 -2.770271003246307373e-01 3.727863729000091553e-01
8.758976459503173828e-01 -2.788017094135284424e-01 3.937930464744567871e-01
8.657967448234558105e-01 -2.811623811721801758e-01 4.139368832111358643e-01
8.553039431571960449e-01 -2.843013703823089600e-01 4.331604838371276855e-01
8.444119691848754883e-01 -2.884344756603240967e-01 4.514132440090179443e-01
8.330957293510437012e-01 -2.938008308410644531e-01 4.686496555805206299e-01
8.213101029396057129e-01 -3.006552457809448242e-01 4.848258197307586670e-01
8.089852333068847656e-01 -3.092651069164276123e-01 4.998980164527893066e-01
7.960243225097656250e-01 -3.199040591716766357e-01 5.138158202171325684e-01
7.823002338409423828e-01 -3.328438103199005127e-01 5.265182256698608398e-01
7.676510810852050781e-01 -3.483466804027557373e-01 5.379277467727661133e-01
7.518804669380187988e-01 -3.666504919528961182e-01 5.479445457458496094e-01
7.347561120986938477e-01 -3.879545331001281738e-01 5.564393997192382812e-01
7.160143256187438965e-01 -4.123995006084442139e-01 5.632496476173400879e-01
6.953691840171813965e-01 -4.400413334369659424e-01 5.681772232055664062e-01
6.725293397903442383e-01 -4.708235561847686768e-01 5.709900259971618652e-01
6.472211480140686035e-01 -5.045499205589294434e-01 5.714317560195922852e-01
6.192255020141601562e-01 -5.408566594123840332e-01 5.692396163940429688e-01
5.884180068969726562e-01 -5.792008638381958008e-01 5.641724467277526855e-01
5.548126697540283203e-01 -6.188675165176391602e-01 5.560448169708251953e-01
5.186006426811218262e-01 -6.589966416358947754e-01 5.447722077369689941e-01
4.801691472530364990e-01 -6.986486315727233887e-01 5.304031968116760254e-01
4.400978982448577881e-01 -7.368838787078857422e-01 5.131432414054870605e-01
3.991210758686065674e-01 -7.728540301322937012e-01 4.933547377586364746e-01
3.580626547336578369e-01 -8.058840036392211914e-01 4.715316295623779297e-01
3.177612423896789551e-01 -8.355211615562438965e-01 4.482546746730804443e-01
2.789920270442962646e-01 -8.615530729293823242e-01 4.241341650485992432e-01
2.424117624759674072e-01 -8.839852213859558105e-01 3.997581899166107178e-01
2.085210382938385010e-01 -9.029996395111083984e-01 3.756468892097473145e-01
1.776609122753143311e-01 -9.188950061798095703e-01 3.522337377071380615e-01
1.500206291675567627e-01 -9.320360422134399414e-01 3.298522830009460449e-01
1.256665885448455811e-01 -9.428053498268127441e-01 3.087490200996398926e-01
1.045681163668632507e-01 -9.515730142593383789e-01 2.890923917293548584e-01
8.663056790828704834e-02 -9.586746096611022949e-01 2.709946334362030029e-01
7.171785831451416016e-02 -9.644020199775695801e-01 2.545294463634490967e-01
5.967511981725692749e-02 -9.689994454383850098e-01 2.397477179765701294e-01
5.034448578953742981e-02 -9.726644158363342285e-01 2.266920804977416992e-01
4.357464611530303955e-02 -9.755516052246093750e-01 2.154073417186737061e-01
3.922776877880096436e-02 -9.777768850326538086e-01 2.059454768896102905e-01
3.718147054314613342e-02 -9.794217944145202637e-01 1.983694732189178467e-01
3.732960298657417297e-02 -9.805369377136230469e-01 1.927532255649566650e-01
3.957614675164222717e-02 -9.811450839042663574e-01 1.891771256923675537e-01
4.383290186524391174e-02 -9.812428355216979980e-01 1.877267360687255859e-01
5.001061037182807922e-02 -9.808024168014526367e-01 1.884822100400924683e-01
5.801094323396682739e-02 -9.797748327255249023e-01 1.915100663900375366e-01
6.771750748157501221e-02 -9.780906438827514648e-01 1.968580186367034912e-01
7.898710668087005615e-02 -9.756658673286437988e-01 2.045416086912155151e-01
9.164474159479141235e-02 -9.724065661430358887e-01 2.145383358001708984e-01
1.054771840572357178e-01 -9.682168364524841309e-01 2.267835289239883423e-01
1.202332302927970886e-01 -9.630080461502075195e-01 2.411626428365707397e-01
1.356259137392044067e-01 -9.567087888717651367e-01 2.575149536132812500e-01
1.513406485319137573e-01 -9.492735266685485840e-01 2.756367325782775879e-01
1.670450270175933838e-01 -9.406906962394714355e-01 2.952913641929626465e-01
1.824018508195877075e-01 -9.309865236282348633e-01 3.162175118923187256e-01
1.970845758914947510e-01 -9.202255010604858398e-01 3.381461203098297119e-01
2.107887119054794312e-01 -9.085050821304321289e-01 3.608135581016540527e-01
2.232455164194107056e-01 -8.959491848945617676e-01 3.839746415615081787e-01
2.342288196086883545e-01 -8.826957345008850098e-01 4.074127674102783203e-01
2.435549795627593994e-01 -8.688885569572448730e-01 4.309450387954711914e-01
2.510881423950195312e-01 -8.546614646911621094e-01 4.544320702552795410e-01
2.567324340343475342e-01 -8.401334285736083984e-01 4.777701199054718018e-01
2.604272961616516113e-01 -8.253981471061706543e-01 5.008946657180786133e-01
2.621391415596008301e-01 -8.105206489562988281e-01 5.237742662429809570e-01
2.618534862995147705e-01 -7.955334782600402832e-01 5.464058518409729004e-01
2.595660090446472168e-01 -7.804352045059204102e-01 5.688114166259765625e-01
2.552738785743713379e-01 -7.651901841163635254e-01 5.910323262214660645e-01
2.489686906337738037e-01 -7.497267723083496094e-01 6.131268143653869629e-01
2.406273782253265381e-01 -7.339360713958740234e-01 6.351663470268249512e-01
2.302034348249435425e-01 -7.176707983016967773e-01 6.572328209877014160e-01
2.176213562488555908e-01 -7.007369399070739746e-01 6.794179081916809082e-01
2.027638405561447144e-01 -6.828893423080444336e-01 7.018183469772338867e-01
1.854645162820816040e-01 -6.638180017471313477e-01 7.245333194732666016e-01
1.654942482709884644e-01 -6.431332826614379883e-01 7.476571798324584961e-01
1.425470858812332153e-01 -6.203440427780151367e-01 7.712675333023071289e-01
1.162270456552505493e-01 -5.948277711868286133e-01 7.954062819480895996e-01
8.602777123451232910e-02 -5.657953023910522461e-01 8.200456500053405762e-01
5.132472142577171326e-02 -5.322417020797729492e-01 8.450351953506469727e-01
1.137185096740722656e-02 -4.929032325744628906e-01 8.700098395347595215e-01
-3.467362374067306519e-02 -4.462082087993621826e-01 8.942571878433227539e-01
-8.766546100378036499e-02 -3.902794420719146729e-01 9.165133237838745117e-01
-1.482829600572586060e-01 -3.230227231979370117e-01 9.347023963928222656e-01
-2.166739851236343384e-01 -2.424332201480865479e-01 9.456629753112792969e-01
-2.919010221958160400e-01 -1.472391933202743530e-01 9.450473189353942871e-01
-3.713073134422302246e-01 -3.792938962578773499e-02 9.277350306510925293e-01
-4.501864314079284668e-01 8.210429549217224121e-02 8.891519308090209961e-01
-5.224044322967529297e-01 2.061790078878402710e-01 8.273958563804626465e-01
-5.821839570999145508e-01 3.256053626537322998e-01 7.450121045112609863e-01
-6.261790394783020020e-01 4.324187636375427246e-01 6.487787961959838867e-01
-6.543602347373962402e-01 5.218101143836975098e-01 5.472903251647949219e-01
-6.692355871200561523e-01 5.927333831787109375e-01 4.480969011783599854e-01
-6.743490099906921387e-01 6.468486785888671875e-01 3.561462461948394775e-01
-6.730741858482360840e-01 6.870349645614624023e-01 2.737774848937988281e-01
-6.680809259414672852e-01 7.162976861000061035e-01 2.014587074518203735e-01
-6.612568497657775879e-01 7.372415661811828613e-01 1.386152207851409912e-01
-6.538504362106323242e-01 7.519239187240600586e-01 8.420223742723464966e-02
-6.466467976570129395e-01 7.618886828422546387e-01 3.706169873476028442e-02
-6.401169896125793457e-01 7.682675123214721680e-01 -3.911498468369245529e-03
-6.345287561416625977e-01 7.718793153762817383e-01 -3.969458490610122681e-02
-6.300222873687744141e-01 7.733133435249328613e-01 -7.112231105566024780e-02
-6.266538500785827637e-01 7.729977965354919434e-01 -9.888987988233566284e-02
-6.244300603866577148e-01 7.712441682815551758e-01 -1.235698685050010681e-01
-6.233237385749816895e-01 7.682834863662719727e-01 -1.456297338008880615e-01
-6.232877373695373535e-01 7.642889022827148438e-01 -1.654541492462158203e-01
-6.242599487304687500e-01 7.593951821327209473e-01 -1.833534985780715942e-01
-6.261702179908752441e-01 7.537089586257934570e-01 -1.995833963155746460e-01
-6.289423704147338867e-01 7.473177313804626465e-01 -2.143538594245910645e-01
-6.324958801269531250e-01 7.402956485748291016e-01 -2.278402745723724365e-01
-6.367483735084533691e-01 7.327069044113159180e-01 -2.401919662952423096e-01
-6.416175961494445801e-01 7.246067523956298828e-01 -2.515392303466796875e-01
-6.470198631286621094e-01 7.160463929176330566e-01 -2.619978189468383789e-01
-6.528742313385009766e-01 7.070697546005249023e-01 -2.716756463050842285e-01
-6.590999364852905273e-01 6.977159380912780762e-01 -2.806772291660308838e-01
-6.656196713447570801e-01 6.880187988281250000e-01 -2.891031503677368164e-01
-6.723577976226806641e-01 6.780065894126892090e-01 -2.970557510852813721e-01
-6.792408823966979980e-01 6.677029728889465332e-01 -3.046384155750274658e-01
-6.861985921859741211e-01 6.571246981620788574e-01 -3.119592070579528809e-01
-6.931625008583068848e-01 6.462846994400024414e-01 -3.191267549991607666e-01
-7.000634074211120605e-01 6.351909637451171875e-01 -3.262571096420288086e-01
-7.068338394165039062e-01 6.238465309143066406e-01 -3.334687650203704834e-01
-7.134048938751220703e-01 6.122503876686096191e-01 -3.408855795860290527e-01
-7.197052240371704102e-01 6.003974676132202148e-01 -3.486364781856536865e-01
-7.256596684455871582e-01 5.882800221443176270e-01 -3.568539023399353027e-01
-7.311889529228210449e-01 5.758848786354064941e-01 -3.656764030456542969e-01
-7.362068891525268555e-01 5.631963014602661133e-01 -3.752457499504089355e-01
-7.406182289123535156e-01 5.501942038536071777e-01 -3.857085406780242920e-01
-7.443190813064575195e-01 5.368513464927673340e-01 -3.972148895263671875e-01
-7.471920251846313477e-01 5.231372714042663574e-01 -4.099165201187133789e-01
-7.491057515144348145e-01 5.090128779411315918e-01 -4.239651560783386230e-01
-7.499126791954040527e-01 4.944308400154113770e-01 -4.395100474357604980e-01
-7.494445443153381348e-01 4.793355762958526611e-01 -4.566948413848876953e-01
-7.475125193595886230e-01 4.636608958244323730e-01 -4.756508469581604004e-01
-7.439051866531372070e-01 4.473302364349365234e-01 -4.964883923530578613e-01
-7.383890151977539062e-01 4.302566051483154297e-01 -5.192888379096984863e-01
-7.307108044624328613e-01 4.123438894748687744e-01 -5.440902709960937500e-01
-7.206021547317504883e-01 3.934870958328247070e-01 -5.708769559860229492e-01
-7.077888250350952148e-01 3.735797405242919922e-01 -5.995607376098632812e-01
-6.920072436332702637e-01 3.525197803974151611e-01 -6.299648880958557129e-01
-6.730201840400695801e-01 3.302164077758789062e-01 -6.618164181709289551e-01
-6.506476998329162598e-01 3.066020607948303223e-01 -6.947321891784667969e-01
-6.247873902320861816e-01 2.816470563411712646e-01 -7.282277941703796387e-01
-5.954498052597045898e-01 2.553650438785552979e-01 -7.617270946502685547e-01
-5.627772212028503418e-01 2.278300523757934570e-01 -7.945912480354309082e-01
-5.270570516586303711e-01 1.991750150918960571e-01 -8.261598348617553711e-01
-4.887188673019409180e-01 1.695903092622756958e-01 -8.557996749877929688e-01
-4.483118057250976562e-01 1.393129229545593262e-01 -8.829543590545654297e-01
-4.064689874649047852e-01 1.086166575551033020e-01 -9.071854352951049805e-01
-3.638625442981719971e-01 7.778385281562805176e-02 -9.281991720199584961e-01
-3.211463391780853271e-01 4.708833619952201843e-02 -9.458581805229187012e-01
-2.789161205291748047e-01 1.678094267845153809e-02 -9.601688981056213379e-01
-2.376709580421447754e-01 -1.291934493929147720e-02 -9.712597727775573730e-01
-1.978009939193725586e-01 -4.183048382401466370e-02 -9.793492555618286133e-01
-1.595775932073593140e-01 -6.980002671480178833e-02 -9.847146868705749512e-01
-1.231609061360359192e-01 -9.670249372720718384e-02 -9.876639246940612793e-01
-8.861479908227920532e-02 -1.224301904439926147e-01 -9.885131716728210449e-01
-5.592617765069007874e-02 -1.468832045793533325e-01 -9.875715970993041992e-01
-2.501908130943775177e-02 -1.699600666761398315e-01 -9.851332902908325195e-01
4.220550879836082458e-03 -1.915538012981414795e-01 -9.814730286598205566e-01
3.193350881338119507e-02 -2.115477174520492554e-01 -9.768458604812622070e-01
5.827578529715538025e-02 -2.298132479190826416e-01 -9.714884161949157715e-01
8.340449631214141846e-02 -2.462111413478851318e-01 -9.656208753585815430e-01
1.074724271893501282e-01 -2.605924606323242188e-01 -9.594483971595764160e-01
1.306217014789581299e-01 -2.728058993816375732e-01 -9.531604647636413574e-01
1.529782563447952271e-01 -2.826921343803405762e-01 -9.469333887100219727e-01
1.746492087841033936e-01 -2.901015579700469971e-01 -9.409244656562805176e-01
1.957223117351531982e-01 -2.948915660381317139e-01 -9.352709650993347168e-01
2.162627428770065308e-01 -2.969356775283813477e-01 -9.300858378410339355e-01
2.363126724958419800e-01 -2.961289286613464355e-01 -9.254533648490905762e-01
2.558888494968414307e-01 -2.923996448516845703e-01 -9.214246273040771484e-01
2.749857902526855469e-01 -2.857125401496887207e-01 -9.180147647857666016e-01
2.935761809349060059e-01 -2.760799825191497803e-01 -9.152009487152099609e-01
3.116099536418914795e-01 -2.635695338249206543e-01 -9.129241108894348145e-01
3.290205299854278564e-01 -2.483142167329788208e-01 -9.110902547836303711e-01
3.457313179969787598e-01 -2.305179387331008911e-01 -9.095774888992309570e-01
3.616605699062347412e-01 -2.104541212320327759e-01 -9.082459807395935059e-01
3.767312467098236084e-01 -1.884785741567611694e-01 -9.069451093673706055e-01
3.908821046352386475e-01 -1.650107800960540771e-01 -9.055289626121520996e-01
4.040746986865997314e-01 -1.405334323644638062e-01 -9.038661122322082520e-01
4.163057208061218262e-01 -1.155693680047988892e-01 -9.018498659133911133e-01
4.276110231876373291e-01 -9.066700190305709839e-02 -8.994044065475463867e-01
4.380699694156646729e-01 -6.637442111968994141e-02 -8.964870572090148926e-01
4.478044211864471436e-01 -4.322129860520362854e-02 -8.930861949920654297e-01
4.569732546806335449e-01 -2.169650234282016754e-02 -8.892157673835754395e-01
4.657655358314514160e-01 -2.233912469819188118e-03 -8.849053382873535156e-01
4.743901193141937256e-01 1.479447446763515472e-02 -8.801903128623962402e-01
4.830640554428100586e-01 2.908938191831111908e-02 -8.751016855239868164e-01
4.920016825199127197e-01 4.041728377342224121e-02 -8.696556091308593750e-01
5.014002323150634766e-01 4.861449450254440308e-02 -8.638486266136169434e-01
5.114307999610900879e-01 5.357719212770462036e-02 -8.576526045799255371e-01
5.222266316413879395e-01 5.526090413331985474e-02 -8.510144352912902832e-01
5.338770151138305664e-01 5.367657169699668884e-02 -8.438567519187927246e-01
5.464168190956115723e-01 4.888654127717018127e-02 -8.360853791236877441e-01
5.598241686820983887e-01 4.100473970174789429e-02 -8.275963068008422852e-01
5.740139484405517578e-01 3.019519709050655365e-02 -8.182885646820068359e-01
5.888422131538391113e-01 1.667495816946029663e-02 -8.080759048461914062e-01
6.041070818901062012e-01 7.108665304258465767e-04 -7.969028353691101074e-01
6.195607185363769531e-01 -1.738239824771881104e-02 -7.847562432289123535e-01
6.349198222160339355e-01 -3.724820166826248169e-02 -7.716796398162841797e-01
6.498808860778808594e-01 -5.849571898579597473e-02 -7.577816247940063477e-01
6.641411185264587402e-01 -8.072219789028167725e-02 -7.432365417480468750e-01
6.774129867553710938e-01 -1.035187914967536926e-01 -7.282825708389282227e-01
6.894419193267822266e-01 -1.264922916889190674e-01 -7.132107019424438477e-01
7.000136971473693848e-01 -1.492805480957031250e-01 -6.983525156974792480e-01
7.089651823043823242e-01 -1.715622246265411377e-01 -6.840575933456420898e-01
7.161797881126403809e-01 -1.930736452341079712e-01 -6.706781387329101562e-01
7.215881347656250000e-01 -2.136020064353942871e-01 -6.585474610328674316e-01
7.251588702201843262e-01 -2.329880297183990479e-01 -6.479669809341430664e-01
7.268889546394348145e-01 -2.511241137981414795e-01 -6.391941308975219727e-01
7.268003225326538086e-01 -2.679437994956970215e-01 -6.324297189712524414e-01
7.249289751052856445e-01 -2.834120690822601318e-01 -6.278181076049804688e-01
7.213205695152282715e-01 -2.975261211395263672e-01 -6.254397034645080566e-01
7.160307168960571289e-01 -3.102984726428985596e-01 -6.253118515014648438e-01
7.091237902641296387e-01 -3.217557966709136963e-01 -6.273887753486633301e-01
7.006734609603881836e-01 -3.319386243820190430e-01 -6.315643191337585449e-01
6.907701492309570312e-01 -3.408955037593841553e-01 -6.376729607582092285e-01
6.795238852500915527e-01 -3.486842215061187744e-01 -6.454972028732299805e-01
6.670665740966796875e-01 -3.553730547428131104e-01 -6.547763943672180176e-01
6.535609960556030273e-01 -3.610414862632751465e-01 -6.652120351791381836e-01
6.391987800598144531e-01 -3.657827079296112061e-01 -6.764820814132690430e-01
6.241985559463500977e-01 -3.697031140327453613e-01 -6.882556080818176270e-01
6.088043451309204102e-01 -3.729219436645507812e-01 -7.002045512199401855e-01
5.932756662368774414e-01 -3.755707144737243652e-01 -7.120186090469360352e-01
5.778813362121582031e-01 -3.777880072593688965e-01 -7.234150767326354980e-01
5.628816485404968262e-01 -3.797175288200378418e-01 -7.341518402099609375e-01
5.485204458236694336e-01 -3.814972639083862305e-01 -7.440330386161804199e-01
5.350148677825927734e-01 -3.832591474056243896e-01 -7.529087066650390625e-01
5.225415229797363281e-01 -3.851239383220672607e-01 -7.606772780418395996e-01
5.112344026565551758e-01 -3.871967792510986328e-01 -7.672796845436096191e-01
5.011802911758422852e-01 -3.895608782768249512e-01 -7.726969718933105469e-01
4.924190342426300049e-01 -3.922820091247558594e-01 -7.769415974617004395e-01
4.849451780319213867e-01 -3.954083025455474854e-01 -7.800515890121459961e-01
4.787124693393707275e-01 -3.989697992801666260e-01 -7.820852994918823242e-01
4.736409485340118408e-01 -4.029867053031921387e-01 -7.831130027770996094e-01
4.696251153945922852e-01 -4.074692428112030029e-01 -7.832120656967163086e-01
4.665394425392150879e-01 -4.124259948730468750e-01 -7.824613451957702637e-01
4.642459154129028320e-01 -4.178648591041564941e-01 -7.809383273124694824e-01
4.626027941703796387e-01 -4.237955212593078613e-01 -7.787143588066101074e-01
4.614690542221069336e-01 -4.302349090576171875e-01 -7.758506536483764648e-01
4.607080817222595215e-01 -4.372102320194244385e-01 -7.723957896232604980e-01
4.601950347423553467e-01 -4.447487294673919678e-01 -7.683873176574707031e-01
4.598144590854644775e-01 -4.528828561305999756e-01 -7.638506889343261719e-01
4.594650268554687500e-01 -4.616439938545227051e-01 -7.587994933128356934e-01
4.590611755847930908e-01 -4.710619747638702393e-01 -7.532353401184082031e-01
4.585307538509368896e-01 -4.811557233333587646e-01 -7.471537590026855469e-01
4.578147828578948975e-01 -4.919298291206359863e-01 -7.405474781990051270e-01
4.568679928779602051e-01 -5.033727884292602539e-01 -7.334082126617431641e-01
4.556573629379272461e-01 -5.154517889022827148e-01 -7.257313132286071777e-01
4.541597366333007812e-01 -5.281108021736145020e-01 -7.175220251083374023e-01
4.523619711399078369e-01 -5.412747859954833984e-01 -7.087949514389038086e-01
4.502587318420410156e-01 -5.548420548439025879e-01 -6.995837092399597168e-01
4.478517770767211914e-01 -5.686983466148376465e-01 -6.899354457855224609e-01
4.451479613780975342e-01 -5.827128291130065918e-01 -6.799184083938598633e-01
4.421603083610534668e-01 -5.967443585395812988e-01 -6.696196198463439941e-01
4.389041364192962646e-01 -6.106540560722351074e-01 -6.591395139694213867e-01
4.353961646556854248e-01 -6.243034005165100098e-01 -6.485950350761413574e-01
4.316552579402923584e-01 -6.375628709793090820e-01 -6.381123661994934082e-01
4.276981651782989502e-01 -6.503170132637023926e-01 -6.278234124183654785e-01
4.235399663448333740e-01 -6.624655127525329590e-01 -6.178619265556335449e-01
4.191931784152984619e-01 -6.739282608032226562e-01 -6.083566546440124512e-01
4.146638512611389160e-01 -6.846410036087036133e-01 -5.994334220886230469e-01
4.099532663822174072e-01 -6.945607066154479980e-01 -5.912052392959594727e-01
4.050568342208862305e-01 -7.036586999893188477e-01 -5.837751030921936035e-01
3.999629020690917969e-01 -7.119237780570983887e-01 -5.772297382354736328e-01
3.946548104286193848e-01 -7.193539142608642578e-01 -5.716445446014404297e-01
3.891102969646453857e-01 -7.259610891342163086e-01 -5.670744776725769043e-01
3.833017349243164062e-01 -7.317667603492736816e-01 -5.635576844215393066e-01
3.771993219852447510e-01 -7.367981076240539551e-01 -5.611141920089721680e-01
3.707734644412994385e-01 -7.410910725593566895e-01 -5.597419142723083496e-01
3.639972507953643799e-01 -7.446866035461425781e-01 -5.594175457954406738e-01
3.568483293056488037e-01 -7.476332187652587891e-01 -5.600926876068115234e-01
3.493133485317230225e-01 -7.499864101409912109e-01 -5.616944432258605957e-01
3.413910865783691406e-01 -7.518090605735778809e-01 -5.641233921051025391e-01
3.330954611301422119e-01 -7.531741857528686523e-01 -5.672531127929687500e-01
3.244592249393463135e-01 -7.541643381118774414e-01 -5.709311962127685547e-01
3.155371248722076416e-01 -7.548707127571105957e-01 -5.749838352203369141e-01
3.064024448394775391e-01 -7.553966641426086426e-01 -5.792179703712463379e-01
2.971515655517578125e-01 -7.558481097221374512e-01 -5.834333896636962891e-01
2.878993153572082520e-01 -7.563375234603881836e-01 -5.874245166778564453e-01
2.787725031375885010e-01 -7.569753527641296387e-01 -5.909942984580993652e-01
2.699033617973327637e-01 -7.578636407852172852e-01 -5.939653515815734863e-01
2.614251375198364258e-01 -7.590889930725097656e-01 -5.961886048316955566e-01
2.534592449665069580e-01 -7.607157230377197266e-01 -5.975534319877624512e-01
2.461097538471221924e-01 -7.627819776535034180e-01 -5.979912877082824707e-01
2.394561469554901123e-01 -7.652943730354309082e-01 -5.974825024604797363e-01
2.335485368967056274e-01 -7.682316899299621582e-01 -5.960496068000793457e-01
2.284052222967147827e-01 -7.715427279472351074e-01 -5.937616229057312012e-01
2.240166515111923218e-01 -7.751531004905700684e-01 -5.907234549522399902e-01
2.203423380851745605e-01 -7.789714336395263672e-01 -5.870712399482727051e-01
2.173211276531219482e-01 -7.828989028930664062e-01 -5.829586386680603027e-01
2.148728668689727783e-01 -7.868322134017944336e-01 -5.785539746284484863e-01
2.129061073064804077e-01 -7.906749844551086426e-01 -5.740245580673217773e-01
2.113243937492370605e-01 -7.943373918533325195e-01 -5.695349574089050293e-01
2.100291997194290161e-01 -7.977438569068908691e-01 -5.652365088462829590e-01
2.089287787675857544e-01 -8.008326888084411621e-01 -5.612626671791076660e-01
2.079381346702575684e-01 -8.035564422607421875e-01 -5.577264428138732910e-01
2.069832980632781982e-01 -8.058823347091674805e-01 -5.547175407409667969e-01
2.060044854879379272e-01 -8.077906966209411621e-01 -5.523009300231933594e-01
2.049560844898223877e-01 -8.092737793922424316e-01 -5.505170822143554688e-01
2.038086503744125366e-01 -8.103338479995727539e-01 -5.493824481964111328e-01
2.025477141141891479e-01 -8.109853267669677734e-01 -5.488871932029724121e-01
2.011768370866775513e-01 -8.112486600875854492e-01 -5.490022897720336914e-01
1.997134238481521606e-01 -8.111546635627746582e-01 -5.496750473976135254e-01
1.981906592845916748e-01 -8.107419013977050781e-01 -5.508338809013366699e-01
1.966561377048492432e-01 -8.100556135177612305e-01 -5.523914694786071777e-01
1.951685696840286255e-01 -8.091496825218200684e-01 -5.542436242103576660e-01
1.937973052263259888e-01 -8.080840110778808594e-01 -5.562758445739746094e-01
1.926192641258239746e-01 -8.069237470626831055e-01 -5.583653450012207031e-01
1.917144954204559326e-01 -8.057395219802856445e-01 -5.603831410408020020e-01
1.911641806364059448e-01 -8.046028017997741699e-01 -5.622015595436096191e-01
1.910464316606521606e-01 -8.035840392112731934e-01 -5.636966228485107422e-01
1.914298683404922485e-01 -8.027491569519042969e-01 -5.647552013397216797e-01
1.923715770244598389e-01 -8.021560311317443848e-01 -5.652776360511779785e-01
1.939189732074737549e-01 -8.018372058868408203e-01 -5.652012228965759277e-01
1.960600465536117554e-01 -8.016786575317382812e-01 -5.646873116493225098e-01
1.989080905914306641e-01 -8.011733293533325195e-01 -5.644086003303527832e-01
2.017184197902679443e-01 -7.995915412902832031e-01 -5.656527876853942871e-01
