9.590669870376586914e-01 1.215232372283935547e+00 -2.069741725921630859e+00
9.227185845375061035e-01 1.171345353126525879e+00 -1.971922993659973145e+00
8.855646252632141113e-01 1.126362323760986328e+00 -1.872030377388000488e+00
8.474110364913940430e-01 1.080506205558776855e+00 -1.773622393608093262e+00
8.117987513542175293e-01 1.034180283546447754e+00 -1.671041846275329590e+00
7.763338685035705566e-01 9.935507178306579590e-01 -1.578858971595764160e+00
7.445340156555175781e-01 9.552287459373474121e-01 -1.490614295005798340e+00
7.148458361625671387e-01 9.187321066856384277e-01 -1.406336903572082520e+00
6.875627040863037109e-01 8.844643831253051758e-01 -1.326975703239440918e+00
6.628997921943664551e-01 8.527392745018005371e-01 -1.253278374671936035e+00
6.393486261367797852e-01 8.236393332481384277e-01 -1.185610175132751465e+00
6.186648607254028320e-01 7.974440455436706543e-01 -1.124489426612854004e+00
5.997189879417419434e-01 7.690999507904052734e-01 -1.062057495117187500e+00
5.837199687957763672e-01 7.439123392105102539e-01 -1.006628394126892090e+00
5.705331563949584961e-01 7.218111753463745117e-01 -9.580365419387817383e-01
5.599494576454162598e-01 7.026028633117675781e-01 -9.158703088760375977e-01
5.517037510871887207e-01 6.860139966011047363e-01 -8.795468807220458984e-01
5.454847812652587891e-01 6.717054247856140137e-01 -8.483414649963378906e-01
5.409445166587829590e-01 6.592819690704345703e-01 -8.214105367660522461e-01
5.377115011215209961e-01 6.483088135719299316e-01 -7.978249788284301758e-01
5.355179309844970703e-01 6.384269595146179199e-01 -7.768326997756958008e-01
5.339665412902832031e-01 6.291550397872924805e-01 -7.574058771133422852e-01
5.325773358345031738e-01 6.199343800544738770e-01 -7.383403778076171875e-01
5.310002565383911133e-01 6.103206276893615723e-01 -7.186917066574096680e-01
5.289139747619628906e-01 5.998993515968322754e-01 -6.975790262222290039e-01
5.256949663162231445e-01 5.884771943092346191e-01 -6.744136810302734375e-01
5.213588476181030273e-01 5.755993723869323730e-01 -6.483683586120605469e-01
5.157791972160339355e-01 5.609736442565917969e-01 -6.188606023788452148e-01
5.088179111480712891e-01 5.444121956825256348e-01 -5.854954719543457031e-01
5.003944635391235352e-01 5.258026123046875000e-01 -5.480384826660156250e-01
4.904859662055969238e-01 5.051103830337524414e-01 -5.064209699630737305e-01
4.823620319366455078e-01 4.880166649818420410e-01 -4.729612171649932861e-01
4.734344482421875000e-01 4.699752926826477051e-01 -4.378004372119903564e-01
4.677355289459228516e-01 4.608285427093505859e-01 -4.219562113285064697e-01
4.619965851306915283e-01 4.533504843711853027e-01 -4.119347929954528809e-01
4.579813480377197266e-01 4.477443099021911621e-01 -4.052850306034088135e-01
4.570463895797729492e-01 4.453838467597961426e-01 -4.044172167778015137e-01
4.561393260955810547e-01 4.430997371673583984e-01 -4.037628769874572754e-01
4.553797543048858643e-01 4.409897327423095703e-01 -4.034878015518188477e-01
4.548525512218475342e-01 4.399020671844482422e-01 -4.047724902629852295e-01
4.549105763435363770e-01 4.394264221191406250e-01 -4.075001478195190430e-01
4.560964703559875488e-01 4.401570558547973633e-01 -4.138955771923065186e-01
4.578680098056793213e-01 4.415342211723327637e-01 -4.217629134654998779e-01
4.592323601245880127e-01 4.428998827934265137e-01 -4.286876320838928223e-01
4.591732919216156006e-01 4.435773491859436035e-01 -4.322035014629364014e-01
4.596338570117950439e-01 4.448792934417724609e-01 -4.369815587997436523e-01
4.566022455692291260e-01 4.439120292663574219e-01 -4.364222884178161621e-01
4.545452892780303955e-01 4.438981413841247559e-01 -4.378242790699005127e-01
4.542253911495208740e-01 4.455470442771911621e-01 -4.428773820400238037e-01
4.554875493049621582e-01 4.486508965492248535e-01 -4.506979584693908691e-01
4.607329368591308594e-01 4.549999237060546875e-01 -4.620348811149597168e-01
4.631707072257995605e-01 4.583789706230163574e-01 -4.686604142189025879e-01
4.639058113098144531e-01 4.599382877349853516e-01 -4.726398587226867676e-01
4.654086828231811523e-01 4.615629911422729492e-01 -4.760130345821380615e-01
4.694109559059143066e-01 4.648434519767761230e-01 -4.799846708774566650e-01
4.738608002662658691e-01 4.698494076728820801e-01 -4.856357872486114502e-01
4.751803278923034668e-01 4.737201929092407227e-01 -4.888981878757476807e-01
4.782418608665466309e-01 4.786136746406555176e-01 -4.968214333057403564e-01
4.817134737968444824e-01 4.841371178627014160e-01 -5.066109895706176758e-01
4.853791594505310059e-01 4.900568127632141113e-01 -5.175069570541381836e-01
4.892089962959289551e-01 4.962969422340393066e-01 -5.293076038360595703e-01
4.946699142456054688e-01 5.037926435470581055e-01 -5.432388782501220703e-01
5.005892515182495117e-01 5.116948485374450684e-01 -5.580154657363891602e-01
5.066726207733154297e-01 5.197479724884033203e-01 -5.731865167617797852e-01
5.128741860389709473e-01 5.278668403625488281e-01 -5.885434150695800781e-01
5.195477604866027832e-01 5.358420014381408691e-01 -6.035633087158203125e-01
5.273308753967285156e-01 5.444173216819763184e-01 -6.204748153686523438e-01
5.348613262176513672e-01 5.528428554534912109e-01 -6.368906497955322266e-01
5.436896085739135742e-01 5.629658699035644531e-01 -6.568931341171264648e-01
5.530000329017639160e-01 5.736403465270996094e-01 -6.779810190200805664e-01
5.620304346084594727e-01 5.837922692298889160e-01 -6.978112459182739258e-01
5.707608461380004883e-01 5.933792591094970703e-01 -7.162724733352661133e-01
5.791843533515930176e-01 6.023756861686706543e-01 -7.332946062088012695e-01
5.873076319694519043e-01 6.107743978500366211e-01 -7.488528490066528320e-01
5.952374339103698730e-01 6.186274290084838867e-01 -7.630983591079711914e-01
6.029604077339172363e-01 6.259384751319885254e-01 -7.760218381881713867e-01
6.104607582092285156e-01 6.327192783355712891e-01 -7.876323461532592773e-01
6.177822351455688477e-01 6.390203237533569336e-01 -7.980545759201049805e-01
6.249740123748779297e-01 6.449032425880432129e-01 -8.074420690536499023e-01
6.320912837982177734e-01 6.504398584365844727e-01 -8.159793615341186523e-01
6.393388509750366211e-01 6.558333635330200195e-01 -8.242039680480957031e-01
6.467692852020263672e-01 6.611638665199279785e-01 -8.323265314102172852e-01
6.543210148811340332e-01 6.664204597473144531e-01 -8.403179645538330078e-01
6.620573997497558594e-01 6.717014312744140625e-01 -8.484443426132202148e-01
6.700408458709716797e-01 6.771061420440673828e-01 -8.569787740707397461e-01
6.783280968666076660e-01 6.827324628829956055e-01 -8.661948442459106445e-01
6.869714260101318359e-01 6.886757016181945801e-01 -8.763620853424072266e-01
6.960162520408630371e-01 6.950266361236572266e-01 -8.877421617507934570e-01
7.057479619979858398e-01 7.019939422607421875e-01 -9.009684324264526367e-01
7.159860134124755859e-01 7.095484137535095215e-01 -9.159423112869262695e-01
7.267470359802246094e-01 7.177556753158569336e-01 -9.328656196594238281e-01
7.380372285842895508e-01 7.266696691513061523e-01 -9.519108533859252930e-01
7.510071992874145508e-01 7.368222475051879883e-01 -9.741659164428710938e-01
7.646944522857666016e-01 7.478410601615905762e-01 -9.989632368087768555e-01
7.799265384674072266e-01 7.602144479751586914e-01 -1.026881575584411621e+00
8.006821274757385254e-01 7.779447436332702637e-01 -1.064786076545715332e+00
8.228045701980590820e-01 7.985082268714904785e-01 -1.110197067260742188e+00
8.458954691886901855e-01 8.201104402542114258e-01 -1.158764719963073730e+00
8.702878355979919434e-01 8.435958027839660645e-01 -1.211942553520202637e+00
9.030222296714782715e-01 8.856961727142333984e-01 -1.304415583610534668e+00
9.429119229316711426e-01 9.399894475936889648e-01 -1.424345731735229492e+00
9.827502369880676270e-01 9.950671195983886719e-01 -1.545967102050781250e+00
1.023691415786743164e+00 1.057386159896850586e+00 -1.683542132377624512e+00
1.065728902816772461e+00 1.122651815414428711e+00 -1.827960133552551270e+00
1.108312487602233887e+00 1.189656853675842285e+00 -1.976528048515319824e+00
1.151104331016540527e+00 1.257871150970458984e+00 -2.128072023391723633e+00
1.193808317184448242e+00 1.326736330986022949e+00 -2.281189680099487305e+00
1.235939264297485352e+00 1.396088361740112305e+00 -2.432785511016845703e+00
1.274368762969970703e+00 1.461967468261718750e+00 -2.576674461364746094e+00
1.310369491577148438e+00 1.525283217430114746e+00 -2.715302228927612305e+00
1.345514059066772461e+00 1.586662530899047852e+00 -2.850587606430053711e+00
1.378823518753051758e+00 1.645337224006652832e+00 -2.980465173721313477e+00
1.404954433441162109e+00 1.695595860481262207e+00 -3.090953111648559570e+00
1.419039368629455566e+00 1.727285027503967285e+00 -3.159068584442138672e+00
1.429819345474243164e+00 1.751123428344726562e+00 -3.212220907211303711e+00
1.437625169754028320e+00 1.768349528312683105e+00 -3.253704547882080078e+00
1.449065804481506348e+00 1.784160614013671875e+00 -3.289108514785766602e+00
1.462384223937988281e+00 1.800100564956665039e+00 -3.324017047882080078e+00
1.472132444381713867e+00 1.811846613883972168e+00 -3.350154161453247070e+00
1.470923185348510742e+00 1.812311768531799316e+00 -3.351502656936645508e+00
1.465518832206726074e+00 1.808042883872985840e+00 -3.342737913131713867e+00
1.456726193428039551e+00 1.799321055412292480e+00 -3.325165510177612305e+00
1.444766044616699219e+00 1.786430716514587402e+00 -3.298559904098510742e+00
1.427570700645446777e+00 1.766137123107910156e+00 -3.252686262130737305e+00
1.402793526649475098e+00 1.736701011657714844e+00 -3.186012744903564453e+00
1.375365853309631348e+00 1.704494833946228027e+00 -3.113176584243774414e+00
1.343713045120239258e+00 1.667246341705322266e+00 -3.029255151748657227e+00
1.307868242263793945e+00 1.624969601631164551e+00 -2.934335470199584961e+00
1.266357183456420898e+00 1.575428485870361328e+00 -2.824861764907836914e+00
1.222954034805297852e+00 1.523694276809692383e+00 -2.710816383361816406e+00
1.177925586700439453e+00 1.470111370086669922e+00 -2.592953443527221680e+00
1.134454131126403809e+00 1.417791008949279785e+00 -2.478187799453735352e+00
1.089481711387634277e+00 1.364012837409973145e+00 -2.363134145736694336e+00
1.043384194374084473e+00 1.309049844741821289e+00 -2.246974229812622070e+00
9.965770840644836426e-01 1.253237366676330566e+00 -2.129363775253295898e+00
9.482411146163940430e-01 1.195649623870849609e+00 -2.007655620574951172e+00
8.987026810646057129e-01 1.136760830879211426e+00 -1.882932662963867188e+00
8.543608784675598145e-01 1.082926988601684570e+00 -1.766069769859313965e+00
8.170838356018066406e-01 1.035421252250671387e+00 -1.660076022148132324e+00
7.785130143165588379e-01 9.866827726364135742e-01 -1.551243662834167480e+00
7.331464290618896484e-01 9.321439266204833984e-01 -1.426784038543701172e+00
6.887976527214050293e-01 8.770515322685241699e-01 -1.304514646530151367e+00
6.438322663307189941e-01 8.213423490524291992e-01 -1.181111931800842285e+00
5.971394777297973633e-01 7.651357650756835938e-01 -1.056246280670166016e+00
5.474649071693420410e-01 7.089667916297912598e-01 -9.295147657394409180e-01
4.980481266975402832e-01 6.532899141311645508e-01 -8.045092821121215820e-01
4.481643438339233398e-01 5.974328517913818359e-01 -6.792975664138793945e-01
3.934187889099121094e-01 5.321833491325378418e-01 -5.356308221817016602e-01
3.385371267795562744e-01 4.629035592079162598e-01 -3.871141672134399414e-01
2.803693413734436035e-01 3.882452845573425293e-01 -2.272670269012451172e-01
2.273940145969390869e-01 3.262237310409545898e-01 -9.393718838691711426e-02
1.986361443996429443e-01 3.051449060440063477e-01 -5.072379112243652344e-02
1.747972965240478516e-01 2.895002961158752441e-01 -2.021831274032592773e-02
1.605676412582397461e-01 2.770388126373291016e-01 2.549380064010620117e-03
1.495977938175201416e-01 2.664904594421386719e-01 2.146795392036437988e-02
1.411994397640228271e-01 2.591979205608367920e-01 3.413257002830505371e-02
1.394376754760742188e-01 2.562471330165863037e-01 3.644970059394836426e-02
1.418742239475250244e-01 2.561622858047485352e-01 3.206306695938110352e-02
1.473014652729034424e-01 2.582111358642578125e-01 2.305686473846435547e-02
1.557435989379882812e-01 2.624568939208984375e-01 9.323179721832275391e-03
1.668795347213745117e-01 2.688994407653808594e-01 -9.212791919708251953e-03
1.806839406490325928e-01 2.775416076183319092e-01 -3.251111507415771484e-02
1.970855891704559326e-01 2.883496880531311035e-01 -6.045183539390563965e-02
2.159663438796997070e-01 3.012520372867584229e-01 -9.283217787742614746e-02
2.358535230159759521e-01 3.143244981765747070e-01 -1.243320703506469727e-01
2.564277946949005127e-01 3.279119133949279785e-01 -1.569279134273529053e-01
2.786164283752441406e-01 3.435870409011840820e-01 -1.952313184738159180e-01
3.021294176578521729e-01 3.604718446731567383e-01 -2.358894348144531250e-01
3.266784250736236572e-01 3.783563971519470215e-01 -2.784077227115631104e-01
3.524915874004364014e-01 3.968930840492248535e-01 -3.214513361454010010e-01
3.789442479610443115e-01 4.158968329429626465e-01 -3.648882508277893066e-01
4.059437811374664307e-01 4.353631138801574707e-01 -4.089431464672088623e-01
4.385002255439758301e-01 4.579774737358093262e-01 -4.607674181461334229e-01
4.709090590476989746e-01 4.805371761322021484e-01 -5.120942592620849609e-01
5.055004954338073730e-01 5.062713027000427246e-01 -5.701913833618164062e-01
5.517305731773376465e-01 5.493305325508117676e-01 -6.661829948425292969e-01
6.105478405952453613e-01 6.245639920234680176e-01 -8.286141157150268555e-01
6.704502105712890625e-01 7.049443125724792480e-01 -1.001439571380615234e+00
7.322731614112854004e-01 7.925188541412353516e-01 -1.192491650581359863e+00
7.917642593383789062e-01 8.789761662483215332e-01 -1.380799055099487305e+00
8.471600413322448730e-01 9.607686996459960938e-01 -1.558567285537719727e+00
8.975734114646911621e-01 1.036554336547851562e+00 -1.722881436347961426e+00
9.425187706947326660e-01 1.105552792549133301e+00 -1.872061848640441895e+00
9.793799519538879395e-01 1.165210366249084473e+00 -2.000927686691284180e+00
9.992457032203674316e-01 1.208652973175048828e+00 -2.093868970870971680e+00
1.014076828956604004e+00 1.241838097572326660e+00 -2.165175199508666992e+00
1.023835539817810059e+00 1.263828277587890625e+00 -2.213385343551635742e+00
1.028853774070739746e+00 1.279313206672668457e+00 -2.247211694717407227e+00
1.029347896575927734e+00 1.288472652435302734e+00 -2.267045021057128906e+00
1.025999069213867188e+00 1.291507363319396973e+00 -2.273024320602416992e+00
1.021970987319946289e+00 1.289080858230590820e+00 -2.264818668365478516e+00
1.014801144599914551e+00 1.281239986419677734e+00 -2.244400262832641602e+00
1.003593564033508301e+00 1.268080592155456543e+00 -2.212798357009887695e+00
9.889597296714782715e-01 1.250675559043884277e+00 -2.172218561172485352e+00
9.692901968955993652e-01 1.227193117141723633e+00 -2.118107318878173828e+00
9.467031359672546387e-01 1.200357794761657715e+00 -2.056811332702636719e+00
9.218950271606445312e-01 1.170826315879821777e+00 -1.989906668663024902e+00
8.947526216506958008e-01 1.138734221458435059e+00 -1.919915318489074707e+00
8.696808815002441406e-01 1.105291604995727539e+00 -1.845950365066528320e+00
8.464443683624267578e-01 1.070994973182678223e+00 -1.768728137016296387e+00
8.230144381523132324e-01 1.035939216613769531e+00 -1.689913392066955566e+00
7.998676896095275879e-01 1.001632332801818848e+00 -1.612974166870117188e+00
7.782188653945922852e-01 9.719718694686889648e-01 -1.546789050102233887e+00
7.554143071174621582e-01 9.403295516967773438e-01 -1.475171804428100586e+00
7.298520207405090332e-01 9.064720869064331055e-01 -1.397838592529296875e+00
7.054989933967590332e-01 8.732739686965942383e-01 -1.320634126663208008e+00
6.820188760757446289e-01 8.405095338821411133e-01 -1.244190335273742676e+00
6.594079732894897461e-01 8.082326650619506836e-01 -1.168848991394042969e+00
6.335819959640502930e-01 7.699985504150390625e-01 -1.084678053855895996e+00
6.083420515060424805e-01 7.294278740882873535e-01 -9.979050159454345703e-01
5.839311480522155762e-01 6.891373395919799805e-01 -9.122109413146972656e-01
5.602861642837524414e-01 6.491391062736511230e-01 -8.276247978210449219e-01
5.374215245246887207e-01 6.095151305198669434e-01 -7.443292140960693359e-01
5.153512954711914062e-01 5.703521966934204102e-01 -6.625127792358398438e-01
4.940944910049438477e-01 5.317461490631103516e-01 -5.823773145675659180e-01
4.736682176589965820e-01 4.945269227027893066e-01 -5.055310726165771484e-01
4.591342508792877197e-01 4.670087099075317383e-01 -4.501187503337860107e-01
4.491768777370452881e-01 4.491468071937561035e-01 -4.152069091796875000e-01
4.433992207050323486e-01 4.401589035987854004e-01 -4.009622335433959961e-01
4.443278908729553223e-01 4.387242197990417480e-01 -4.023738801479339600e-01
4.458429813385009766e-01 4.377378225326538086e-01 -4.048160016536712646e-01
4.479315578937530518e-01 4.372100234031677246e-01 -4.082644283771514893e-01
4.513862133026123047e-01 4.372404813766479492e-01 -4.126063883304595947e-01
4.553817212581634521e-01 4.386529326438903809e-01 -4.202717840671539307e-01
4.599094986915588379e-01 4.414072632789611816e-01 -4.313685894012451172e-01
4.614899158477783203e-01 4.424489140510559082e-01 -4.357729852199554443e-01
4.635365903377532959e-01 4.441009759902954102e-01 -4.415041804313659668e-01
4.638393521308898926e-01 4.447762370109558105e-01 -4.449487328529357910e-01
4.618102014064788818e-01 4.440572857856750488e-01 -4.451219737529754639e-01
4.604791700839996338e-01 4.441348314285278320e-01 -4.469659328460693359e-01
4.614538550376892090e-01 4.461030364036560059e-01 -4.520044922828674316e-01
4.625856280326843262e-01 4.473383426666259766e-01 -4.564657807350158691e-01
4.639121592044830322e-01 4.491253495216369629e-01 -4.617485702037811279e-01
4.658453464508056641e-01 4.528290033340454102e-01 -4.682222902774810791e-01
4.672564268112182617e-01 4.567282199859619141e-01 -4.735498428344726562e-01
4.684919714927673340e-01 4.583504796028137207e-01 -4.748035371303558350e-01
4.709621071815490723e-01 4.598502516746520996e-01 -4.749523997306823730e-01
4.719347953796386719e-01 4.626101255416870117e-01 -4.737866222858428955e-01
4.745382666587829590e-01 4.664236903190612793e-01 -4.772955477237701416e-01
4.777101874351501465e-01 4.708608984947204590e-01 -4.829265773296356201e-01
4.810481071472167969e-01 4.757491946220397949e-01 -4.897362291812896729e-01
4.841463565826416016e-01 4.811089038848876953e-01 -4.975952804088592529e-01
4.874203801155090332e-01 4.868998527526855469e-01 -5.065644979476928711e-01
4.914080500602722168e-01 4.930210113525390625e-01 -5.167621374130249023e-01
4.955841898918151855e-01 4.993398785591125488e-01 -5.273247957229614258e-01
4.999999403953552246e-01 5.057814717292785645e-01 -5.379441976547241211e-01
5.044410228729248047e-01 5.123373866081237793e-01 -5.489705801010131836e-01
5.088900327682495117e-01 5.189533233642578125e-01 -5.602768659591674805e-01
5.133312940597534180e-01 5.255782604217529297e-01 -5.717422962188720703e-01
5.184134244918823242e-01 5.326890349388122559e-01 -5.839134454727172852e-01
5.238020420074462891e-01 5.399872660636901855e-01 -5.963658094406127930e-01
5.291779637336730957e-01 5.471891164779663086e-01 -6.086989641189575195e-01
5.356222987174987793e-01 5.549895167350769043e-01 -6.230350732803344727e-01
5.423487424850463867e-01 5.630142092704772949e-01 -6.379688978195190430e-01
5.508154630661010742e-01 5.731905698776245117e-01 -6.576724052429199219e-01
5.591045022010803223e-01 5.830057859420776367e-01 -6.766417026519775391e-01
5.672036409378051758e-01 5.924329757690429688e-01 -6.948091983795166016e-01
5.751070976257324219e-01 6.014540791511535645e-01 -7.121251821517944336e-01
5.829749107360839844e-01 6.101305484771728516e-01 -7.287902832031250000e-01
5.906356573104858398e-01 6.183823347091674805e-01 -7.445349693298339844e-01
5.980878472328186035e-01 6.262097358703613281e-01 -7.593448162078857422e-01
6.053391098976135254e-01 6.336212158203125000e-01 -7.732256650924682617e-01
6.124004125595092773e-01 6.406309008598327637e-01 -7.861948013305664062e-01
6.192836165428161621e-01 6.472560167312622070e-01 -7.982777357101440430e-01
6.261022686958312988e-01 6.536068916320800781e-01 -8.097438812255859375e-01
6.329839825630187988e-01 6.598084568977355957e-01 -8.209006786346435547e-01
6.397290229797363281e-01 6.656923890113830566e-01 -8.312838077545166016e-01
6.463522315025329590e-01 6.712847352027893066e-01 -8.409415483474731445e-01
6.528676748275756836e-01 6.766115427017211914e-01 -8.499231338500976562e-01
6.592897176742553711e-01 6.816988587379455566e-01 -8.582804203033447266e-01
6.656312346458435059e-01 6.865724921226501465e-01 -8.660663366317749023e-01
6.719049215316772461e-01 6.912574768066406250e-01 -8.733333349227905273e-01
6.782430410385131836e-01 6.958321928977966309e-01 -8.803105354309082031e-01
6.846330761909484863e-01 7.003085017204284668e-01 -8.870154619216918945e-01
6.910058856010437012e-01 7.046720385551452637e-01 -8.933844566345214844e-01
6.973661780357360840e-01 7.089402675628662109e-01 -8.994603157043457031e-01
7.040028572082519531e-01 7.131499052047729492e-01 -9.054887294769287109e-01
7.106612920761108398e-01 7.172948122024536133e-01 -9.113236665725708008e-01
7.173070311546325684e-01 7.213828563690185547e-01 -9.169731140136718750e-01
7.239376902580261230e-01 7.254225611686706543e-01 -9.224674701690673828e-01
7.305487990379333496e-01 7.294195294380187988e-01 -9.278312921524047852e-01
7.371339201927185059e-01 7.333765029907226562e-01 -9.330848455429077148e-01
7.436870336532592773e-01 7.372956275939941406e-01 -9.382470846176147461e-01
7.501985430717468262e-01 7.411751747131347656e-01 -9.433298110961914062e-01
7.566602230072021484e-01 7.450135946273803711e-01 -9.483458995819091797e-01
7.630619406700134277e-01 7.488062381744384766e-01 -9.533013105392456055e-01
7.693925499916076660e-01 7.525480985641479492e-01 -9.582018852233886719e-01
7.756420373916625977e-01 7.562338113784790039e-01 -9.630514383316040039e-01
7.817991375923156738e-01 7.598568797111511230e-01 -9.678527116775512695e-01
7.878522872924804688e-01 7.634109258651733398e-01 -9.726071357727050781e-01
7.937910556793212891e-01 7.668899297714233398e-01 -9.773172140121459961e-01
7.996048331260681152e-01 7.702882289886474609e-01 -9.819841384887695312e-01
8.052825927734375000e-01 7.736008167266845703e-01 -9.866114854812622070e-01
8.108146190643310547e-01 7.768237590789794922e-01 -9.912028312683105469e-01
8.161907792091369629e-01 7.799542546272277832e-01 -9.957643747329711914e-01
8.214018344879150391e-01 7.829908132553100586e-01 -1.000303506851196289e+00
8.264390230178833008e-01 7.859335541725158691e-01 -1.004830121994018555e+00
8.312940001487731934e-01 7.887834310531616211e-01 -1.009355187416076660e+00
8.359591364860534668e-01 7.915437221527099609e-01 -1.013893008232116699e+00
8.404271602630615234e-01 7.942186594009399414e-01 -1.018458843231201172e+00
8.446919918060302734e-01 7.968138456344604492e-01 -1.023069858551025391e+00
8.487479090690612793e-01 7.993363142013549805e-01 -1.027745008468627930e+00
8.525897264480590820e-01 8.017933368682861328e-01 -1.032501459121704102e+00
8.562135696411132812e-01 8.041933774948120117e-01 -1.037358045578002930e+00
8.596147894859313965e-01 8.065443038940429688e-01 -1.042330741882324219e+00
8.627911210060119629e-01 8.088541626930236816e-01 -1.047434210777282715e+00
8.657389283180236816e-01 8.111298680305480957e-01 -1.052678823471069336e+00
8.684565424919128418e-01 8.133772611618041992e-01 -1.058070302009582520e+00
8.712024688720703125e-01 8.157429695129394531e-01 -1.063767433166503906e+00
8.743692040443420410e-01 8.184450268745422363e-01 -1.070002913475036621e+00
8.772532939910888672e-01 8.210975527763366699e-01 -1.076337933540344238e+00
8.798507452011108398e-01 8.236951828002929688e-01 -1.082750916481018066e+00
8.821588754653930664e-01 8.262299895286560059e-01 -1.089211106300354004e+00
8.841769695281982422e-01 8.286917805671691895e-01 -1.095681786537170410e+00
8.859044313430786133e-01 8.310672044754028320e-01 -1.102117180824279785e+00
8.873443603515625000e-01 8.333408236503601074e-01 -1.108466744422912598e+00
8.884986639022827148e-01 8.354938030242919922e-01 -1.114669442176818848e+00
8.893724083900451660e-01 8.375062346458435059e-01 -1.120662331581115723e+00
8.899701833724975586e-01 8.393546938896179199e-01 -1.126372933387756348e+00
8.902987837791442871e-01 8.410154581069946289e-01 -1.131728172302246094e+00
8.903654217720031738e-01 8.424631357192993164e-01 -1.136650919914245605e+00
8.901779055595397949e-01 8.436716198921203613e-01 -1.141062974929809570e+00
8.897454142570495605e-01 8.446160554885864258e-01 -1.144888043403625488e+00
8.890779018402099609e-01 8.452720642089843750e-01 -1.148052573204040527e+00
8.881866335868835449e-01 8.456176519393920898e-01 -1.150488376617431641e+00
8.870841264724731445e-01 8.456341028213500977e-01 -1.152135133743286133e+00
8.859381079673767090e-01 8.459412455558776855e-01 -1.154382586479187012e+00
8.846197724342346191e-01 8.459234237670898438e-01 -1.155817627906799316e+00
8.831031322479248047e-01 8.453860878944396973e-01 -1.155983448028564453e+00
8.814082741737365723e-01 8.443212509155273438e-01 -1.154847264289855957e+00
8.795598149299621582e-01 8.427305817604064941e-01 -1.152399897575378418e+00
8.775866627693176270e-01 8.406285047531127930e-01 -1.148661732673645020e+00
8.755232095718383789e-01 8.380411863327026367e-01 -1.143680095672607422e+00
8.734072446823120117e-01 8.350058197975158691e-01 -1.137529730796813965e+00
8.712810277938842773e-01 8.315714001655578613e-01 -1.130313038825988770e+00
8.691890835762023926e-01 8.277968764305114746e-01 -1.122157216072082520e+00
8.673850893974304199e-01 8.246035575866699219e-01 -1.115146279335021973e+00
8.657714128494262695e-01 8.214625120162963867e-01 -1.108077168464660645e+00
8.643674850463867188e-01 8.183321356773376465e-01 -1.100853323936462402e+00
8.632149100303649902e-01 8.152760863304138184e-01 -1.093619585037231445e+00
8.626179099082946777e-01 8.125026822090148926e-01 -1.086681604385375977e+00
8.628831505775451660e-01 8.102216124534606934e-01 -1.080346226692199707e+00
8.634601831436157227e-01 8.081722855567932129e-01 -1.074398636817932129e+00
8.643558025360107422e-01 8.063977956771850586e-01 -1.068955779075622559e+00
8.655700683593750000e-01 8.049345016479492188e-01 -1.064120173454284668e+00
8.670960068702697754e-01 8.038111925125122070e-01 -1.059978961944580078e+00
8.689193129539489746e-01 8.030483126640319824e-01 -1.056600689888000488e+00
8.710192441940307617e-01 8.026572465896606445e-01 -1.054033875465393066e+00
8.733676671981811523e-01 8.026397228240966797e-01 -1.052305102348327637e+00
8.759307265281677246e-01 8.029890656471252441e-01 -1.051420569419860840e+00
8.786683678627014160e-01 8.036878108978271484e-01 -1.051361322402954102e+00
8.815373182296752930e-01 8.047114014625549316e-01 -1.052090167999267578e+00
8.844888210296630859e-01 8.060261011123657227e-01 -1.053548932075500488e+00
8.874730467796325684e-01 8.075917363166809082e-01 -1.055660009384155273e+00
8.904388546943664551e-01 8.093624711036682129e-01 -1.058333516120910645e+00
8.933345675468444824e-01 8.112877011299133301e-01 -1.061463952064514160e+00
8.961104750633239746e-01 8.133140802383422852e-01 -1.064938664436340332e+00
8.987195491790771484e-01 8.153873085975646973e-01 -1.068639636039733887e+00
9.011191129684448242e-01 8.174527883529663086e-01 -1.072445511817932129e+00
9.032710194587707520e-01 8.194580078125000000e-01 -1.076237797737121582e+00
9.052366614341735840e-01 8.214054703712463379e-01 -1.079961299896240234e+00
9.075036644935607910e-01 8.235315084457397461e-01 -1.083821892738342285e+00
9.094218611717224121e-01 8.254507780075073242e-01 -1.087344527244567871e+00
9.109671115875244141e-01 8.271244764328002930e-01 -1.090444326400756836e+00
9.121255874633789062e-01 8.285221457481384277e-01 -1.093053221702575684e+00
9.128929972648620605e-01 8.296228647232055664e-01 -1.095122933387756348e+00
9.132748246192932129e-01 8.304148912429809570e-01 -1.096624493598937988e+00
9.132861495018005371e-01 8.308971524238586426e-01 -1.097551703453063965e+00
9.129509329795837402e-01 8.310777544975280762e-01 -1.097916960716247559e+00
9.123006463050842285e-01 8.309735059738159180e-01 -1.097751498222351074e+00
9.113739728927612305e-01 8.306094408035278320e-01 -1.097105026245117188e+00
9.102138876914978027e-01 8.300168514251708984e-01 -1.096038937568664551e+00
9.088691473007202148e-01 8.292343616485595703e-01 -1.094631314277648926e+00
9.073893427848815918e-01 8.283028006553649902e-01 -1.092963814735412598e+00
9.058260321617126465e-01 8.272669315338134766e-01 -1.091127991676330566e+00
9.042299389839172363e-01 8.261721134185791016e-01 -1.089213728904724121e+00
9.026495814323425293e-01 8.250633478164672852e-01 -1.087311387062072754e+00
9.011304378509521484e-01 8.239833116531372070e-01 -1.085505127906799316e+00
8.997136354446411133e-01 8.229712843894958496e-01 -1.083870768547058105e+00
8.984352946281433105e-01 8.220629692077636719e-01 -1.082476258277893066e+00
8.973255753517150879e-01 8.212873935699462891e-01 -1.081373453140258789e+00
8.964073657989501953e-01 8.206681609153747559e-01 -1.080602288246154785e+00
8.956971764564514160e-01 8.202216625213623047e-01 -1.080186486244201660e+00
8.952056169509887695e-01 8.199582099914550781e-01 -1.080135703086853027e+00
8.949359655380249023e-01 8.198804855346679688e-01 -1.080442786216735840e+00
8.948861360549926758e-01 8.199855685234069824e-01 -1.081087708473205566e+00
8.952234387397766113e-01 8.203597664833068848e-01 -1.082142829895019531e+00
8.958281874656677246e-01 8.209299445152282715e-01 -1.083498120307922363e+00
8.965874314308166504e-01 8.216238617897033691e-01 -1.085042238235473633e+00
8.974824547767639160e-01 8.224193453788757324e-01 -1.086714267730712891e+00
8.984952569007873535e-01 8.232928514480590820e-01 -1.088451147079467773e+00
8.996067047119140625e-01 8.242198824882507324e-01 -1.090189337730407715e+00
9.007985591888427734e-01 8.251758217811584473e-01 -1.091865658760070801e+00
9.020533561706542969e-01 8.261373043060302734e-01 -1.093421459197998047e+00
9.033548235893249512e-01 8.270820379257202148e-01 -1.094803929328918457e+00
9.046894907951354980e-01 8.279908299446105957e-01 -1.095968127250671387e+00
9.060425758361816406e-01 8.288452029228210449e-01 -1.096872568130493164e+00
9.070414304733276367e-01 8.293046951293945312e-01 -1.096577525138854980e+00
9.080420732498168945e-01 8.296874165534973145e-01 -1.095982313156127930e+00
9.090420007705688477e-01 8.299901485443115234e-01 -1.095090270042419434e+00
9.100425839424133301e-01 8.302144408226013184e-01 -1.093917727470397949e+00
9.110456705093383789e-01 8.303653597831726074e-01 -1.092491865158081055e+00
9.120572805404663086e-01 8.304523825645446777e-01 -1.090851426124572754e+00
9.130840301513671875e-01 8.304873108863830566e-01 -1.089042305946350098e+00
9.141336083412170410e-01 8.304852843284606934e-01 -1.087118983268737793e+00
9.152143001556396484e-01 8.304620981216430664e-01 -1.085138440132141113e+00
9.163343906402587891e-01 8.304347991943359375e-01 -1.083160996437072754e+00
9.175017476081848145e-01 8.304206132888793945e-01 -1.081247448921203613e+00
9.187228679656982422e-01 8.304359316825866699e-01 -1.079455494880676270e+00
9.200026392936706543e-01 8.304954171180725098e-01 -1.077838540077209473e+00
9.213436841964721680e-01 8.306118845939636230e-01 -1.076443910598754883e+00
9.227470159530639648e-01 8.307952284812927246e-01 -1.075311064720153809e+00
9.242111444473266602e-01 8.310528397560119629e-01 -1.074470996856689453e+00
9.257317781448364258e-01 8.313890695571899414e-01 -1.073946833610534668e+00
9.273025989532470703e-01 8.318047523498535156e-01 -1.073750734329223633e+00
9.289157986640930176e-01 8.322988152503967285e-01 -1.073887586593627930e+00
9.305609464645385742e-01 8.328661918640136719e-01 -1.074352145195007324e+00
9.322997927665710449e-01 8.335367441177368164e-01 -1.075157284736633301e+00
9.343335032463073730e-01 8.344080448150634766e-01 -1.076355576515197754e+00
9.363839626312255859e-01 8.353371620178222656e-01 -1.077831625938415527e+00
9.384334683418273926e-01 8.363099098205566406e-01 -1.079552769660949707e+00
9.404637217521667480e-01 8.373103141784667969e-01 -1.081480503082275391e+00
9.424551725387573242e-01 8.383211493492126465e-01 -1.083572506904602051e+00
9.443870782852172852e-01 8.393236398696899414e-01 -1.085782408714294434e+00
9.462379813194274902e-01 8.402975201606750488e-01 -1.088058352470397949e+00
9.479859471321105957e-01 8.412222862243652344e-01 -1.090349078178405762e+00
9.496068358421325684e-01 8.420759439468383789e-01 -1.092598199844360352e+00
9.510769248008728027e-01 8.428361415863037109e-01 -1.094750046730041504e+00
9.523709416389465332e-01 8.434799313545227051e-01 -1.096746563911437988e+00
9.534637331962585449e-01 8.439849615097045898e-01 -1.098532319068908691e+00
9.543302655220031738e-01 8.443294763565063477e-01 -1.100052952766418457e+00
9.549461603164672852e-01 8.444925546646118164e-01 -1.101256489753723145e+00
9.552888870239257812e-01 8.444559574127197266e-01 -1.102097630500793457e+00
9.553377032279968262e-01 8.442033529281616211e-01 -1.102535128593444824e+00
9.550749659538269043e-01 8.437218666076660156e-01 -1.102536082267761230e+00
9.544876217842102051e-01 8.430025577545166016e-01 -1.102075934410095215e+00
9.535663127899169922e-01 8.420408964157104492e-01 -1.101140022277832031e+00
9.523075222969055176e-01 8.408374786376953125e-01 -1.099724292755126953e+00
9.507140517234802246e-01 8.393980860710144043e-01 -1.097836375236511230e+00
9.487949013710021973e-01 8.377338647842407227e-01 -1.095494866371154785e+00
9.465659856796264648e-01 8.358622789382934570e-01 -1.092732191085815430e+00
9.440503716468811035e-01 8.338057398796081543e-01 -1.089590072631835938e+00
9.412778615951538086e-01 8.315925598144531250e-01 -1.086123228073120117e+00
9.382851123809814453e-01 8.292556405067443848e-01 -1.082395195960998535e+00
9.351145625114440918e-01 8.268321752548217773e-01 -1.078479170799255371e+00
9.318143725395202637e-01 8.243631124496459961e-01 -1.074455261230468750e+00
