-7.913561165332794189e-02 -2.388563901185989380e-01 1.795792393386363983e-02
-9.087610244750976562e-02 -2.415708303451538086e-01 5.102727562189102173e-02
-1.041006892919540405e-01 -2.456350773572921753e-01 8.578221499919891357e-02
-1.186075210571289062e-01 -2.509551346302032471e-01 1.217432916164398193e-01
-1.364636123180389404e-01 -2.604072988033294678e-01 1.595674753189086914e-01
-1.560454666614532471e-01 -2.732348442077636719e-01 1.942068338394165039e-01
-1.763689070940017700e-01 -2.879298925399780273e-01 2.260839045047760010e-01
-1.956892162561416626e-01 -3.018509149551391602e-01 2.536303997039794922e-01
-2.109276503324508667e-01 -3.093898594379425049e-01 2.797656953334808350e-01
-2.184197157621383667e-01 -3.153496086597442627e-01 3.008737266063690186e-01
-2.209295779466629028e-01 -3.179419934749603271e-01 3.118780851364135742e-01
-2.219097316265106201e-01 -3.171822428703308105e-01 3.165367543697357178e-01
-2.221424430608749390e-01 -3.150771856307983398e-01 3.187306225299835205e-01
-2.227596789598464966e-01 -3.123868107795715332e-01 3.157827556133270264e-01
-2.240060418844223022e-01 -3.098269999027252197e-01 3.115495443344116211e-01
-2.244646698236465454e-01 -3.059668838977813721e-01 3.046067357063293457e-01
-2.241422533988952637e-01 -3.008708357810974121e-01 2.950646877288818359e-01
-2.230564951896667480e-01 -2.946199178695678711e-01 2.830692529678344727e-01
-2.212358415126800537e-01 -2.873113751411437988e-01 2.688006758689880371e-01
-2.183830142021179199e-01 -2.781899273395538330e-01 2.496969550848007202e-01
-2.133193612098693848e-01 -2.670061588287353516e-01 2.267428338527679443e-01
-2.046202570199966431e-01 -2.545586228370666504e-01 1.980169862508773804e-01
-1.953931301832199097e-01 -2.417460381984710693e-01 1.682648360729217529e-01
-1.857864558696746826e-01 -2.287588268518447876e-01 1.379235088825225830e-01
-1.751742959022521973e-01 -2.154410481452941895e-01 1.047829836606979370e-01
-1.565440297126770020e-01 -2.028818130493164062e-01 6.610344350337982178e-02
-1.395661681890487671e-01 -1.930475682020187378e-01 3.065551258623600006e-02
-1.234983056783676147e-01 -1.845534741878509521e-01 -3.087006509304046631e-03
-1.075586527585983276e-01 -1.767296493053436279e-01 -3.555085510015487671e-02
-9.199610352516174316e-02 -1.696879714727401733e-01 -6.626289337873458862e-02
-8.016006648540496826e-02 -1.642124205827713013e-01 -9.025986492633819580e-02
-8.061239123344421387e-02 -1.622911095619201660e-01 -9.498865902423858643e-02
-8.223518729209899902e-02 -1.628897786140441895e-01 -9.630590677261352539e-02
-8.398398756980895996e-02 -1.649369895458221436e-01 -9.551796317100524902e-02
-8.615067601203918457e-02 -1.680760234594345093e-01 -9.382414817810058594e-02
-8.921031653881072998e-02 -1.727384924888610840e-01 -9.104031324386596680e-02
-9.240601956844329834e-02 -1.779723316431045532e-01 -8.760884404182434082e-02
-9.547773003578186035e-02 -1.830835789442062378e-01 -8.468651771545410156e-02
-9.777262806892395020e-02 -1.877850592136383057e-01 -8.153301477432250977e-02
-9.965066611766815186e-02 -1.925965696573257446e-01 -7.763808965682983398e-02
-1.011040955781936646e-01 -1.974732875823974609e-01 -7.303750514984130859e-02
-1.021095886826515198e-01 -2.023503184318542480e-01 -6.779303401708602905e-02
-1.025883257389068604e-01 -2.075725495815277100e-01 -6.148166209459304810e-02
-1.025863885879516602e-01 -2.127063274383544922e-01 -5.463081598281860352e-02
-1.024510413408279419e-01 -2.166168540716171265e-01 -4.640783369541168213e-02
-1.019282191991806030e-01 -2.203208804130554199e-01 -3.768248111009597778e-02
-1.009562164545059204e-01 -2.239287942647933960e-01 -2.877178043127059937e-02
-1.002303957939147949e-01 -2.281502932310104370e-01 -2.019680291414260864e-02
-1.000661700963973999e-01 -2.323866039514541626e-01 -1.341611891984939575e-02
-9.943060576915740967e-02 -2.368482649326324463e-01 -3.597088158130645752e-03
-1.087861955165863037e-01 -2.434227913618087769e-01 2.170680835843086243e-02
-1.192719787359237671e-01 -2.500985860824584961e-01 4.944858700037002563e-02
-1.309646666049957275e-01 -2.567922174930572510e-01 7.884448021650314331e-02
-1.443052738904953003e-01 -2.634360194206237793e-01 1.083255037665367126e-01
-1.585791409015655518e-01 -2.703121006488800049e-01 1.398441493511199951e-01
-1.734498441219329834e-01 -2.775058150291442871e-01 1.710936278104782104e-01
-1.876314282417297363e-01 -2.839769721031188965e-01 1.995963603258132935e-01
-2.029969096183776855e-01 -2.916129529476165771e-01 2.277351915836334229e-01
-2.185970246791839600e-01 -2.989478111267089844e-01 2.550406157970428467e-01
-2.269611060619354248e-01 -3.052082955837249756e-01 2.749232053756713867e-01
-2.301157414913177490e-01 -3.089153468608856201e-01 2.848367393016815186e-01
-2.315403968095779419e-01 -3.100034296512603760e-01 2.908939421176910400e-01
-2.323946803808212280e-01 -3.098935186862945557e-01 2.946470379829406738e-01
-2.326657623052597046e-01 -3.085901141166687012e-01 2.960539460182189941e-01
-2.317562103271484375e-01 -3.045894205570220947e-01 2.902292311191558838e-01
-2.302414327859878540e-01 -2.994127273559570312e-01 2.819525301456451416e-01
-2.283541113138198853e-01 -2.933626174926757812e-01 2.716156840324401855e-01
-2.270987033843994141e-01 -2.875750660896301270e-01 2.606205940246582031e-01
-2.252103388309478760e-01 -2.807592749595642090e-01 2.474783509969711304e-01
-2.210078835487365723e-01 -2.725933790206909180e-01 2.298854887485504150e-01
-2.138334959745407104e-01 -2.629116177558898926e-01 2.067784070968627930e-01
-2.051131278276443481e-01 -2.521677017211914062e-01 1.806378960609436035e-01
-1.958838999271392822e-01 -2.408006042242050171e-01 1.532649695873260498e-01
-1.862445175647735596e-01 -2.289370894432067871e-01 1.249917671084403992e-01
-1.773566752672195435e-01 -2.178977280855178833e-01 9.808481484651565552e-02
-1.696676015853881836e-01 -2.079122364521026611e-01 7.100038975477218628e-02
-1.606365293264389038e-01 -1.970010548830032349e-01 3.878700360655784607e-02
-1.508741080760955811e-01 -1.858145743608474731e-01 5.204696208238601685e-03
-1.365549564361572266e-01 -1.751954704523086548e-01 -2.923184633255004883e-02
-1.197472810745239258e-01 -1.651620715856552124e-01 -6.279432773590087891e-02
-1.026689857244491577e-01 -1.557603478431701660e-01 -9.470483660697937012e-02
-8.476416021585464478e-02 -1.473371237516403198e-01 -1.286110877990722656e-01
-8.401965349912643433e-02 -1.431844830513000488e-01 -1.361091583967208862e-01
-8.332160115242004395e-02 -1.396419554948806763e-01 -1.421027481555938721e-01
-8.208404481410980225e-02 -1.374343931674957275e-01 -1.455180943012237549e-01
-8.083040267229080200e-02 -1.366419792175292969e-01 -1.468844860792160034e-01
-7.953195273876190186e-02 -1.362906545400619507e-01 -1.474282145500183105e-01
-7.837957143783569336e-02 -1.363897919654846191e-01 -1.470189988613128662e-01
-7.731026411056518555e-02 -1.368744969367980957e-01 -1.456827819347381592e-01
-7.621007412672042847e-02 -1.377408504486083984e-01 -1.434867978096008301e-01
-7.561564445495605469e-02 -1.398331373929977417e-01 -1.401441097259521484e-01
-7.622328400611877441e-02 -1.444334387779235840e-01 -1.331735253334045410e-01
-7.699070870876312256e-02 -1.500543653964996338e-01 -1.243793964385986328e-01
-7.828214019536972046e-02 -1.571134030818939209e-01 -1.141493618488311768e-01
-7.948290556669235229e-02 -1.646581143140792847e-01 -1.028739809989929199e-01
-8.048710227012634277e-02 -1.725410819053649902e-01 -9.061175584793090820e-02
-8.129324764013290405e-02 -1.806990504264831543e-01 -7.747476547956466675e-02
-8.225269615650177002e-02 -1.881802231073379517e-01 -6.639624387025833130e-02
-8.322913944721221924e-02 -1.952683180570602417e-01 -5.639329552650451660e-02
-8.404657244682312012e-02 -2.019356936216354370e-01 -4.568528383970260620e-02
-8.410520106554031372e-02 -2.062013149261474609e-01 -3.503841161727905273e-02
-8.368091285228729248e-02 -2.103616297245025635e-01 -2.434752881526947021e-02
-8.267955482006072998e-02 -2.152311503887176514e-01 -1.237422600388526917e-02
-8.079569786787033081e-02 -2.202061116695404053e-01 -2.260431647300720215e-04
-7.822437584400177002e-02 -2.224242389202117920e-01 8.893851190805435181e-03
-7.313039898872375488e-02 -2.198949605226516724e-01 1.319519802927970886e-02
-6.782196462154388428e-02 -2.180876135826110840e-01 1.783954538404941559e-02
-7.161273062229156494e-02 -2.189148366451263428e-01 3.555417805910110474e-02
-8.103395998477935791e-02 -2.207952290773391724e-01 6.001065298914909363e-02
-9.200935065746307373e-02 -2.241515815258026123e-01 8.680464327335357666e-02
-1.060259938240051270e-01 -2.318612188100814819e-01 1.125884428620338440e-01
-1.227193772792816162e-01 -2.427746057510375977e-01 1.396019309759140015e-01
-1.411400884389877319e-01 -2.555472552776336670e-01 1.686006039381027222e-01
-1.611329317092895508e-01 -2.700867652893066406e-01 1.993333101272583008e-01
-1.825277060270309448e-01 -2.862794995307922363e-01 2.315324991941452026e-01
-2.049775719642639160e-01 -3.040118515491485596e-01 2.648776173591613770e-01
-2.172023952007293701e-01 -3.245554864406585693e-01 2.964014112949371338e-01
-2.237959206104278564e-01 -3.350413143634796143e-01 3.224606812000274658e-01
-2.265860736370086670e-01 -3.392936885356903076e-01 3.397564888000488281e-01
-2.287111729383468628e-01 -3.424410820007324219e-01 3.543542921543121338e-01
-2.304124683141708374e-01 -3.447470366954803467e-01 3.674224913120269775e-01
-2.317000478506088257e-01 -3.462149798870086670e-01 3.788762390613555908e-01
-2.325678169727325439e-01 -3.468792140483856201e-01 3.884473741054534912e-01
-2.329576164484024048e-01 -3.468396961688995361e-01 3.953494727611541748e-01
-2.331183850765228271e-01 -3.460250794887542725e-01 4.002764523029327393e-01
-2.338037937879562378e-01 -3.457312285900115967e-01 4.052254855632781982e-01
-2.349243015050888062e-01 -3.459609448909759521e-01 4.098676741123199463e-01
-2.359825074672698975e-01 -3.468866348266601562e-01 4.127210974693298340e-01
-2.382604181766510010e-01 -3.477825224399566650e-01 4.149241149425506592e-01
-2.397615462541580200e-01 -3.471696376800537109e-01 4.134866297245025635e-01
-2.413493692874908447e-01 -3.450012207031250000e-01 4.080408215522766113e-01
-2.427172958850860596e-01 -3.411808609962463379e-01 3.978112339973449707e-01
-2.422665059566497803e-01 -3.361607789993286133e-01 3.826045691967010498e-01
-2.416410595178604126e-01 -3.307475745677947998e-01 3.662420213222503662e-01
-2.422604113817214966e-01 -3.259420990943908691e-01 3.515025079250335693e-01
-2.466925084590911865e-01 -3.228008449077606201e-01 3.340150415897369385e-01
-2.470197677612304688e-01 -3.172276914119720459e-01 3.106909692287445068e-01
-2.463125586509704590e-01 -3.102749586105346680e-01 2.883736789226531982e-01
-2.457021027803421021e-01 -3.032336831092834473e-01 2.668243646621704102e-01
-2.451207935810089111e-01 -2.964466810226440430e-01 2.460877746343612671e-01
-2.451692074537277222e-01 -2.904555499553680420e-01 2.262145429849624634e-01
-2.448819279670715332e-01 -2.846903800964355469e-01 2.081772387027740479e-01
-2.441987246274948120e-01 -2.791811227798461914e-01 1.917883008718490601e-01
-2.436863034963607788e-01 -2.741691172122955322e-01 1.761362552642822266e-01
-2.428204417228698730e-01 -2.699183821678161621e-01 1.659918129444122314e-01
-2.417583018541336060e-01 -2.662165760993957520e-01 1.594017744064331055e-01
-2.406751662492752075e-01 -2.625389993190765381e-01 1.517685949802398682e-01
-2.395969033241271973e-01 -2.589624226093292236e-01 1.435307562351226807e-01
-2.385518997907638550e-01 -2.556718587875366211e-01 1.360880434513092041e-01
-2.375576198101043701e-01 -2.526775002479553223e-01 1.294153928756713867e-01
-2.366286218166351318e-01 -2.499823272228240967e-01 1.234746128320693970e-01
-2.357860356569290161e-01 -2.476145327091217041e-01 1.181811764836311340e-01
-2.351897358894348145e-01 -2.461128085851669312e-01 1.131221577525138855e-01
-2.349905073642730713e-01 -2.448236793279647827e-01 1.078517138957977295e-01
-2.348647266626358032e-01 -2.437358051538467407e-01 1.031438857316970825e-01
-2.348081469535827637e-01 -2.428245693445205688e-01 9.892614930868148804e-02
-2.348146289587020874e-01 -2.420628070831298828e-01 9.512031078338623047e-02
-2.348767817020416260e-01 -2.414217144250869751e-01 9.164452552795410156e-02
-2.345899492502212524e-01 -2.408299297094345093e-01 8.907739073038101196e-02
-2.340888977050781250e-01 -2.402723133563995361e-01 8.709602057933807373e-02
-2.336217015981674194e-01 -2.397468090057373047e-01 8.520176261663436890e-02
-2.331563085317611694e-01 -2.392403632402420044e-01 8.326964825391769409e-02
-2.319176495075225830e-01 -2.388648092746734619e-01 8.060097694396972656e-02
-2.307673096656799316e-01 -2.384161800146102905e-01 7.801531255245208740e-02
-2.296748757362365723e-01 -2.378727346658706665e-01 7.548142224550247192e-02
-2.287381142377853394e-01 -2.370948642492294312e-01 7.279576361179351807e-02
-2.280840575695037842e-01 -2.362106889486312866e-01 7.007389515638351440e-02
-2.277615815401077271e-01 -2.353599071502685547e-01 6.746886670589447021e-02
-2.274505347013473511e-01 -2.343770116567611694e-01 6.486480683088302612e-02
-2.271292656660079956e-01 -2.332600057125091553e-01 6.226932257413864136e-02
-2.271545231342315674e-01 -2.322819232940673828e-01 6.158881634473800659e-02
-2.275734841823577881e-01 -2.316523492336273193e-01 6.385868787765502930e-02
-2.279204279184341431e-01 -2.309483736753463745e-01 6.638058274984359741e-02
-2.281749695539474487e-01 -2.301720231771469116e-01 6.913278996944427490e-02
-2.278200685977935791e-01 -2.294273674488067627e-01 7.161138206720352173e-02
-2.272955477237701416e-01 -2.287326604127883911e-01 7.334642112255096436e-02
-2.270080596208572388e-01 -2.280154675245285034e-01 7.466030865907669067e-02
-2.269373983144760132e-01 -2.275294959545135498e-01 7.574827224016189575e-02
-2.275674343109130859e-01 -2.276791483163833618e-01 7.613310217857360840e-02
-2.275511175394058228e-01 -2.275480180978775024e-01 7.668163627386093140e-02
-2.257602065801620483e-01 -2.266737371683120728e-01 7.740917056798934937e-02
-2.239250540733337402e-01 -2.258574515581130981e-01 7.805914431810379028e-02
-2.220144122838973999e-01 -2.250531911849975586e-01 7.871664315462112427e-02
-2.199533283710479736e-01 -2.241601496934890747e-01 7.956180721521377563e-02
-2.177520245313644409e-01 -2.231813520193099976e-01 8.059203624725341797e-02
-2.153432816267013550e-01 -2.220650166273117065e-01 8.171927928924560547e-02
-2.129411101341247559e-01 -2.209826111793518066e-01 8.286290615797042847e-02
-2.108148634433746338e-01 -2.201346457004547119e-01 8.407751470804214478e-02
-2.087859958410263062e-01 -2.193831205368041992e-01 8.537210524082183838e-02
-2.069166600704193115e-01 -2.188141196966171265e-01 8.697805553674697876e-02
-2.048610746860504150e-01 -2.180776000022888184e-01 8.871112763881683350e-02
-2.026774883270263672e-01 -2.172160148620605469e-01 9.053286164999008179e-02
-2.004030793905258179e-01 -2.162552773952484131e-01 9.241045266389846802e-02
-1.980560719966888428e-01 -2.152058929204940796e-01 9.431581944227218628e-02
-1.956829130649566650e-01 -2.141035497188568115e-01 9.621319174766540527e-02
-1.936300843954086304e-01 -2.132404297590255737e-01 9.799252450466156006e-02
-1.915202438831329346e-01 -2.122921049594879150e-01 9.972323477268218994e-02
-1.893735527992248535e-01 -2.112739086151123047e-01 1.013772934675216675e-01
-1.872111260890960693e-01 -2.102028280496597290e-01 1.029281467199325562e-01
-1.850550323724746704e-01 -2.090974003076553345e-01 1.043511629104614258e-01
-1.829279214143753052e-01 -2.079773843288421631e-01 1.056244373321533203e-01
-1.809700876474380493e-01 -2.069856971502304077e-01 1.068337485194206238e-01
-1.792322546243667603e-01 -2.061726450920104980e-01 1.079892069101333618e-01
-1.776123195886611938e-01 -2.054295092821121216e-01 1.089687272906303406e-01
-1.761260181665420532e-01 -2.047712951898574829e-01 1.097613424062728882e-01
-1.747870594263076782e-01 -2.042114734649658203e-01 1.103600114583969116e-01
-1.737890243530273438e-01 -2.039099782705307007e-01 1.107112988829612732e-01
-1.731215417385101318e-01 -2.037878334522247314e-01 1.107056513428688049e-01
-1.727746278047561646e-01 -2.036957293748855591e-01 1.101056188344955444e-01
-1.728732138872146606e-01 -2.040088921785354614e-01 1.092445924878120422e-01
-1.731606572866439819e-01 -2.045080214738845825e-01 1.082801073789596558e-01
-1.736569851636886597e-01 -2.052278518676757812e-01 1.072077602148056030e-01
-1.744935959577560425e-01 -2.062787264585494995e-01 1.060389280319213867e-01
-1.756821125745773315e-01 -2.076661586761474609e-01 1.048176512122154236e-01
-1.770499646663665771e-01 -2.092368155717849731e-01 1.036659181118011475e-01
-1.782125234603881836e-01 -2.109976261854171753e-01 1.022037267684936523e-01
-1.791611760854721069e-01 -2.128873318433761597e-01 1.004693731665611267e-01
-1.801771223545074463e-01 -2.148545086383819580e-01 9.883931279182434082e-02
-1.812338531017303467e-01 -2.168657481670379639e-01 9.733226895332336426e-02
-1.823058426380157471e-01 -2.188850790262222290e-01 9.596105664968490601e-02
-1.833686232566833496e-01 -2.208740413188934326e-01 9.473089873790740967e-02
-1.844098716974258423e-01 -2.227834910154342651e-01 9.358146786689758301e-02
-1.854819208383560181e-01 -2.244154810905456543e-01 9.203238040208816528e-02
-1.864848285913467407e-01 -2.258961796760559082e-01 9.059240669012069702e-02
-1.874006539583206177e-01 -2.271922975778579712e-01 8.926037698984146118e-02
-1.882145702838897705e-01 -2.282718718051910400e-01 8.802831918001174927e-02
-1.889157444238662720e-01 -2.291047871112823486e-01 8.688158541917800903e-02
-1.894976645708084106e-01 -2.296633571386337280e-01 8.579842001199722290e-02
-1.901526898145675659e-01 -2.300328910350799561e-01 8.479543775320053101e-02
-1.908200681209564209e-01 -2.301050424575805664e-01 8.366918563842773438e-02
-1.913129836320877075e-01 -2.298525273799896240e-01 8.255236595869064331e-02
-1.916404962539672852e-01 -2.292299121618270874e-01 8.141557872295379639e-02
-1.918132603168487549e-01 -2.282223552465438843e-01 8.022317290306091309e-02
-1.919603347778320312e-01 -2.265333980321884155e-01 7.816918194293975830e-02
-1.921320855617523193e-01 -2.241014540195465088e-01 7.504010945558547974e-02
-1.923673003911972046e-01 -2.210776060819625854e-01 7.103535532951354980e-02
-1.926175206899642944e-01 -2.175391912460327148e-01 6.629978120326995850e-02
-1.929111778736114502e-01 -2.134840190410614014e-01 6.078221276402473450e-02
-1.921851187944412231e-01 -2.089906483888626099e-01 5.319479852914810181e-02
-1.895919591188430786e-01 -2.042208760976791382e-01 4.048580676317214966e-02
-1.780734956264495850e-01 -1.959485411643981934e-01 -2.149891853332519531e-02
-1.342921555042266846e-01 -1.742921471595764160e-01 -1.275071054697036743e-01
-1.069942563772201538e-01 -1.576653569936752319e-01 -1.694052964448928833e-01
-9.841823577880859375e-02 -1.504084616899490356e-01 -1.808844208717346191e-01
-9.518866240978240967e-02 -1.464149653911590576e-01 -1.854746937751770020e-01
-9.261809289455413818e-02 -1.423421502113342285e-01 -1.878333389759063721e-01
-9.051158279180526733e-02 -1.394866406917572021e-01 -1.885771453380584717e-01
-8.916328847408294678e-02 -1.361720263957977295e-01 -1.905706524848937988e-01
-8.950410783290863037e-02 -1.326620280742645264e-01 -1.942464113235473633e-01
-8.987899869680404663e-02 -1.314169019460678101e-01 -1.934840083122253418e-01
-8.922260254621505737e-02 -1.313140839338302612e-01 -1.903130114078521729e-01
-8.779725432395935059e-02 -1.318998038768768311e-01 -1.863020211458206177e-01
-8.612693846225738525e-02 -1.343959867954254150e-01 -1.819827705621719360e-01
-8.207344263792037964e-02 -1.373310983180999756e-01 -1.729877144098281860e-01
-8.137266337871551514e-02 -1.408329606056213379e-01 -1.650630384683609009e-01
-8.097889274358749390e-02 -1.452441960573196411e-01 -1.555991023778915405e-01
-8.059754967689514160e-02 -1.496768593788146973e-01 -1.457813382148742676e-01
-8.010870218276977539e-02 -1.543089151382446289e-01 -1.354185938835144043e-01
-8.191100507974624634e-02 -1.623306572437286377e-01 -1.244280189275741577e-01
-8.357757329940795898e-02 -1.700997054576873779e-01 -1.134156435728073120e-01
-8.509513735771179199e-02 -1.775546669960021973e-01 -1.024483889341354370e-01
-8.645790815353393555e-02 -1.846468597650527954e-01 -9.159335494041442871e-02
-8.644285798072814941e-02 -1.904691010713577271e-01 -7.649804651737213135e-02
-8.646450936794281006e-02 -1.947238147258758545e-01 -6.650293618440628052e-02
-8.643516898155212402e-02 -1.984636485576629639e-01 -5.758754909038543701e-02
-8.634160459041595459e-02 -2.018252462148666382e-01 -4.918695241212844849e-02
-8.596305549144744873e-02 -2.045340836048126221e-01 -4.023294895887374878e-02
-8.471146225929260254e-02 -2.061723321676254272e-01 -3.120138496160507202e-02
-8.407473564147949219e-02 -2.082919776439666748e-01 -2.258507907390594482e-02
-8.369091898202896118e-02 -2.121341973543167114e-01 -1.531382650136947632e-02
-8.324407041072845459e-02 -2.160694003105163574e-01 -8.230824023485183716e-03
-8.280034363269805908e-02 -2.199690937995910645e-01 -1.357175409793853760e-03
-8.329014480113983154e-02 -2.258891314268112183e-01 6.032790988683700562e-03
-7.949600368738174438e-02 -2.256924659013748169e-01 1.213325932621955872e-02
-7.168512046337127686e-02 -2.202866822481155396e-01 1.630961522459983826e-02
-6.505866348743438721e-02 -2.150325924158096313e-01 1.652503386139869690e-02
-5.866235122084617615e-02 -2.098432481288909912e-01 1.640614680945873260e-02
-5.204805731773376465e-02 -2.053922563791275024e-01 1.634434424340724945e-02
-5.778255686163902283e-02 -2.037080675363540649e-01 3.361078724265098572e-02
-6.429950147867202759e-02 -2.022611796855926514e-01 5.139918252825737000e-02
-7.075380533933639526e-02 -2.008811533451080322e-01 6.849141418933868408e-02
-7.702669501304626465e-02 -1.995556950569152832e-01 8.472929894924163818e-02
-8.300992846488952637e-02 -1.982728242874145508e-01 9.997567534446716309e-02
-8.938284218311309814e-02 -1.983558535575866699e-01 1.126631274819374084e-01
-9.587250649929046631e-02 -1.997195929288864136e-01 1.247871667146682739e-01
-1.017538830637931824e-01 -2.009976357221603394e-01 1.359210014343261719e-01
-1.069585829973220825e-01 -2.021531313657760620e-01 1.459786891937255859e-01
-1.162207722663879395e-01 -2.063984870910644531e-01 1.590532064437866211e-01
-1.268177628517150879e-01 -2.118897885084152222e-01 1.727680563926696777e-01
-1.351661980152130127e-01 -2.176706492900848389e-01 1.841671019792556763e-01
-1.424286067485809326e-01 -2.232899516820907593e-01 1.941279023885726929e-01
-1.483771353960037231e-01 -2.286601215600967407e-01 2.027093619108200073e-01
-1.512130945920944214e-01 -2.339531034231185913e-01 2.094732373952865601e-01
-1.537667661905288696e-01 -2.387572675943374634e-01 2.151149958372116089e-01
-1.560176461935043335e-01 -2.430388480424880981e-01 2.196570187807083130e-01
-1.579525172710418701e-01 -2.467750906944274902e-01 2.231391519308090210e-01
-1.595654189586639404e-01 -2.499553114175796509e-01 2.256182879209518433e-01
-1.608574241399765015e-01 -2.525802254676818848e-01 2.271673828363418579e-01
-1.618372052907943726e-01 -2.546627521514892578e-01 2.278758734464645386e-01
-1.625207662582397461e-01 -2.562282681465148926e-01 2.278487533330917358e-01
-1.631635576486587524e-01 -2.575775086879730225e-01 2.265809029340744019e-01
-1.638205051422119141e-01 -2.587875723838806152e-01 2.241394966840744019e-01
-1.642357110977172852e-01 -2.595856189727783203e-01 2.214576601982116699e-01
-1.655749529600143433e-01 -2.612423896789550781e-01 2.199389189481735229e-01
-1.669472157955169678e-01 -2.628678083419799805e-01 2.187861949205398560e-01
-1.671465486288070679e-01 -2.641652524471282959e-01 2.175060510635375977e-01
-1.671703010797500610e-01 -2.650903463363647461e-01 2.165038734674453735e-01
-1.671398729085922241e-01 -2.657230496406555176e-01 2.159693539142608643e-01
-1.671799868345260620e-01 -2.661532759666442871e-01 2.160864770412445068e-01
-1.674148589372634888e-01 -2.664772570133209229e-01 2.170285135507583618e-01
-1.679660528898239136e-01 -2.667965292930603027e-01 2.189539074897766113e-01
-1.689488440752029419e-01 -2.672148644924163818e-01 2.220010012388229370e-01
-1.704700589179992676e-01 -2.678357958793640137e-01 2.262852936983108521e-01
-1.701410859823226929e-01 -2.682949006557464600e-01 2.336876541376113892e-01
-1.698710173368453979e-01 -2.690842747688293457e-01 2.427820116281509399e-01
-1.698372960090637207e-01 -2.704375684261322021e-01 2.522706389427185059e-01
-1.708008050918579102e-01 -2.731938958168029785e-01 2.606323957443237305e-01
-1.721906661987304688e-01 -2.766752243041992188e-01 2.698650360107421875e-01
-1.740488708019256592e-01 -2.809225916862487793e-01 2.799056768417358398e-01
-1.775699406862258911e-01 -2.872114479541778564e-01 2.919070422649383545e-01
-1.816872209310531616e-01 -2.943754494190216064e-01 3.046084642410278320e-01
-1.863712519407272339e-01 -3.023586571216583252e-01 3.178481757640838623e-01
-1.918967664241790771e-01 -3.115063607692718506e-01 3.314793109893798828e-01
-1.994234770536422729e-01 -3.233367800712585449e-01 3.460640907287597656e-01
-2.077534496784210205e-01 -3.368142247200012207e-01 3.598668277263641357e-01
-2.116162925958633423e-01 -3.444515466690063477e-01 3.686865270137786865e-01
-2.135368734598159790e-01 -3.481040596961975098e-01 3.765336275100708008e-01
-2.144233435392379761e-01 -3.474670648574829102e-01 3.793829977512359619e-01
-2.146138399839401245e-01 -3.440476357936859131e-01 3.799984157085418701e-01
-2.148318588733673096e-01 -3.400475680828094482e-01 3.801202178001403809e-01
-2.148649543523788452e-01 -3.358777463436126709e-01 3.795138597488403320e-01
-2.145699113607406616e-01 -3.319671452045440674e-01 3.760923147201538086e-01
-2.134283781051635742e-01 -3.272337019443511963e-01 3.691861033439636230e-01
-2.122155427932739258e-01 -3.218690156936645508e-01 3.608560264110565186e-01
-2.111289501190185547e-01 -3.155812621116638184e-01 3.501754403114318848e-01
-2.098781317472457886e-01 -3.082550764083862305e-01 3.367551267147064209e-01
-2.081684321165084839e-01 -2.992858290672302246e-01 3.189302980899810791e-01
-2.043761909008026123e-01 -2.896252870559692383e-01 2.972882390022277832e-01
-2.002897858619689941e-01 -2.798002958297729492e-01 2.745881378650665283e-01
-1.964491605758666992e-01 -2.703385949134826660e-01 2.533543109893798828e-01
-1.944428533315658569e-01 -2.623173594474792480e-01 2.356010079383850098e-01
-1.972898989915847778e-01 -2.566453814506530762e-01 2.225386202335357666e-01
-1.988026201725006104e-01 -2.497878819704055786e-01 2.038591355085372925e-01
-2.039652615785598755e-01 -2.450895160436630249e-01 1.868680715560913086e-01
-2.086855918169021606e-01 -2.408150434494018555e-01 1.694077551364898682e-01
-2.101681828498840332e-01 -2.365033626556396484e-01 1.483156681060791016e-01
-2.118477523326873779e-01 -2.325445562601089478e-01 1.281714141368865967e-01
-2.135032266378402710e-01 -2.290374785661697388e-01 1.109298765659332275e-01
-2.145604491233825684e-01 -2.259677052497863770e-01 9.771519154310226440e-02
-2.152557820081710815e-01 -2.240711152553558350e-01 9.006118774414062500e-02
-2.156370133161544800e-01 -2.239762842655181885e-01 9.038244187831878662e-02
-2.162599265575408936e-01 -2.241969108581542969e-01 9.101013839244842529e-02
-2.170813679695129395e-01 -2.246893346309661865e-01 9.165450930595397949e-02
-2.181324213743209839e-01 -2.254183888435363770e-01 9.248843789100646973e-02
-2.193795740604400635e-01 -2.263544946908950806e-01 9.350648522377014160e-02
-2.212978899478912354e-01 -2.280056774616241455e-01 9.590484201908111572e-02
-2.233337014913558960e-01 -2.294590175151824951e-01 9.714546799659729004e-02
-2.251587212085723877e-01 -2.306329607963562012e-01 9.821677953004837036e-02
-2.272671461105346680e-01 -2.320076376199722290e-01 9.907777607440948486e-02
-2.295924723148345947e-01 -2.336273789405822754e-01 1.000532433390617371e-01
-2.318125963211059570e-01 -2.351521551609039307e-01 1.011172235012054443e-01
-2.331373244524002075e-01 -2.360156178474426270e-01 1.022886931896209717e-01
-2.335891127586364746e-01 -2.370762825012207031e-01 1.067125424742698669e-01
-2.334678322076797485e-01 -2.378261089324951172e-01 1.116406694054603577e-01
-2.327411770820617676e-01 -2.383852601051330566e-01 1.166470795869827271e-01
-2.308921664953231812e-01 -2.380619794130325317e-01 1.190791577100753784e-01
-2.280469089746475220e-01 -2.370334416627883911e-01 1.209866106510162354e-01
-2.264791131019592285e-01 -2.355476617813110352e-01 1.203645169734954834e-01
-2.254342287778854370e-01 -2.334953546524047852e-01 1.174742951989173889e-01
-2.222193926572799683e-01 -2.309252917766571045e-01 1.179155707359313965e-01
-2.189355939626693726e-01 -2.280665189027786255e-01 1.171005517244338989e-01
-2.143213897943496704e-01 -2.225154489278793335e-01 1.086409166455268860e-01
-2.027470618486404419e-01 -2.140102684497833252e-01 8.777473866939544678e-02
-1.900001913309097290e-01 -2.048829942941665649e-01 6.417460739612579346e-02
-1.780550479888916016e-01 -1.966482400894165039e-01 4.008676111698150635e-02
-1.598812341690063477e-01 -1.875846832990646362e-01 5.718041211366653442e-03
-1.385440528392791748e-01 -1.770879477262496948e-01 -3.582774847745895386e-02
-1.172446161508560181e-01 -1.660830676555633545e-01 -8.132196962833404541e-02
-9.643791615962982178e-02 -1.553871631622314453e-01 -1.277725249528884888e-01
-9.388937056064605713e-02 -1.498590409755706787e-01 -1.444581896066665649e-01
-9.481568634510040283e-02 -1.462893486022949219e-01 -1.518626064062118530e-01
-9.557388722896575928e-02 -1.428220570087432861e-01 -1.589472740888595581e-01
-9.643308818340301514e-02 -1.389209926128387451e-01 -1.670206487178802490e-01
-9.575172513723373413e-02 -1.365796923637390137e-01 -1.701382696628570557e-01
-9.516505151987075806e-02 -1.367102116346359253e-01 -1.675380915403366089e-01
-9.484317898750305176e-02 -1.379819512367248535e-01 -1.640283018350601196e-01
-9.470174461603164673e-02 -1.398720741271972656e-01 -1.600332856178283691e-01
-9.521934390068054199e-02 -1.432326138019561768e-01 -1.556958854198455811e-01
-9.422689676284790039e-02 -1.488047242164611816e-01 -1.454633623361587524e-01
-9.321427345275878906e-02 -1.544366627931594849e-01 -1.347495615482330322e-01
-9.216509759426116943e-02 -1.602285206317901611e-01 -1.234355121850967407e-01
-9.114739298820495605e-02 -1.660038381814956665e-01 -1.118097156286239624e-01
-9.023613482713699341e-02 -1.717545986175537109e-01 -1.000053882598876953e-01
-8.913013339042663574e-02 -1.765349507331848145e-01 -9.118521213531494141e-02
-8.786240965127944946e-02 -1.811678260564804077e-01 -8.244493603706359863e-02
-8.544950187206268311e-02 -1.865457743406295776e-01 -7.061161845922470093e-02
-8.290953934192657471e-02 -1.918067634105682373e-01 -5.833629518747329712e-02
-8.040770888328552246e-02 -1.952481567859649658e-01 -4.502809047698974609e-02
-7.751351594924926758e-02 -1.979669779539108276e-01 -3.061794489622116089e-02
-7.403486222028732300e-02 -2.004937529563903809e-01 -1.576616242527961731e-02
-7.189945131540298462e-02 -2.025985270738601685e-01 -6.661836057901382446e-03
-6.333442032337188721e-02 -1.953577697277069092e-01 9.409375488758087158e-04
-5.499874055385589600e-02 -1.916184574365615845e-01 8.996427059173583984e-03
-4.707731679081916809e-02 -1.886803507804870605e-01 1.721261627972126007e-02
-3.927719220519065857e-02 -1.860273629426956177e-01 2.550148963928222656e-02
-2.848679572343826294e-02 -1.802271604537963867e-01 3.140682354569435120e-02
-1.932900585234165192e-02 -1.734732985496520996e-01 3.405588865280151367e-02
-1.306114904582500458e-02 -1.691998839378356934e-01 3.523199260234832764e-02
-7.415998727083206177e-03 -1.656181067228317261e-01 3.639905899763107300e-02
-2.250064164400100708e-03 -1.625755876302719116e-01 3.762722387909889221e-02
-3.706455230712890625e-03 -1.613967418670654297e-01 4.779187589883804321e-02
-8.791171014308929443e-03 -1.613992154598236084e-01 6.250107288360595703e-02
-1.437402144074440002e-02 -1.618761867284774780e-01 7.717574387788772583e-02
-2.121409401297569275e-02 -1.637957990169525146e-01 9.206675738096237183e-02
-2.886789664626121521e-02 -1.666932106018066406e-01 1.068939492106437683e-01
-3.577141091227531433e-02 -1.689952462911605835e-01 1.192444190382957458e-01
-4.204057157039642334e-02 -1.708360761404037476e-01 1.294542551040649414e-01
-4.843295738101005554e-02 -1.729336529970169067e-01 1.393598318099975586e-01
-5.495712161064147949e-02 -1.753136217594146729e-01 1.490082740783691406e-01
-6.164029240608215332e-02 -1.780140399932861328e-01 1.584747880697250366e-01
-6.914339214563369751e-02 -1.815018951892852783e-01 1.683925241231918335e-01
-8.016824722290039062e-02 -1.876263320446014404e-01 1.811743825674057007e-01
-9.163130819797515869e-02 -1.943159550428390503e-01 1.942109018564224243e-01
-1.036049053072929382e-01 -2.016362696886062622e-01 2.076349407434463501e-01
-1.161673963069915771e-01 -2.096552550792694092e-01 2.215827107429504395e-01
-1.287364810705184937e-01 -2.185258865356445312e-01 2.360279262065887451e-01
-1.375477463006973267e-01 -2.288065850734710693e-01 2.501679360866546631e-01
-1.471138149499893188e-01 -2.399842739105224609e-01 2.651862502098083496e-01
-1.574779003858566284e-01 -2.521090507507324219e-01 2.811692357063293457e-01
-1.686750948429107666e-01 -2.652182579040527344e-01 2.981817126274108887e-01
-1.798338741064071655e-01 -2.796750366687774658e-01 3.160594105720520020e-01
