3.210117295384407043e-02 -1.649850904941558838e-01 -3.235891759395599365e-01
3.338389843702316284e-02 -1.634505093097686768e-01 -3.239112794399261475e-01
3.364350274205207825e-02 -1.624867618083953857e-01 -3.229841291904449463e-01
3.286399319767951965e-02 -1.620849370956420898e-01 -3.207468688488006592e-01
3.159172460436820984e-02 -1.622370183467864990e-01 -3.181608021259307861e-01
2.986332960426807404e-02 -1.629097759723663330e-01 -3.152385056018829346e-01
2.792591974139213562e-02 -1.635905504226684570e-01 -3.123044669628143311e-01
2.572677470743656158e-02 -1.644775569438934326e-01 -3.092258870601654053e-01
2.326700463891029358e-02 -1.656529754400253296e-01 -3.059488832950592041e-01
2.061262354254722595e-02 -1.670539677143096924e-01 -3.025161027908325195e-01
1.857629977166652679e-02 -1.678209602832794189e-01 -2.991891205310821533e-01
1.712021604180335999e-02 -1.680006086826324463e-01 -2.959919273853302002e-01
1.559579372406005859e-02 -1.682901382446289062e-01 -2.927777171134948730e-01
1.402603462338447571e-02 -1.686699986457824707e-01 -2.895953655242919922e-01
1.243419200181961060e-02 -1.691188961267471313e-01 -2.864953875541687012e-01
1.051902584731578827e-02 -1.699154078960418701e-01 -2.826207578182220459e-01
8.992590010166168213e-03 -1.700551956892013550e-01 -2.786101698875427246e-01
7.429600693285465240e-03 -1.703514158725738525e-01 -2.749038934707641602e-01
5.850007757544517517e-03 -1.707947105169296265e-01 -2.715858519077301025e-01
4.275207407772541046e-03 -1.713719367980957031e-01 -2.687346339225769043e-01
2.727956511080265045e-03 -1.720666140317916870e-01 -2.664200663566589355e-01
1.310661900788545609e-03 -1.728481054306030273e-01 -2.648662626743316650e-01
5.637507420033216476e-04 -1.736850589513778687e-01 -2.652590870857238770e-01
2.100463258102536201e-03 -1.723355948925018311e-01 -2.669946253299713135e-01
4.707761108875274658e-03 -1.700142472982406616e-01 -2.697682678699493408e-01
7.502418477088212967e-03 -1.671934574842453003e-01 -2.725970149040222168e-01
1.041736453771591187e-02 -1.639336645603179932e-01 -2.754160761833190918e-01
1.489556021988391876e-02 -1.589033901691436768e-01 -2.799227535724639893e-01
1.851522922515869141e-02 -1.542238146066665649e-01 -2.829842269420623779e-01
2.132120169699192047e-02 -1.489698141813278198e-01 -2.841187417507171631e-01
2.400808595120906830e-02 -1.437815874814987183e-01 -2.852367460727691650e-01
2.720607258379459381e-02 -1.426355242729187012e-01 -2.880883514881134033e-01
3.023819439113140106e-02 -1.435133516788482666e-01 -2.918386757373809814e-01
3.386804834008216858e-02 -1.424787789583206177e-01 -2.959714829921722412e-01
3.707294538617134094e-02 -1.415344923734664917e-01 -2.997987270355224609e-01
4.160047322511672974e-02 -1.377895623445510864e-01 -3.036876618862152100e-01
4.599228128790855408e-02 -1.335676014423370361e-01 -3.075156509876251221e-01
5.066549405455589294e-02 -1.301110833883285522e-01 -3.129582405090332031e-01
5.438944697380065918e-02 -1.266935169696807861e-01 -3.171626627445220947e-01
5.698039755225181580e-02 -1.239830553531646729e-01 -3.204779922962188721e-01
5.770190805196762085e-02 -1.220041066408157349e-01 -3.219017684459686279e-01
5.792767181992530823e-02 -1.203254833817481995e-01 -3.228976726531982422e-01
5.799706652760505676e-02 -1.184837073087692261e-01 -3.235918879508972168e-01
5.795698240399360657e-02 -1.159767732024192810e-01 -3.233000636100769043e-01
5.723551288247108459e-02 -1.139024347066879272e-01 -3.223923742771148682e-01
5.582633987069129944e-02 -1.123132631182670593e-01 -3.208903372287750244e-01
5.237526819109916687e-02 -1.113999485969543457e-01 -3.172139227390289307e-01
4.784616455435752869e-02 -1.109492257237434387e-01 -3.123646080493927002e-01
4.392361640930175781e-02 -1.125062704086303711e-01 -3.063693940639495850e-01
4.049206897616386414e-02 -1.158580854535102844e-01 -2.993634641170501709e-01
3.660787269473075867e-02 -1.197464838624000549e-01 -2.917334437370300293e-01
3.226870298385620117e-02 -1.241428107023239136e-01 -2.835389971733093262e-01
2.789370156824588776e-02 -1.293655931949615479e-01 -2.759224474430084229e-01
2.784862369298934937e-02 -1.311598569154739380e-01 -2.722590267658233643e-01
3.064458258450031281e-02 -1.288025528192520142e-01 -2.679163217544555664e-01
3.236692398786544800e-02 -1.293747127056121826e-01 -2.676576972007751465e-01
3.444151952862739563e-02 -1.300689131021499634e-01 -2.673114836215972900e-01
3.635400906205177307e-02 -1.311090886592864990e-01 -2.675819694995880127e-01
3.750434890389442444e-02 -1.321720033884048462e-01 -2.680871188640594482e-01
3.765413910150527954e-02 -1.341660171747207642e-01 -2.673350572586059570e-01
3.712105005979537964e-02 -1.372821778059005737e-01 -2.690967619419097900e-01
3.624921292066574097e-02 -1.405657380819320679e-01 -2.709300518035888672e-01
3.506748005747795105e-02 -1.439678966999053955e-01 -2.728272080421447754e-01
3.360845148563385010e-02 -1.474387049674987793e-01 -2.747780680656433105e-01
3.190870210528373718e-02 -1.509269773960113525e-01 -2.767700254917144775e-01
3.000751510262489319e-02 -1.543814390897750854e-01 -2.787881195545196533e-01
2.794609218835830688e-02 -1.577506810426712036e-01 -2.808144688606262207e-01
2.576722949743270874e-02 -1.609837859869003296e-01 -2.828293740749359131e-01
2.351414039731025696e-02 -1.640305370092391968e-01 -2.848105430603027344e-01
2.122958563268184662e-02 -1.668420732021331787e-01 -2.867336869239807129e-01
1.895573735237121582e-02 -1.693709343671798706e-01 -2.885726988315582275e-01
1.663824170827865601e-02 -1.712607890367507935e-01 -2.900715768337249756e-01
1.451113820075988770e-02 -1.720813363790512085e-01 -2.916438877582550049e-01
1.272454485297203064e-02 -1.726976186037063599e-01 -2.935075759887695312e-01
1.115929894149303436e-02 -1.731373071670532227e-01 -2.953729331493377686e-01
9.774437174201011658e-03 -1.733160912990570068e-01 -2.971023321151733398e-01
8.671101182699203491e-03 -1.731162816286087036e-01 -2.985143363475799561e-01
7.883727550506591797e-03 -1.722200363874435425e-01 -2.982011139392852783e-01
7.392845582216978073e-03 -1.709674149751663208e-01 -2.974996864795684814e-01
7.207588758319616318e-03 -1.693511456251144409e-01 -2.963915169239044189e-01
7.332648616284132004e-03 -1.673683971166610718e-01 -2.948639690876007080e-01
7.269329857081174850e-03 -1.651705056428909302e-01 -2.930416166782379150e-01
7.856676355004310608e-03 -1.601803153753280640e-01 -2.925098836421966553e-01
9.524654597043991089e-03 -1.537398546934127808e-01 -2.956950962543487549e-01
9.255345910787582397e-03 -1.486907452344894409e-01 -2.974727451801300049e-01
9.334603324532508850e-03 -1.430745124816894531e-01 -2.988712489604949951e-01
9.435975924134254456e-03 -1.370312422513961792e-01 -2.997589409351348877e-01
9.543312713503837585e-03 -1.306029558181762695e-01 -3.001041114330291748e-01
1.062744203954935074e-02 -1.244256943464279175e-01 -2.999220788478851318e-01
1.258517988026142120e-02 -1.191579103469848633e-01 -2.988524734973907471e-01
1.436250656843185425e-02 -1.149714291095733643e-01 -2.988283634185791016e-01
1.688708364963531494e-02 -1.120718568563461304e-01 -3.016167581081390381e-01
1.989173330366611481e-02 -1.089048981666564941e-01 -3.050496280193328857e-01
2.276842854917049408e-02 -1.056977808475494385e-01 -3.082013726234436035e-01
2.534980513155460358e-02 -1.026878356933593750e-01 -3.109425008296966553e-01
2.760931663215160370e-02 -9.990447759628295898e-02 -3.132365047931671143e-01
2.956135757267475128e-02 -9.684728831052780151e-02 -3.155159056186676025e-01
3.121039457619190216e-02 -9.322840720415115356e-02 -3.180284202098846436e-01
3.255388140678405762e-02 -8.987489342689514160e-02 -3.200666010379791260e-01
3.402264043688774109e-02 -8.716778457164764404e-02 -3.226274549961090088e-01
3.634466230869293213e-02 -8.531725406646728516e-02 -3.248632848262786865e-01
3.836819529533386230e-02 -8.317093551158905029e-02 -3.256257474422454834e-01
3.990915417671203613e-02 -8.046048879623413086e-02 -3.245317339897155762e-01
4.040952026844024658e-02 -7.747679948806762695e-02 -3.222877085208892822e-01
4.139235988259315491e-02 -7.622530311346054077e-02 -3.236026167869567871e-01
4.155294597148895264e-02 -7.564467191696166992e-02 -3.238315284252166748e-01
4.108083248138427734e-02 -7.541139423847198486e-02 -3.226559758186340332e-01
4.038094356656074524e-02 -7.467252016067504883e-02 -3.191529214382171631e-01
4.005039483308792114e-02 -7.363009452819824219e-02 -3.158625066280364990e-01
3.968563303351402283e-02 -7.218214124441146851e-02 -3.123752176761627197e-01
3.937366604804992676e-02 -7.011894881725311279e-02 -3.085030913352966309e-01
3.894433751702308655e-02 -6.824465841054916382e-02 -3.051215112209320068e-01
3.843035548925399780e-02 -6.656786054372787476e-02 -3.022621572017669678e-01
3.786356374621391296e-02 -6.509786844253540039e-02 -2.999517023563385010e-01
3.737154230475425720e-02 -6.228670105338096619e-02 -2.975419461727142334e-01
3.704229742288589478e-02 -5.948769673705101013e-02 -2.954353094100952148e-01
3.675786033272743225e-02 -5.706661567091941833e-02 -2.939627170562744141e-01
3.653116524219512939e-02 -5.501897260546684265e-02 -2.931419909000396729e-01
3.637300059199333191e-02 -5.333999171853065491e-02 -2.929863035678863525e-01
3.629159182310104370e-02 -5.202488228678703308e-02 -2.935035824775695801e-01
3.619883954524993896e-02 -5.098194256424903870e-02 -2.945636808872222900e-01
3.567747399210929871e-02 -5.010537803173065186e-02 -2.956396937370300293e-01
3.537591546773910522e-02 -4.931821674108505249e-02 -2.968895137310028076e-01
3.515925258398056030e-02 -4.893982037901878357e-02 -2.988108098506927490e-01
3.501204028725624084e-02 -4.900010675191879272e-02 -3.014487922191619873e-01
3.493344411253929138e-02 -4.948707297444343567e-02 -3.047814071178436279e-01
3.492115065455436707e-02 -5.038651078939437866e-02 -3.087801337242126465e-01
3.497117385268211365e-02 -5.168239772319793701e-02 -3.134111166000366211e-01
3.511647880077362061e-02 -5.347445234656333923e-02 -3.187174499034881592e-01
3.536058589816093445e-02 -5.567903071641921997e-02 -3.246498703956604004e-01
3.567031398415565491e-02 -5.785752832889556885e-02 -3.310108482837677002e-01
3.602718189358711243e-02 -6.031494215130805969e-02 -3.378273546695709229e-01
3.642382845282554626e-02 -6.303991377353668213e-02 -3.450504243373870850e-01
3.685284033417701721e-02 -6.602085381746292114e-02 -3.526301681995391846e-01
3.730672597885131836e-02 -6.924565881490707397e-02 -3.605157732963562012e-01
3.806807473301887512e-02 -7.103972882032394409e-02 -3.669508397579193115e-01
3.912908956408500671e-02 -7.137121260166168213e-02 -3.718687295913696289e-01
4.026398435235023499e-02 -7.221559435129165649e-02 -3.771789968013763428e-01
4.141862317919731140e-02 -7.345525920391082764e-02 -3.827697932720184326e-01
4.252316430211067200e-02 -7.491943985223770142e-02 -3.884933888912200928e-01
4.356629773974418640e-02 -7.661521434783935547e-02 -3.943272531032562256e-01
4.486428201198577881e-02 -7.844026386737823486e-02 -3.997726142406463623e-01
4.632082581520080566e-02 -8.042936027050018311e-02 -4.049390256404876709e-01
4.769911989569664001e-02 -8.266286551952362061e-02 -4.101456999778747559e-01
4.898859933018684387e-02 -8.514575660228729248e-02 -4.153839051723480225e-01
5.018063634634017944e-02 -8.788052201271057129e-02 -4.206459224224090576e-01
5.124970152974128723e-02 -9.056049585342407227e-02 -4.266979396343231201e-01
5.220248922705650330e-02 -9.339131414890289307e-02 -4.330123960971832275e-01
5.404514446854591370e-02 -9.540048241615295410e-02 -4.398183822631835938e-01
5.591497942805290222e-02 -9.746788442134857178e-02 -4.467588365077972412e-01
5.773172155022621155e-02 -9.978380799293518066e-02 -4.538436830043792725e-01
5.956382304430007935e-02 -1.025688126683235168e-01 -4.612204432487487793e-01
6.134856119751930237e-02 -1.054380312561988831e-01 -4.682299494743347168e-01
6.312659382820129395e-02 -1.083030253648757935e-01 -4.743822216987609863e-01
6.499256193637847900e-02 -1.106549873948097229e-01 -4.800510704517364502e-01
6.692717224359512329e-02 -1.120967119932174683e-01 -4.847638309001922607e-01
6.874147057533264160e-02 -1.123640015721321106e-01 -4.887767136096954346e-01
7.049021124839782715e-02 -1.124430671334266663e-01 -4.926740825176239014e-01
7.214821875095367432e-02 -1.123937517404556274e-01 -4.964104592800140381e-01
7.489974051713943481e-02 -1.123819351196289062e-01 -5.018532872200012207e-01
7.842288166284561157e-02 -1.123618707060813904e-01 -5.085055232048034668e-01
8.188996464014053345e-02 -1.122173964977264404e-01 -5.150747299194335938e-01
8.535901457071304321e-02 -1.121876239776611328e-01 -5.217032432556152344e-01
8.881804347038269043e-02 -1.122935265302658081e-01 -5.283798575401306152e-01
9.202626347541809082e-02 -1.121506020426750183e-01 -5.346450209617614746e-01
9.491939842700958252e-02 -1.117100864648818970e-01 -5.403856039047241211e-01
9.767595678567886353e-02 -1.111699566245079041e-01 -5.459311008453369141e-01
1.002833619713783264e-01 -1.105332821607589722e-01 -5.512590408325195312e-01
1.035767346620559692e-01 -1.062780991196632385e-01 -5.550239682197570801e-01
1.082225069403648376e-01 -1.005482375621795654e-01 -5.601456165313720703e-01
1.120416671037673950e-01 -9.396645426750183105e-02 -5.641857385635375977e-01
1.154991909861564636e-01 -8.746713399887084961e-02 -5.677194595336914062e-01
1.186881512403488159e-01 -8.119051903486251831e-02 -5.709110498428344727e-01
1.216051280498504639e-01 -7.516530901193618774e-02 -5.737712979316711426e-01
1.247693300247192383e-01 -6.989005208015441895e-02 -5.759141445159912109e-01
1.278085559606552124e-01 -6.509171426296234131e-02 -5.776184797286987305e-01
1.305730789899826050e-01 -6.061326339840888977e-02 -5.790385007858276367e-01
1.330662965774536133e-01 -5.646669119596481323e-02 -5.801960229873657227e-01
1.352945119142532349e-01 -5.266081914305686951e-02 -5.811141133308410645e-01
1.372665911912918091e-01 -4.920057579874992371e-02 -5.818166732788085938e-01
1.389935761690139771e-01 -4.608714208006858826e-02 -5.823283195495605469e-01
1.404888182878494263e-01 -4.331831261515617371e-02 -5.826739668846130371e-01
1.417668014764785767e-01 -4.088887199759483337e-02 -5.828778743743896484e-01
1.428749859333038330e-01 -3.868683055043220520e-02 -5.829415321350097656e-01
1.438161879777908325e-01 -3.674739226698875427e-02 -5.828971862792968750e-01
1.445705294609069824e-01 -3.518097475171089172e-02 -5.827926993370056152e-01
1.452508419752120972e-01 -3.323614969849586487e-02 -5.820410251617431641e-01
1.457512825727462769e-01 -3.151826187968254089e-02 -5.810294151306152344e-01
1.461108922958374023e-01 -3.014948591589927673e-02 -5.800200700759887695e-01
1.463452875614166260e-01 -2.912208810448646545e-02 -5.790368318557739258e-01
1.464685201644897461e-01 -2.842842414975166321e-02 -5.781005620956420898e-01
1.465223133563995361e-01 -2.797676995396614075e-02 -5.772233605384826660e-01
1.465152204036712646e-01 -2.776682004332542419e-02 -5.764209628105163574e-01
1.463934928178787231e-01 -2.779817953705787659e-02 -5.757707953453063965e-01
1.461918503046035767e-01 -2.803128585219383240e-02 -5.752475261688232422e-01
1.461287289857864380e-01 -2.780487015843391418e-02 -5.745922327041625977e-01
1.460269242525100708e-01 -2.787746116518974304e-02 -5.740354657173156738e-01
1.458888947963714600e-01 -2.824528887867927551e-02 -5.735819339752197266e-01
1.457164734601974487e-01 -2.890292182564735413e-02 -5.732353925704956055e-01
1.455107927322387695e-01 -2.984153851866722107e-02 -5.729972124099731445e-01
1.452725380659103394e-01 -3.105059638619422913e-02 -5.728680491447448730e-01
1.450021266937255859e-01 -3.251588717103004456e-02 -5.728462934494018555e-01
1.446999311447143555e-01 -3.422125056385993958e-02 -5.729301571846008301e-01
1.443270742893218994e-01 -3.610254451632499695e-02 -5.731693506240844727e-01
1.438924223184585571e-01 -3.814739361405372620e-02 -5.735478401184082031e-01
1.434229612350463867e-01 -4.036183282732963562e-02 -5.740247964859008789e-01
1.429218649864196777e-01 -4.272203892469406128e-02 -5.745900273323059082e-01
1.423923075199127197e-01 -4.520306736230850220e-02 -5.752322673797607422e-01
1.418376713991165161e-01 -4.777939990162849426e-02 -5.759384632110595703e-01
1.412611603736877441e-01 -5.042438209056854248e-02 -5.766938924789428711e-01
1.406661421060562134e-01 -5.311085283756256104e-02 -5.774816274642944336e-01
1.400552839040756226e-01 -5.581219121813774109e-02 -5.782834887504577637e-01
1.394309997558593750e-01 -5.850178375840187073e-02 -5.790789127349853516e-01
1.387947499752044678e-01 -6.115085259079933167e-02 -5.798438787460327148e-01
1.381397247314453125e-01 -6.371077150106430054e-02 -5.805361270904541016e-01
1.374754011631011963e-01 -6.618402898311614990e-02 -5.811511874198913574e-01
1.368009150028228760e-01 -6.854528188705444336e-02 -5.816609859466552734e-01
1.361144185066223145e-01 -7.077133655548095703e-02 -5.820364952087402344e-01
1.354134529829025269e-01 -7.284116744995117188e-02 -5.822483897209167480e-01
1.346948146820068359e-01 -7.473638653755187988e-02 -5.822682380676269531e-01
1.338749527931213379e-01 -7.651370763778686523e-02 -5.818670988082885742e-01
1.328215599060058594e-01 -7.827677577733993530e-02 -5.806967020034790039e-01
1.318749636411666870e-01 -7.916165888309478760e-02 -5.789736509323120117e-01
1.309838593006134033e-01 -7.956507056951522827e-02 -5.769273042678833008e-01
1.300431191921234131e-01 -7.984045147895812988e-02 -5.746465921401977539e-01
1.290501505136489868e-01 -7.998324930667877197e-02 -5.721219778060913086e-01
1.280151456594467163e-01 -7.996475696563720703e-02 -5.693488121032714844e-01
1.270367503166198730e-01 -7.957054674625396729e-02 -5.663373470306396484e-01
1.259866058826446533e-01 -7.907443493604660034e-02 -5.630712509155273438e-01
1.248608678579330444e-01 -7.848790287971496582e-02 -5.595542192459106445e-01
1.236564442515373230e-01 -7.782512903213500977e-02 -5.557941794395446777e-01
1.223706901073455811e-01 -7.710383832454681396e-02 -5.518034696578979492e-01
1.210016012191772461e-01 -7.634442299604415894e-02 -5.475990772247314453e-01
1.195478886365890503e-01 -7.557059079408645630e-02 -5.432021617889404297e-01
1.180088296532630920e-01 -7.480782270431518555e-02 -5.386378765106201172e-01
1.163847073912620544e-01 -7.408408075571060181e-02 -5.339357852935791016e-01
1.150702163577079773e-01 -7.303129136562347412e-02 -5.297037363052368164e-01
1.138111054897308350e-01 -7.193817198276519775e-02 -5.256038904190063477e-01
1.124815791845321655e-01 -7.096400856971740723e-02 -5.214866399765014648e-01
1.110823601484298706e-01 -7.014140486717224121e-02 -5.173882246017456055e-01
1.096150577068328857e-01 -6.950109452009201050e-02 -5.133450627326965332e-01
1.080812737345695496e-01 -6.907214969396591187e-02 -5.093928575515747070e-01
1.064836010336875916e-01 -6.888078153133392334e-02 -5.055666565895080566e-01
1.048248261213302612e-01 -6.894952803850173950e-02 -5.018990039825439453e-01
1.030712872743606567e-01 -6.894449889659881592e-02 -4.981759488582611084e-01
1.012393087148666382e-01 -6.899423897266387939e-02 -4.945039153099060059e-01
9.932374954223632812e-02 -6.956624984741210938e-02 -4.912240207195281982e-01
9.736498445272445679e-02 -7.043912261724472046e-02 -4.882279336452484131e-01
9.554854780435562134e-02 -7.132999598979949951e-02 -4.856418073177337646e-01
9.386821836233139038e-02 -7.254503667354583740e-02 -4.837254583835601807e-01
9.215352684259414673e-02 -7.402688264846801758e-02 -4.820876419544219971e-01
9.040905535221099854e-02 -7.576071470975875854e-02 -4.807243049144744873e-01
8.863992244005203247e-02 -7.772706449031829834e-02 -4.796265065670013428e-01
8.685196191072463989e-02 -7.990160584449768066e-02 -4.787809848785400391e-01
8.505202829837799072e-02 -8.225640654563903809e-02 -4.781703948974609375e-01
8.324743807315826416e-02 -8.476033806800842285e-02 -4.777747094631195068e-01
8.144645392894744873e-02 -8.737993240356445312e-02 -4.775709807872772217e-01
7.977421581745147705e-02 -8.983077108860015869e-02 -4.773862659931182861e-01
7.824785262346267700e-02 -9.206128865480422974e-02 -4.771857857704162598e-01
7.706537842750549316e-02 -9.267462790012359619e-02 -4.765522181987762451e-01
7.592648267745971680e-02 -9.317729622125625610e-02 -4.759963452816009521e-01
7.478279620409011841e-02 -9.382331371307373047e-02 -4.755953848361968994e-01
7.363892346620559692e-02 -9.460636973381042480e-02 -4.753364324569702148e-01
7.250067591667175293e-02 -9.551867097616195679e-02 -4.752070307731628418e-01
7.134016603231430054e-02 -9.646013379096984863e-02 -4.750714600086212158e-01
7.010837644338607788e-02 -9.727241843938827515e-02 -4.747172296047210693e-01
6.890669465065002441e-02 -9.820227324962615967e-02 -4.744616150856018066e-01
6.775134801864624023e-02 -9.921944141387939453e-02 -4.743142127990722656e-01
6.665632873773574829e-02 -1.002983376383781433e-01 -4.742772281169891357e-01
6.561896204948425293e-02 -1.014518439769744873e-01 -4.743053019046783447e-01
6.471451371908187866e-02 -1.025200709700584412e-01 -4.744111895561218262e-01
6.421080231666564941e-02 -1.029324084520339966e-01 -4.746206700801849365e-01
6.382666528224945068e-02 -1.033073514699935913e-01 -4.748222529888153076e-01
6.358887255191802979e-02 -1.036368459463119507e-01 -4.748472273349761963e-01
6.345876306295394897e-02 -1.039211824536323547e-01 -4.749261438846588135e-01
6.343433260917663574e-02 -1.041578799486160278e-01 -4.750539958477020264e-01
6.355189532041549683e-02 -1.042803600430488586e-01 -4.751580655574798584e-01
6.382284313440322876e-02 -1.042633950710296631e-01 -4.752077162265777588e-01
6.433024257421493530e-02 -1.041570901870727539e-01 -4.755875170230865479e-01
6.492359191179275513e-02 -1.040163189172744751e-01 -4.760273993015289307e-01
6.556798517704010010e-02 -1.038561165332794189e-01 -4.764754474163055420e-01
6.625325977802276611e-02 -1.036825776100158691e-01 -4.769261181354522705e-01
6.696927547454833984e-02 -1.035025715827941895e-01 -4.773742258548736572e-01
6.770654022693634033e-02 -1.033223122358322144e-01 -4.778154790401458740e-01
6.845625489950180054e-02 -1.031479313969612122e-01 -4.782459735870361328e-01
6.921008974313735962e-02 -1.029849797487258911e-01 -4.786624014377593994e-01
6.996096670627593994e-02 -1.028385758399963379e-01 -4.790628850460052490e-01
7.075721025466918945e-02 -1.024405285716056824e-01 -4.793521761894226074e-01
7.174462080001831055e-02 -1.010409742593765259e-01 -4.792692363262176514e-01
7.271905243396759033e-02 -9.964267909526824951e-02 -4.791624546051025391e-01
7.368877530097961426e-02 -9.824199974536895752e-02 -4.789721965789794922e-01
7.469754666090011597e-02 -9.681202471256256104e-02 -4.784424602985382080e-01
7.569298148155212402e-02 -9.538783878087997437e-02 -4.778808355331420898e-01
7.667513191699981689e-02 -9.397064894437789917e-02 -4.773020446300506592e-01
7.764498889446258545e-02 -9.256108105182647705e-02 -4.767223894596099854e-01
7.860457897186279297e-02 -9.115895628929138184e-02 -4.761600196361541748e-01
7.955647259950637817e-02 -8.976443111896514893e-02 -4.756341576576232910e-01
8.050385117530822754e-02 -8.837735652923583984e-02 -4.751650393009185791e-01
8.148764073848724365e-02 -8.705459535121917725e-02 -4.748985171318054199e-01
8.248822391033172607e-02 -8.563239872455596924e-02 -4.746203124523162842e-01
8.365197479724884033e-02 -8.362344652414321899e-02 -4.739693105220794678e-01
8.478844165802001953e-02 -8.165872097015380859e-02 -4.734416902065277100e-01
8.589449524879455566e-02 -7.975101470947265625e-02 -4.730593860149383545e-01
8.697357773780822754e-02 -7.792800664901733398e-02 -4.728702008724212646e-01
8.806741982698440552e-02 -7.630336284637451172e-02 -4.730822145938873291e-01
8.913913369178771973e-02 -7.481563091278076172e-02 -4.735703170299530029e-01
9.005484730005264282e-02 -7.255300879478454590e-02 -4.737120270729064941e-01
9.084342420101165771e-02 -6.975928694009780884e-02 -4.736746847629547119e-01
9.161410480737686157e-02 -6.724673509597778320e-02 -4.740128219127655029e-01
9.236495941877365112e-02 -6.503933668136596680e-02 -4.747352898120880127e-01
9.309334307909011841e-02 -6.315535306930541992e-02 -4.758436381816864014e-01
9.381491690874099731e-02 -6.157420948147773743e-02 -4.773490726947784424e-01
9.470567107200622559e-02 -5.998101457953453064e-02 -4.794022142887115479e-01
9.570262581110000610e-02 -5.825196206569671631e-02 -4.814042150974273682e-01
9.678924828767776489e-02 -5.642203614115715027e-02 -4.833588600158691406e-01
9.783659875392913818e-02 -5.489238724112510681e-02 -4.855488240718841553e-01
9.883770346641540527e-02 -5.365577712655067444e-02 -4.879435002803802490e-01
9.978571534156799316e-02 -5.270030722022056580e-02 -4.905081093311309814e-01
1.006735712289810181e-01 -5.200980976223945618e-02 -4.932036101818084717e-01
1.015285551548004150e-01 -5.166990682482719421e-02 -4.960624873638153076e-01
1.023476421833038330e-01 -5.166972056031227112e-02 -4.990488588809967041e-01
1.030776649713516235e-01 -5.184111371636390686e-02 -5.020174980163574219e-01
1.037113741040229797e-01 -5.215605720877647400e-02 -5.049213171005249023e-01
1.042418032884597778e-01 -5.258629843592643738e-02 -5.077133178710937500e-01
1.046618074178695679e-01 -5.310371890664100647e-02 -5.103471875190734863e-01
1.049649715423583984e-01 -5.368093773722648621e-02 -5.127786397933959961e-01
1.051450148224830627e-01 -5.429192259907722473e-02 -5.149651765823364258e-01
1.051958948373794556e-01 -5.491307750344276428e-02 -5.168673992156982422e-01
1.049124449491500854e-01 -5.641696229577064514e-02 -5.185784101486206055e-01
1.044780090451240540e-01 -5.794557556509971619e-02 -5.199458599090576172e-01
1.039070487022399902e-01 -5.940274521708488464e-02 -5.209319591522216797e-01
1.031945496797561646e-01 -6.078731641173362732e-02 -5.215167999267578125e-01
1.023364812135696411e-01 -6.210209056735038757e-02 -5.216867923736572266e-01
1.013300418853759766e-01 -6.335423141717910767e-02 -5.214343070983886719e-01
1.001739352941513062e-01 -6.455358862876892090e-02 -5.207579135894775391e-01
9.894515573978424072e-02 -6.595101207494735718e-02 -5.198282003402709961e-01
9.758226573467254639e-02 -6.736510246992111206e-02 -5.185189247131347656e-01
9.600989520549774170e-02 -6.871267408132553101e-02 -5.167052149772644043e-01
9.418895840644836426e-02 -6.996098905801773071e-02 -5.143299102783203125e-01
9.220397472381591797e-02 -7.119511067867279053e-02 -5.115508437156677246e-01
9.022706001996994019e-02 -7.206562906503677368e-02 -5.084127783775329590e-01
8.829002082347869873e-02 -7.252602279186248779e-02 -5.049460530281066895e-01
8.623582124710083008e-02 -7.290792465209960938e-02 -5.010256767272949219e-01
8.407634496688842773e-02 -7.319486886262893677e-02 -4.965932369232177734e-01
8.200566470623016357e-02 -7.372007519006729126e-02 -4.925449788570404053e-01
8.010419458150863647e-02 -7.393683493137359619e-02 -4.885834753513336182e-01
7.821354269981384277e-02 -7.362674176692962646e-02 -4.841820895671844482e-01
7.625326514244079590e-02 -7.327613979578018188e-02 -4.795994460582733154e-01
7.428726553916931152e-02 -7.288945466279983521e-02 -4.749487936496734619e-01
7.336053252220153809e-02 -7.185015082359313965e-02 -4.709798395633697510e-01
7.245177030563354492e-02 -7.048757374286651611e-02 -4.666734039783477783e-01
7.264287769794464111e-02 -6.792031228542327881e-02 -4.627890288829803467e-01
7.298605144023895264e-02 -6.514132767915725708e-02 -4.589767754077911377e-01
7.328957319259643555e-02 -6.236529722809791565e-02 -4.551946222782135010e-01
7.353594899177551270e-02 -5.987573787569999695e-02 -4.517023563385009766e-01
7.370321452617645264e-02 -5.803653970360755920e-02 -4.488260447978973389e-01
7.383558154106140137e-02 -5.621346458792686462e-02 -4.460509121417999268e-01
7.421888411045074463e-02 -5.529178306460380554e-02 -4.440139830112457275e-01
7.462561130523681641e-02 -5.456639453768730164e-02 -4.422417581081390381e-01
7.502888143062591553e-02 -5.395059660077095032e-02 -4.406897127628326416e-01
7.542431354522705078e-02 -5.342542007565498352e-02 -4.393586218357086182e-01
7.580722868442535400e-02 -5.296984687447547913e-02 -4.382453858852386475e-01
7.617293298244476318e-02 -5.256055667996406555e-02 -4.373420476913452148e-01
7.651664316654205322e-02 -5.217298492789268494e-02 -4.366374909877777100e-01
7.683369517326354980e-02 -5.178109928965568542e-02 -4.361158311367034912e-01
7.711970806121826172e-02 -5.135864391922950745e-02 -4.357583224773406982e-01
7.737049460411071777e-02 -5.087961629033088684e-02 -4.355423748493194580e-01
7.758253812789916992e-02 -5.031789466738700867e-02 -4.354426562786102295e-01
7.775269448757171631e-02 -4.964908584952354431e-02 -4.354310035705566406e-01
7.787861675024032593e-02 -4.884960129857063293e-02 -4.354769885540008545e-01
7.795856893062591553e-02 -4.789831116795539856e-02 -4.355485141277313232e-01
7.799147814512252808e-02 -4.677655175328254700e-02 -4.356122612953186035e-01
7.797719538211822510e-02 -4.546761140227317810e-02 -4.356334209442138672e-01
7.791630178689956665e-02 -4.395790770649909973e-02 -4.355771839618682861e-01
7.780994474887847900e-02 -4.223757609724998474e-02 -4.354089796543121338e-01
7.765968143939971924e-02 -4.030282422900199890e-02 -4.350975453853607178e-01
7.732646167278289795e-02 -3.902401402592658997e-02 -4.353775084018707275e-01
7.694990932941436768e-02 -3.755973652005195618e-02 -4.354779124259948730e-01
7.653556019067764282e-02 -3.590324148535728455e-02 -4.353599846363067627e-01
7.608947157859802246e-02 -3.405068442225456238e-02 -4.349870383739471436e-01
7.728574424982070923e-02 -3.108876571059226990e-02 -4.359017014503479004e-01
8.003337681293487549e-02 -2.747755870223045349e-02 -4.383098781108856201e-01
8.309601247310638428e-02 -2.453168854117393494e-02 -4.409258663654327393e-01
8.681645989418029785e-02 -2.098003402352333069e-02 -4.432267248630523682e-01
9.353426843881607056e-02 -1.435250416398048401e-02 -4.462102353572845459e-01
9.995877742767333984e-02 -7.884141057729721069e-03 -4.487150013446807861e-01
1.059654578566551208e-01 -1.714650075882673264e-03 -4.506324827671051025e-01
1.109397262334823608e-01 3.290269989520311356e-03 -4.511914551258087158e-01
1.153895780444145203e-01 7.897902280092239380e-03 -4.511496126651763916e-01
1.192518770694732666e-01 1.202934607863426208e-02 -4.504918754100799561e-01
1.224718317389488220e-01 1.560792699456214905e-02 -4.492160379886627197e-01
1.251924782991409302e-01 1.916987821459770203e-02 -4.468663632869720459e-01
1.276038289070129395e-01 2.198616787791252136e-02 -4.442360103130340576e-01
1.292530596256256104e-01 2.415285259485244751e-02 -4.409376680850982666e-01
1.301096528768539429e-01 2.560183405876159668e-02 -4.370163083076477051e-01
1.301518231630325317e-01 2.626894414424896240e-02 -4.325297176837921143e-01
1.293667107820510864e-01 2.609499171376228333e-02 -4.275476336479187012e-01
1.276343166828155518e-01 2.515812218189239502e-02 -4.223074615001678467e-01
1.256969422101974487e-01 2.367959171533584595e-02 -4.175335466861724854e-01
1.231334283947944641e-01 2.137688174843788147e-02 -4.128253757953643799e-01
1.198856681585311890e-01 1.817944645881652832e-02 -4.082053005695343018e-01
1.159860342741012573e-01 1.406625658273696899e-02 -4.037880599498748779e-01
1.114728227257728577e-01 9.023014456033706665e-03 -3.996878266334533691e-01
1.063890755176544189e-01 3.042344469577074051e-03 -3.960166573524475098e-01
1.007825508713722229e-01 -3.875635098665952682e-03 -3.928817808628082275e-01
9.470415115356445312e-02 -1.172360405325889587e-02 -3.903826773166656494e-01
8.870736509561538696e-02 -2.104143053293228149e-02 -3.887730836868286133e-01
8.204977214336395264e-02 -3.242158144712448120e-02 -3.867129385471343994e-01
7.725193351507186890e-02 -4.109475389122962952e-02 -3.835794031620025635e-01
7.544311881065368652e-02 -4.809456691145896912e-02 -3.843025267124176025e-01
7.474296540021896362e-02 -5.447333678603172302e-02 -3.883850574493408203e-01
7.470081746578216553e-02 -6.044986471533775330e-02 -3.934822380542755127e-01
7.668329775333404541e-02 -6.219643726944923401e-02 -3.969774246215820312e-01
7.774736732244491577e-02 -6.212644651532173157e-02 -4.002436697483062744e-01
7.834396511316299438e-02 -6.186436489224433899e-02 -4.032106995582580566e-01
7.845328748226165771e-02 -6.196234002709388733e-02 -4.061333239078521729e-01
7.477203756570816040e-02 -6.693881750106811523e-02 -4.052252471446990967e-01
7.252544164657592773e-02 -7.853353023529052734e-02 -4.058845937252044678e-01
7.140913605690002441e-02 -9.168913960456848145e-02 -4.104102253913879395e-01
7.028513401746749878e-02 -1.017598956823348999e-01 -4.137019515037536621e-01
7.029396295547485352e-02 -1.118515580892562866e-01 -4.158322513103485107e-01
6.942649930715560913e-02 -1.204712390899658203e-01 -4.160688817501068115e-01
6.896483153104782104e-02 -1.278023868799209595e-01 -4.134067296981811523e-01
7.184793800115585327e-02 -1.316484361886978149e-01 -4.134421646595001221e-01
7.418191432952880859e-02 -1.355209052562713623e-01 -4.128297865390777588e-01
7.592530548572540283e-02 -1.394297927618026733e-01 -4.120106399059295654e-01
7.726058363914489746e-02 -1.437039375305175781e-01 -4.118340313434600830e-01
7.802805304527282715e-02 -1.478159427642822266e-01 -4.112627804279327393e-01
8.026006072759628296e-02 -1.508594453334808350e-01 -4.132533371448516846e-01
8.209446817636489868e-02 -1.536579132080078125e-01 -4.150947630405426025e-01
8.309330046176910400e-02 -1.560509651899337769e-01 -4.163574874401092529e-01
8.366612344980239868e-02 -1.581727713346481323e-01 -4.174233973026275635e-01
8.382616192102432251e-02 -1.599983274936676025e-01 -4.183816611766815186e-01
8.333206176757812500e-02 -1.613842248916625977e-01 -4.210363328456878662e-01
8.250743150711059570e-02 -1.624575704336166382e-01 -4.234927594661712646e-01
8.105815947055816650e-02 -1.636636108160018921e-01 -4.258066713809967041e-01
7.847563922405242920e-02 -1.657464802265167236e-01 -4.280619323253631592e-01
