7.292662447968503159e+00 -2.804639148820143646e+00 3.374836395220768281e-01
7.795466745451250290e+00 -5.363671047876144904e+00 5.097226826080714090e-03
8.410414185443300994e+00 -9.081102844444281175e+00 -6.190136210123284854e-01
9.138548195755504366e+00 -1.417723609267748941e+01 -1.630007054547036205e+00
9.988060571538028398e+00 -2.084595728869544473e+01 -3.118105209970849501e+00
1.097966524420519363e+01 -2.924129515636306564e+01 -5.157211302034028222e+00
1.215167285173305345e+01 -3.946796228547347596e+01 -7.792987397685024575e+00
1.356468000859206313e+01 -5.157668948823192068e+01 -1.103190044601406328e+01
1.530589448801993058e+01 -6.556424806144030981e+01 -1.483284584115375537e+01
1.749305210240049746e+01 -8.137731573035057409e+01 -1.910280955939663272e+01
2.027769713343650437e+01 -9.891888156923425868e+01 -2.369752482976917918e+01
2.384739243843671375e+01 -1.180556926682530161e+02 -2.842721309178102729e+01
2.842630410859078438e+01 -1.386252907103623784e+02 -3.306649835336347110e+01
3.427364670801227930e+01 -1.604414753784003551e+02 -3.736683869826212856e+01
4.167968900230960116e+01 -1.832975571449645713e+02 -4.106962813243214327e+01
5.095934031070885339e+01 -2.069674094549877736e+02 -4.391849181737545393e+01
6.244366097319800701e+01 -2.312048783307392341e+02 -4.566997631005156677e+01
7.646989141644189658e+01 -2.557423920768308108e+02 -4.610252432641024711e+01
9.337075497852958961e+01 -2.802896679533096176e+02 -4.502412211730703007e+01
1.134638672766050149e+02 -3.045333863788067674e+02 -4.227921654607203550e+01
1.370420749148435107e+02 -3.281386611862538984e+02 -3.775539558018431308e+01
1.643654375509335068e+02 -3.507529858555043347e+02 -3.138999101470648156e+01
1.956553524859127720e+02 -3.720129706995727474e+02 -2.317634647394578451e+01
2.310909999361284690e+02 -3.915536365878474498e+02 -1.316911405096158205e+01
2.708078979042112451e+02 -4.090194736879582251e+02 -1.487664275865995478e+00
3.148979955105648969e+02 -4.240761131770524344e+02 1.168338883471528789e+01
3.634105183750891683e+02 -4.364214138100871878e+02 2.609731009676579561e+01
4.163527805839104303e+02 -4.457950109216108103e+02 4.145221257414948468e+01
4.736903875816775553e+02 -4.519857823488447366e+02 5.740138550312326515e+01
5.353465762058259543e+02 -4.548371041472970546e+02 7.356597261189187975e+01
6.012007096257744934e+02 -4.542500747420194784e+02 8.954880982612598928e+01
6.710860200651370633e+02 -4.501849857406433557e+02 1.049483434395560835e+02
7.447865588363864617e+02 -4.426612061214159439e+02 1.193718099447177110e+02
8.220331425456724901e+02 -4.317554678592109667e+02 1.324471381939595176e+02
9.024981133425826556e+02 -4.175985105617718318e+02 1.438332519280942279e+02
9.857890605605473411e+02 -4.003702675317150579e+02 1.532285606311220363e+02
1.071442152584762880e+03 -3.802941507172794218e+02 1.603774319794418943e+02
1.158916138170961858e+03 -3.576312683487117283e+02 1.650743973352355169e+02
1.247588195013772975e+03 -3.326753754524384021e+02 1.671658308345439536e+02
1.336752625887961131e+03 -3.057489824212372014e+02 1.665489205564504118e+02
1.425623078926692870e+03 -2.772004785887013441e+02 1.631679542065828628e+02
1.513338651714481330e+03 -2.474015865368949108e+02 1.570082961585238763e+02
1.598973993105007594e+03 -2.167441276860791959e+02 1.480889070558491767e+02
1.681553341392087987e+03 -1.856350438458330245e+02 1.364547167669761620e+02
1.760068318488949672e+03 -1.544889053932349725e+02 1.221704047434946006e+02
1.833499199123584049e+03 -1.237176875611382911e+02 1.053170083444646252e+02
1.900839205263592476e+03 -9.371824125040257059e+01 8.599223588242807637e+01
1.961121069562333332e+03 -6.485840165693161907e+01 6.431453426506163851e+01
2.013444723213078305e+03 -3.746294787296619688e+01 4.043011854382189085e+01
2.057004664825467898e+03 -1.180069501243588093e+01 1.452159309425178435e+01
2.091115506846685093e+03 1.192603154884147898e+01 -1.318340815055319126e+01
2.115234385317503438e+03 3.358840908209890586e+01 -4.240505472008987908e+01
2.128979237675119748e+03 5.313378213352245893e+01 -7.280688386540703050e+01
2.132142251611646770e+03 7.058367726607980330e+01 -1.039950041084740633e+02
2.124697981606289886e+03 8.602755406322523868e+01 -1.355213884606594092e+02
2.106805732441767759e+03 9.961331782182310235e+01 -1.668912036665045662e+02
2.078805910231143571e+03 1.115359995242499735e+02 -1.975736620880461487e+02
2.041210255966847626e+03 1.220259914396000340e+02 -2.270155422714107090e+02
1.994686273574381630e+03 1.313378062195179155e+02 -2.546563518430898512e+02
1.940036706208946498e+03 1.397396654200252897e+02 -2.799440859797477970e+02
1.878175447228024723e+03 1.475036002859396831e+02 -3.023505649666556110e+02
1.810101582550622879e+03 1.548954456281211378e+02 -3.213853389512938747e+02
1.736873187633554380e+03 1.621642856894502529e+02 -3.366071928827475404e+02
1.659582060590844094e+03 1.695314995161656952e+02 -3.476325011181622813e+02
1.579329987235088538e+03 1.771802566930139164e+02 -3.541400977328712543e+02
1.497206696240680685e+03 1.852467865651311740e+02 -3.558728451454607011e+02
1.414269533294578650e+03 1.938147930257729286e+02 -3.526365712485071526e+02
1.331525021812120940e+03 2.029140211278305514e+02 -3.442974132353583627e+02
1.249912713182946391e+03 2.125233404925342029e+02 -3.307787941797306530e+02
1.170291860135505203e+03 2.225779959678861815e+02 -3.120592113299499033e+02
1.093431353866952577e+03 2.329800947249191836e+02 -2.881717068886530342e+02
1.020003095834772353e+03 2.436110886523413228e+02 -2.592053777493948701e+02
9.505786878670255646e+02 2.543449916253147194e+02 -2.253086944171442383e+02
8.856291423108837080e+02 2.650612666870504768e+02 -1.866938846545690467e+02
8.255272475878839487e+02 2.756566242577633830e+02 -1.436412873527469856e+02
7.705522162666150052e+02 2.860552995228837858e+02 -9.650243859987222095e+01
7.208962311007603603e+02 2.962176451133615274e+02 -4.570073190940161112e+01
6.766724420055272731e+02 3.061470219611767334e+02 8.271208999145073903e+00
6.379238396645083640e+02 3.158949865897943710e+02 6.485784764197092045e+01
6.046323019177740434e+02 3.255646938787589875e+02 1.234506223469934412e+02
5.767271019561350158e+02 3.353123070375204975e+02 1.834007982116781932e+02
5.540923749025521374e+02 3.453460838502214756e+02 2.440343041199148502e+02
5.365734453611802337e+02 3.559227589181851954e+02 3.046673729914757587e+02
5.239823913885838920e+02 3.673409191786988686e+02 3.646218154584539661e+02
5.161035617333535583e+02 3.799312801607115944e+02 4.232389802700211021e+02
5.126998137733654630e+02 3.940440894228946149e+02 4.798918308437819178e+02
5.135199834934098817e+02 4.100342706890108389e+02 5.339950068505802392e+02
5.183076606929769241e+02 4.282452809541133547e+02 5.850131296322396111e+02
5.268108877267851540e+02 4.489928383384618087e+02 6.324678277168576415e+02
5.387920516957644850e+02 4.725496087176630908e+02 6.759439262274958082e+02
5.540370646545956106e+02 4.991316739502880750e+02 7.150949959680001484e+02
5.723629432082412904e+02 5.288872850722585781e+02 7.496481460140654463e+02
5.936230758894059818e+02 5.618881540106009425e+02 7.794077309021281508e+02
6.177097255390149257e+02 5.981234303418265199e+02 8.042575707976943704e+02
6.445535602226375431e+02 6.374965607895953781e+02 8.241612776565633567e+02
6.741201653375010210e+02 6.798253759488595733e+02 8.391602920610057481e+02
7.064035390986343828e+02 7.248458507198645293e+02 8.493693023512347509e+02
7.414165704443216782e+02 7.722198770924329665e+02 8.549689036535952482e+02
7.791785597212340235e+02 8.215469743066978481e+02 8.561956644348819054e+02
8.197000697129363971e+02 8.723791870854822719e+02 8.533301215009461202e+02
8.629658037957777879e+02 9.242376712001524766e+02 8.466834990961166341e+02
9.089167150485061484e+02 9.766288987604356180e+02 8.365840602145378853e+02
9.574330020194589679e+02 1.029058288835279654e+03 8.233639429482963124e+02
1.008319877385387599e+03 1.081039538537035696e+03 8.073471720144167421e+02
1.061297876975528652e+03 1.132098967741408615e+03 7.888393568724021634e+02
1.115998963769946613e+03 1.181775537256311054e+03 7.681194598191325440e+02
1.171968871762966046e+03 1.229618410242714162e+03 7.454339334280737148e+02
1.228675282109777982e+03 1.275184555035784342e+03 7.209934196786142593e+02
1.285520820515570222e+03 1.318038717976874523e+03 6.949720151055460065e+02
1.341859649502874618e+03 1.357757232129210934e+03 6.675088526432746221e+02
1.397016513300205816e+03 1.393935902220063781e+03 6.387115175380432675e+02
1.450307278807625607e+03 1.426200995032672836e+03 6.086606887840467834e+02
1.501060170346838731e+03 1.454221459775529638e+03 5.774154185525555931e+02
1.548636992558044540e+03 1.477720084272443273e+03 5.450186299305153170e+02
1.592453676409743593e+03 1.496481437512552475e+03 5.115026747296268468e+02
1.631999459210218674e+03 1.510355101311532053e+03 4.768950094070180512e+02
1.666853948289921846e+03 1.519253653453863535e+03 4.412240554336863170e+02
1.696701300754211843e+03 1.523145865835526820e+03 4.045250694326620078e+02
1.721340858577941162e+03 1.522046388826763632e+03 3.668455010648564212e+02
1.740693832182809956e+03 1.516003649643960216e+03 3.282490824983339053e+02
1.754805967495214873e+03 1.505087743182798931e+03 2.888179149401379391e+02
1.763846436743634058e+03 1.489379799140559271e+03 2.486521188901531332e+02
1.768103355715242060e+03 1.468963812300943118e+03 2.078671290855339748e+02
1.767976346645788453e+03 1.443921393334073400e+03 1.665892826082628062e+02
1.763966510346695713e+03 1.414329492566646422e+03 1.249507471655965674e+02
1.756664106009956868e+03 1.380260966159122745e+03 8.308490745964695634e+01
1.746734186759621707e+03 1.341787870838430308e+03 4.112307009120365819e+01
1.734900416529452514e+03 1.298987450156422028e+03 -8.071104059661138308e-01
1.721927307473222299e+03 1.251950742761800029e+03 -4.258156543541622341e+01
1.708601165252661303e+03 1.200793503972360213e+03 -8.407854199002144924e+01
1.695710112812917032e+03 1.145668724761967724e+03 -1.251767000887656422e+02
1.684023681480223786e+03 1.086779630521197305e+03 -1.657530618873151980e+02
1.674272578274813441e+03 1.024391842806075147e+03 -2.056810675806229938e+02
1.667129295443978208e+03 9.588434522498997694e+02 -2.448287756500477599e+02
1.663190191470908303e+03 8.905519759746655382e+02 -2.830571712328901413e+02
1.662959587058344141e+03 8.200174360376075811e+02 -3.202186318773116227e+02
1.666836346164060615e+03 7.478210892452871121e+02 -3.561557503704216288e+02
1.675103342236279786e+03 6.746197229884353419e+02 -3.907008077343811010e+02
1.687920072867133740e+03 6.011358955185100967e+02 -4.236761358870853655e+02
1.705318446399697223e+03 5.281449221583141025e+02 -4.548953966561566631e+02
1.727201489425485079e+03 4.564596451178866232e+02 -4.841655307171947697e+02
1.753344556169148291e+03 3.869139787847752814e+02 -5.112889637168817671e+02
1.783398678584443815e+03 3.203458692456661652e+02 -5.360657240353949646e+02
1.816895987842895693e+03 2.575797157682640659e+02 -5.582954234927526613e+02
1.853257533077180369e+03 1.994076851589230728e+02 -5.777794360209055640e+02
1.891804101154685895e+03 1.465690376926279441e+02 -5.943238755014295975e+02
1.931770598168808874e+03 9.972686788987698492e+01 -6.077439595412762401e+02
1.972324115230902407e+03 5.944259326703650004e+01 -6.178700082323126708e+02
2.012585085117153312e+03 2.614979958168134999e+01 -6.245547855107305395e+02
2.051650217831737791e+03 1.301266325574488292e-01 -6.276813825133503997e+02
2.088615487423081959e+03 -1.850575262474376359e+01 -6.271705762018491441e+02
2.122597511617840610e+03 -2.982953002076089888e+01 -6.229866312276521967e+02
2.152752198290678280e+03 -3.409770245650338438e+01 -6.151407776573239516e+02
2.178290323793097741e+03 -3.174511831735503620e+01 -6.036920004620205873e+02
2.198490459125039706e+03 -2.337083933654264456e+01 -5.887452513764731066e+02
2.212710096848017201e+03 -9.718159939117867907e+00 -5.704476467729240312e+02
2.220395824510019793e+03 8.349274621168319754e+00 -5.489835183936713747e+02
2.221093021129343924e+03 2.987358311507455255e+01 -5.245692585973828272e+02
2.214455061787896739e+03 5.382974498846238021e+01 -4.974487703132956540e+02
2.200251642148823521e+03 7.915281757726825163e+01 -4.678900646001339965e+02
2.178375697012102592e+03 1.047647067961711400e+02 -4.361832018839501188e+02
2.148848465058553757e+03 1.296001062567884219e+02 -4.026393961306820870e+02
2.111822430147864907e+03 1.526312926759726452e+02 -3.675907706512001027e+02
2.067582004561181293e+03 1.728914754949191206e+02 -3.313900523981152446e+02
2.016541839510363161e+03 1.894964218063803401e+02 -2.944094530925033837e+02
1.959242594404586271e+03 2.016641405817319992e+02 -2.570380980422563084e+02
1.896343956236799158e+03 2.087324510883250923e+02 -2.196776105138850994e+02
1.828614735608739466e+03 2.101741944203112098e+02 -1.827358079772346855e+02
1.756919997819242099e+03 2.056096647201235328e+02 -1.466188136459167595e+02
1.682205388650026634e+03 1.948156279368642458e+02 -1.117220906039655119e+02
1.605479004022140998e+03 1.777301893874150096e+02 -7.842091691424934652e+01
1.527791244232471172e+03 1.544528637016524044e+02 -4.706074584604618849e+01
1.450213065153857997e+03 1.252395196655279506e+02 -1.794788626713881285e+01
1.373812942923527999e+03 9.049236794017906504e+01 8.658966400053543566e+00
1.299632782757055793e+03 5.074571378037603608e+01 3.255569720608525586e+01
1.228663000613690429e+03 6.648636498065798150e+00 5.359753669807219012e+01
1.161817152521688513e+03 -4.105410016157782138e+01 7.170102370298866390e+01
1.099906784075170208e+03 -9.154182344351943357e+01 8.684287812497871073e+01
1.043617515727820319e+03 -1.439377623068562571e+02 9.905602378235369088e+01
9.934876070064381111e+02 -1.973286155564693445e+02 1.084236018960320962e+02
9.498902562931366447e+02 -2.507837478522416177e+02 1.150722309413584981e+02
9.130207048439895061e+02 -3.033738478374958731e+02 1.191657880294009146e+02
8.828888948206431451e+02 -3.541887866925251274e+02 1.209006026824615674e+02
8.593180360871415360e+02 -4.023543298211245656e+02 1.205023618659827207e+02
8.419489949877392974e+02 -4.470472919057732497e+02 1.182244814959939276e+02
8.302499913657463821e+02 -4.875087262555804273e+02 1.143473634566782948e+02
8.235307933618199741e+02 -5.230548939569259801e+02 1.091778390602464697e+02
8.209605276499844422e+02 -5.530861087569885512e+02 1.030481239239094293e+02
8.215883610363537173e+02 -5.770939893052025127e+02 9.631370431725963499e+01
8.243665455086805878e+02 -5.946679575842363192e+02 8.934970537719698314e+01
8.281755261579579610e+02 -6.055018414840749301e+02 8.254544433519890845e+01
8.318508996619892741e+02 -6.094011418729569414e+02 7.629707246057319026e+01
8.342119334288395294e+02 -6.062909621026708464e+02 7.099850819805578794e+01
8.340911285572460656e+02 -5.962238645793420346e+02 6.703123761778169865e+01
8.303640268347808160e+02 -5.793861959094599570e+02 6.475387177788729787e+01
8.219782460052749684e+02 -5.561009872099168660e+02 6.449247579849202339e+01
8.079806666126703476e+02 -5.268256350342010137e+02 6.653260545441060003e+01
7.875418135241493474e+02 -4.921432398431081765e+02 7.111376138429977800e+01
7.599767216202155851e+02 -4.527474977360354842e+02 7.842665164051277316e+01
7.247618282322800951e+02 -4.094220320325821376e+02 8.861328320039876871e+01
6.815476022478933373e+02 -3.630157113217201186e+02 1.017695507447233467e+02
6.301667110786647754e+02 -3.144157612494525438e+02 1.179497488725769472e+02
5.706376077222621461e+02 -2.645204582156632114e+02 1.371723573231334967e+02
5.031635373925407748e+02 -2.142130285459252264e+02 1.594265045166090431e+02
4.281271330957242185e+02 -1.643381207704126155e+02 1.846786100353998563e+02
3.460809740829093926e+02 -1.156818797140424522e+02 2.128787616456729666e+02
2.577346442999424880e+02 -6.895625495608351230e+01 2.439663617842370513e+02
1.639388527144685668e+02 -2.478777512672718331e+01 2.778744780888300738e+02
6.566704170865909873e+01 1.628934732969332799e+01 3.145321864738143631e+02
-3.600529485715071587e+01 5.383622852915368640e+01 3.538641111715928673e+02
-1.399235028506747085e+02 8.750909276457969099e+01 3.957865040289160561e+02
-2.448787816671310225e+02 1.170564775846562497e+02 4.401996639961740811e+02
-3.496350668874276835e+02 1.423143336031494073e+02 4.869772182253624919e+02
-4.529572283596195348e+02 1.631992332516149418e+02 5.359535722160175055e+02
-5.536396801166729347e+02 1.796997400166376337e+02 5.869114567999286010e+02
-6.505342280651537976e+02 1.918659877407021668e+02 6.395717750014252942e+02
-7.425758975641901998e+02 1.997976607989394324e+02 6.935877798473834446e+02
-8.288056143742313679e+02 2.036308150712784482e+02 7.485449784332020045e+02
-9.083889272143529752e+02 2.035243006853982024e+02 8.039671712663002836e+02
-9.806303851591258081e+02 1.996468583457594832e+02 8.593279709851203734e+02
-1.044983595233804635e+03 1.921661179284840273e+02 9.140663412471467382e+02
-1.101057246435650313e+03 1.812406010872216484e+02 9.676043716049712202e+02
-1.148617420044740356e+03 1.670154065367614749e+02 1.019365623327969274e+03
-1.187586339861102260e+03 1.496216793147959834e+02 1.068792731539773513e+03
-1.218037462693382849e+03 1.291794674310147002e+02 1.115363336022689055e+03
-1.240186623771488485e+03 1.058033385534527042e+02 1.158603771046227394e+03
-1.254378968605686850e+03 7.961018153864597480e+01 1.198100273192793338e+03
-1.261071663174068817e+03 5.072879948600530042e+01 1.233507720708731540e+03
-1.260812802267897723e+03 1.931101508447250126e+01 1.264556023305387953e+03
-1.254217408627599298e+03 -1.445607541569211207e+01 1.291054243843530458e+03
-1.241941847495019374e+03 -5.033737656579955910e+01 1.312892468594267029e+03
-1.224658315994899340e+03 -8.803773619457206223e+01 1.330041465808105386e+03
-1.203031215040188272e+03 -1.271921172069128261e+02 1.342550298996066431e+03
-1.177697064603004037e+03 -1.673596993712812946e+02 1.350542222775814707e+03
-1.149249154411166955e+03 -2.080233125685429059e+02 1.354209296779293254e+03
-1.118227442569373352e+03 -2.485948963953449038e+02 1.353806148605366388e+03
-1.085113517477586811e+03 -2.884267659576207734e+02 1.349643207350476359e+03
-1.050329909748553291e+03 -3.268276056788170081e+02 1.342079582385982121e+03
-1.014242801541195377e+03 -3.630815612095268534e+02 1.331515634892971775e+03
-9.771672444800765334e+02 -3.964687143021481006e+02 1.318385175243026424e+03
-9.393742522397708399e+02 -4.262855826104137122e+02 1.303147103292367774e+03
-9.010993924411163789e+02 -4.518648537986350675e+02 1.286276256228522925e+03
-8.625526064055479765e+02 -4.725940319078811171e+02 1.268253342730855593e+03
-8.239288881736599706e+02 -4.879328418081197469e+02 1.249554129327167857e+03
-7.854192244783644128e+02 -4.974291085353759172e+02 1.230638382988069907e+03
-7.472209553708958083e+02 -5.007325822471797210e+02 1.211939324049048992e+03
-7.095465663352339334e+02 -4.976060367474617578e+02 1.193854443865232042e+03
-6.726299284970248209e+02 -4.879330457723904146e+02 1.176738486228142619e+03
-6.367291806812269215e+02 -4.717221166115737105e+02 1.160899165764101781e+03
-6.021257699590654511e+02 -4.491072466879520562e+02 1.146595779956036495e+03
-5.691195738445105690e+02 -4.203453574325928912e+02 1.134040311182060123e+03
-5.380204447619358916e+02 -3.858113298978749981e+02 1.123400067322866107e+03
-5.091368936801019345e+02 -3.459914148288659135e+02 1.114800573268442122e+03
-4.827629317824690816e+02 -3.014755971501448357e+02 1.108327429055042558e+03
-4.591642803872898071e+02 -2.529491536044470195e+02 1.104026205238561033e+03
-4.385652005250622096e+02 -2.011833129085615610e+02 1.101900076499645820e+03
-4.211370555202757942e+02 -1.470247545273969081e+02 1.101905655746847970e+03
-4.069893962595995163e+02 -9.138370949796683362e+01 1.103948173962610099e+03
-3.961639002949817154e+02 -3.522057848422764437e+01 1.107877527740738287e+03
-3.886310338133083633e+02 2.046886063238582665e+01 1.113486642573591325e+03
-3.842889943233124086e+02 7.466948845979220550e+01 1.120513121069925091e+03
-3.829644162072257814e+02 1.263639183227295462e+02 1.128644491810835916e+03
-3.844144765197701190e+02 1.745503773726825330e+02 1.137526801000918113e+03
-3.883303712779709258e+02 2.182610966726580841e+02 1.146775916154909282e+03
-3.943425391749196365e+02 2.565807864502193070e+02 1.155990727175681968e+03
-4.020283081725653460e+02 2.886646165284884091e+02 1.164767385790779144e+03
-4.109226330352420860e+02 3.137550155167774619e+02 1.172713786642738341e+03
-4.205322102880794546e+02 3.311966507445405909e+02 1.179463641265218030e+03
-4.303526317713239564e+02 3.404492087486307810e+02 1.184689687699258002e+03
-4.398876086110841470e+02 3.410979810262307979e+02 1.188115733805229411e+03
-4.486688676624648906e+02 3.328625701128518699e+02 1.189527282701881632e+03
-4.562751860616253907e+02 3.156040982509089190e+02 1.188780452489735353e+03
-4.623491711140053440e+02 2.893311270727228930e+02 1.185808877455423271e+03
-4.666107141121738096e+02 2.542042202964057083e+02 1.180628344772474975e+03
-4.688664218215235451e+02 2.105388293217531555e+02 1.173339073944063330e+03
-4.690146822172921475e+02 1.588059973131234983e+02 1.164125723672055074e+03
-4.670463482929559405e+02 9.963026475554465833e+01 1.153255346631738348e+03
-4.630413326024911385e+02 3.378412854720841096e+01 1.141073536801679666e+03
-4.571616606493758468e+02 -3.782152220683974519e+01 1.127998857018792478e+03
-4.496416882959627515e+02 -1.141513732625749071e+02 1.114515308184315018e+03
-4.407762541698709242e+02 -1.940641040686118686e+02 1.101162273319324186e+03
-4.309075761335290622e+02 -2.763348780225663859e+02 1.088521298979317635e+03
-4.204117631749746238e+02 -3.596810790993522460e+02 1.077199422857625905e+03
-4.096858632956378301e+02 -4.427901367033955466e+02 1.067809415923356937e+03
-3.991362861472725854e+02 -5.243481835917025364e+02 1.060947955295087240e+03
-3.891691428427081973e+02 -6.030684521081805087e+02 1.057173076146615131e+03
-3.801825931847693028e+02 -6.777186094185765342e+02 1.056982194036510236e+03
-3.725608587603597925e+02 -7.471464842244949978e+02 1.060791691654601891e+03
-3.666693045568724187e+02 -8.103037339342938594e+02 1.068918741831906573e+03
-3.628499436851612927e+02 -8.662669556036437370e+02 1.081565845858187004e+03
-3.614168215263289312e+02 -9.142556636816527771e+02 1.098808537227680063e+03
-3.626509280994380902e+02 -9.536465610253339946e+02 1.120586751753052567e+03
-3.667945244470346324e+02 -9.839836657608898349e+02 1.146700370829907115e+03
-3.740449933560624345e+02 -1.004984072368640909e+03 1.176809343476031245e+03
-3.845484934743935810e+02 -1.016539304602347784e+03 1.210438614004755436e+03
-3.983938069117320424e+02 -1.018712275559446425e+03 1.246987898408280898e+03
-4.156068393915580828e+02 -1.011729830016563710e+03 1.285746206363204465e+03
-4.361462600465523565e+02 -9.959708382642988909e+02 1.325910854257023630e+03
-4.599007360455395315e+02 -9.719500128258234781e+02 1.366610459510683540e+03
-4.866880970592334279e+02 -9.402981273668380027e+02 1.406931014196584783e+03
-5.162565445057658735e+02 -9.017400146542020138e+02 1.445943712108807404e+03
-5.482877373439757775e+02 -8.570722611098275365e+02 1.482732918135644013e+03
-5.824013277631847814e+02 -8.071425340021708053e+02 1.516422625638802401e+03
-6.181603872579107701e+02 -7.528318665531492115e+02 1.546199953656311209e+03
-6.550772162640898841e+02 -6.950402189696576443e+02 1.571334652217332859e+03
-6.926192479771870012e+02 -6.346746446756505975e+02 1.591194130987450762e+03
-7.302150390689931783e+02 -5.726387797152533494e+02 1.605254066734690241e+03
-7.672605707348554915e+02 -5.098222835290390549e+02 1.613105042539045598e+03
-8.031262151417085988e+02 -4.470892029228517686e+02 1.614455864698072901e+03
-8.371647857267839754e+02 -3.852647856304133711e+02 1.609134194279581607e+03
-8.687211139282378554e+02 -3.251208221879007851e+02 1.597084942399700594e+03
-8.971435506013451686e+02 -2.673600330080114418e+02 1.578366573164937108e+03
-9.217976348171529253e+02 -2.126003143348069671e+02 1.553145170170423626e+03
-9.420819117977472388e+02 -1.613598068107529571e+02 1.521686000802607168e+03
-9.574455530414264786e+02 -1.140437499583031240e+02 1.484342403412746989e+03
-9.674070583634407967e+02 -7.093394406828679166e+01 1.441542053189978105e+03
-9.715729326249548876e+02 -3.218138521265348118e+01 1.393770956582874987e+03
-9.696549250819928147e+02 2.197674931278356780e+00 1.341555861367306534e+03
-9.614843277451544736e+02 3.232227070300041305e+01 1.285446112827058414e+03
-9.470220159422708548e+02 5.844402347125617325e+01 1.225996225465762109e+03
-9.263633398452360552e+02 8.094127790765844566e+01 1.163750457476820429e+03
-8.997375346317386402e+02 1.003098843099885471e+02 1.099230455011645063e+03
-8.675018697990670944e+02 1.171501395822142513e+02 1.032926676735547517e+03
-8.301311723817020720e+02 1.321493046524544752e+02 9.652939432380212565e+02
-7.882035830378512173e+02 1.460594264191616958e+02 8.967511297927960641e+02
-7.423834854599444952e+02 1.596709077252553470e+02 8.276847059176868697e+02
-6.934025631582660480e+02 1.737831492415343746e+02 7.584555007789662113e+02
-6.420399266825490940e+02 1.891742983451213149e+02 6.894077903098857405e+02
-5.891022283321326540e+02 2.065724026928373860e+02 6.208796549162238989e+02
-5.354046248348631707e+02 2.266299181312986093e+02 5.532136003257726315e+02
-4.817533314514944891e+02 2.499026054876205762e+02 4.867666157004150023e+02
-4.289303101165927501e+02 2.768326990646203285e+02 4.219190207522786977e+02
-3.776803462771684963e+02 3.077353340573504283e+02 3.590815068049633965e+02
-3.287004185942156482e+02 3.427869426561298951e+02 2.986997171130116726e+02
-2.826309064440957286e+02 3.820147201413292350e+02 2.412556765074631357e+02
-2.400478794179085753e+02 4.252871181294181042e+02 1.872655082791358154e+02
-2.014555523254163631e+02 4.723063544347164679e+02 1.372732149376832922e+02
-1.672780900789005045e+02 5.226049003559764969e+02 9.184084298510043709e+01
-1.378504233371151315e+02 5.755486128997611104e+02 5.153605439868613303e+01
-1.134085400404065354e+02 6.303493281673579531e+02 1.691876578690198585e+01
-9.408055562988808163e+01 6.860889737093079930e+02 -1.147134414632017752e+01
-7.988033922819963095e+01 7.417554825908266594e+02 -3.312533987841095495e+01
-7.070533490054430104e+01 7.962883768303611305e+02 -4.757377143853628354e+01
-6.633948679614979937e+01 8.486295991909432814e+02 -5.439527372888677093e+01
-6.646110425692319268e+01 8.977738145916406438e+02 -5.322739981096091810e+01
-7.065446693010454737e+01 9.428124678589222185e+02 -4.378176673748291137e+01
-7.842336072768250688e+01 9.829673680244947036e+02 -2.586428695060300242e+01
-8.920480161174339173e+01 1.017611981761815969e+03 6.005459634374119560e-01
-1.023819078568791383e+02 1.046281147650473713e+03 3.554392618935963810e+01
-1.172958790746220075e+02 1.068671713733545857e+03 7.872894489803343276e+01
-1.332578582076534985e+02 1.084637139040885359e+03 1.297319380221257461e+02
-1.495617543252051291e+02 1.094178505979888996e+03 1.879312858320047326e+02
-1.654988384729476820e+02 1.097433313149242167e+03 2.525048729141105923e+02
-1.803742756153560549e+02 1.094662539241332070e+03 3.224364851376298020e+02
-1.935250023037403935e+02 1.086236083374216605e+03 3.965308042946078331e+02
-2.043377657571411419e+02 1.072616707159887028e+03 4.734362974912532991e+02
-2.122658847060170046e+02 1.054342823962425427e+03 5.516750520010771197e+02
-2.168434385484881659e+02 1.032010764099469725e+03 6.296783783248181408e+02
-2.176960849915374183e+02 1.006257419032070402e+03 7.058267652024339895e+02
-2.145483894247970511e+02 9.777443473303006840e+02 7.784925472982411065e+02
-2.072281891476261535e+02 9.471443852867594160e+02 8.460834961137784376e+02
-1.956688702813862619e+02 9.151314495755092366e+02 9.070855071389910336e+02
-1.799103640583011838e+02 8.823735946079241330e+02 9.601026340483549575e+02
-1.600992384158503228e+02 8.495287102182235230e+02 1.003892935799253564e+03
-1.364877286565042596e+02 8.172417703079845523e+02 1.037399011795746446e+03
-1.094311954012123351e+02 7.861423865528137185e+02 1.059772685022860060e+03
-7.938344014941640125e+01 7.568415259688450760e+02 1.070393886373994064e+03
-4.688949591455389054e+01 7.299264929573586187e+02 1.068884177306636047e+03
-1.257582366527526574e+01 7.059535779961739763e+02 1.055115389972442472e+03
2.286181824590016731e+01 6.854381213279375515e+02 1.029213568378628679e+03
5.867228586973283200e+01 6.688421131334438314e+02 9.915579023004972896e+02
9.406404721926719503e+01 6.565598036373406785e+02 9.427739062573380124e+02
1.282205912395886571e+02 6.489020998425622793e+02 8.837199669765020644e+02
1.603157497029890237e+02 6.460807929598390729e+02 8.154666869120846968e+02
1.895286918170775152e+02 6.481938852228865926e+02 7.392690920936978500e+02
2.150585900258845413e+02 6.552134089247541624e+02 6.565325023166965366e+02
2.361390835214726849e+02 6.669770957369659072e+02 5.687734404896691558e+02
2.520526498953589680e+02 6.831850467478348037e+02 4.775772614626570203e+02
2.621448781299662869e+02 7.034021929506625384e+02 3.845542227156393551e+02
2.658385091546268768e+02 7.270668553622233503e+02 2.912956163056671812e+02
2.626470601192407912e+02 7.535051541384733582e+02 1.993314607286296791e+02
2.521878915142420396e+02 7.819504288915359211e+02 1.100911807439636618e+02
2.341946097562455975e+02 8.115663339086353290e+02 2.486871283797819387e+01
2.085285567400248965e+02 8.414720759756718280e+02 -5.520643962299962482e+01
1.751887578011578057e+02 8.707685142893001284e+02 -1.291906346739347100e+02
1.343192202830232418e+02 8.985643682704701405e+02 -1.963386862955835568e+02
8.621216841990073476e+01 9.240021459877095822e+02 -2.561070563474298751e+02
3.130591347402805269e+01 9.462833031410103786e+02 -3.081482684538531203e+02
-2.982332221816189843e+01 9.646916622258283951e+02 -3.522984412930300664e+02
-9.647533497813725489e+01 9.786136638748596397e+02 -3.885606839802875356e+02
-1.678443558088547718e+02 9.875539802534827913e+02 -4.170871405409278054e+02
-2.430400873013420835e+02 9.911455301003117029e+02 -4.381616827560940237e+02
-3.211094880589025706e+02 9.891538362249590364e+02 -4.521839733749172865e+02
-4.010579507287293382e+02 9.814766019554873537e+02 -4.596544059108376814e+02
-4.818692447792906819e+02 9.681399442550399499e+02 -4.611587628974629069e+02
-5.625241372038990448e+02 9.492926562920040396e+02 -4.573515154364305317e+02
-6.420177890012678290e+02 9.251992884771649415e+02 -4.489373221742861233e+02
-7.193759741978410602e+02 8.962321472912959734e+02 -4.366510425922999730e+02
-7.936700866963042245e+02 8.628618936513454400e+02 -4.212370952672958992e+02
-8.640308641058632020e+02 8.256463471018112159e+02 -4.034291724776367118e+02
-9.296607271084216109e+02 7.852171968763163932e+02 -3.839312560402270265e+02
-9.898445652987740004e+02 7.422644241011132635e+02 -3.634006604271103242e+02
-1.043958694342106810e+03 6.975183407101470721e+02 -3.424335311612289843e+02
-1.091477608136915705e+03 6.517293400824441960e+02 -3.215529594997672120e+02
-1.131978142342608635e+03 6.056457867749284105e+02 -3.011997642379776607e+02
-1.165140826398407626e+03 5.599908735135978759e+02 -2.817260837448882285e+02
-1.190748502956553921e+03 5.154395737436698255e+02 -2.633921304234784202e+02
-1.208682619770621613e+03 4.725969057973110239e+02 -2.463666117428676898e+02
-1.218917837106589559e+03 4.319786523446950355e+02 -2.307312553353585827e+02
-1.221515691281042564e+03 3.939955792526257596e+02 -2.164895325131938080e+02
-1.216618012094614642e+03 3.589421188827639071e+02 -2.035791270232255101e+02
-1.204440633823525332e+03 3.269903563851857484e+02 -1.918871015225547580e+02
-1.185267700092663290e+03 2.981899081726384111e+02 -1.812662452264432886e+02
-1.159446599001549203e+03 2.724739040269187740e+02 -1.715508826202431010e+02
-1.127383364752789930e+03 2.496708295123483481e+02 -1.625705718128635908e+02
-1.089538319044285345e+03 2.295215194953881905e+02 -1.541606197168689505e+02
-1.046421793266152008e+03 2.117001793404120917e+02 -1.461690653103141813e+02
-9.985898863022654268e+02 1.958380123651144231e+02 -1.384605213759623439e+02
-9.466402769365968197e+02 1.815478994082930058e+02 -1.309178120482124541e+02
-8.912080759235537926e+02 1.684485979649317073e+02 -1.234425573750547755e+02
-8.329615677652426484e+02 1.561870354425507230e+02 -1.159556988702879607e+02
-7.725974803175768102e+02 1.444574040045994821e+02 -1.083985262297642294e+02
-7.108352010024947276e+02 1.330159237934066709e+02 -1.007342498459627222e+02
-6.484092521021270841e+02 1.216903768862671313e+02 -9.294975546402088185e+01
-5.860594464719816870e+02 1.103838775397934455e+02 -8.505697135916148000e+01
-5.245184713521956610e+02 9.907283195423019606e+01 -7.709325882219900450e+01
-4.644970926657233576e+02 8.779957024787660202e+01 -6.912031763927132033e+01
-4.066676066646946310e+02 7.666059283197165541e+01 -6.122121571751699776e+01
-3.516465042563162342e+02 6.579170052809757863e+01 -5.349533665189790099e+01
-2.999775179561497680e+02 5.535146278056930669e+01 -4.605136269047841324e+01
-2.521162634668048668e+02 4.550451090108049357e+01 -3.899885445883603552e+01
-2.084175610621619512e+02 3.640601785489945996e+01 -3.243939944102862682e+01
-1.691262893947236421e+02 2.818849299630369387e+01 -2.645849031724981160e+01
-1.343723854219612122e+02 2.095175817070469293e+01 -2.111917629030506305e+01
-1.041704028069870844e+02 1.475669170872799896e+01 -1.645817158938712055e+01
-7.842383961907702883e+01 9.622962475273197924e+00 -1.248465971376631956e+01
-5.693418716092591580e+01 5.530497984447606541e+00 -9.181634932622642964e+00
-3.941432581045987149e+01 2.423931514271657761e+00 -6.509327728986690431e+00
-2.550554392885263155e+01 2.189180848844216598e-01 -4.410065189865250090e+00
-1.479713949555836905e+01 -1.190871381016677333e+00 -2.813827475242334231e+00
-6.847329350993348385e+00 -1.927044078559333684e+00 -1.643811541787073338e+00
-1.204071966485614098e+00 -2.120594377145835097e+00 -8.215087199966433218e-01
2.575577985230125933e+00 -1.906879498744615375e+00 -2.710693317533809932e-01
4.908812446285772069e+00 -1.421168380544486354e+00 7.705552356031830641e-02
6.174022837190861424e+00 -7.943019789626077909e-01 2.831319469570985348e-01
