2.473772913217544556e-01 7.783513069152832031e-01 5.770387053489685059e-01
4.448094964027404785e-01 5.896127820014953613e-01 6.741670966148376465e-01
3.853783905506134033e-01 5.843508839607238770e-01 7.141551375389099121e-01
3.133662641048431396e-01 5.232466459274291992e-01 7.924737334251403809e-01
5.409521460533142090e-01 4.550811946392059326e-01 7.072990536689758301e-01
2.324951738119125366e-01 4.458094239234924316e-01 8.644073009490966797e-01
2.194266766309738159e-01 5.300561785697937012e-01 8.190801739692687988e-01
3.127791881561279297e-01 3.230189383029937744e-01 8.932121396064758301e-01
3.668902516365051270e-01 4.439943283796310425e-02 9.292040467262268066e-01
3.852947652339935303e-01 -1.541426498442888260e-02 9.226647615432739258e-01
5.260884761810302734e-01 -1.640291213989257812e-01 8.344611525535583496e-01
4.869839549064636230e-01 -1.598392724990844727e-01 8.586606383323669434e-01
5.983480811119079590e-01 -8.931216597557067871e-02 7.962429523468017578e-01
6.143359541893005371e-01 -2.702018618583679199e-01 7.413382530212402344e-01
5.326290726661682129e-01 -2.522741556167602539e-01 8.078762292861938477e-01
4.514471292495727539e-01 -2.300875484943389893e-01 8.621224164962768555e-01
5.192377567291259766e-01 -2.978213429450988770e-01 8.010584115982055664e-01
4.081317782402038574e-01 -2.827151119709014893e-01 8.680441975593566895e-01
2.751565277576446533e-01 -4.837816953659057617e-01 8.308093547821044922e-01
4.913133382797241211e-01 -5.644017457962036133e-01 6.633716225624084473e-01
2.976557016372680664e-01 -1.971405297517776489e-01 9.340967535972595215e-01
2.749328911304473877e-01 -1.201694831252098083e-01 9.539240598678588867e-01
2.007584720849990845e-01 -8.455386757850646973e-02 9.759849309921264648e-01
4.395922180265188217e-03 2.641642987728118896e-01 9.644676446914672852e-01
-7.821203023195266724e-02 5.244512557983398438e-01 8.478406071662902832e-01
-4.645659327507019043e-01 3.908482193946838379e-01 7.946169972419738770e-01
-5.036644935607910156e-01 5.359948873519897461e-01 6.775187849998474121e-01
-4.941250383853912354e-01 5.764344930648803711e-01 6.508177518844604492e-01
-4.394381940364837646e-01 6.246725320816040039e-01 6.455062031745910645e-01
-5.140419602394104004e-01 5.606439113616943359e-01 6.491836309432983398e-01
-5.955492258071899414e-01 4.162064194679260254e-01 6.870903968811035156e-01
-2.988856732845306396e-01 5.066230893135070801e-01 8.087029457092285156e-01
-4.510386586189270020e-01 4.646004140377044678e-01 7.620437145233154297e-01
-3.633564412593841553e-01 4.416873455047607422e-01 8.202952742576599121e-01
-3.665499687194824219e-01 3.884912729263305664e-01 8.454085588455200195e-01
-1.761430054903030396e-01 3.200449943542480469e-01 9.308838844299316406e-01
-3.582274913787841797e-01 1.481015682220458984e-01 9.218128919601440430e-01
-5.076166391372680664e-01 3.068864345550537109e-01 8.050751686096191406e-01
-4.722832739353179932e-01 3.575417995452880859e-01 8.056751489639282227e-01
-5.367236733436584473e-01 4.238993823528289795e-01 7.295458316802978516e-01
-4.873512387275695801e-01 6.400076746940612793e-01 5.940360426902770996e-01
-5.967985391616821289e-01 5.653633475303649902e-01 5.693819522857666016e-01
-5.224957466125488281e-01 5.823649764060974121e-01 6.227754354476928711e-01
-3.169438242912292480e-01 7.357363104820251465e-01 5.985303521156311035e-01
-4.671674370765686035e-01 8.105409741401672363e-01 3.532390296459197998e-01
-4.617229700088500977e-01 7.968205809593200684e-01 3.897292613983154297e-01
-5.556476712226867676e-01 8.199938535690307617e-01 1.373523622751235962e-01
-8.195710778236389160e-01 5.474608540534973145e-01 1.690856218338012695e-01
-6.964792013168334961e-01 7.171879410743713379e-01 2.362468838691711426e-02
-7.912937402725219727e-01 6.021348834037780762e-01 -1.062437593936920166e-01
-4.411227107048034668e-01 7.689161896705627441e-01 4.627945423126220703e-01
-3.091897666454315186e-01 9.026762843132019043e-01 2.992946803569793701e-01
-1.922294944524765015e-01 9.699738621711730957e-01 1.489918082952499390e-01
-1.101293712854385376e-01 9.888188242912292480e-01 1.005424186587333679e-01
-1.915724873542785645e-01 9.721037149429321289e-01 1.353301405906677246e-01
-8.164782077074050903e-02 9.940589070320129395e-01 7.197532802820205688e-02
4.167097806930541992e-02 9.990274906158447266e-01 1.440939679741859436e-02
8.528555184602737427e-02 9.929291605949401855e-01 -8.257146179676055908e-02
-8.417110890150070190e-03 9.662205576896667480e-01 -2.575793266296386719e-01
-1.854120567440986633e-02 9.633786082267761230e-01 -2.675028741359710693e-01
6.694488972425460815e-02 9.345202445983886719e-01 -3.495572507381439209e-01
1.629155874252319336e-02 8.935687541961669922e-01 -4.486306011676788330e-01
-1.360141485929489136e-01 7.864400148391723633e-01 -6.025050282478332520e-01
-2.550571262836456299e-01 7.478064894676208496e-01 -6.129692792892456055e-01
-1.326536238193511963e-01 9.240832328796386719e-01 -3.584315478801727295e-01
-2.380216121673583984e-01 9.120209217071533203e-01 -3.340114951133728027e-01
-3.163522854447364807e-02 9.319599270820617676e-01 -3.611784577369689941e-01
-1.887171878479421139e-03 9.450352787971496582e-01 -3.269628286361694336e-01
1.226823031902313232e-02 8.910498023033142090e-01 -4.537397921085357666e-01
1.903626173734664917e-01 6.779007911682128906e-01 -7.100793123245239258e-01
1.763648986816406250e-01 6.490241885185241699e-01 -7.400425672531127930e-01
1.073136031627655029e-01 7.197158932685852051e-01 -6.859248280525207520e-01
1.237748116254806519e-01 7.922726869583129883e-01 -5.974811911582946777e-01
1.777458190917968750e-01 8.365522623062133789e-01 -5.182536244392395020e-01
1.933991611003875732e-01 7.039825916290283203e-01 -6.833778619766235352e-01
3.677840232849121094e-01 7.161934375762939453e-01 -5.931288599967956543e-01
3.492665886878967285e-01 7.657397985458374023e-01 -5.400512814521789551e-01
4.120318293571472168e-01 6.679825186729431152e-01 -6.197007894515991211e-01
4.475818872451782227e-01 5.217096805572509766e-01 -7.262846827507019043e-01
4.802275300025939941e-01 4.199249446392059326e-01 -7.700938582420349121e-01
4.354766011238098145e-01 4.714582264423370361e-01 -7.668684720993041992e-01
4.676626920700073242e-01 4.397613108158111572e-01 -7.667474746704101562e-01
5.173206329345703125e-01 2.212609350681304932e-01 -8.266940712928771973e-01
6.114649176597595215e-01 6.311042606830596924e-02 -7.887507081031799316e-01
5.502085089683532715e-01 1.172026842832565308e-01 -8.267613053321838379e-01
5.350154042243957520e-01 9.199985861778259277e-02 -8.398181200027465820e-01
5.361896753311157227e-01 1.749536991119384766e-01 -8.257673978805541992e-01
5.122174024581909180e-01 1.377830207347869873e-01 -8.477318286895751953e-01
4.829254448413848877e-01 1.294881701469421387e-01 -8.660345077514648438e-01
4.656233489513397217e-01 1.670907586812973022e-01 -8.690659403800964355e-01
4.674579501152038574e-01 1.746566742658615112e-01 -8.665899038314819336e-01
3.849242329597473145e-01 1.373283565044403076e-01 -9.126742482185363770e-01
3.884644210338592529e-01 1.140997558832168579e-01 -9.143722653388977051e-01
3.653460443019866943e-01 1.147276014089584351e-01 -9.237748384475708008e-01
3.579515516757965088e-01 7.353482395410537720e-02 -9.308401346206665039e-01
3.303150236606597900e-01 2.225964417448267341e-04 -9.438707232475280762e-01
3.286894261837005615e-01 -7.505820691585540771e-02 -9.414507746696472168e-01
2.868679463863372803e-01 -1.907345801591873169e-01 -9.387902021408081055e-01
1.997618973255157471e-01 -1.874923855066299438e-01 -9.617389440536499023e-01
1.323947906494140625e-01 -1.516800820827484131e-01 -9.795227646827697754e-01
2.016687244176864624e-01 -1.056032925844192505e-01 -9.737440943717956543e-01
3.378752171993255615e-01 1.779854297637939453e-02 -9.410225749015808105e-01
4.144387245178222656e-01 1.002996638417243958e-01 -9.045332670211791992e-01
3.984098136425018311e-01 9.122850000858306885e-02 -9.126592874526977539e-01
4.135020077228546143e-01 1.449913829565048218e-01 -8.988846540451049805e-01
3.098493814468383789e-01 1.001245304942131042e-01 -9.454990029335021973e-01
3.010132610797882080e-01 1.287703365087509155e-01 -9.448858499526977539e-01
1.945348531007766724e-01 5.501522123813629150e-02 -9.793515801429748535e-01
2.444258481264114380e-01 5.981478607282042503e-04 -9.696677923202514648e-01
2.489856779575347900e-01 7.801716681569814682e-03 -9.684756994247436523e-01
2.487341463565826416e-01 1.377491503953933716e-01 -9.587265253067016602e-01
-1.464212080463767052e-03 8.740259706974029541e-02 -9.961720108985900879e-01
-3.393844142556190491e-02 -2.693250961601734161e-02 -9.990609288215637207e-01
-6.658373773097991943e-02 -1.230468600988388062e-01 -9.901646971702575684e-01
-1.930967271327972412e-01 -2.539547979831695557e-01 -9.477450251579284668e-01
-2.111463546752929688e-01 -3.749457597732543945e-01 -9.026808738708496094e-01
-2.940391004085540771e-01 -4.199542999267578125e-01 -8.585914969444274902e-01
-3.077399134635925293e-01 -4.035180807113647461e-01 -8.616665601730346680e-01
-4.672316014766693115e-01 -4.291737377643585205e-01 -7.729841470718383789e-01
-4.718486964702606201e-01 -5.745490193367004395e-01 -6.687691807746887207e-01
-5.071868300437927246e-01 -6.695085763931274414e-01 -5.426968336105346680e-01
-4.121527373790740967e-01 -6.373927593231201172e-01 -6.510457396507263184e-01
-4.393164813518524170e-01 -6.956893801689147949e-01 -5.683460831642150879e-01
-3.909387290477752686e-01 -7.933889031410217285e-01 -4.665843844413757324e-01
-4.169424772262573242e-01 -8.608917593955993652e-01 -2.915893495082855225e-01
-4.461611807346343994e-01 -8.045656085014343262e-01 -3.919366300106048584e-01
-4.675799906253814697e-01 -7.735172510147094727e-01 -4.278318583965301514e-01
-4.374620616436004639e-01 -8.214788436889648438e-01 -3.657859265804290771e-01
-5.338233709335327148e-01 -8.135688900947570801e-01 -2.305173128843307495e-01
-5.490385293960571289e-01 -8.284491896629333496e-01 -1.105832904577255249e-01
-5.883272290229797363e-01 -7.640770673751831055e-01 -2.646835446357727051e-01
-4.396838545799255371e-01 -8.621498942375183105e-01 -2.517453134059906006e-01
-4.824232459068298340e-01 -8.329232335090637207e-01 -2.711212337017059326e-01
-5.424220561981201172e-01 -8.292203545570373535e-01 -1.348034590482711792e-01
-5.977940559387207031e-01 -7.751623988151550293e-01 -2.043663412332534790e-01
-5.770078897476196289e-01 -8.133410811424255371e-01 -7.441906630992889404e-02
-5.463528037071228027e-01 -8.147391676902770996e-01 -1.941615492105484009e-01
-5.592290163040161133e-01 -8.224646449089050293e-01 -1.039939075708389282e-01
-6.212835311889648438e-01 -7.150413990020751953e-01 -3.205037117004394531e-01
-5.579806566238403320e-01 -8.282454609870910645e-01 -5.164390802383422852e-02
-5.011431574821472168e-01 -8.532755970954895020e-01 1.441404670476913452e-01
-6.837646365165710449e-01 -6.049240827560424805e-01 4.080842733383178711e-01
-6.533990502357482910e-01 -2.679263949394226074e-01 7.080150246620178223e-01
-2.868967950344085693e-01 -5.646718740463256836e-01 7.738448977470397949e-01
2.859277129173278809e-01 -9.536420106887817383e-01 -9.387398511171340942e-02
6.055392622947692871e-01 -7.454729676246643066e-01 2.785536944866180420e-01
5.344393253326416016e-01 -5.782240033149719238e-01 6.164671182632446289e-01
3.169626891613006592e-01 -3.145014345645904541e-01 8.947756290435791016e-01
1.787861585617065430e-01 -1.664166301488876343e-01 9.697117805480957031e-01
4.978028312325477600e-02 -7.996858097612857819e-03 9.987280964851379395e-01
-9.426169097423553467e-02 -2.631544321775436401e-02 9.951995611190795898e-01
-7.035940885543823242e-02 9.525651484727859497e-02 9.929631352424621582e-01
-2.819474935531616211e-01 1.565975695848464966e-02 9.593020081520080566e-01
-4.126846790313720703e-01 4.342173412442207336e-02 9.098383784294128418e-01
-3.516652882099151611e-01 -1.041673719882965088e-01 9.303121566772460938e-01
-3.190516233444213867e-01 -3.346683382987976074e-01 8.866810202598571777e-01
-3.515237569808959961e-01 -2.100043231621384621e-03 9.361766576766967773e-01
-6.822475045919418335e-02 -3.548162281513214111e-01 9.324434995651245117e-01
1.696149259805679321e-01 -2.918624579906463623e-01 9.413006901741027832e-01
4.002121686935424805e-01 -2.282128483057022095e-01 8.875523209571838379e-01
3.607080578804016113e-01 -1.684188842773437500e-01 9.173465967178344727e-01
4.797216653823852539e-01 -3.196592032909393311e-01 8.171200156211853027e-01
4.519170820713043213e-01 -3.848879635334014893e-01 8.047559857368469238e-01
3.881600201129913330e-01 -3.521956801414489746e-01 8.516396284103393555e-01
4.373222589492797852e-01 -2.937905490398406982e-01 8.499625325202941895e-01
3.805160224437713623e-01 -2.505418360233306885e-01 8.901888728141784668e-01
3.085058927536010742e-01 -2.946958541870117188e-01 9.044215679168701172e-01
3.600161373615264893e-01 -1.527280360460281372e-01 9.203600287437438965e-01
4.450838267803192139e-01 -2.541565336287021637e-02 8.951281905174255371e-01
2.069352120161056519e-01 1.674067974090576172e-01 9.639257192611694336e-01
1.189971864223480225e-01 4.634187817573547363e-01 8.781131505966186523e-01
4.351781308650970459e-01 5.554761886596679688e-01 7.085661888122558594e-01
3.264743089675903320e-01 -5.377822369337081909e-02 9.436749815940856934e-01
4.034503698348999023e-01 -3.555313646793365479e-01 8.431045413017272949e-01
6.184878945350646973e-01 -3.051514029502868652e-01 7.241238355636596680e-01
5.677156448364257812e-01 -6.335009336471557617e-01 5.257142186164855957e-01
2.416304945945739746e-01 -3.330033421516418457e-01 9.114403128623962402e-01
4.504851102828979492e-01 -4.179891943931579590e-01 7.888905405998229980e-01
1.002303436398506165e-01 -3.365417122840881348e-01 9.363191127777099609e-01
4.924041777849197388e-02 -3.130434453487396240e-01 9.484614729881286621e-01
6.450798362493515015e-02 -1.955853551626205444e-01 9.785627126693725586e-01
-4.197665676474571228e-02 -7.473476976156234741e-02 9.963195919990539551e-01
-2.401965111494064331e-02 -1.684703528881072998e-01 9.854140281677246094e-01
-7.777949422597885132e-02 -3.398299217224121094e-01 9.372652173042297363e-01
7.850554771721363068e-03 -3.004879355430603027e-01 9.537532925605773926e-01
3.415463864803314209e-02 -4.486619234085083008e-01 8.930485844612121582e-01
1.057346686720848083e-01 -5.432516336441040039e-01 8.328852653503417969e-01
1.616836935281753540e-01 -2.888156771659851074e-01 9.436333775520324707e-01
2.837993502616882324e-01 -5.922436714172363281e-02 9.570529460906982422e-01
2.647969722747802734e-01 -8.819013833999633789e-03 9.642638564109802246e-01
3.666579425334930420e-01 -8.069387823343276978e-02 9.268497228622436523e-01
2.130986452102661133e-01 3.541799634695053101e-02 9.763885140419006348e-01
2.778155803680419922e-01 7.069519162178039551e-02 9.580295681953430176e-01
1.658841818571090698e-01 5.437621101737022400e-02 9.846449494361877441e-01
7.280803471803665161e-02 1.005928739905357361e-01 9.922600984573364258e-01
8.039144426584243774e-02 2.916849553585052490e-01 9.531301259994506836e-01
-1.605454366654157639e-03 3.445204496383666992e-01 9.387774467468261719e-01
-2.250923076644539833e-03 5.255075097084045410e-01 8.507859706878662109e-01
-1.942049562931060791e-01 4.953617751598358154e-01 8.467001318931579590e-01
-6.662713289260864258e-01 4.378379881381988525e-01 6.036393642425537109e-01
-5.910874605178833008e-01 5.368583202362060547e-01 6.019956469535827637e-01
-6.829578280448913574e-01 3.121443688869476318e-01 6.604048609733581543e-01
-5.546379685401916504e-01 3.198697268962860107e-01 7.681536078453063965e-01
-4.275873601436614990e-01 4.605026841163635254e-01 7.778857946395874023e-01
-5.623131990432739258e-01 5.874001979827880859e-01 5.820351243019104004e-01
-8.178769946098327637e-01 4.967562258243560791e-01 2.903627157211303711e-01
-5.042578577995300293e-01 2.883368432521820068e-01 8.139938712120056152e-01
-3.661890029907226562e-01 2.763851583003997803e-01 8.885475397109985352e-01
-2.188355326652526855e-01 7.600851356983184814e-02 9.727969169616699219e-01
-5.984320119023323059e-02 -6.407359838485717773e-01 7.654255032539367676e-01
-2.234270330518484116e-03 -5.978282690048217773e-01 8.016211390495300293e-01
-2.577919512987136841e-02 -5.186352133750915527e-01 8.546069264411926270e-01
-2.091746628284454346e-01 -2.477791905403137207e-01 9.459658861160278320e-01
-4.096564650535583496e-01 -2.882496714591979980e-01 8.655019998550415039e-01
-4.877363145351409912e-01 -4.971269890666007996e-02 8.715743422508239746e-01
-3.931536078453063965e-01 -2.893083170056343079e-02 9.190175533294677734e-01
-5.883261561393737793e-01 2.793541550636291504e-01 7.588369846343994141e-01
-7.078291177749633789e-01 4.587027132511138916e-01 5.371869206428527832e-01
-7.245631814002990723e-01 5.334827303886413574e-01 4.363534450531005859e-01
-7.082049846649169922e-01 7.009853124618530273e-01 -8.405560255050659180e-02
-5.348259210586547852e-01 8.424963951110839844e-01 -6.450714915990829468e-02
-4.422478079795837402e-01 8.944994807243347168e-01 -6.547904014587402344e-02
-4.517404735088348389e-01 8.907526731491088867e-01 4.990234971046447754e-02
-5.072851181030273438e-01 8.583891391754150391e-01 -7.635372877120971680e-02
-5.526512265205383301e-01 8.323907256126403809e-01 -4.125949740409851074e-02
-4.713930785655975342e-01 8.819187879562377930e-01 -2.774887485429644585e-03
-4.060534238815307617e-01 8.938961029052734375e-01 -1.899220943450927734e-01
-4.028568863868713379e-01 9.005563259124755859e-01 -1.634157449007034302e-01
-2.509212791919708252e-01 9.677783250808715820e-01 -2.106305584311485291e-02
-3.092662990093231201e-01 9.501560926437377930e-01 3.946844115853309631e-02
-3.810584247112274170e-01 9.245148301124572754e-01 -8.179143071174621582e-03
-3.890736103057861328e-01 8.927367925643920898e-01 2.272504866123199463e-01
-2.325015813112258911e-01 9.677628874778747559e-01 9.684028476476669312e-02
-1.096563339233398438e-01 9.657591581344604492e-01 2.351269572973251343e-01
-7.824136316776275635e-02 9.963226318359375000e-01 3.492093458771705627e-02
3.978568315505981445e-02 9.858011603355407715e-01 -1.631354242563247681e-01
-9.528533369302749634e-02 9.662948846817016602e-01 -2.391547560691833496e-01
-1.374551951885223389e-01 9.847845435142517090e-01 -1.063274070620536804e-01
-1.253788322210311890e-01 9.187171459197998047e-01 -3.744849860668182373e-01
-5.720565095543861389e-02 9.231752753257751465e-01 -3.800984919071197510e-01
2.113227918744087219e-02 9.136872887611389160e-01 -4.058683216571807861e-01
1.510823145508766174e-02 9.238426685333251953e-01 -3.824740052223205566e-01
5.484318360686302185e-02 9.849105477333068848e-01 -1.641447991132736206e-01
1.525455061346292496e-02 9.799970984458923340e-01 -1.984259337186813354e-01
9.545351564884185791e-02 9.528237581253051758e-01 -2.881239950656890869e-01
-4.468310624361038208e-02 9.758843779563903809e-01 -2.136656939983367920e-01
-7.676888257265090942e-03 9.950870871543884277e-01 -9.870507568120956421e-02
9.526582434773445129e-03 9.994183778762817383e-01 -3.274345770478248596e-02
9.511052072048187256e-02 9.719977974891662598e-01 -2.148823291063308716e-01
1.277363598346710205e-01 9.236150979995727539e-01 -3.614120483398437500e-01
1.091770008206367493e-01 9.352325201034545898e-01 -3.367795944213867188e-01
2.215695232152938843e-01 8.648459315299987793e-01 -4.504979848861694336e-01
1.121174693107604980e-01 8.643630146980285645e-01 -4.902102649211883545e-01
2.222657799720764160e-01 8.215312957763671875e-01 -5.250563025474548340e-01
2.305828481912612915e-01 7.644009590148925781e-01 -6.020985841751098633e-01
1.007134318351745605e-01 7.401384711265563965e-01 -6.648697853088378906e-01
2.237268090248107910e-01 7.947054505348205566e-01 -5.642603039741516113e-01
3.267925381660461426e-01 6.261541247367858887e-01 -7.079107761383056641e-01
5.604714155197143555e-01 5.333948731422424316e-01 -6.335312128067016602e-01
8.243902921676635742e-01 4.943864643573760986e-01 2.756134271621704102e-01
7.102571725845336914e-01 -1.820773184299468994e-01 6.799872517585754395e-01
4.378046989440917969e-01 -3.282360434532165527e-01 8.370114564895629883e-01
4.734371006488800049e-01 -3.724824488162994385e-01 7.981942296028137207e-01
4.044069349765777588e-01 -4.252913296222686768e-01 8.096803426742553711e-01
3.968089222908020020e-01 -4.497391879558563232e-01 8.001732826232910156e-01
4.315439462661743164e-01 -4.445874691009521484e-01 7.849279046058654785e-01
4.744642078876495361e-01 -6.217513680458068848e-01 6.231443881988525391e-01
4.744642078876495361e-01 -6.217513680458068848e-01 6.231443881988525391e-01
4.744642078876495361e-01 -6.217513680458068848e-01 6.231443881988525391e-01
8.505089879035949707e-01 -4.844278991222381592e-01 -2.048513740301132202e-01
9.305137991905212402e-01 -2.955220937728881836e-01 2.163580656051635742e-01
8.490366339683532715e-01 -2.431775629520416260e-01 4.690432548522949219e-01
9.379770755767822266e-01 -1.537051647901535034e-01 -3.107629418373107910e-01
8.360108733177185059e-01 -1.031013950705528259e-01 -5.389395952224731445e-01
9.770079255104064941e-01 -8.905105292797088623e-02 -1.937146931886672974e-01
8.358349800109863281e-01 -1.942081935703754425e-02 -5.486372709274291992e-01
8.206692337989807129e-01 2.447222359478473663e-02 -5.708793401718139648e-01
8.323240876197814941e-01 5.995415151119232178e-02 -5.510372519493103027e-01
6.469364166259765625e-01 1.487890332937240601e-01 -7.478870153427124023e-01
5.295143723487854004e-01 1.421751528978347778e-01 -8.363018035888671875e-01
4.730516076087951660e-01 1.098082214593887329e-01 -8.741649985313415527e-01
4.076877236366271973e-01 1.359411776065826416e-01 -9.029455780982971191e-01
2.698151171207427979e-01 7.249953597784042358e-02 -9.601789712905883789e-01
3.071570396423339844e-01 5.433779209852218628e-02 -9.501063227653503418e-01
3.999268114566802979e-01 -7.311517745256423950e-02 -9.136261343955993652e-01
3.746545016765594482e-01 -9.964045137166976929e-02 -9.217948317527770996e-01
4.056571125984191895e-01 5.608490854501724243e-02 -9.123030304908752441e-01
4.517904222011566162e-01 1.158944815397262573e-01 -8.845642805099487305e-01
4.807699620723724365e-01 4.480984061956405640e-02 -8.757010698318481445e-01
4.597452878952026367e-01 1.023022159934043884e-01 -8.821386694908142090e-01
3.911322355270385742e-01 1.271475702524185181e-01 -9.115092754364013672e-01
4.248192310333251953e-01 1.065699383616447449e-01 -8.989835381507873535e-01
3.581461310386657715e-01 4.356976971030235291e-02 -9.326483607292175293e-01
3.713731169700622559e-01 7.844666019082069397e-03 -9.284505248069763184e-01
2.973501682281494141e-01 -1.966443378478288651e-03 -9.547663927078247070e-01
3.150505423545837402e-01 8.216506987810134888e-02 -9.455115795135498047e-01
3.433855175971984863e-01 4.232570528984069824e-02 -9.382403492927551270e-01
3.990584611892700195e-01 -4.459501430392265320e-02 -9.158403873443603516e-01
3.689586818218231201e-01 -6.150124222040176392e-02 -9.274088144302368164e-01
4.268552362918853760e-01 2.191446349024772644e-02 -9.040544033050537109e-01
4.446631669998168945e-01 5.752389505505561829e-02 -8.938487768173217773e-01
4.558280110359191895e-01 4.546138271689414978e-02 -8.889061212539672852e-01
3.929402828216552734e-01 2.842990681529045105e-02 -9.191244244575500488e-01
3.704243302345275879e-01 2.021534182131290436e-02 -9.286426305770874023e-01
3.668909072875976562e-01 3.863056004047393799e-02 -9.294615387916564941e-01
4.004479646682739258e-01 -9.730442427098751068e-03 -9.162678122520446777e-01
2.673174440860748291e-01 -1.546085719019174576e-02 -9.634844064712524414e-01
3.186970949172973633e-01 -5.383127555251121521e-02 -9.463267326354980469e-01
3.099613785743713379e-01 -1.345499884337186813e-02 -9.506539702415466309e-01
3.274945020675659180e-01 5.662093684077262878e-02 -9.431549906730651855e-01
3.670774102210998535e-01 -1.117405854165554047e-02 -9.301233291625976562e-01
3.724101781845092773e-01 3.284009173512458801e-03 -9.280624389648437500e-01
2.843022048473358154e-01 -5.904479697346687317e-02 -9.569148421287536621e-01
2.103762179613113403e-01 6.585249304771423340e-02 -9.754000306129455566e-01
-2.764047496020793915e-02 1.476762443780899048e-01 -9.886494278907775879e-01
-1.126346215605735779e-01 1.606898009777069092e-02 -9.935065507888793945e-01
-2.768204808235168457e-01 -1.030407249927520752e-01 -9.553811550140380859e-01
-2.689020931720733643e-01 -4.255295917391777039e-02 -9.622270464897155762e-01
-1.848729699850082397e-01 1.882689073681831360e-02 -9.825820326805114746e-01
-4.772444963455200195e-01 -1.826034039258956909e-01 -8.595892786979675293e-01
-3.590925335884094238e-01 -1.777631938457489014e-01 -9.162165522575378418e-01
-2.499155998229980469e-01 -2.147853970527648926e-01 -9.441448450088500977e-01
-4.269891977310180664e-01 -5.753300786018371582e-01 -6.976212859153747559e-01
-5.113526582717895508e-01 -6.365496516227722168e-01 -5.773414373397827148e-01
-4.652813374996185303e-01 -7.099279761314392090e-01 -5.286922454833984375e-01
-3.205547332763671875e-01 -9.401217699050903320e-01 -1.158263459801673889e-01
6.980077177286148071e-02 -8.672397136688232422e-01 4.929737746715545654e-01
5.276419520378112793e-01 -5.154504776000976562e-01 6.752072572708129883e-01
3.691121339797973633e-01 -4.529187381267547607e-01 8.115546107292175293e-01
3.738663494586944580e-01 -3.543000817298889160e-01 8.571437597274780273e-01
3.760229945182800293e-01 -3.426982462406158447e-01 8.609091639518737793e-01
4.231871366500854492e-01 -3.651552796363830566e-01 8.292009830474853516e-01
1.854072958230972290e-01 -7.144449949264526367e-01 6.746795177459716797e-01
-4.059081971645355225e-01 -8.676034212112426758e-01 2.872328460216522217e-01
-5.152549743652343750e-01 -8.262258172035217285e-01 2.277349084615707397e-01
-4.810082316398620605e-01 -8.541223406791687012e-01 1.977531462907791138e-01
-5.069789886474609375e-01 -8.569737672805786133e-01 9.256536513566970825e-02
-4.949646294116973877e-01 -8.650733232498168945e-01 8.159709721803665161e-02
-3.990532159805297852e-01 -9.055673480033874512e-01 1.438899189233779907e-01
-3.847201764583587646e-01 -8.385460972785949707e-01 3.857860267162322998e-01
-5.594295263290405273e-01 -7.877312898635864258e-01 2.579110264778137207e-01
-5.858269929885864258e-01 -8.004657626152038574e-01 -1.267332285642623901e-01
-5.522069931030273438e-01 -8.295199871063232422e-01 -8.345074951648712158e-02
2.432418763637542725e-01 -6.342726349830627441e-01 7.338471412658691406e-01
4.956220984458923340e-01 -4.396207928657531738e-01 7.490609884262084961e-01
5.164741277694702148e-01 -5.618377327919006348e-01 6.462143063545227051e-01
4.731999337673187256e-01 -6.009209156036376953e-01 6.441861987113952637e-01
4.941000938415527344e-01 -6.707568168640136719e-01 5.531278252601623535e-01
5.028057098388671875e-01 -6.620246767997741699e-01 5.557965040206909180e-01
5.066999793052673340e-01 -6.800959706306457520e-01 5.298345088958740234e-01
5.375200510025024414e-01 -6.417146921157836914e-01 5.470597743988037109e-01
5.240371227264404297e-01 -5.986279249191284180e-01 6.058297157287597656e-01
4.676888287067413330e-01 -5.459951162338256836e-01 6.950945854187011719e-01
5.643873810768127441e-01 -5.457004308700561523e-01 6.194173693656921387e-01
4.744642078876495361e-01 -6.217513680458068848e-01 6.231443881988525391e-01
4.744642078876495361e-01 -6.217513680458068848e-01 6.231443881988525391e-01
3.309791982173919678e-01 -6.191982030868530273e-01 7.120719552040100098e-01
2.119103968143463135e-01 -5.561093688011169434e-01 8.036394715309143066e-01
1.958868056535720825e-01 -4.514387845993041992e-01 8.705351352691650391e-01
1.605075746774673462e-01 -4.216548204421997070e-01 8.924373388290405273e-01
2.918500006198883057e-01 -4.095306098461151123e-01 8.643542528152465820e-01
4.539116024971008301e-01 -2.446962147951126099e-01 8.567893505096435547e-01
2.915208935737609863e-01 -2.938031852245330811e-01 9.103270769119262695e-01
3.880688548088073730e-01 -1.349657624959945679e-01 9.116945266723632812e-01
4.218472838401794434e-01 -1.431770175695419312e-01 8.952905535697937012e-01
6.017745733261108398e-01 -1.033120751380920410e-01 7.919557690620422363e-01
5.579627752304077148e-01 -1.645794808864593506e-01 8.133825659751892090e-01
4.803262352943420410e-01 -1.735405027866363525e-01 8.597501516342163086e-01
4.555808901786804199e-01 -3.288447856903076172e-01 8.272286057472229004e-01
2.744940221309661865e-01 -2.251553088426589966e-01 9.348572492599487305e-01
2.609569132328033447e-01 -9.032250940799713135e-02 9.611156582832336426e-01
2.513964474201202393e-01 -3.172998875379562378e-02 9.673639535903930664e-01
3.002432286739349365e-01 -6.724923849105834961e-02 9.514890909194946289e-01
2.655326128005981445e-01 1.686738687567412853e-03 9.641003608703613281e-01
2.662715315818786621e-01 -6.822735071182250977e-02 9.614803791046142578e-01
1.879936456680297852e-01 -7.289443165063858032e-02 9.794614911079406738e-01
8.341285586357116699e-02 -6.930824369192123413e-02 9.941019415855407715e-01
5.110647901892662048e-02 4.187921062111854553e-02 9.978147149085998535e-01
9.639566391706466675e-02 2.007857151329517365e-02 9.951405525207519531e-01
1.183514446020126343e-01 3.357534855604171753e-02 9.924039244651794434e-01
1.032959073781967163e-01 -2.343686074018478394e-01 9.666444063186645508e-01
1.754397898912429810e-01 -2.268042564392089844e-01 9.580087661743164062e-01
1.392440944910049438e-01 -1.291651576757431030e-01 9.817980527877807617e-01
1.012749075889587402e-01 -2.641592025756835938e-01 9.591472148895263672e-01
1.703255176544189453e-01 -1.302097886800765991e-01 9.767469763755798340e-01
1.864392161369323730e-01 1.205349862575531006e-01 9.750444889068603516e-01
5.434010922908782959e-02 1.258794814348220825e-01 9.905561208724975586e-01
5.099941790103912354e-02 1.790603250265121460e-01 9.825153946876525879e-01
-4.342197254300117493e-02 1.523364931344985962e-01 9.873743653297424316e-01
-1.191803514957427979e-01 2.157530933618545532e-01 9.691474437713623047e-01
-9.347183257341384888e-02 2.998774647712707520e-01 9.493874311447143555e-01
-2.167990952730178833e-01 2.660495638847351074e-01 9.392634034156799316e-01
-1.968943029642105103e-01 1.970647573471069336e-01 9.604155421257019043e-01
-2.258163392543792725e-01 6.871690750122070312e-01 6.905111074447631836e-01
-4.157846271991729736e-01 7.268933653831481934e-01 5.465795397758483887e-01
-3.641005754470825195e-01 7.479110360145568848e-01 5.550313591957092285e-01
-3.188875317573547363e-01 7.462670803070068359e-01 5.842910408973693848e-01
-3.349532186985015869e-01 6.723493933677673340e-01 6.601155400276184082e-01
-3.547056615352630615e-01 6.633301377296447754e-01 6.589210629463195801e-01
-3.540171086788177490e-01 7.416399717330932617e-01 5.697736740112304688e-01
-7.103229165077209473e-01 5.473639965057373047e-01 4.425313770771026611e-01
-6.287552118301391602e-01 5.411853790283203125e-01 5.583772659301757812e-01
-7.819083333015441895e-01 2.914780080318450928e-01 5.510535836219787598e-01
-9.153751730918884277e-01 -1.036556586623191833e-01 3.890292048454284668e-01
-8.802413344383239746e-01 -1.726654917001724243e-01 4.419974684715270996e-01
-8.580992221832275391e-01 -1.793586015701293945e-01 4.811406135559082031e-01
-9.306971430778503418e-01 1.665414869785308838e-01 3.256787061691284180e-01
-9.313266277313232422e-01 3.638375401496887207e-01 1.590481959283351898e-02
-8.450281023979187012e-01 5.018116235733032227e-01 -1.846960484981536865e-01
-7.880778312683105469e-01 5.935554504394531250e-01 -1.631725132465362549e-01
-7.670215964317321777e-01 6.411361098289489746e-01 -2.494793012738227844e-02
-7.028926610946655273e-01 6.957199573516845703e-01 -1.480392813682556152e-01
-8.295294046401977539e-01 5.488876104354858398e-01 -1.029722243547439575e-01
-8.140635490417480469e-01 3.241876363754272461e-01 -4.818743467330932617e-01
-9.074898362159729004e-01 2.123176604509353638e-01 -3.624686598777770996e-01
-6.050753593444824219e-01 3.092013597488403320e-01 -7.336745858192443848e-01
-3.638601601123809814e-01 1.654197573661804199e-01 -9.166472554206848145e-01
-3.897117972373962402e-01 8.300903439521789551e-02 -9.171882271766662598e-01
-5.195899009704589844e-01 5.417129397392272949e-01 -6.607370376586914062e-01
-5.677527189254760742e-01 6.601953506469726562e-01 -4.917306005954742432e-01
-4.952641725540161133e-01 8.277949690818786621e-01 -2.635694742202758789e-01
-2.909359037876129150e-01 9.376626014709472656e-01 -1.901189386844635010e-01
-2.072872966527938843e-01 9.274894595146179199e-01 -3.111193180084228516e-01
-1.239725053310394287e-01 9.344409704208374023e-01 -3.338426947593688965e-01
-9.088546037673950195e-02 9.625390768051147461e-01 -2.554571330547332764e-01
-9.447723627090454102e-02 9.569092392921447754e-01 -2.745884060859680176e-01
-1.217691004276275635e-01 9.633907079696655273e-01 -2.388527691364288330e-01
5.154006183147430420e-02 9.658510088920593262e-01 -2.539201974868774414e-01
1.776978075504302979e-01 9.343723654747009277e-01 -3.088231980800628662e-01
2.918507345020771027e-02 9.255682826042175293e-01 -3.774540126323699951e-01
3.564039245247840881e-02 9.377109408378601074e-01 -3.455834686756134033e-01
9.825447946786880493e-02 9.189597964286804199e-01 -3.819146752357482910e-01
3.993641957640647888e-02 9.219505190849304199e-01 -3.852433264255523682e-01
1.507036853581666946e-02 8.941029906272888184e-01 -4.476078152656555176e-01
-1.679370924830436707e-02 8.729218244552612305e-01 -4.875710010528564453e-01
3.711263881996273994e-03 7.980295419692993164e-01 -6.026068925857543945e-01
7.326704263687133789e-02 7.209322452545166016e-01 -6.891216039657592773e-01
1.585811227560043335e-01 6.740785241127014160e-01 -7.214362025260925293e-01
2.073018997907638550e-01 6.198467612266540527e-01 -7.568460106849670410e-01
2.632474005222320557e-01 4.303561449050903320e-01 -8.634201288223266602e-01
4.248923957347869873e-01 4.798816442489624023e-01 -7.675806283950805664e-01
5.149802565574645996e-01 3.923625946044921875e-01 -7.621331214904785156e-01
4.805589616298675537e-01 3.172412812709808350e-01 -8.175702095031738281e-01
5.773003101348876953e-01 2.270093411207199097e-01 -7.843412160873413086e-01
5.047881007194519043e-01 2.983438074588775635e-01 -8.100492954254150391e-01
6.082932949066162109e-01 2.613608837127685547e-01 -7.494463920593261719e-01
7.116514444351196289e-01 2.326671630144119263e-01 -6.628863215446472168e-01
6.429930925369262695e-01 2.371000051498413086e-01 -7.282468676567077637e-01
5.901097059249877930e-01 1.369333863258361816e-01 -7.956253886222839355e-01
6.820035576820373535e-01 9.806259721517562866e-02 -7.247446775436401367e-01
6.224607229232788086e-01 8.929361356422305107e-04 -7.826505303382873535e-01
4.765402078628540039e-01 -9.766838699579238892e-02 -8.737106323242187500e-01
3.437799215316772461e-01 -4.559899494051933289e-02 -9.379424452781677246e-01
3.030623197555541992e-01 -3.893086314201354980e-02 -9.521751999855041504e-01
3.310930430889129639e-01 2.722232230007648468e-02 -9.432052969932556152e-01
3.990618884563446045e-01 -1.926437206566333771e-02 -9.167215824127197266e-01
4.557707607746124268e-01 9.663460403680801392e-02 -8.848360180854797363e-01
4.102578759193420410e-01 1.027409955859184265e-01 -9.061637520790100098e-01
4.732372462749481201e-01 1.049616113305091858e-01 -8.746597170829772949e-01
5.251318216323852539e-01 -1.696990057826042175e-02 -8.508517742156982422e-01
4.438301920890808105e-01 -8.745866362005472183e-04 -8.961104154586791992e-01
2.793324291706085205e-01 -8.936970680952072144e-02 -9.560263752937316895e-01
3.325543701648712158e-01 -2.343060225248336792e-01 -9.135142564773559570e-01
2.508726119995117188e-01 -1.508271247148513794e-01 -9.561977982521057129e-01
2.268120348453521729e-01 -1.898178905248641968e-01 -9.552620053291320801e-01
1.574243158102035522e-01 -1.659154295921325684e-01 -9.734935164451599121e-01
2.448937296867370605e-01 -9.140909463167190552e-02 -9.652312994003295898e-01
1.442306637763977051e-01 -1.709924489259719849e-01 -9.746584296226501465e-01
2.264462709426879883e-01 -1.437335759401321411e-01 -9.633601903915405273e-01
1.707499474287033081e-01 -9.984892606735229492e-02 -9.802421331405639648e-01
6.601528823375701904e-02 -3.258429095149040222e-02 -9.972864389419555664e-01
2.318045496940612793e-02 -1.762016117572784424e-01 -9.840811491012573242e-01
1.035076752305030823e-01 -2.311663031578063965e-01 -9.673925042152404785e-01
1.765130311250686646e-01 -2.515186965465545654e-01 -9.516204595565795898e-01
1.043124347925186157e-01 -3.817025125026702881e-01 -9.183801412582397461e-01
8.591829240322113037e-02 -2.481914162635803223e-01 -9.648932814598083496e-01
-3.434431180357933044e-02 -3.667875230312347412e-01 -9.296705722808837891e-01
-5.497843399643898010e-02 -4.064636528491973877e-01 -9.120113849639892578e-01
-1.045937165617942810e-01 -5.331454277038574219e-01 -8.395332694053649902e-01
-2.080727368593215942e-01 -5.850180983543395996e-01 -7.838746905326843262e-01
-3.847417831420898438e-01 -5.833423733711242676e-01 -7.153218984603881836e-01
-5.613464117050170898e-01 -6.625752449035644531e-01 -4.958671331405639648e-01
-5.325276255607604980e-01 -6.646771430969238281e-01 -5.240406990051269531e-01
-4.871567785739898682e-01 -7.261429429054260254e-01 -4.851749241352081299e-01
-5.869044661521911621e-01 -7.291330695152282715e-01 -3.520059287548065186e-01
-5.203584432601928711e-01 -6.576009392738342285e-01 -5.447826385498046875e-01
-5.296636223793029785e-01 -6.948248744010925293e-01 -4.864922463893890381e-01
-4.787787497043609619e-01 -8.000574111938476562e-01 -3.614954650402069092e-01
-5.286148786544799805e-01 -8.304808139801025391e-01 -1.756930202245712280e-01
-6.157362461090087891e-01 -7.878702878952026367e-01 -1.136899366974830627e-02
-6.023842096328735352e-01 -7.806327342987060547e-01 1.665707230567932129e-01
-4.029789268970489502e-01 -8.483017086982727051e-01 3.434998691082000732e-01
-5.161548256874084473e-01 -8.219087123870849609e-01 2.409365773200988770e-01
-4.032478034496307373e-01 -7.923853397369384766e-01 4.577299356460571289e-01
-1.489440798759460449e-01 -7.848857045173645020e-01 6.014732122421264648e-01
1.900044679641723633e-01 -6.087889075279235840e-01 7.702431082725524902e-01
3.134844899177551270e-01 -5.633597373962402344e-01 7.644299864768981934e-01
3.708404302597045898e-01 -6.347354650497436523e-01 6.779294013977050781e-01
4.737119078636169434e-01 -6.099431514739990234e-01 6.352686882019042969e-01
4.229530096054077148e-01 -5.840956568717956543e-01 6.927791833877563477e-01
2.715002298355102539e-01 -6.085096001625061035e-01 7.456565499305725098e-01
2.523242831230163574e-01 -6.242511272430419922e-01 7.393531203269958496e-01
1.337793469429016113e-01 -5.448468327522277832e-01 8.277953267097473145e-01
-6.924059242010116577e-02 -6.147421002388000488e-01 7.856830358505249023e-01
-2.469215542078018188e-01 -8.097569346427917480e-01 5.322815179824829102e-01
-7.520492374897003174e-02 -8.175479769706726074e-01 5.709286332130432129e-01
3.692111670970916748e-01 -5.463576316833496094e-01 7.517821788787841797e-01
4.790184497833251953e-01 -6.085391640663146973e-01 6.326305270195007324e-01
5.264073014259338379e-01 -5.207569599151611328e-01 6.720919609069824219e-01
4.012349247932434082e-01 -5.822282433509826660e-01 7.071215510368347168e-01
3.321547806262969971e-01 -6.056754589080810547e-01 7.230702042579650879e-01
2.343724220991134644e-01 -8.964273333549499512e-01 3.761483132839202881e-01
1.238231360912322998e-01 -8.277150392532348633e-01 5.473166704177856445e-01
2.594221197068691254e-02 -8.519034385681152344e-01 5.230559110641479492e-01
7.668945193290710449e-02 -8.838337659835815430e-01 4.614722728729248047e-01
-1.830018311738967896e-01 -7.106614112854003906e-01 6.793164014816284180e-01
-2.748444080352783203e-01 -6.368651986122131348e-01 7.203216552734375000e-01
-5.536326766014099121e-01 -6.447004675865173340e-01 5.271167755126953125e-01
-3.497865200042724609e-01 -6.077905893325805664e-01 7.129094600677490234e-01
-4.727497398853302002e-01 -6.024426221847534180e-01 6.430945992469787598e-01
-1.068746298551559448e-01 -4.161484539508819580e-01 9.029940366744995117e-01
-2.184743285179138184e-01 9.351733326911926270e-02 9.713513851165771484e-01
-7.298716902732849121e-01 -3.532663285732269287e-01 5.852267742156982422e-01
-5.585110560059547424e-02 -8.753057718276977539e-01 -4.803337752819061279e-01
2.746517658233642578e-01 -9.233837127685546875e-01 -2.681958079338073730e-01
4.932091832160949707e-01 -7.718238234519958496e-01 -4.012887775897979736e-01
6.530904173851013184e-01 -6.492385268211364746e-01 3.898233473300933838e-01
7.099878787994384766e-01 -4.327078759670257568e-01 5.555907487869262695e-01
6.072978973388671875e-01 -4.197322428226470947e-01 6.745473146438598633e-01
6.036667823791503906e-01 -3.979527652263641357e-01 6.908112168312072754e-01
6.085710525512695312e-01 -3.950743973255157471e-01 6.881551146507263184e-01
6.131774783134460449e-01 -3.554524481296539307e-01 7.054551839828491211e-01
5.523843765258789062e-01 -3.297874331474304199e-01 7.655794024467468262e-01
4.991939961910247803e-01 -2.807606756687164307e-01 8.197431564331054688e-01
5.333027839660644531e-01 -1.941857337951660156e-01 8.233348131179809570e-01
5.052579641342163086e-01 -1.662613600492477417e-01 8.468008041381835938e-01
6.252793669700622559e-01 -8.106715232133865356e-02 7.761790156364440918e-01
5.704599022865295410e-01 -1.308882236480712891e-01 8.108289837837219238e-01
4.944270253181457520e-01 -7.095041871070861816e-02 8.663185834884643555e-01
5.017334222793579102e-01 -2.648169100284576416e-01 8.234899640083312988e-01
5.692695379257202148e-01 -5.666165947914123535e-01 5.957161784172058105e-01
7.476577758789062500e-01 -3.755193948745727539e-01 5.477162003517150879e-01
8.918738365173339844e-01 -4.092442989349365234e-01 1.925617456436157227e-01
7.275063991546630859e-01 -5.935632586479187012e-01 3.441177904605865479e-01
6.111237406730651855e-01 -6.084917783737182617e-01 5.062267184257507324e-01
5.122613310813903809e-01 -5.899615287780761719e-01 6.241264343261718750e-01
3.639058172702789307e-01 -2.425605952739715576e-01 8.992980122566223145e-01
2.704066932201385498e-01 -4.216400682926177979e-01 8.655055761337280273e-01
1.392997354269027710e-01 -4.250261187553405762e-01 8.943983316421508789e-01
2.346922159194946289e-01 -4.265289008617401123e-01 8.734944462776184082e-01
2.163050025701522827e-01 -4.737825989723205566e-01 8.536639809608459473e-01
2.621394395828247070e-01 -5.245555043220520020e-01 8.100151419639587402e-01
3.795162141323089600e-01 -5.600926876068115234e-01 7.363854646682739258e-01
1.527271419763565063e-01 -1.031948700547218323e-01 9.828658103942871094e-01
2.449500560760498047e-01 -4.948076978325843811e-02 9.682722687721252441e-01
2.364003658294677734e-01 3.307436825707554817e-03 9.716501832008361816e-01
2.142688333988189697e-01 9.805258363485336304e-02 9.718408584594726562e-01
2.959433794021606445e-01 3.229415975511074066e-03 9.552000761032104492e-01
2.224971503019332886e-01 -7.107275724411010742e-02 9.723392724990844727e-01
2.427165955305099487e-01 1.807515919208526611e-01 9.531093835830688477e-01
2.133567482233047485e-01 -2.628171630203723907e-02 9.766207933425903320e-01
2.323159277439117432e-01 1.010134071111679077e-01 9.673808217048645020e-01
3.379017114639282227e-01 1.827805340290069580e-01 9.232625365257263184e-01
5.744060873985290527e-01 1.353672146797180176e-01 8.073000907897949219e-01
2.501151859760284424e-01 6.163521111011505127e-02 9.662522673606872559e-01
5.586605072021484375e-01 4.203316867351531982e-01 7.149963378906250000e-01
6.892040371894836426e-01 5.979136228561401367e-01 4.092640876770019531e-01
2.265961915254592896e-01 5.862885713577270508e-01 7.777659893035888672e-01
4.792248904705047607e-01 5.856993794441223145e-01 6.536816358566284180e-01
5.399325489997863770e-01 5.027484893798828125e-01 6.750680804252624512e-01
4.626573026180267334e-01 6.878247261047363281e-01 5.593258142471313477e-01
5.696475505828857422e-01 3.948184847831726074e-01 7.208467721939086914e-01
3.059684038162231445e-01 1.117871254682540894e-01 9.454559087753295898e-01
7.743601500988006592e-02 9.393608197569847107e-03 9.969531297683715820e-01
5.884587019681930542e-02 5.975491553544998169e-02 9.964770078659057617e-01
-3.866454958915710449e-02 -8.598271757364273071e-02 9.955460429191589355e-01
-2.703190147876739502e-01 1.719694882631301880e-01 9.472877979278564453e-01
-2.763562500476837158e-01 2.767459452152252197e-01 9.203471541404724121e-01
-3.411247134208679199e-01 4.198756217956542969e-01 8.410341143608093262e-01
-3.561600446701049805e-01 4.610061645507812500e-01 8.127874135971069336e-01
-1.354725062847137451e-01 6.639708876609802246e-01 7.353841662406921387e-01
-6.888794153928756714e-02 5.800320506095886230e-01 8.116756081581115723e-01
3.722295463085174561e-01 4.321439266204833984e-01 8.213992118835449219e-01
3.862387537956237793e-01 2.026817500591278076e-01 8.998554348945617676e-01
2.739782929420471191e-01 1.906277835369110107e-01 9.426541924476623535e-01
2.889901697635650635e-01 2.594566047191619873e-01 9.215025901794433594e-01
2.603143155574798584e-01 2.954230010509490967e-01 9.192179441452026367e-01
5.101743936538696289e-01 3.907733559608459473e-01 7.661711573600769043e-01
2.912949025630950928e-01 3.334296941757202148e-01 8.966447710990905762e-01
2.019951194524765015e-01 6.173804998397827148e-01 7.602888941764831543e-01
2.509975135326385498e-01 7.325772047042846680e-01 6.327170729637145996e-01
4.372672140598297119e-01 4.900698959827423096e-01 7.540748119354248047e-01
2.809057831764221191e-01 1.972175240516662598e-01 9.392535090446472168e-01
3.085912168025970459e-01 3.495037853717803955e-01 8.846573233604431152e-01
2.830792404711246490e-02 1.733166426420211792e-01 9.844592213630676270e-01
4.713897034525871277e-02 1.981908679008483887e-01 9.790292382240295410e-01
1.933111548423767090e-01 -1.705752685666084290e-02 9.809892773628234863e-01
2.701313495635986328e-01 -2.969518601894378662e-01 9.158867597579956055e-01
2.602861523628234863e-01 -1.867819577455520630e-01 9.472928047180175781e-01
2.718378007411956787e-01 -2.470239549875259399e-01 9.300985932350158691e-01
3.657861053943634033e-01 -3.116251826286315918e-01 8.769779801368713379e-01
6.239639520645141602e-01 -4.421749114990234375e-01 6.443215608596801758e-01
8.686018586158752441e-01 -3.623506426811218262e-01 3.379832506179809570e-01
5.376732945442199707e-01 -3.209504187107086182e-01 7.796784043312072754e-01
2.672707438468933105e-01 -2.254236191511154175e-01 9.368833899497985840e-01
1.804023385047912598e-01 -4.314444959163665771e-01 8.839178085327148438e-01
4.055692851543426514e-01 -3.415997326374053955e-01 8.478344678878784180e-01
1.701857149600982666e-01 -1.222183182835578918e-01 9.778034687042236328e-01
1.286308467388153076e-01 2.826627194881439209e-01 9.505555033683776855e-01
-3.073175549507141113e-01 3.521498143672943115e-01 8.840511441230773926e-01
-4.379146397113800049e-01 6.569344997406005859e-01 6.137326359748840332e-01
-8.052323460578918457e-01 2.728821635246276855e-01 5.264373421669006348e-01
-5.634819157421588898e-03 9.556720256805419922e-01 2.943794131278991699e-01
1.534965634346008301e-01 5.107008814811706543e-01 8.459453582763671875e-01
2.976675331592559814e-01 -2.865372896194458008e-01 9.106538891792297363e-01
4.684146642684936523e-01 -1.245194897055625916e-01 8.746899962425231934e-01
6.182371973991394043e-01 1.896616220474243164e-01 7.627654671669006348e-01
5.200784802436828613e-01 4.595422446727752686e-01 7.199578285217285156e-01
2.675926983356475830e-01 4.580764472484588623e-01 8.476791977882385254e-01
4.960351437330245972e-02 7.771235108375549316e-01 6.273903250694274902e-01
-1.372472196817398071e-01 4.386538565158843994e-01 8.881137371063232422e-01
-8.913818001747131348e-02 2.636518180370330811e-01 9.604905843734741211e-01
-2.259788513183593750e-01 2.235571742057800293e-01 9.481328129768371582e-01
-4.844838380813598633e-01 1.729839444160461426e-01 8.575266599655151367e-01
-7.412755489349365234e-01 -8.947516791522502899e-03 6.711410880088806152e-01
-5.696650743484497070e-01 -1.984646469354629517e-01 7.975547313690185547e-01
-3.615311384201049805e-01 -6.042269244790077209e-02 9.304000735282897949e-01
-5.724425315856933594e-01 -1.849042326211929321e-01 7.988241314888000488e-01
-8.981432318687438965e-01 3.973062038421630859e-01 1.883786916732788086e-01
-5.540143847465515137e-01 7.371646761894226074e-01 -3.868545293807983398e-01
-5.469130873680114746e-01 5.186042785644531250e-01 -6.572182178497314453e-01
-4.843393564224243164e-01 2.340415865182876587e-01 -8.429945707321166992e-01
-3.111189305782318115e-01 3.374356627464294434e-01 -8.884492516517639160e-01
-1.597909331321716309e-01 1.391977071762084961e-01 -9.772874712944030762e-01
-1.049783676862716675e-01 -6.009867414832115173e-02 -9.926568269729614258e-01
-2.760602235794067383e-01 -3.752695620059967041e-01 -8.848521709442138672e-01
-6.483103036880493164e-01 -4.522657096385955811e-01 -6.124944090843200684e-01
-7.941412925720214844e-01 -5.005378723144531250e-01 -3.446757793426513672e-01
-8.668130636215209961e-01 -4.702261984348297119e-01 1.658989638090133667e-01
-8.974475860595703125e-01 -3.000191152095794678e-01 3.233826756477355957e-01
-8.588789105415344238e-01 -1.988242417573928833e-01 4.720126986503601074e-01
-7.949659228324890137e-01 4.725887179374694824e-01 3.803803026676177979e-01
-2.923996448516845703e-01 7.809311151504516602e-01 5.519502162933349609e-01
-3.845570087432861328e-01 7.771499752998352051e-01 4.981504380702972412e-01
-4.741491377353668213e-01 7.390005588531494141e-01 4.786029458045959473e-01
-5.212145447731018066e-01 7.880586385726928711e-01 3.275653123855590820e-01
-4.903937876224517822e-01 6.943557262420654297e-01 5.266726613044738770e-01
-6.824647188186645508e-01 6.502928137779235840e-01 3.337082564830780029e-01
-7.213015556335449219e-01 6.687303185462951660e-01 1.803437322378158569e-01
-6.551418304443359375e-01 7.470076084136962891e-01 1.129993051290512085e-01
-6.268322467803955078e-01 7.791367769241333008e-01 5.222241859883069992e-03
-5.155214071273803711e-01 8.493068218231201172e-01 1.136469468474388123e-01
-4.333556890487670898e-01 8.870970010757446289e-01 1.589397490024566650e-01
-2.961118221282958984e-01 9.409058094024658203e-01 -1.643597632646560669e-01
-2.303658872842788696e-01 8.899505734443664551e-01 -3.935981988906860352e-01
-1.640111654996871948e-01 9.362674355506896973e-01 -3.106503784656524658e-01
-2.095372378826141357e-01 9.349382519721984863e-01 -2.863294780254364014e-01
-1.966862380504608154e-01 9.148966073989868164e-01 -3.525319397449493408e-01
-1.176541224122047424e-01 9.189828038215637207e-01 -3.763351440429687500e-01
7.925899326801300049e-02 9.053661227226257324e-01 -4.171692132949829102e-01
6.152816116809844971e-02 9.454402923583984375e-01 -3.199327290058135986e-01
2.790756151080131531e-02 9.704632163047790527e-01 -2.396297454833984375e-01
-9.590480476617813110e-03 9.997916221618652344e-01 -1.802217401564121246e-02
-2.012123167514801025e-02 9.543308615684509277e-01 -2.980733215808868408e-01
4.319172725081443787e-02 9.989916086196899414e-01 1.225794386118650436e-02
5.449464544653892517e-02 9.926623106002807617e-01 -1.079442426562309265e-01
-1.150725036859512329e-01 9.860025644302368164e-01 -1.206535696983337402e-01
3.602048009634017944e-02 9.457355737686157227e-01 -3.229345679283142090e-01
1.058432757854461670e-01 9.018843770027160645e-01 -4.188098907470703125e-01
-8.243998512625694275e-03 8.498530387878417969e-01 -5.269553065299987793e-01
1.308441758155822754e-01 7.707611918449401855e-01 -6.235439181327819824e-01
1.646349281072616577e-01 7.025838494300842285e-01 -6.922941803932189941e-01
3.265054225921630859e-01 5.350666046142578125e-01 -7.791649103164672852e-01
6.096854805946350098e-01 3.362546861171722412e-01 -7.177857756614685059e-01
6.867603063583374023e-01 2.493072748184204102e-01 -6.827929019927978516e-01
6.520805358886718750e-01 2.866658270359039307e-01 -7.018644213676452637e-01
5.914605259895324707e-01 3.138355612754821777e-01 -7.427527904510498047e-01
6.031898856163024902e-01 2.083453387022018433e-01 -7.699053883552551270e-01
5.628989338874816895e-01 1.521914452314376831e-01 -8.123930692672729492e-01
5.187116861343383789e-01 1.290243715047836304e-01 -8.451573848724365234e-01
5.278128981590270996e-01 1.720895320177078247e-01 -8.317444324493408203e-01
3.945459723472595215e-01 1.173413917422294617e-01 -9.113530516624450684e-01
4.609583616256713867e-01 1.049286574125289917e-01 -8.811966180801391602e-01
4.828554391860961914e-01 1.052265688776969910e-01 -8.693549633026123047e-01
4.673669040203094482e-01 1.459172964096069336e-01 -8.719383478164672852e-01
4.218915402889251709e-01 1.817966550588607788e-01 -8.882327675819396973e-01
3.892933428287506104e-01 2.195764034986495972e-01 -8.945596218109130859e-01
3.717547059059143066e-01 2.308737039566040039e-01 -8.991639614105224609e-01
3.297828137874603271e-01 1.034372895956039429e-01 -9.383730292320251465e-01
3.003132343292236328e-01 3.359306231141090393e-02 -9.532488584518432617e-01
3.169683218002319336e-01 2.822077088057994843e-02 -9.480162262916564941e-01
1.936255395412445068e-01 -4.706522077322006226e-02 -9.799458980560302734e-01
1.666115373373031616e-01 -1.420785039663314819e-01 -9.757327437400817871e-01
1.106870248913764954e-01 -1.278727352619171143e-01 -9.855946898460388184e-01
1.089243590831756592e-01 -9.157450497150421143e-02 -9.898230433464050293e-01
-8.942379802465438843e-02 -4.679258167743682861e-02 -9.948939085006713867e-01
4.316222667694091797e-02 -9.283495694398880005e-02 -9.947454929351806641e-01
2.123744785785675049e-01 5.661970935761928558e-03 -9.771719574928283691e-01
2.501727044582366943e-01 2.207873016595840454e-02 -9.679494500160217285e-01
3.468955755233764648e-01 -1.730605401098728180e-02 -9.377441406250000000e-01
3.642572760581970215e-01 -1.055249720811843872e-01 -9.253005385398864746e-01
2.130373567342758179e-01 -1.977687329053878784e-01 -9.568189978599548340e-01
1.001288443803787231e-01 -3.057393133640289307e-01 -9.468356370925903320e-01
-1.226216629147529602e-01 -3.634203076362609863e-01 -9.235202074050903320e-01
-3.979192376136779785e-01 -5.083739757537841797e-01 -7.636860013008117676e-01
-5.754722356796264648e-01 -5.029879808425903320e-01 -6.448524594306945801e-01
-6.407930850982666016e-01 -6.144574284553527832e-01 -4.602458477020263672e-01
-7.684229016304016113e-01 -5.553314089775085449e-01 -3.180146813392639160e-01
-8.258392214775085449e-01 -5.489204525947570801e-01 -1.291356533765792847e-01
-7.102239727973937988e-01 -6.694371104240417480e-01 -2.177976965904235840e-01
-7.264736890792846680e-01 -6.116057634353637695e-01 -3.133278191089630127e-01
-7.795742750167846680e-01 -5.706483125686645508e-01 -2.581169307231903076e-01
-6.870266795158386230e-01 -6.091133356094360352e-01 -3.962010145187377930e-01
-5.240921378135681152e-01 -6.995089054107666016e-01 -4.858134388923645020e-01
-3.878943026065826416e-01 -7.930499911308288574e-01 -4.696910679340362549e-01
-3.042590916156768799e-01 -8.579860329627990723e-01 -4.138675332069396973e-01
-3.108856379985809326e-01 -8.434130549430847168e-01 -4.381831586360931396e-01
-3.346727192401885986e-01 -7.869576811790466309e-01 -5.183548331260681152e-01
-1.894923448562622070e-01 -8.617170453071594238e-01 -4.706764817237854004e-01
-2.395964115858078003e-01 -8.941910862922668457e-01 -3.781743347644805908e-01
-2.884901165962219238e-01 -8.740382194519042969e-01 -3.909356296062469482e-01
-3.788443803787231445e-01 -8.257982730865478516e-01 -4.177727103233337402e-01
-4.543562531471252441e-01 -8.428835272789001465e-01 -2.882839441299438477e-01
-5.034793019294738770e-01 -8.398786187171936035e-01 -2.027625590562820435e-01
-4.404204785823822021e-01 -8.921113014221191406e-01 -1.008325740694999695e-01
-5.375132560729980469e-01 -8.100559711456298828e-01 -2.342839092016220093e-01
-5.893805027008056641e-01 -7.915994524955749512e-01 -1.612478941679000854e-01
-4.310071170330047607e-01 -9.008762836456298828e-01 -5.152484029531478882e-02
-3.044006228446960449e-01 -9.521160721778869629e-01 -2.855349332094192505e-02
-3.450164496898651123e-01 -8.815899491310119629e-01 -3.221222162246704102e-01
-3.430621922016143799e-01 -8.999382257461547852e-01 -2.691087424755096436e-01
-3.339636325836181641e-01 -8.380835056304931641e-01 -4.313750565052032471e-01
-9.219326972961425781e-01 -2.239045202732086182e-01 -3.160805404186248779e-01
-9.805160164833068848e-01 -1.793264150619506836e-01 8.019022643566131592e-02
-7.555025219917297363e-01 -5.658744573593139648e-01 3.301546871662139893e-01
-6.300003826618194580e-02 1.291549503803253174e-01 9.896211028099060059e-01
1.337542533874511719e-01 4.729444161057472229e-02 9.898853302001953125e-01
1.650222837924957275e-01 -1.246183589100837708e-01 9.783852696418762207e-01
4.056131541728973389e-01 -4.523892328143119812e-02 9.129245877265930176e-01
4.047713875770568848e-01 1.097480580210685730e-01 9.078081250190734863e-01
3.319179713726043701e-01 -8.297480642795562744e-02 9.396518468856811523e-01
3.093641400337219238e-01 -1.036662757396697998e-01 9.452762603759765625e-01
2.903528809547424316e-01 -1.276877522468566895e-01 9.483622908592224121e-01
3.054949939250946045e-01 -1.068469434976577759e-01 9.461799263954162598e-01
2.985306680202484131e-01 -7.638260722160339355e-02 9.513386487960815430e-01
4.146006703376770020e-01 -2.348122447729110718e-01 8.791868686676025391e-01
4.044069349765777588e-01 -4.252913296222686768e-01 8.096803426742553711e-01
3.968089222908020020e-01 -4.497391879558563232e-01 8.001732826232910156e-01
4.315439462661743164e-01 -4.445874691009521484e-01 7.849279046058654785e-01
4.744642078876495361e-01 -6.217513680458068848e-01 6.231443881988525391e-01
6.042258143424987793e-01 -5.538501739501953125e-01 5.728535652160644531e-01
5.264073014259338379e-01 -5.207569599151611328e-01 6.720919609069824219e-01
4.012349247932434082e-01 -5.822282433509826660e-01 7.071215510368347168e-01
3.857755362987518311e-01 -5.733155012130737305e-01 7.228323817253112793e-01
4.209417700767517090e-01 -7.806773781776428223e-01 4.618991017341613770e-01
3.511316776275634766e-01 -5.083525180816650391e-01 7.863105535507202148e-01
4.179602265357971191e-01 -4.368002712726593018e-01 7.965643405914306641e-01
5.526517033576965332e-01 -4.098239839076995850e-01 7.256861329078674316e-01
3.936255574226379395e-01 -2.354497313499450684e-01 8.886069655418395996e-01
3.191289901733398438e-01 -7.667601853609085083e-02 9.446043968200683594e-01
2.880937457084655762e-01 -6.299311667680740356e-02 9.555280208587646484e-01
3.666579425334930420e-01 -8.069387823343276978e-02 9.268497228622436523e-01
3.564040064811706543e-01 -1.242282465100288391e-01 9.260364770889282227e-01
3.127642571926116943e-01 -9.931860491633415222e-03 9.497789144515991211e-01
8.548291027545928955e-02 1.379275321960449219e-02 9.962441921234130859e-01
-4.607881978154182434e-02 2.662765383720397949e-01 9.627946019172668457e-01
-4.654169976711273193e-01 7.916737198829650879e-01 3.957773447036743164e-01
-4.808728098869323730e-01 6.330491900444030762e-01 -6.066383123397827148e-01
-3.142721056938171387e-01 3.571045994758605957e-01 -8.796074390411376953e-01
-4.894278049468994141e-01 5.365142226219177246e-01 -6.874684691429138184e-01
-1.518308371305465698e-01 6.083134412765502930e-01 -7.790392637252807617e-01
-1.051265466958284378e-02 6.559005975723266602e-01 -7.547740936279296875e-01
1.266941428184509277e-01 9.479236602783203125e-01 -2.922143340110778809e-01
5.465136170387268066e-01 7.325257658958435059e-01 4.058680534362792969e-01
4.909374117851257324e-01 1.751600354909896851e-01 8.534046411514282227e-01
3.015608489513397217e-01 4.390946775674819946e-02 9.524353146553039551e-01
3.076612651348114014e-01 -8.963914960622787476e-02 9.472641348838806152e-01
2.740842998027801514e-01 -1.313030626624822617e-02 9.616160988807678223e-01
2.686712443828582764e-01 2.139316499233245850e-02 9.629943370819091797e-01
3.379636108875274658e-01 -2.689628116786479950e-02 9.407747983932495117e-01
2.336870431900024414e-01 8.715038187801837921e-03 9.722728133201599121e-01
2.576854228973388672e-01 -1.502159610390663147e-02 9.661120772361755371e-01
7.661896198987960815e-02 1.221713516861200333e-02 9.969855546951293945e-01
-9.348087012767791748e-02 -3.401381149888038635e-02 9.950398802757263184e-01
-1.273820251226425171e-01 -1.269960403442382812e-01 9.836899042129516602e-01
-1.508279591798782349e-01 -9.990488737821578979e-02 9.834988117218017578e-01
-1.496625542640686035e-01 -7.049927487969398499e-03 9.887120723724365234e-01
-3.418510556221008301e-01 1.073544919490814209e-01 9.336020350456237793e-01
-3.901383578777313232e-01 2.536016106605529785e-01 8.851431012153625488e-01
-3.159557878971099854e-01 3.489845991134643555e-01 8.822594285011291504e-01
-3.133643865585327148e-01 3.393181562423706055e-01 8.869419693946838379e-01
-2.958107590675354004e-01 3.577105998992919922e-01 8.857421278953552246e-01
-2.635524272918701172e-01 2.156621366739273071e-01 9.402286410331726074e-01
-1.579113751649856567e-01 1.758313477039337158e-01 9.716724753379821777e-01
-8.548317849636077881e-02 2.102224975824356079e-01 9.739091992378234863e-01
-4.454422593116760254e-01 -5.694045685231685638e-04 8.953105211257934570e-01
-3.993762135505676270e-01 -6.528568863868713379e-01 6.436432003974914551e-01
-1.479009240865707397e-01 -7.131229639053344727e-01 6.852597594261169434e-01
-2.245144248008728027e-01 -7.188022732734680176e-01 6.579639315605163574e-01
-2.379035502672195435e-01 -7.761887311935424805e-01 5.838946104049682617e-01
-2.395738959312438965e-01 -9.089225530624389648e-01 3.412683606147766113e-01
-5.117249488830566406e-01 -8.325122594833374023e-01 2.122757136821746826e-01
-4.908936619758605957e-01 -5.120500922203063965e-01 7.048603296279907227e-01
-5.028962492942810059e-01 1.127785518765449524e-01 8.569575548171997070e-01
-8.853008151054382324e-01 3.853476643562316895e-01 2.602874636650085449e-01
-4.905576109886169434e-01 3.652472794055938721e-01 7.911685109138488770e-01
-4.263693392276763916e-01 3.138569295406341553e-01 8.483530879020690918e-01
-7.176640629768371582e-01 3.323237597942352295e-01 6.119797825813293457e-01
-6.747082471847534180e-01 5.369524955749511719e-01 5.064097642898559570e-01
-6.768623590469360352e-01 4.436157643795013428e-01 5.874201059341430664e-01
-5.895266532897949219e-01 4.735696613788604736e-01 6.543623208999633789e-01
-7.009521126747131348e-01 5.098471045494079590e-01 4.987204968929290771e-01
-7.532542943954467773e-01 5.637989044189453125e-01 3.387311995029449463e-01
-7.329196333885192871e-01 6.043012142181396484e-01 3.124880194664001465e-01
-3.492264449596405029e-01 7.376455068588256836e-01 5.778580307960510254e-01
-1.318465024232864380e-01 9.256769418716430664e-01 3.545964062213897705e-01
-3.117023706436157227e-01 9.442871809005737305e-01 1.056571677327156067e-01
-2.459093332290649414e-01 9.421743154525756836e-01 -2.276756912469863892e-01
-3.378973901271820068e-01 9.268825054168701172e-01 1.634443998336791992e-01
-2.288841903209686279e-01 9.521732926368713379e-01 2.024304866790771484e-01
-2.524008154869079590e-01 9.675841331481933594e-01 8.643718436360359192e-03
3.977902606129646301e-02 9.984434247016906738e-01 -3.909414634108543396e-02
2.379262894392013550e-01 9.628779292106628418e-01 -1.275029629468917847e-01
2.199603170156478882e-01 9.502105712890625000e-01 -2.207199931144714355e-01
4.248867630958557129e-01 8.416492938995361328e-01 -3.333132565021514893e-01
5.432859063148498535e-01 7.539732456207275391e-01 -3.692761361598968506e-01
5.434210896492004395e-01 6.426165103912353516e-01 -5.401273965835571289e-01
6.886731982231140137e-01 5.299536585807800293e-01 -4.948517680168151855e-01
8.126060366630554199e-01 3.334743082523345947e-01 -4.779814183712005615e-01
7.960734367370605469e-01 3.604176938533782959e-01 -4.861750006675720215e-01
5.629463791847229004e-01 4.971818625926971436e-01 -6.602283120155334473e-01
4.817709326744079590e-01 5.744150280952453613e-01 -6.617734432220458984e-01
2.753512263298034668e-01 8.624687790870666504e-01 -4.246519505977630615e-01
1.758056133985519409e-01 9.439804553985595703e-01 -2.792729139328002930e-01
1.508040428161621094e-01 8.697856068611145020e-01 -4.698203206062316895e-01
2.844604849815368652e-01 7.178063988685607910e-01 -6.354809999465942383e-01
3.915302455425262451e-01 8.048795461654663086e-01 -4.459517896175384521e-01
4.211746454238891602e-01 7.334298491477966309e-01 -5.335657596588134766e-01
4.106483161449432373e-01 6.470028162002563477e-01 -6.424604654312133789e-01
5.072572231292724609e-01 5.514941215515136719e-01 -6.622268557548522949e-01
4.903279244899749756e-01 6.117492318153381348e-01 -6.207587718963623047e-01
3.038562834262847900e-01 7.429198622703552246e-01 -5.964406728744506836e-01
4.097403883934020996e-01 5.739268064498901367e-01 -7.090281248092651367e-01
4.696544408798217773e-01 2.249693125486373901e-01 -8.537057042121887207e-01
4.482429027557373047e-01 2.277772426605224609e-01 -8.644049763679504395e-01
4.727016687393188477e-01 2.220207005739212036e-01 -8.527953028678894043e-01
4.821049869060516357e-01 1.592276543378829956e-01 -8.615227341651916504e-01
4.263577759265899658e-01 1.841038763523101807e-01 -8.856211900711059570e-01
4.119738638401031494e-01 1.632791906595230103e-01 -8.964471817016601562e-01
3.731794357299804688e-01 1.235186755657196045e-01 -9.195000529289245605e-01
2.813667356967926025e-01 2.746157580986618996e-03 -9.595963358879089355e-01
3.398281633853912354e-01 4.091849550604820251e-02 -9.395969510078430176e-01
3.587466478347778320e-01 6.927780061960220337e-02 -9.308606386184692383e-01
3.845665156841278076e-01 1.639064550399780273e-01 -9.084290266036987305e-01
3.578293323516845703e-01 8.610220253467559814e-02 -9.298088550567626953e-01
4.183075129985809326e-01 1.717827469110488892e-01 -8.919132947921752930e-01
4.151135087013244629e-01 1.265947669744491577e-01 -9.009187221527099609e-01
3.643447160720825195e-01 8.279414474964141846e-02 -9.275764226913452148e-01
3.098698556423187256e-01 1.620683632791042328e-02 -9.506408572196960449e-01
2.888888418674468994e-01 3.371614962816238403e-02 -9.567686915397644043e-01
2.331793457269668579e-01 -1.758171617984771729e-02 -9.722747802734375000e-01
2.897677719593048096e-01 -1.615105569362640381e-01 -9.433710575103759766e-01
3.001520037651062012e-01 -2.480161190032958984e-01 -9.210845828056335449e-01
4.086087346076965332e-01 -8.043884485960006714e-02 -9.091581702232360840e-01
3.126280307769775391e-01 -1.954660862684249878e-01 -9.295464754104614258e-01
2.347099035978317261e-01 -3.847908973693847656e-01 -8.926630020141601562e-01
9.247704744338989258e-01 -3.239273428916931152e-01 -1.996765583753585815e-01
8.327314257621765137e-01 -4.743253290653228760e-01 2.856114208698272705e-01
3.904131054878234863e-01 -1.906413733959197998e-01 9.006849527359008789e-01
8.444956541061401367e-01 -1.646418273448944092e-01 5.096274614334106445e-01
1.538601368665695190e-01 -5.597593784332275391e-01 -8.142460584640502930e-01
-3.972729742527008057e-01 -5.120130181312561035e-01 -7.615883350372314453e-01
-1.799335926771163940e-01 -5.178065896034240723e-01 -8.363612890243530273e-01
-1.702838838100433350e-01 -3.101816475391387939e-01 -9.353024959564208984e-01
-5.170500874519348145e-01 -3.054426312446594238e-01 -7.996023297309875488e-01
-3.727442622184753418e-01 -7.551100850105285645e-01 -5.393241047859191895e-01
-4.316736459732055664e-01 -5.562493801116943359e-01 -7.101017832756042480e-01
-4.731468856334686279e-01 -5.999483466148376465e-01 -6.451310515403747559e-01
-4.548985064029693604e-01 -7.252309322357177734e-01 -5.168244242668151855e-01
-2.521308362483978271e-01 -8.741838335990905762e-01 -4.150092303752899170e-01
-2.416834384202957153e-01 -9.049868583679199219e-01 -3.501257896423339844e-01
-3.864733576774597168e-01 -7.139161229133605957e-01 -5.839195251464843750e-01
-3.230583965778350830e-01 -6.904458999633789062e-01 -6.472384333610534668e-01
-3.752602636814117432e-01 -7.251265645027160645e-01 -5.773831009864807129e-01
-3.453236520290374756e-01 -7.063706517219543457e-01 -6.178932785987854004e-01
-3.298094570636749268e-01 -8.177088499069213867e-01 -4.717816114425659180e-01
-2.967450320720672607e-01 -8.445181846618652344e-01 -4.457930326461791992e-01
-3.125563263893127441e-01 -8.546468019485473633e-01 -4.145930111408233643e-01
-3.107834160327911377e-01 -8.779783248901367188e-01 -3.640985190868377686e-01
-3.976536393165588379e-01 -8.852464556694030762e-01 -2.412679046392440796e-01
-3.221966624259948730e-01 -9.213733077049255371e-01 -2.173949182033538818e-01
-3.606974780559539795e-01 -9.153500795364379883e-01 -1.789735108613967896e-01
-2.822307348251342773e-01 -9.486373662948608398e-01 -1.429439485073089600e-01
-2.660094201564788818e-01 -9.635995030403137207e-01 2.673868648707866669e-02
-1.898342519998550415e-01 -9.629688262939453125e-01 1.914521306753158569e-01
-2.381597757339477539e-01 -9.460008740425109863e-01 2.199143469333648682e-01
-9.122052788734436035e-02 -8.780748844146728516e-01 4.697481691837310791e-01
-1.666282415390014648e-01 -9.117721915245056152e-01 3.753750920295715332e-01
-2.773216925561428070e-02 -9.798631072044372559e-01 1.977349668741226196e-01
1.661358475685119629e-01 -9.313982129096984863e-01 3.238768875598907471e-01
2.895098924636840820e-01 -8.572917580604553223e-01 4.257168471813201904e-01
3.958563804626464844e-01 -7.865828275680541992e-01 4.739042818546295166e-01
3.992967903614044189e-01 -7.565810084342956543e-01 5.178293585777282715e-01
5.070649385452270508e-01 -7.649454474449157715e-01 3.971695005893707275e-01
5.888658165931701660e-01 -6.182737350463867188e-01 5.205520987510681152e-01
5.173388719558715820e-01 -5.784794092178344727e-01 6.306520700454711914e-01
4.936507344245910645e-01 -6.058754920959472656e-01 6.238781213760375977e-01
5.932692885398864746e-01 -5.911070108413696289e-01 5.464650392532348633e-01
5.493808984756469727e-01 -6.281850934028625488e-01 5.509664416313171387e-01
5.910845398902893066e-01 -5.796627998352050781e-01 5.609012842178344727e-01
7.320372462272644043e-01 -2.902635633945465088e-01 6.163347363471984863e-01
5.564802885055541992e-01 -3.087303936481475830e-01 7.713723182678222656e-01
8.307805657386779785e-01 -2.938583195209503174e-01 4.727059304714202881e-01
6.977905631065368652e-01 -4.542305469512939453e-01 5.538618564605712891e-01
7.225204110145568848e-01 -6.277799010276794434e-01 2.895799875259399414e-01
6.559441685676574707e-01 -7.049287557601928711e-01 2.698382139205932617e-01
7.277477979660034180e-01 -6.642440557479858398e-01 1.707715094089508057e-01
5.530486106872558594e-01 -7.990329265594482422e-01 2.359739094972610474e-01
3.557167351245880127e-01 -7.038071155548095703e-01 6.149156093597412109e-01
3.830409646034240723e-01 -7.229641079902648926e-01 5.749804377555847168e-01
4.422854781150817871e-01 -7.138030529022216797e-01 5.430181622505187988e-01
4.948390126228332520e-01 -4.612472355365753174e-01 7.364680767059326172e-01
4.693422615528106689e-01 -5.072055459022521973e-01 7.228142023086547852e-01
6.792869567871093750e-01 -3.776721358299255371e-01 6.292321085929870605e-01
6.108581423759460449e-01 -4.084542393684387207e-02 7.906857728958129883e-01
6.255545020103454590e-01 -2.897861003875732422e-01 7.243655920028686523e-01
7.290102839469909668e-01 -1.654811203479766846e-01 6.641986966133117676e-01
5.537527203559875488e-01 -2.301189005374908447e-01 8.002520203590393066e-01
6.627998352050781250e-01 -6.499325484037399292e-02 7.459707260131835938e-01
5.965979099273681641e-01 -1.694263219833374023e-01 7.844524979591369629e-01
7.093639373779296875e-01 -1.428050249814987183e-01 6.902242898941040039e-01
6.310582756996154785e-01 -2.318138033151626587e-01 7.402890324592590332e-01
5.993892550468444824e-01 -3.454128801822662354e-01 7.220959067344665527e-01
5.719060301780700684e-01 -4.602264463901519775e-01 6.790546774864196777e-01
5.433977246284484863e-01 -5.100907087326049805e-01 6.667280793190002441e-01
4.878953397274017334e-01 -5.509880781173706055e-01 6.770304441452026367e-01
4.970066845417022705e-01 -5.049705505371093750e-01 7.056835293769836426e-01
4.543381631374359131e-01 -4.664352238178253174e-01 7.589565515518188477e-01
4.874137938022613525e-01 -3.723315298557281494e-01 7.898081541061401367e-01
