9.127649664878845215e-01 -1.387681484222412109e+00 4.391893744468688965e-01
9.778062701225280762e-01 -1.397904872894287109e+00 4.222162961959838867e-01
1.051212430000305176e+00 -1.391547322273254395e+00 4.092361330986022949e-01
1.157418251037597656e+00 -1.372341036796569824e+00 3.863303065299987793e-01
1.235004186630249023e+00 -1.338581919670104980e+00 3.675962090492248535e-01
1.305351734161376953e+00 -1.322364330291748047e+00 3.782211542129516602e-01
1.372351288795471191e+00 -1.305345058441162109e+00 3.889082670211791992e-01
1.435673952102661133e+00 -1.287780523300170898e+00 3.996425867080688477e-01
1.495077848434448242e+00 -1.269916534423828125e+00 4.104166030883789062e-01
1.545584559440612793e+00 -1.253972291946411133e+00 4.194672703742980957e-01
1.583424568176269531e+00 -1.241674661636352539e+00 4.254505634307861328e-01
1.613369107246398926e+00 -1.229775190353393555e+00 4.306276440620422363e-01
1.630870342254638672e+00 -1.218789339065551758e+00 4.338607192039489746e-01
1.645727992057800293e+00 -1.208140969276428223e+00 4.375628232955932617e-01
1.655313611030578613e+00 -1.195732951164245605e+00 4.399697780609130859e-01
1.659986019134521484e+00 -1.182001709938049316e+00 4.413031339645385742e-01
1.662277340888977051e+00 -1.169217467308044434e+00 4.432301521301269531e-01
1.661556839942932129e+00 -1.156366229057312012e+00 4.429038763046264648e-01
1.657940506935119629e+00 -1.143073916435241699e+00 4.449642896652221680e-01
1.656766772270202637e+00 -1.133852958679199219e+00 4.575074911117553711e-01
1.651947975158691406e+00 -1.124846935272216797e+00 4.701717495918273926e-01
1.643442630767822266e+00 -1.115960955619812012e+00 4.829112887382507324e-01
1.629944920539855957e+00 -1.110487818717956543e+00 4.945638179779052734e-01
1.610704660415649414e+00 -1.102785825729370117e+00 5.008562207221984863e-01
1.588116526603698730e+00 -1.094989180564880371e+00 5.056818723678588867e-01
1.567186713218688965e+00 -1.091160655021667480e+00 5.116975307464599609e-01
1.585001587867736816e+00 -1.065658688545227051e+00 5.266316533088684082e-01
1.621214509010314941e+00 -1.030884265899658203e+00 5.488950014114379883e-01
1.657149314880371094e+00 -9.937266111373901367e-01 5.722019076347351074e-01
1.742940068244934082e+00 -9.195374250411987305e-01 5.938379764556884766e-01
1.803273320198059082e+00 -8.599165081977844238e-01 6.343792676925659180e-01
1.864666581153869629e+00 -7.947659492492675781e-01 6.726170182228088379e-01
1.924495935440063477e+00 -7.246211767196655273e-01 7.077984809875488281e-01
1.993289709091186523e+00 -6.413396000862121582e-01 7.338746786117553711e-01
2.083105087280273438e+00 -4.424839615821838379e-01 6.836395263671875000e-01
2.138263702392578125e+00 -2.091136872768402100e-01 5.944657325744628906e-01
2.176715612411499023e+00 3.775649517774581909e-02 5.002778172492980957e-01
2.103928565979003906e+00 2.009830176830291748e-01 5.130636692047119141e-01
2.027458667755126953e+00 3.210754990577697754e-01 5.215291380882263184e-01
1.967629909515380859e+00 4.058196544647216797e-01 5.190168619155883789e-01
1.890740990638732910e+00 4.989726841449737549e-01 5.094003081321716309e-01
1.811725497245788574e+00 5.589632391929626465e-01 4.945483207702636719e-01
1.713589787483215332e+00 6.334090232849121094e-01 4.662326574325561523e-01
1.596525907516479492e+00 7.109968066215515137e-01 4.334230422973632812e-01
1.474824905395507812e+00 7.831847071647644043e-01 3.880830407142639160e-01
1.338513374328613281e+00 8.508899211883544922e-01 3.183251619338989258e-01
1.207356929779052734e+00 9.136789441108703613e-01 2.527362704277038574e-01
1.047105789184570312e+00 1.013695955276489258e+00 1.832517534494400024e-01
9.021425247192382812e-01 1.098652601242065430e+00 1.310525983572006226e-01
8.067458868026733398e-01 1.190618395805358887e+00 1.149517446756362915e-01
6.886405348777770996e-01 1.305384159088134766e+00 9.773546457290649414e-02
5.728651881217956543e-01 1.420515179634094238e+00 8.163452148437500000e-02
4.795442223548889160e-01 1.496405005455017090e+00 6.577457487583160400e-02
3.950492143630981445e-01 1.524759173393249512e+00 2.700576186180114746e-02
3.119593262672424316e-01 1.544573068618774414e+00 -3.200523555278778076e-02
1.986049860715866089e-01 1.532438158988952637e+00 -8.135749399662017822e-02
4.950352013111114502e-02 1.485961675643920898e+00 -9.866450726985931396e-02
-9.031726419925689697e-02 1.429685831069946289e+00 -7.933086156845092773e-02
-3.159486651420593262e-01 1.420968294143676758e+00 8.975853025913238525e-02
-3.833029270172119141e-01 1.416406750679016113e+00 2.379019707441329956e-01
-3.880226016044616699e-01 1.434308409690856934e+00 3.685487508773803711e-01
-3.882998228073120117e-01 1.440089225769042969e+00 4.494641423225402832e-01
-3.948218226432800293e-01 1.432850599288940430e+00 5.020034909248352051e-01
-4.108318686485290527e-01 1.421505451202392578e+00 5.356049537658691406e-01
-4.353059530258178711e-01 1.406476616859436035e+00 5.520132184028625488e-01
-5.192004442214965820e-01 1.364126801490783691e+00 5.718710422515869141e-01
-6.102150678634643555e-01 1.317976832389831543e+00 5.850496888160705566e-01
-7.065703272819519043e-01 1.268980622291564941e+00 5.920944213867187500e-01
-8.046823143959045410e-01 1.214363932609558105e+00 5.943444967269897461e-01
-9.010400176048278809e-01 1.161266326904296875e+00 5.902660489082336426e-01
-9.638634920120239258e-01 1.140394330024719238e+00 5.494401454925537109e-01
-1.021460413932800293e+00 1.124335527420043945e+00 4.996830224990844727e-01
-1.081972241401672363e+00 1.107143163681030273e+00 4.469493627548217773e-01
-1.143858909606933594e+00 1.089645624160766602e+00 3.922278881072998047e-01
-1.238437056541442871e+00 1.082689523696899414e+00 2.923890352249145508e-01
-1.310924410820007324e+00 1.075200438499450684e+00 2.206700891256332397e-01
-1.376048088073730469e+00 1.063734889030456543e+00 1.707896739244461060e-01
-1.436204314231872559e+00 1.045933008193969727e+00 1.495477706193923950e-01
-1.492815732955932617e+00 1.030635595321655273e+00 1.262590140104293823e-01
-1.548870325088500977e+00 1.018250465393066406e+00 1.018561869859695435e-01
-1.594826340675354004e+00 1.020693421363830566e+00 8.082658052444458008e-02
-1.616086959838867188e+00 1.034038901329040527e+00 6.446112692356109619e-02
-1.619907617568969727e+00 1.053782939910888672e+00 5.039961636066436768e-02
-1.623365879058837891e+00 1.075782656669616699e+00 3.484427928924560547e-02
-1.632286787033081055e+00 1.080172657966613770e+00 1.951418817043304443e-02
-1.637290477752685547e+00 1.085923194885253906e+00 -1.463048160076141357e-03
-1.642465472221374512e+00 1.092248916625976562e+00 -2.348525077104568481e-02
-1.648507118225097656e+00 1.100835323333740234e+00 -4.111605882644653320e-02
-1.655780911445617676e+00 1.112077116966247559e+00 -5.210400372743606567e-02
-1.663580179214477539e+00 1.123933792114257812e+00 -6.495329737663269043e-02
-1.672154307365417480e+00 1.135536909103393555e+00 -7.837191224098205566e-02
-1.683357954025268555e+00 1.133126020431518555e+00 -9.295524656772613525e-02
-1.708065629005432129e+00 1.127718925476074219e+00 -1.085324883460998535e-01
-1.737355470657348633e+00 1.122671961784362793e+00 -1.227790564298629761e-01
-1.767946243286132812e+00 1.117553234100341797e+00 -1.346853077411651611e-01
-1.799764633178710938e+00 1.112374186515808105e+00 -1.436680406332015991e-01
-1.832715749740600586e+00 1.107159256935119629e+00 -1.491302698850631714e-01
-1.873130321502685547e+00 1.112036228179931641e+00 -1.466868519783020020e-01
-1.918600916862487793e+00 1.120184779167175293e+00 -1.398296356201171875e-01
-1.964288473129272461e+00 1.127805471420288086e+00 -1.278268843889236450e-01
-2.010309457778930664e+00 1.133953809738159180e+00 -1.100256294012069702e-01
-2.058641910552978516e+00 1.137088060379028320e+00 -8.678951859474182129e-02
-2.117552518844604492e+00 1.107064247131347656e+00 -6.298600137233734131e-02
-2.175826787948608398e+00 1.063212633132934570e+00 -3.405094146728515625e-02
-2.217031240463256836e+00 1.042813181877136230e+00 -2.351020276546478271e-02
-2.253642082214355469e+00 1.024332165718078613e+00 -1.723900437355041504e-02
-2.284543037414550781e+00 1.001655936241149902e+00 -7.047861814498901367e-03
-2.298250913619995117e+00 9.890351891517639160e-01 2.627936005592346191e-02
-2.304971456527709961e+00 9.732029438018798828e-01 6.425504386425018311e-02
-2.307857990264892578e+00 9.549648165702819824e-01 1.064959019422531128e-01
-2.314285039901733398e+00 9.181296825408935547e-01 1.526680439710617065e-01
-2.312053918838500977e+00 7.471983432769775391e-01 2.426124960184097290e-01
-2.279952764511108398e+00 5.179897546768188477e-01 3.880118727684020996e-01
-2.216472625732421875e+00 4.089684784412384033e-01 4.664368629455566406e-01
-2.085112810134887695e+00 2.904695868492126465e-01 5.468806028366088867e-01
-1.952260375022888184e+00 1.717603653669357300e-01 6.251215934753417969e-01
-1.801212668418884277e+00 2.744196355342864990e-02 7.052638530731201172e-01
-1.643231153488159180e+00 -1.221272051334381104e-01 7.883046865463256836e-01
-1.477592468261718750e+00 -2.770327627658843994e-01 8.750945925712585449e-01
-1.310704469680786133e+00 -4.032147526741027832e-01 9.707159996032714844e-01
-1.172086119651794434e+00 -5.592517256736755371e-01 1.004787921905517578e+00
-9.481598138809204102e-01 -7.662068605422973633e-01 9.873167276382446289e-01
-6.852908730506896973e-01 -9.610642194747924805e-01 9.596161842346191406e-01
-4.067875742912292480e-01 -1.163689494132995605e+00 9.256219863891601562e-01
-2.128490060567855835e-01 -1.288832426071166992e+00 9.131562709808349609e-01
-1.140243262052536011e-01 -1.329473614692687988e+00 9.251369237899780273e-01
-6.090961396694183350e-03 -1.374254345893859863e+00 9.329270124435424805e-01
1.130580157041549683e-01 -1.424619436264038086e+00 9.357925653457641602e-01
2.277604192495346069e-01 -1.470068454742431641e+00 9.374237060546875000e-01
3.391796350479125977e-01 -1.508631825447082520e+00 9.368041753768920898e-01
4.554567933082580566e-01 -1.539573669433593750e+00 9.268358945846557617e-01
5.664201378822326660e-01 -1.565226674079895020e+00 9.150592088699340820e-01
6.704921126365661621e-01 -1.584932327270507812e+00 9.025994539260864258e-01
7.645277380943298340e-01 -1.601603627204895020e+00 8.901014328002929688e-01
8.456241488456726074e-01 -1.617977619171142578e+00 8.781589865684509277e-01
9.155994653701782227e-01 -1.625186085700988770e+00 8.648333549499511719e-01
9.792271256446838379e-01 -1.627367734909057617e+00 8.508989810943603516e-01
1.037306427955627441e+00 -1.625423073768615723e+00 8.364893794059753418e-01
1.089636445045471191e+00 -1.619450569152832031e+00 8.215749263763427734e-01
1.133952260017395020e+00 -1.607873201370239258e+00 8.057947158813476562e-01
1.168640494346618652e+00 -1.588598489761352539e+00 7.883368730545043945e-01
1.196387767791748047e+00 -1.564171075820922852e+00 7.696707248687744141e-01
1.213737249374389648e+00 -1.534092068672180176e+00 7.503190040588378906e-01
1.220421671867370605e+00 -1.498547554016113281e+00 7.303127050399780273e-01
1.248638868331909180e+00 -1.503802180290222168e+00 6.993458271026611328e-01
1.288883090019226074e+00 -1.523915052413940430e+00 6.700569391250610352e-01
1.376667976379394531e+00 -1.530442595481872559e+00 6.241099834442138672e-01
1.442723155021667480e+00 -1.536567568778991699e+00 5.847392082214355469e-01
1.480640530586242676e+00 -1.547431707382202148e+00 5.492632389068603516e-01
1.503632307052612305e+00 -1.548979640007019043e+00 5.118166208267211914e-01
1.508447647094726562e+00 -1.532050490379333496e+00 4.770390987396240234e-01
1.507118344306945801e+00 -1.512499690055847168e+00 4.420753121376037598e-01
1.509593367576599121e+00 -1.492794752120971680e+00 4.131706953048706055e-01
1.546774983406066895e+00 -1.475520968437194824e+00 4.140067696571350098e-01
1.561694860458374023e+00 -1.430828928947448730e+00 3.435513377189636230e-01
1.561533808708190918e+00 -1.378347992897033691e+00 2.604225277900695801e-01
1.540540695190429688e+00 -1.329826235771179199e+00 2.200609594583511353e-01
1.512076258659362793e+00 -1.280974626541137695e+00 1.792878955602645874e-01
1.469984292984008789e+00 -1.232813119888305664e+00 1.329571455717086792e-01
1.440881133079528809e+00 -1.088138937950134277e+00 -3.174558281898498535e-03
1.368752598762512207e+00 -9.478785991668701172e-01 -1.433634310960769653e-01
1.214030981063842773e+00 -9.037353992462158203e-01 -1.866284906864166260e-01
1.039174556732177734e+00 -8.622366189956665039e-01 -2.373177558183670044e-01
8.589064478874206543e-01 -8.257611393928527832e-01 -2.826362550258636475e-01
6.120033264160156250e-01 -7.488175630569458008e-01 -3.412292897701263428e-01
3.846688270568847656e-01 -6.722171306610107422e-01 -3.876834511756896973e-01
1.857959777116775513e-01 -6.172462105751037598e-01 -4.125647544860839844e-01
-1.727543026208877563e-02 -5.881057977676391602e-01 -4.269031286239624023e-01
-2.138368785381317139e-01 -6.076694726943969727e-01 -4.263854026794433594e-01
-3.686165809631347656e-01 -6.655795574188232422e-01 -4.239582419395446777e-01
-4.978041648864746094e-01 -7.168337702751159668e-01 -4.004330039024353027e-01
-5.495851635932922363e-01 -7.438552975654602051e-01 -3.743453025817871094e-01
-5.889274477958679199e-01 -7.811893820762634277e-01 -3.441009521484375000e-01
-6.180179119110107422e-01 -8.294095993041992188e-01 -3.096772432327270508e-01
-6.365849971771240234e-01 -8.877886533737182617e-01 -2.714877724647521973e-01
-6.809831261634826660e-01 -9.352716207504272461e-01 -2.113913148641586304e-01
-7.060586214065551758e-01 -9.619747400283813477e-01 -1.423262804746627808e-01
-7.089479565620422363e-01 -9.825142621994018555e-01 -5.679994821548461914e-02
-6.945436596870422363e-01 -1.011146187782287598e+00 3.357313573360443115e-02
-6.479071378707885742e-01 -1.036575913429260254e+00 1.303176432847976685e-01
-5.818251371383666992e-01 -1.063119411468505859e+00 2.269828170537948608e-01
-4.472130537033081055e-01 -1.124374866485595703e+00 3.228666782379150391e-01
-2.167066186666488647e-01 -1.246143937110900879e+00 4.075307846069335938e-01
-7.949285209178924561e-02 -1.307372927665710449e+00 4.039211273193359375e-01
-1.164928078651428223e-03 -1.328072428703308105e+00 4.214365482330322266e-01
7.479503750801086426e-02 -1.351668953895568848e+00 4.292435050010681152e-01
1.547683477401733398e-01 -1.375355482101440430e+00 4.362896680831909180e-01
2.334680408239364624e-01 -1.397031903266906738e+00 4.657762050628662109e-01
3.142305612564086914e-01 -1.407955765724182129e+00 5.008987188339233398e-01
3.991532921791076660e-01 -1.417888998985290527e+00 5.345777273178100586e-01
4.918872714042663574e-01 -1.416071057319641113e+00 5.423596501350402832e-01
5.831178426742553711e-01 -1.419976472854614258e+00 5.475631952285766602e-01
6.751792430877685547e-01 -1.423594117164611816e+00 5.515546798706054688e-01
7.654016017913818359e-01 -1.426447868347167969e+00 5.548531413078308105e-01
8.457697033882141113e-01 -1.427063345909118652e+00 5.595259666442871094e-01
9.302030205726623535e-01 -1.441420197486877441e+00 5.582066774368286133e-01
1.016400694847106934e+00 -1.464655160903930664e+00 5.524646043777465820e-01
1.100018858909606934e+00 -1.485862493515014648e+00 5.458427071571350098e-01
1.180432558059692383e+00 -1.504732370376586914e+00 5.384693741798400879e-01
1.257075548171997070e+00 -1.520970106124877930e+00 5.304830074310302734e-01
1.313878417015075684e+00 -1.517866373062133789e+00 5.220857262611389160e-01
1.377692937850952148e+00 -1.500599145889282227e+00 5.110071301460266113e-01
1.461145520210266113e+00 -1.468280076980590820e+00 4.959068298339843750e-01
1.548774123191833496e+00 -1.445543169975280762e+00 4.983252286911010742e-01
1.615653872489929199e+00 -1.427807450294494629e+00 5.124161839485168457e-01
1.669574022293090820e+00 -1.407436251640319824e+00 5.310015678405761719e-01
1.715579748153686523e+00 -1.382303714752197266e+00 5.470507144927978516e-01
1.784842252731323242e+00 -1.333956599235534668e+00 5.619543194770812988e-01
1.857214570045471191e+00 -1.276975870132446289e+00 5.777816772460937500e-01
1.928902626037597656e+00 -1.216996669769287109e+00 5.960835218429565430e-01
1.998393058776855469e+00 -1.156286716461181641e+00 6.174298524856567383e-01
2.029404401779174805e+00 -1.111947894096374512e+00 6.464804410934448242e-01
2.045248746871948242e+00 -1.066463828086853027e+00 6.727136373519897461e-01
2.084263324737548828e+00 -1.016035079956054688e+00 7.057045102119445801e-01
2.118906736373901367e+00 -9.430152177810668945e-01 7.377541065216064453e-01
2.155594348907470703e+00 -8.637538552284240723e-01 7.716892957687377930e-01
2.221749305725097656e+00 -7.502888441085815430e-01 7.736957669258117676e-01
2.296896934509277344e+00 -6.059952974319458008e-01 7.532863616943359375e-01
2.340638875961303711e+00 -3.604337871074676514e-01 6.648955345153808594e-01
2.347632646560668945e+00 -9.977124631404876709e-02 5.512201189994812012e-01
2.265633583068847656e+00 1.017348766326904297e-01 5.254833698272705078e-01
2.138715028762817383e+00 2.822897434234619141e-01 5.260455012321472168e-01
2.007699012756347656e+00 4.495621919631958008e-01 5.098056793212890625e-01
1.889834403991699219e+00 5.745915174484252930e-01 4.662985801696777344e-01
1.790157437324523926e+00 6.616004705429077148e-01 4.305936098098754883e-01
1.649836778640747070e+00 7.282336354255676270e-01 3.584046363830566406e-01
1.518909931182861328e+00 7.894897460937500000e-01 2.920005917549133301e-01
1.488218426704406738e+00 8.294109106063842773e-01 2.815304994583129883e-01
1.462798595428466797e+00 8.950308561325073242e-01 2.809305787086486816e-01
1.391832113265991211e+00 1.000714540481567383e+00 2.608628869056701660e-01
1.325555443763732910e+00 1.080514073371887207e+00 2.499949187040328979e-01
1.262199759483337402e+00 1.153470158576965332e+00 2.434630244970321655e-01
1.196601271629333496e+00 1.225268721580505371e+00 2.350967675447463989e-01
1.128759026527404785e+00 1.295808196067810059e+00 2.249669879674911499e-01
1.019053578376770020e+00 1.405066967010498047e+00 2.274405807256698608e-01
9.060069918632507324e-01 1.477588295936584473e+00 1.751687973737716675e-01
8.155136108398437500e-01 1.521487951278686523e+00 1.315296143293380737e-01
7.542555928230285645e-01 1.547482728958129883e+00 1.165937483310699463e-01
6.414529085159301758e-01 1.576368331909179688e+00 1.644917577505111694e-01
5.047389864921569824e-01 1.606070280075073242e+00 2.407250255346298218e-01
3.239649534225463867e-01 1.612336158752441406e+00 2.860637903213500977e-01
1.390196830034255981e-01 1.615648508071899414e+00 3.520749807357788086e-01
2.547636628150939941e-03 1.608951807022094727e+00 4.477736949920654297e-01
-7.985015213489532471e-02 1.600857377052307129e+00 5.757200121879577637e-01
-1.097325608134269714e-01 1.578720569610595703e+00 6.720300316810607910e-01
-1.516871303319931030e-01 1.538028717041015625e+00 7.097235321998596191e-01
-2.117110043764114380e-01 1.521397113800048828e+00 7.117953300476074219e-01
-2.536990642547607422e-01 1.529201745986938477e+00 7.252421379089355469e-01
-2.929199934005737305e-01 1.535782694816589355e+00 7.357934117317199707e-01
-3.290027976036071777e-01 1.542910814285278320e+00 7.438243627548217773e-01
-3.625805377960205078e-01 1.548186421394348145e+00 7.493925690650939941e-01
-3.937184214591979980e-01 1.551775217056274414e+00 7.527490854263305664e-01
-4.225072860717773438e-01 1.553840994834899902e+00 7.541389465332031250e-01
-4.475713372230529785e-01 1.553433656692504883e+00 7.538928389549255371e-01
-4.593508243560791016e-01 1.553861379623413086e+00 7.540102005004882812e-01
-4.586541056632995605e-01 1.555253624916076660e+00 7.575428485870361328e-01
-4.580838084220886230e-01 1.553840398788452148e+00 7.611443996429443359e-01
-4.577701091766357422e-01 1.551501393318176270e+00 7.631054520606994629e-01
-4.575970172882080078e-01 1.548372387886047363e+00 7.636856436729431152e-01
-4.574586153030395508e-01 1.544582009315490723e+00 7.631276249885559082e-01
-4.572587013244628906e-01 1.540250420570373535e+00 7.616558074951171875e-01
-4.569104909896850586e-01 1.535487651824951172e+00 7.594774961471557617e-01
-4.563351869583129883e-01 1.530394792556762695e+00 7.567836046218872070e-01
-4.560801982879638672e-01 1.524634003639221191e+00 7.539510130882263184e-01
-4.636368155479431152e-01 1.518190622329711914e+00 7.514027953147888184e-01
-4.774067401885986328e-01 1.512314915657043457e+00 7.487226724624633789e-01
-4.900576472282409668e-01 1.507102251052856445e+00 7.424088716506958008e-01
-5.014992952346801758e-01 1.502606272697448730e+00 7.340968251228332520e-01
-5.117698907852172852e-01 1.498801350593566895e+00 7.262802720069885254e-01
-5.224943757057189941e-01 1.492972135543823242e+00 7.173565030097961426e-01
-5.329610109329223633e-01 1.485932588577270508e+00 7.078121304512023926e-01
-5.417180657386779785e-01 1.479632377624511719e+00 6.988079547882080078e-01
-5.486084818840026855e-01 1.474096059799194336e+00 6.903696060180664062e-01
-5.535069108009338379e-01 1.469332456588745117e+00 6.825150251388549805e-01
-5.563216209411621094e-01 1.465336441993713379e+00 6.752541065216064453e-01
-5.569987893104553223e-01 1.462087392807006836e+00 6.685882210731506348e-01
-5.825254917144775391e-01 1.466619610786437988e+00 6.415673494338989258e-01
-6.281522512435913086e-01 1.471730589866638184e+00 5.931084156036376953e-01
-6.768555045127868652e-01 1.475020527839660645e+00 5.252304673194885254e-01
-6.921802759170532227e-01 1.469182968139648438e+00 4.936739206314086914e-01
-6.944718956947326660e-01 1.460525035858154297e+00 4.685701131820678711e-01
-6.941717863082885742e-01 1.452539086341857910e+00 4.447866082191467285e-01
-6.915550827980041504e-01 1.445130944252014160e+00 4.222092628479003906e-01
-6.869557499885559082e-01 1.438199520111083984e+00 4.007042646408081055e-01
-6.817725300788879395e-01 1.431578516960144043e+00 3.796925544738769531e-01
-6.924472451210021973e-01 1.427051424980163574e+00 3.469048142433166504e-01
-7.064831852912902832e-01 1.424074292182922363e+00 3.143556714057922363e-01
-7.190249562263488770e-01 1.422005534172058105e+00 2.859616279602050781e-01
-7.316830158233642578e-01 1.419843792915344238e+00 2.578529119491577148e-01
-7.523770928382873535e-01 1.417099118232727051e+00 2.351286858320236206e-01
-7.875467538833618164e-01 1.415508508682250977e+00 2.111577540636062622e-01
-8.325074911117553711e-01 1.408360719680786133e+00 1.872709840536117554e-01
-8.686386942863464355e-01 1.408912420272827148e+00 1.571754664182662964e-01
-8.987869620323181152e-01 1.408124089241027832e+00 1.314989477396011353e-01
-9.191155433654785156e-01 1.398553013801574707e+00 1.209720820188522339e-01
-9.435250759124755859e-01 1.389419674873352051e+00 1.091188788414001465e-01
-9.683351516723632812e-01 1.380806207656860352e+00 9.746427834033966064e-02
-9.932987689971923828e-01 1.372835159301757812e+00 8.612795174121856689e-02
-1.018112421035766602e+00 1.365635991096496582e+00 7.525372505187988281e-02
-1.042436480522155762e+00 1.359331965446472168e+00 6.499847769737243652e-02
-1.065895199775695801e+00 1.354041695594787598e+00 5.553296208381652832e-02
-1.088097214698791504e+00 1.349871516227722168e+00 4.703308641910552979e-02
-1.108650326728820801e+00 1.346911072731018066e+00 3.967644274234771729e-02
-1.127512693405151367e+00 1.345478057861328125e+00 3.402952849864959717e-02
-1.141446590423583984e+00 1.345570325851440430e+00 3.287683427333831787e-02
-1.138172268867492676e+00 1.344380497932434082e+00 3.961227834224700928e-02
-1.133961439132690430e+00 1.345524787902832031e+00 4.906886816024780273e-02
-1.127415299415588379e+00 1.348019361495971680e+00 5.975081026554107666e-02
-1.118511915206909180e+00 1.351799011230468750e+00 7.164357602596282959e-02
-1.107289075851440430e+00 1.356770157814025879e+00 8.470645546913146973e-02
-1.096451401710510254e+00 1.360729932785034180e+00 9.451089799404144287e-02
-1.085439324378967285e+00 1.362421274185180664e+00 9.964032471179962158e-02
-1.071465015411376953e+00 1.365271568298339844e+00 1.068202257156372070e-01
-1.054802417755126953e+00 1.369124054908752441e+00 1.159613579511642456e-01
-1.035798788070678711e+00 1.373797774314880371e+00 1.269237548112869263e-01
-1.014870166778564453e+00 1.379087924957275391e+00 1.395160704851150513e-01
-9.924889802932739258e-01 1.384776353836059570e+00 1.535025388002395630e-01
-9.691712260246276855e-01 1.390634059906005859e+00 1.686063259840011597e-01
-9.454623460769653320e-01 1.396428823471069336e+00 1.845172494649887085e-01
-9.324518442153930664e-01 1.398724794387817383e+00 1.941066235303878784e-01
-9.278258085250854492e-01 1.398179531097412109e+00 1.993535310029983521e-01
-9.268721342086791992e-01 1.396188974380493164e+00 2.032213360071182251e-01
-9.274217486381530762e-01 1.393385291099548340e+00 2.066132575273513794e-01
-9.296094179153442383e-01 1.389713168144226074e+00 2.093810290098190308e-01
-9.378640055656433105e-01 1.385189294815063477e+00 2.096187323331832886e-01
-9.482806324958801270e-01 1.379775881767272949e+00 2.088259011507034302e-01
-9.644635915756225586e-01 1.373346209526062012e+00 2.048159390687942505e-01
-9.826501607894897461e-01 1.366072773933410645e+00 1.995164602994918823e-01
-1.001849770545959473e+00 1.358564972877502441e+00 1.934068650007247925e-01
-1.020360946655273438e+00 1.350220203399658203e+00 1.864740401506423950e-01
-1.038749575614929199e+00 1.341375470161437988e+00 1.795418709516525269e-01
-1.056792855262756348e+00 1.332205414772033691e+00 1.727614551782608032e-01
-1.074166655540466309e+00 1.322858452796936035e+00 1.662145704030990601e-01
-1.089351058006286621e+00 1.313084602355957031e+00 1.592812091112136841e-01
-1.102828979492187500e+00 1.303290486335754395e+00 1.524579972028732300e-01
-1.114406585693359375e+00 1.293643236160278320e+00 1.458263546228408813e-01
-1.124182820320129395e+00 1.284493684768676758e+00 1.393331289291381836e-01
-1.132498264312744141e+00 1.276325225830078125e+00 1.328254193067550659e-01
-1.138687252998352051e+00 1.268846631050109863e+00 1.266294270753860474e-01
-1.142694830894470215e+00 1.262162923812866211e+00 1.207979470491409302e-01
-1.139419794082641602e+00 1.259488582611083984e+00 1.175833940505981445e-01
-1.141268491744995117e+00 1.256660342216491699e+00 1.117035746574401855e-01
-1.143727421760559082e+00 1.254291176795959473e+00 1.051456332206726074e-01
-1.145179033279418945e+00 1.252432584762573242e+00 9.714953601360321045e-02
-1.145841121673583984e+00 1.251009464263916016e+00 8.911249041557312012e-02
-1.145793199539184570e+00 1.249996066093444824e+00 8.121606707572937012e-02
-1.145105838775634766e+00 1.249367833137512207e+00 7.349051535129547119e-02
-1.143855214118957520e+00 1.249093770980834961e+00 6.596143543720245361e-02
-1.142121553421020508e+00 1.249137639999389648e+00 5.864910781383514404e-02
-1.139982342720031738e+00 1.249459385871887207e+00 5.157245695590972900e-02
-1.141354441642761230e+00 1.249897003173828125e+00 4.862807691097259521e-02
-1.144746065139770508e+00 1.250882506370544434e+00 3.982119262218475342e-02
-1.150178194046020508e+00 1.254104137420654297e+00 3.195653855800628662e-02
-1.155305385589599609e+00 1.257447242736816406e+00 2.457771450281143188e-02
-1.159948348999023438e+00 1.260735154151916504e+00 1.753827184438705444e-02
-1.164945006370544434e+00 1.262470841407775879e+00 8.512973785400390625e-03
-1.169431924819946289e+00 1.263990640640258789e+00 -1.913011074066162109e-04
-1.173335790634155273e+00 1.265294671058654785e+00 -8.466817438602447510e-03
-1.176601052284240723e+00 1.266348719596862793e+00 -1.627692580223083496e-02
-1.179163575172424316e+00 1.267123222351074219e+00 -2.358947694301605225e-02
-1.180958032608032227e+00 1.267594456672668457e+00 -3.037720173597335815e-02
-1.181921362876892090e+00 1.267743706703186035e+00 -3.661978244781494141e-02
-1.181997776031494141e+00 1.267557740211486816e+00 -4.230368137359619141e-02
-1.181143164634704590e+00 1.267027974128723145e+00 -4.742397740483283997e-02
-1.179331421852111816e+00 1.266149640083312988e+00 -5.198386311531066895e-02
-1.176558971405029297e+00 1.264921903610229492e+00 -5.599713325500488281e-02
-1.172848820686340332e+00 1.263346791267395020e+00 -5.948730558156967163e-02
-1.168254613876342773e+00 1.261427879333496094e+00 -6.248921900987625122e-02
-1.162860989570617676e+00 1.259170413017272949e+00 -6.504779309034347534e-02
-1.156784772872924805e+00 1.256581544876098633e+00 -6.721826642751693726e-02
-1.153963446617126465e+00 1.253681659698486328e+00 -7.025193423032760620e-02
-1.159714102745056152e+00 1.250496029853820801e+00 -7.583341002464294434e-02
-1.165917038917541504e+00 1.247005701065063477e+00 -8.143581449985504150e-02
-1.172555923461914062e+00 1.243219852447509766e+00 -8.707126230001449585e-02
-1.181364417076110840e+00 1.240072727203369141e+00 -9.379208832979202271e-02
-1.194215059280395508e+00 1.238575220108032227e+00 -1.027346551418304443e-01
-1.207304954528808594e+00 1.236761450767517090e+00 -1.116649955511093140e-01
-1.220543742179870605e+00 1.234625101089477539e+00 -1.205566748976707458e-01
-1.233827710151672363e+00 1.232165098190307617e+00 -1.293801218271255493e-01
-1.242447972297668457e+00 1.228511810302734375e+00 -1.362446993589401245e-01
-1.249080777168273926e+00 1.224212408065795898e+00 -1.422510743141174316e-01
-1.255808949470520020e+00 1.219712853431701660e+00 -1.482654511928558350e-01
-1.262515068054199219e+00 1.215055346488952637e+00 -1.542667448520660400e-01
-1.269062161445617676e+00 1.210292100906372070e+00 -1.602322161197662354e-01
-1.275296926498413086e+00 1.205486297607421875e+00 -1.661380529403686523e-01
-1.281050682067871094e+00 1.200713276863098145e+00 -1.719582974910736084e-01
-1.286141514778137207e+00 1.196057677268981934e+00 -1.776663959026336670e-01
-1.290377616882324219e+00 1.191613197326660156e+00 -1.832357645034790039e-01
-1.293564438819885254e+00 1.187480926513671875e+00 -1.886398792266845703e-01
-1.295505404472351074e+00 1.183766484260559082e+00 -1.938530653715133667e-01
-1.295929074287414551e+00 1.183730959892272949e+00 -1.978591680526733398e-01
-1.294737696647644043e+00 1.184491276741027832e+00 -2.015763521194458008e-01
-1.289755344390869141e+00 1.185093402862548828e+00 -2.071264982223510742e-01
-1.281392574310302734e+00 1.185597777366638184e+00 -2.140258252620697021e-01
-1.271760940551757812e+00 1.186375737190246582e+00 -2.212268710136413574e-01
-1.260135889053344727e+00 1.187231898307800293e+00 -2.283996939659118652e-01
-1.247237682342529297e+00 1.189162492752075195e+00 -2.349790185689926147e-01
-1.234858751296997070e+00 1.194455623626708984e+00 -2.397498935461044312e-01
-1.220264315605163574e+00 1.199389100074768066e+00 -2.447051852941513062e-01
-1.203604102134704590e+00 1.203971982002258301e+00 -2.498475760221481323e-01
-1.185074210166931152e+00 1.208221554756164551e+00 -2.551742494106292725e-01
-1.164920806884765625e+00 1.212162494659423828e+00 -2.606781721115112305e-01
-1.143431186676025391e+00 1.215824961662292480e+00 -2.663459777832031250e-01
-1.120929479598999023e+00 1.219245076179504395e+00 -2.721593379974365234e-01
-1.097692847251892090e+00 1.225255608558654785e+00 -2.772147655487060547e-01
-1.074091315269470215e+00 1.233938097953796387e+00 -2.814710140228271484e-01
-1.050580024719238281e+00 1.242576360702514648e+00 -2.857612669467926025e-01
-1.027541518211364746e+00 1.251100540161132812e+00 -2.900835871696472168e-01
-1.005346775054931641e+00 1.259439587593078613e+00 -2.944316267967224121e-01
-9.843446612358093262e-01 1.267523169517517090e+00 -2.987967729568481445e-01
-9.624614119529724121e-01 1.273574233055114746e+00 -2.915659546852111816e-01
-9.311716556549072266e-01 1.278270125389099121e+00 -2.597546577453613281e-01
-8.954613208770751953e-01 1.285145640373229980e+00 -2.272328138351440430e-01
-8.719226121902465820e-01 1.286574482917785645e+00 -2.073246091604232788e-01
-8.634871840476989746e-01 1.280727982521057129e+00 -2.035025954246520996e-01
-8.576203584671020508e-01 1.276080489158630371e+00 -2.009158134460449219e-01
-8.542313575744628906e-01 1.272660374641418457e+00 -1.995470374822616577e-01
-8.528954386711120605e-01 1.270310044288635254e+00 -1.991996765136718750e-01
-8.543441295623779297e-01 1.268813610076904297e+00 -2.002084255218505859e-01
-8.576654195785522461e-01 1.268438816070556641e+00 -2.021728605031967163e-01
-8.625059127807617188e-01 1.269096493721008301e+00 -2.049185633659362793e-01
-8.685030937194824219e-01 1.270679235458374023e+00 -2.082574665546417236e-01
-8.752722740173339844e-01 1.273058891296386719e+00 -2.119845747947692871e-01
-8.824199438095092773e-01 1.276095151901245117e+00 -2.158844619989395142e-01
-8.895569443702697754e-01 1.279636979103088379e+00 -2.197395265102386475e-01
-8.963111042976379395e-01 1.283529281616210938e+00 -2.233372628688812256e-01
-9.023412466049194336e-01 1.287618517875671387e+00 -2.264783382415771484e-01
-9.073443412780761719e-01 1.291756868362426758e+00 -2.289833724498748779e-01
-9.102689623832702637e-01 1.296031117439270020e+00 -2.303511798381805420e-01
-9.152330160140991211e-01 1.297087192535400391e+00 -2.362280189990997314e-01
-9.229776263236999512e-01 1.295359253883361816e+00 -2.454073876142501831e-01
-9.299364089965820312e-01 1.293127417564392090e+00 -2.536608576774597168e-01
-9.360281825065612793e-01 1.290378212928771973e+00 -2.609004378318786621e-01
-9.412273764610290527e-01 1.287109136581420898e+00 -2.671067118644714355e-01
-9.436883926391601562e-01 1.283917069435119629e+00 -2.713851332664489746e-01
-9.430484771728515625e-01 1.280960321426391602e+00 -2.736192941665649414e-01
-9.412033557891845703e-01 1.277717709541320801e+00 -2.748570740222930908e-01
-9.386057257652282715e-01 1.274143099784851074e+00 -2.754485011100769043e-01
-9.358910918235778809e-01 1.270268201828002930e+00 -2.758874297142028809e-01
-9.359130263328552246e-01 1.267404437065124512e+00 -2.782914638519287109e-01
-9.367730021476745605e-01 1.264079213142395020e+00 -2.813201546669006348e-01
-9.390076994895935059e-01 1.260253787040710449e+00 -2.854124903678894043e-01
-9.431370496749877930e-01 1.255901575088500977e+00 -2.910000085830688477e-01
-9.496493339538574219e-01 1.251008749008178711e+00 -2.984908819198608398e-01
-9.589802622795104980e-01 1.245576739311218262e+00 -3.082564175128936768e-01
-9.701992273330688477e-01 1.238681912422180176e+00 -3.142666220664978027e-01
-9.829776287078857422e-01 1.229898333549499512e+00 -3.137077689170837402e-01
-9.989618062973022461e-01 1.220288872718811035e+00 -3.137124180793762207e-01
