-3.640452384948730469e+00 2.165109157562255859e+00 -3.194909095764160156e+00
-3.533227205276489258e+00 2.028167724609375000e+00 -3.300724029541015625e+00
-3.411261081695556641e+00 1.883999228477478027e+00 -3.404538154602050781e+00
-3.273949146270751953e+00 1.733666062355041504e+00 -3.504414796829223633e+00
-3.120977878570556641e+00 1.578367948532104492e+00 -3.598271369934082031e+00
-2.952335357666015625e+00 1.419422030448913574e+00 -3.683927059173583984e+00
-2.768335819244384766e+00 1.258233189582824707e+00 -3.759160041809082031e+00
-2.569614410400390625e+00 1.096253514289855957e+00 -3.821757793426513672e+00
-2.357127666473388672e+00 9.349501132965087891e-01 -3.869569778442382812e+00
-2.132137775421142578e+00 7.757629156112670898e-01 -3.900572776794433594e+00
-1.896185994148254395e+00 6.200630664825439453e-01 -3.912908077239990234e+00
-1.651061415672302246e+00 4.691178202629089355e-01 -3.904940605163574219e+00
-1.398763060569763184e+00 3.240483999252319336e-01 -3.875298500061035156e+00
-1.141449689865112305e+00 1.858063191175460815e-01 -3.822911739349365234e+00
-8.813955187797546387e-01 5.513791739940643311e-02 -3.747040271759033203e+00
-6.209309101104736328e-01 -6.742329895496368408e-02 -3.647295475006103516e+00
-3.623908162117004395e-01 -1.815765947103500366e-01 -3.523656845092773438e+00
-1.080612093210220337e-01 -2.872508764266967773e-01 -3.376472949981689453e+00
1.398717314004898071e-01 -3.846067190170288086e-01 -3.206452369689941406e+00
3.793710470199584961e-01 -4.740165472030639648e-01 -3.014662981033325195e+00
6.085864901542663574e-01 -5.560524463653564453e-01 -2.802492618560791016e+00
8.258946537971496582e-01 -6.314570903778076172e-01 -2.571634292602539062e+00
1.029920458793640137e+00 -7.011171579360961914e-01 -2.324040412902832031e+00
1.219560503959655762e+00 -7.660299539566040039e-01 -2.061887979507446289e+00
1.393993020057678223e+00 -8.272689580917358398e-01 -1.787524580955505371e+00
1.552683949470520020e+00 -8.859459161758422852e-01 -1.503428339958190918e+00
1.695375442504882812e+00 -9.431816339492797852e-01 -1.212155342102050781e+00
1.822082638740539551e+00 -1.000069737434387207e+00 -9.162896871566772461e-01
1.933074116706848145e+00 -1.057645440101623535e+00 -6.183966398239135742e-01
2.028845071792602539e+00 -1.116862893104553223e+00 -3.209775984287261963e-01
2.110095024108886719e+00 -1.178566336631774902e+00 -2.642694115638732910e-02
2.177701473236083984e+00 -1.243482470512390137e+00 2.630035579204559326e-01
2.232679605484008789e+00 -1.312197089195251465e+00 5.452399253845214844e-01
2.276158332824707031e+00 -1.385155320167541504e+00 8.184106349945068359e-01
2.309343099594116211e+00 -1.462651371955871582e+00 1.080870985984802246e+00
2.333491086959838867e+00 -1.544831871986389160e+00 1.331215023994445801e+00
2.349874258041381836e+00 -1.631702065467834473e+00 1.568289160728454590e+00
2.359757423400878906e+00 -1.723134875297546387e+00 1.791190862655639648e+00
2.364373207092285156e+00 -1.818874955177307129e+00 1.999270319938659668e+00
2.364900112152099609e+00 -1.918560385704040527e+00 2.192117929458618164e+00
2.362445116043090820e+00 -2.021732330322265625e+00 2.369560241699218750e+00
2.358028888702392578e+00 -2.127850532531738281e+00 2.531641721725463867e+00
2.352572917938232422e+00 -2.236315727233886719e+00 2.678601741790771484e+00
2.346891164779663086e+00 -2.346481084823608398e+00 2.810859680175781250e+00
2.341683387756347656e+00 -2.457669973373413086e+00 2.928995847702026367e+00
2.337531805038452148e+00 -2.569188356399536133e+00 3.033721208572387695e+00
2.334905624389648438e+00 -2.680348873138427734e+00 3.125865936279296875e+00
2.334150552749633789e+00 -2.790473937988281250e+00 3.206343173980712891e+00
2.335506439208984375e+00 -2.898912668228149414e+00 3.276139736175537109e+00
2.339102268218994141e+00 -3.005049467086791992e+00 3.336291790008544922e+00
2.344974756240844727e+00 -3.108313322067260742e+00 3.387860536575317383e+00
2.353065490722656250e+00 -3.208183765411376953e+00 3.431916713714599609e+00
2.363240003585815430e+00 -3.304200172424316406e+00 3.469523429870605469e+00
2.375298023223876953e+00 -3.395958900451660156e+00 3.501724004745483398e+00
2.388984203338623047e+00 -3.483117580413818359e+00 3.529515743255615234e+00
2.404003143310546875e+00 -3.565396070480346680e+00 3.553850173950195312e+00
2.420026302337646484e+00 -3.642576217651367188e+00 3.575616836547851562e+00
2.436718702316284180e+00 -3.714496374130249023e+00 3.595632314682006836e+00
2.453735589981079102e+00 -3.781050443649291992e+00 3.614634513854980469e+00
2.470744609832763672e+00 -3.842181444168090820e+00 3.633277654647827148e+00
2.487432003021240234e+00 -3.897877454757690430e+00 3.652127742767333984e+00
2.503511428833007812e+00 -3.948171854019165039e+00 3.671656370162963867e+00
2.518734455108642578e+00 -3.993130207061767578e+00 3.692247152328491211e+00
2.532898426055908203e+00 -4.032853126525878906e+00 3.714189529418945312e+00
2.545842170715332031e+00 -4.067470550537109375e+00 3.737688064575195312e+00
2.557465553283691406e+00 -4.097130298614501953e+00 3.762858390808105469e+00
2.567711353302001953e+00 -4.122010231018066406e+00 3.789733886718750000e+00
2.576579809188842773e+00 -4.142299652099609375e+00 3.818285465240478516e+00
2.584120273590087891e+00 -4.158210754394531250e+00 3.848411083221435547e+00
2.590424060821533203e+00 -4.169956684112548828e+00 3.879960298538208008e+00
2.595623254776000977e+00 -4.177766323089599609e+00 3.912742853164672852e+00
2.599881887435913086e+00 -4.181869029998779297e+00 3.946533679962158203e+00
2.603392124176025391e+00 -4.182502269744873047e+00 3.981099605560302734e+00
2.606354713439941406e+00 -4.179894447326660156e+00 4.016189098358154297e+00
2.608977317810058594e+00 -4.174277782440185547e+00 4.051564693450927734e+00
2.611473083496093750e+00 -4.165875911712646484e+00 4.086999893188476562e+00
2.614034414291381836e+00 -4.154913902282714844e+00 4.122288227081298828e+00
2.616841793060302734e+00 -4.141604423522949219e+00 4.157241344451904297e+00
2.620044708251953125e+00 -4.126161575317382812e+00 4.191708087921142578e+00
2.623766899108886719e+00 -4.108799934387207031e+00 4.225554943084716797e+00
2.628094673156738281e+00 -4.089730739593505859e+00 4.258677005767822266e+00
2.633080959320068359e+00 -4.069170951843261719e+00 4.290982723236083984e+00
2.638740062713623047e+00 -4.047340869903564453e+00 4.322402000427246094e+00
2.645050048828125000e+00 -4.024472713470458984e+00 4.352871417999267578e+00
2.651960372924804688e+00 -4.000811576843261719e+00 4.382333278656005859e+00
2.659392833709716797e+00 -3.976610660552978516e+00 4.410730361938476562e+00
2.667243480682373047e+00 -3.952136754989624023e+00 4.437999725341796875e+00
2.675398588180541992e+00 -3.927665710449218750e+00 4.464074611663818359e+00
2.683734655380249023e+00 -3.903489351272583008e+00 4.488872051239013672e+00
2.692128896713256836e+00 -3.879899978637695312e+00 4.512314319610595703e+00
2.700467586517333984e+00 -3.857197523117065430e+00 4.534306049346923828e+00
2.708649158477783203e+00 -3.835675477981567383e+00 4.554750442504882812e+00
2.716599941253662109e+00 -3.815623998641967773e+00 4.573553085327148438e+00
2.724263191223144531e+00 -3.797314882278442383e+00 4.590618133544921875e+00
2.731621265411376953e+00 -3.781000614166259766e+00 4.605863094329833984e+00
2.738681316375732422e+00 -3.766905784606933594e+00 4.619219779968261719e+00
2.745484352111816406e+00 -3.755220413208007812e+00 4.630633354187011719e+00
2.752101421356201172e+00 -3.746094465255737305e+00 4.640076160430908203e+00
2.758629798889160156e+00 -3.739628314971923828e+00 4.647551536560058594e+00
2.765184164047241211e+00 -3.735875844955444336e+00 4.653092384338378906e+00
2.771896123886108398e+00 -3.734837770462036133e+00 4.656767845153808594e+00
2.778904914855957031e+00 -3.736455440521240234e+00 4.658681869506835938e+00
2.786351203918457031e+00 -3.740614891052246094e+00 4.658988952636718750e+00
2.794366359710693359e+00 -3.747146606445312500e+00 4.657870292663574219e+00
2.803073406219482422e+00 -3.755824327468872070e+00 4.655557632446289062e+00
2.812570571899414062e+00 -3.766373157501220703e+00 4.652320861816406250e+00
2.822939872741699219e+00 -3.778468847274780273e+00 4.648459434509277344e+00
2.834229469299316406e+00 -3.791734218597412109e+00 4.644313335418701172e+00
2.846461772918701172e+00 -3.805768489837646484e+00 4.640245437622070312e+00
2.859628915786743164e+00 -3.820125102996826172e+00 4.636643886566162109e+00
2.873688697814941406e+00 -3.834333419799804688e+00 4.633913516998291016e+00
2.888574600219726562e+00 -3.847904443740844727e+00 4.632460594177246094e+00
2.904190301895141602e+00 -3.860333681106567383e+00 4.632698535919189453e+00
2.920412540435791016e+00 -3.871111631393432617e+00 4.635022163391113281e+00
2.937091827392578125e+00 -3.879734039306640625e+00 4.639814853668212891e+00
2.954062938690185547e+00 -3.885702848434448242e+00 4.647429466247558594e+00
2.971137523651123047e+00 -3.888541460037231445e+00 4.658185005187988281e+00
2.988115310668945312e+00 -3.887802600860595703e+00 4.672357082366943359e+00
3.004780769348144531e+00 -3.883070468902587891e+00 4.690169334411621094e+00
3.020910024642944336e+00 -3.873975038528442383e+00 4.711791992187500000e+00
3.036267280578613281e+00 -3.860197067260742188e+00 4.737329483032226562e+00
3.050620794296264648e+00 -3.841473579406738281e+00 4.766825675964355469e+00
3.063730478286743164e+00 -3.817606687545776367e+00 4.800253868103027344e+00
3.075361490249633789e+00 -3.788463115692138672e+00 4.837513446807861328e+00
3.085289001464843750e+00 -3.753984212875366211e+00 4.878440856933593750e+00
3.093291521072387695e+00 -3.714185953140258789e+00 4.922800540924072266e+00
3.099166154861450195e+00 -3.669160127639770508e+00 4.970286846160888672e+00
3.102727413177490234e+00 -3.619072198867797852e+00 5.020541191101074219e+00
3.103808641433715820e+00 -3.564167499542236328e+00 5.073142528533935547e+00
3.102266788482666016e+00 -3.504756689071655273e+00 5.127630233764648438e+00
3.097986698150634766e+00 -3.441219806671142578e+00 5.183491706848144531e+00
3.090879917144775391e+00 -3.373997926712036133e+00 5.240202426910400391e+00
3.080885648727416992e+00 -3.303586483001708984e+00 5.297203063964843750e+00
3.067975044250488281e+00 -3.230517864227294922e+00 5.353939056396484375e+00
3.052149295806884766e+00 -3.155364751815795898e+00 5.409841060638427734e+00
3.033438205718994141e+00 -3.078718185424804688e+00 5.464373588562011719e+00
3.011906147003173828e+00 -3.001175880432128906e+00 5.517008781433105469e+00
2.987644195556640625e+00 -2.923333644866943359e+00 5.567251205444335938e+00
2.960771322250366211e+00 -2.845772266387939453e+00 5.614655494689941406e+00
2.931442022323608398e+00 -2.769033193588256836e+00 5.658812522888183594e+00
2.899829864501953125e+00 -2.693627834320068359e+00 5.699382305145263672e+00
2.866141080856323242e+00 -2.620003700256347656e+00 5.736068248748779297e+00
2.830603599548339844e+00 -2.548557758331298828e+00 5.768642902374267578e+00
2.793472290039062500e+00 -2.479613065719604492e+00 5.796938896179199219e+00
2.755022287368774414e+00 -2.413425922393798828e+00 5.820857524871826172e+00
2.715546369552612305e+00 -2.350182294845581055e+00 5.840364456176757812e+00
2.675358772277832031e+00 -2.289994955062866211e+00 5.855474472045898438e+00
2.634785413742065430e+00 -2.232913732528686523e+00 5.866271018981933594e+00
2.594166517257690430e+00 -2.178938627243041992e+00 5.872879981994628906e+00
2.553852796554565430e+00 -2.128013134002685547e+00 5.875471115112304688e+00
2.514202117919921875e+00 -2.080043554306030273e+00 5.874249935150146484e+00
2.475573301315307617e+00 -2.034909725189208984e+00 5.869442462921142578e+00
2.438332557678222656e+00 -1.992480397224426270e+00 5.861293315887451172e+00
2.402841567993164062e+00 -1.952615141868591309e+00 5.850049018859863281e+00
2.369459390640258789e+00 -1.915183901786804199e+00 5.835948944091796875e+00
2.338537454605102539e+00 -1.880071043968200684e+00 5.819219589233398438e+00
2.310416221618652344e+00 -1.847183346748352051e+00 5.800063610076904297e+00
2.285428285598754883e+00 -1.816456437110900879e+00 5.778656482696533203e+00
2.263884067535400391e+00 -1.787855982780456543e+00 5.755134105682373047e+00
2.246073722839355469e+00 -1.761378645896911621e+00 5.729604244232177734e+00
2.232268333435058594e+00 -1.737054228782653809e+00 5.702136993408203125e+00
2.222705841064453125e+00 -1.714938521385192871e+00 5.672767639160156250e+00
2.217595577239990234e+00 -1.695113301277160645e+00 5.641496658325195312e+00
2.217112779617309570e+00 -1.677680134773254395e+00 5.608300209045410156e+00
2.221395969390869141e+00 -1.662752985954284668e+00 5.573126792907714844e+00
2.230544567108154297e+00 -1.650453209877014160e+00 5.535913467407226562e+00
2.244615077972412109e+00 -1.640905261039733887e+00 5.496575355529785156e+00
2.263627529144287109e+00 -1.634227871894836426e+00 5.455037593841552734e+00
2.287555694580078125e+00 -1.630524039268493652e+00 5.411215305328369141e+00
2.316333770751953125e+00 -1.629876971244812012e+00 5.365046977996826172e+00
2.349849224090576172e+00 -1.632347226142883301e+00 5.316480159759521484e+00
2.387952327728271484e+00 -1.637958407402038574e+00 5.265492439270019531e+00
2.430447101593017578e+00 -1.646698117256164551e+00 5.212097644805908203e+00
2.477098941802978516e+00 -1.658509850502014160e+00 5.156342029571533203e+00
2.527631521224975586e+00 -1.673284173011779785e+00 5.098324775695800781e+00
2.581725120544433594e+00 -1.690862774848937988e+00 5.038182258605957031e+00
2.639024257659912109e+00 -1.711027979850769043e+00 4.976106643676757812e+00
2.699131488800048828e+00 -1.733505368232727051e+00 4.912333011627197266e+00
2.761616230010986328e+00 -1.757963538169860840e+00 4.847143650054931641e+00
2.826009750366210938e+00 -1.784008622169494629e+00 4.780858993530273438e+00
2.891812086105346680e+00 -1.811198830604553223e+00 4.713842391967773438e+00
2.958500385284423828e+00 -1.839032769203186035e+00 4.646471500396728516e+00
3.025523662567138672e+00 -1.866964459419250488e+00 4.579154968261718750e+00
3.092314004898071289e+00 -1.894404768943786621e+00 4.512311935424804688e+00
3.158290624618530273e+00 -1.920729756355285645e+00 4.446357250213623047e+00
3.222864627838134766e+00 -1.945289492607116699e+00 4.381703853607177734e+00
3.285447120666503906e+00 -1.967415213584899902e+00 4.318747520446777344e+00
3.345455169677734375e+00 -1.986433625221252441e+00 4.257861137390136719e+00
3.402318239212036133e+00 -2.001674652099609375e+00 4.199378490447998047e+00
3.455491065979003906e+00 -2.012492418289184570e+00 4.143600940704345703e+00
3.504453659057617188e+00 -2.018271923065185547e+00 4.090778827667236328e+00
3.548725128173828125e+00 -2.018450021743774414e+00 4.041115283966064453e+00
3.587872266769409180e+00 -2.012524366378784180e+00 3.994764328002929688e+00
3.621511459350585938e+00 -2.000076055526733398e+00 3.951812982559204102e+00
3.649325609207153320e+00 -1.980777382850646973e+00 3.912308454513549805e+00
3.671063423156738281e+00 -1.954407811164855957e+00 3.876237392425537109e+00
3.686552286148071289e+00 -1.920864701271057129e+00 3.843544006347656250e+00
3.695698738098144531e+00 -1.880170702934265137e+00 3.814126968383789062e+00
3.698495149612426758e+00 -1.832477927207946777e+00 3.787854909896850586e+00
3.695018291473388672e+00 -1.778071284294128418e+00 3.764559745788574219e+00
3.685433149337768555e+00 -1.717369914054870605e+00 3.744058370590209961e+00
3.669986963272094727e+00 -1.650913834571838379e+00 3.726150989532470703e+00
3.649001598358154297e+00 -1.579364418983459473e+00 3.710634708404541016e+00
3.622871875762939453e+00 -1.503486275672912598e+00 3.697294712066650391e+00
3.592054367065429688e+00 -1.424132943153381348e+00 3.685931682586669922e+00
3.557051897048950195e+00 -1.342228531837463379e+00 3.676341056823730469e+00
3.518405914306640625e+00 -1.258743882179260254e+00 3.668337106704711914e+00
3.476679325103759766e+00 -1.174681305885314941e+00 3.661737918853759766e+00
3.432450056076049805e+00 -1.091037392616271973e+00 3.656379699707031250e+00
3.386287689208984375e+00 -1.008790850639343262e+00 3.652112722396850586e+00
3.338748693466186523e+00 -9.288715124130249023e-01 3.648803710937500000e+00
3.290359973907470703e+00 -8.521372079849243164e-01 3.646338939666748047e+00
3.241613388061523438e+00 -7.793530225753784180e-01 3.644622325897216797e+00
3.192950487136840820e+00 -7.111760377883911133e-01 3.643587112426757812e+00
3.144760608673095703e+00 -6.481333971023559570e-01 3.643190383911132812e+00
3.097369194030761719e+00 -5.906192064285278320e-01 3.643421649932861328e+00
3.051043033599853516e+00 -5.388818979263305664e-01 3.644297838211059570e+00
3.005980491638183594e+00 -4.930237531661987305e-01 3.645879268646240234e+00
2.962314367294311523e+00 -4.530085325241088867e-01 3.648256301879882812e+00
2.920117855072021484e+00 -4.186643362045288086e-01 3.651563167572021484e+00
2.879405498504638672e+00 -3.896971940994262695e-01 3.655963420867919922e+00
2.840138196945190430e+00 -3.657149076461791992e-01 3.661659955978393555e+00
2.802239894866943359e+00 -3.462346792221069336e-01 3.668884992599487305e+00
2.765596866607666016e+00 -3.307174444198608398e-01 3.677891731262207031e+00
2.730074167251586914e+00 -3.185867071151733398e-01 3.688957214355468750e+00
2.695526123046875000e+00 -3.092523813247680664e-01 3.702362537384033203e+00
2.661806344985961914e+00 -3.021389245986938477e-01 3.718393325805664062e+00
2.628779411315917969e+00 -2.967029809951782227e-01 3.737324237823486328e+00
2.596334218978881836e+00 -2.924617528915405273e-01 3.759415864944458008e+00
2.564383983612060547e+00 -2.890046834945678711e-01 3.784898281097412109e+00
2.532882928848266602e+00 -2.860099077224731445e-01 3.813963890075683594e+00
2.501825809478759766e+00 -2.832614183425903320e-01 3.846760749816894531e+00
2.471249818801879883e+00 -2.806462049484252930e-01 3.883381843566894531e+00
2.441240549087524414e+00 -2.781633138656616211e-01 3.923852443695068359e+00
2.411925554275512695e+00 -2.759293317794799805e-01 3.968129873275756836e+00
2.383470535278320312e+00 -2.741569280624389648e-01 4.016092300415039062e+00
2.356079578399658203e+00 -2.731629610061645508e-01 4.067539691925048828e+00
2.329976558685302734e+00 -2.733474969863891602e-01 4.122179985046386719e+00
2.305410861968994141e+00 -2.751759290695190430e-01 4.179641246795654297e+00
2.282637119293212891e+00 -2.791720628738403320e-01 4.239460468292236328e+00
2.261910438537597656e+00 -2.858844995498657227e-01 4.301104068756103516e+00
2.243477344512939453e+00 -2.958728075027465820e-01 4.363950252532958984e+00
2.227568626403808594e+00 -3.096839189529418945e-01 4.427323818206787109e+00
2.214386940002441406e+00 -3.278309106826782227e-01 4.490489482879638672e+00
2.204104185104370117e+00 -3.507651090621948242e-01 4.552666187286376953e+00
2.196853637695312500e+00 -3.788703680038452148e-01 4.613055706024169922e+00
2.192730665206909180e+00 -4.124296903610229492e-01 4.670839309692382812e+00
2.191787719726562500e+00 -4.516283273696899414e-01 4.725205421447753906e+00
2.194035291671752930e+00 -4.965354204177856445e-01 4.775354385375976562e+00
2.199439525604248047e+00 -5.471068620681762695e-01 4.820528030395507812e+00
2.207930088043212891e+00 -6.031740903854370117e-01 4.860006332397460938e+00
2.219400882720947266e+00 -6.644636392593383789e-01 4.893136978149414062e+00
2.233715534210205078e+00 -7.305876016616821289e-01 4.919333457946777344e+00
2.250711679458618164e+00 -8.010698556900024414e-01 4.938092231750488281e+00
2.270205974578857422e+00 -8.753477334976196289e-01 4.948999881744384766e+00
2.292002201080322266e+00 -9.527865648269653320e-01 4.951731204986572266e+00
2.315891265869140625e+00 -1.032708764076232910e+00 4.946069240570068359e+00
2.341665267944335938e+00 -1.114390730857849121e+00 4.931895256042480469e+00
2.369110345840454102e+00 -1.197093605995178223e+00 4.909198284149169922e+00
2.398019790649414062e+00 -1.280071139335632324e+00 4.878067970275878906e+00
2.428196907043457031e+00 -1.362585663795471191e+00 4.838698387145996094e+00
2.459452152252197266e+00 -1.443923592567443848e+00 4.791378021240234375e+00
2.491608142852783203e+00 -1.523404479026794434e+00 4.736499786376953125e+00
2.524504899978637695e+00 -1.600395321846008301e+00 4.674534797668457031e+00
2.557992458343505859e+00 -1.674316287040710449e+00 4.606045722961425781e+00
2.591935634613037109e+00 -1.744651436805725098e+00 4.531664371490478516e+00
2.626213550567626953e+00 -1.810953021049499512e+00 4.452091693878173828e+00
2.660717010498046875e+00 -1.872846245765686035e+00 4.368085861206054688e+00
2.695343494415283203e+00 -1.930032372474670410e+00 4.280458927154541016e+00
2.730005741119384766e+00 -1.982290387153625488e+00 4.190055370330810547e+00
2.764613866806030273e+00 -2.029473543167114258e+00 4.097752571105957031e+00
2.799088954925537109e+00 -2.071508884429931641e+00 4.004447937011718750e+00
2.833353042602539062e+00 -2.108396530151367188e+00 3.911043882369995117e+00
2.867330312728881836e+00 -2.140199661254882812e+00 3.818438768386840820e+00
2.900939464569091797e+00 -2.167042493820190430e+00 3.727519512176513672e+00
2.934100151062011719e+00 -2.189098358154296875e+00 3.639142990112304688e+00
2.966727256774902344e+00 -2.206589221954345703e+00 3.554136276245117188e+00
2.998729228973388672e+00 -2.219777107238769531e+00 3.473270416259765625e+00
3.030007839202880859e+00 -2.228950262069702148e+00 3.397264003753662109e+00
3.060459613800048828e+00 -2.234422206878662109e+00 3.326760768890380859e+00
3.089966297149658203e+00 -2.236526250839233398e+00 3.262338876724243164e+00
3.118409156799316406e+00 -2.235602378845214844e+00 3.204480648040771484e+00
3.145652294158935547e+00 -2.231993436813354492e+00 3.153585672378540039e+00
3.171555042266845703e+00 -2.226046323776245117e+00 3.109955549240112305e+00
3.195969581604003906e+00 -2.218099594116210938e+00 3.073789358139038086e+00
3.218739748001098633e+00 -2.208484649658203125e+00 3.045184612274169922e+00
3.239704132080078125e+00 -2.197520494461059570e+00 3.024139881134033203e+00
3.258699655532836914e+00 -2.185512304306030273e+00 3.010545730590820312e+00
3.275563955307006836e+00 -2.172749996185302734e+00 3.004200458526611328e+00
3.290137290954589844e+00 -2.159506320953369141e+00 3.004809856414794922e+00
3.302268505096435547e+00 -2.146034240722656250e+00 3.011993408203125000e+00
3.311819076538085938e+00 -2.132572412490844727e+00 3.025296211242675781e+00
3.318666219711303711e+00 -2.119336128234863281e+00 3.044195175170898438e+00
3.322709798812866211e+00 -2.106525421142578125e+00 3.068120956420898438e+00
3.323878765106201172e+00 -2.094320297241210938e+00 3.096463680267333984e+00
3.322134971618652344e+00 -2.082879066467285156e+00 3.128587722778320312e+00
3.317475557327270508e+00 -2.072340965270996094e+00 3.163854122161865234e+00
3.309946060180664062e+00 -2.062828063964843750e+00 3.201623439788818359e+00
3.299635648727416992e+00 -2.054429769515991211e+00 3.241285324096679688e+00
3.286687374114990234e+00 -2.047218561172485352e+00 3.282260656356811523e+00
3.271296739578247070e+00 -2.041234970092773438e+00 3.324026346206665039e+00
3.253713369369506836e+00 -2.036489009857177734e+00 3.366116523742675781e+00
3.234239816665649414e+00 -2.032952785491943359e+00 3.408150196075439453e+00
3.213228225708007812e+00 -2.030564546585083008e+00 3.449821949005126953e+00
3.191082000732421875e+00 -2.029218435287475586e+00 3.490927696228027344e+00
3.168237447738647461e+00 -2.028765201568603516e+00 3.531363487243652344e+00
3.145164489746093750e+00 -2.029008150100708008e+00 3.571122646331787109e+00
3.122351408004760742e+00 -2.029706954956054688e+00 3.610311031341552734e+00
3.100292921066284180e+00 -2.030566453933715820e+00 3.649134397506713867e+00
3.079470157623291016e+00 -2.031248569488525391e+00 3.687902450561523438e+00
3.060343027114868164e+00 -2.031372070312500000e+00 3.727014541625976562e+00
3.043322563171386719e+00 -2.030508756637573242e+00 3.766962289810180664e+00
3.028756856918334961e+00 -2.028197288513183594e+00 3.808300018310546875e+00
3.016911506652832031e+00 -2.023940324783325195e+00 3.851649284362792969e+00
3.007949352264404297e+00 -2.017219543457031250e+00 3.897673606872558594e+00
3.001912832260131836e+00 -2.007500171661376953e+00 3.947062492370605469e+00
2.998710155487060547e+00 -1.994240641593933105e+00 4.000509738922119141e+00
2.998097658157348633e+00 -1.976899743080139160e+00 4.058695316314697266e+00
2.999666929244995117e+00 -1.954950451850891113e+00 4.122266292572021484e+00
3.002844095230102539e+00 -1.927886128425598145e+00 4.191806793212890625e+00
3.006877899169921875e+00 -1.895228743553161621e+00 4.267828941345214844e+00
3.010840654373168945e+00 -1.856541514396667480e+00 4.350738525390625000e+00
3.013636112213134766e+00 -1.811431765556335449e+00 4.440818309783935547e+00
3.014003992080688477e+00 -1.759555697441101074e+00 4.538214683532714844e+00
3.010534763336181641e+00 -1.700629115104675293e+00 4.642909049987792969e+00
3.001689910888671875e+00 -1.634423136711120605e+00 4.754714965820312500e+00
2.985822677612304688e+00 -1.560768723487854004e+00 4.873259544372558594e+00
2.961205482482910156e+00 -1.479558587074279785e+00 4.997977733612060547e+00
2.926065206527709961e+00 -1.390744924545288086e+00 5.128116607666015625e+00
2.878612995147705078e+00 -1.294339895248413086e+00 5.262732505798339844e+00
2.817086935043334961e+00 -1.190412044525146484e+00 5.400703907012939453e+00
2.739795207977294922e+00 -1.079085707664489746e+00 5.540746688842773438e+00
2.645154953002929688e+00 -9.605413675308227539e-01 5.681436538696289062e+00
2.531742095947265625e+00 -8.350152373313903809e-01 5.821228504180908203e+00
2.398330211639404297e+00 -7.027939558029174805e-01 5.958491325378417969e+00
2.243938684463500977e+00 -5.642223358154296875e-01 6.091540813446044922e+00
2.067868709564208984e+00 -4.196991324424743652e-01 6.218669891357421875e+00
1.869740724563598633e+00 -2.696797847747802734e-01 6.338196754455566406e+00
1.649521470069885254e+00 -1.146779507398605347e-01 6.448486328125000000e+00
1.407543659210205078e+00 4.473172128200531006e-02 6.547996520996093750e+00
1.144520640373229980e+00 2.079123407602310181e-01 6.635305881500244141e+00
8.615428805351257324e-01 3.741623759269714355e-01 6.709134101867675781e+00
5.600689649581909180e-01 5.427148342132568359e-01 6.768367767333984375e+00
2.419089525938034058e-01 7.127325534820556641e-01 6.812077522277832031e+00
-9.081073105335235596e-02 8.833116292953491211e-01 6.839522838592529297e+00
-4.356881976127624512e-01 1.053477287292480469e+00 6.850150585174560547e+00
-7.900915741920471191e-01 1.222195386886596680e+00 6.843603134155273438e+00
-1.151211977005004883e+00 1.388362288475036621e+00 6.819696426391601562e+00
-1.516130924224853516e+00 1.550828218460083008e+00 6.778423309326171875e+00
-1.881865143775939941e+00 1.708397746086120605e+00 6.719914436340332031e+00
-2.245443820953369141e+00 1.859845519065856934e+00 6.644443988800048828e+00
-2.603954792022705078e+00 2.003933191299438477e+00 6.552400588989257812e+00
-2.954596042633056641e+00 2.139419078826904297e+00 6.444260120391845703e+00
-3.294734477996826172e+00 2.265098094940185547e+00 6.320574283599853516e+00
-3.621932029724121094e+00 2.379798889160156250e+00 6.181936740875244141e+00
-3.933990955352783203e+00 2.482421636581420898e+00 6.028985977172851562e+00
-4.228967666625976562e+00 2.571955680847167969e+00 5.862352371215820312e+00
-4.505192756652832031e+00 2.647494077682495117e+00 5.682671546936035156e+00
-4.761278152465820312e+00 2.708252429962158203e+00 5.490549564361572266e+00
-4.996119976043701172e+00 2.753592729568481445e+00 5.286557197570800781e+00
-5.208883285522460938e+00 2.783026218414306641e+00 5.071215152740478516e+00
-5.398991584777832031e+00 2.796226501464843750e+00 4.844998836517333984e+00
-5.566108226776123047e+00 2.793033361434936523e+00 4.608317375183105469e+00
-5.710114479064941406e+00 2.773464202880859375e+00 4.361540794372558594e+00
-5.831069946289062500e+00 2.737712383270263672e+00 4.104979038238525391e+00
-5.929196834564208984e+00 2.686139106750488281e+00 3.838928461074829102e+00
-6.004837512969970703e+00 2.619281768798828125e+00 3.563655853271484375e+00
-6.058431625366210938e+00 2.537844896316528320e+00 3.279438495635986328e+00
-6.090481281280517578e+00 2.442702531814575195e+00 2.986582756042480469e+00
-6.101531028747558594e+00 2.334881782531738281e+00 2.685449600219726562e+00
-6.092136859893798828e+00 2.215559959411621094e+00 2.376490592956542969e+00
-6.062849998474121094e+00 2.086064577102661133e+00 2.060263633728027344e+00
-6.014203071594238281e+00 1.947856068611145020e+00 1.737472653388977051e+00
-5.946696281433105469e+00 1.802523970603942871e+00 1.408993840217590332e+00
-5.860799789428710938e+00 1.651774764060974121e+00 1.075889706611633301e+00
-5.756941795349121094e+00 1.497418761253356934e+00 7.394453287124633789e-01
-5.635520935058593750e+00 1.341359496116638184e+00 4.011665284633636475e-01
-5.496916770935058594e+00 1.185585856437683105e+00 6.280288100242614746e-02
-5.341496467590332031e+00 1.032141089439392090e+00 -2.736543715000152588e-01
-5.169643878936767578e+00 8.831180334091186523e-01 -6.059778928756713867e-01
-4.981769561767578125e+00 7.406305074691772461e-01 -9.317139387130737305e-01
-4.778344631195068359e+00 6.067985296249389648e-01 -1.248204112052917480e+00
-4.559922218322753906e+00 4.837085008621215820e-01 -1.552615046501159668e+00
-4.327174186706542969e+00 3.734067678451538086e-01 -1.841976284980773926e+00
-4.080912113189697266e+00 2.778433561325073242e-01 -2.113242626190185547e+00
-3.822122573852539062e+00 1.988595873117446899e-01 -2.363328695297241211e+00
-3.551993370056152344e+00 1.381334215402603149e-01 -2.589194297790527344e+00
-3.271939039230346680e+00 9.716238081455230713e-02 -2.787910699844360352e+00
-2.983618736267089844e+00 7.720960676670074463e-02 -2.956737041473388672e+00
-2.688952207565307617e+00 7.927645742893218994e-02 -3.093193054199218750e+00
-2.390124082565307617e+00 1.040624529123306274e-01 -3.195158958435058594e+00
-2.089577674865722656e+00 1.519459635019302368e-01 -3.260924339294433594e+00
-1.790002703666687012e+00 2.229415327310562134e-01 -3.289283037185668945e+00
-1.494308471679687500e+00 3.166961669921875000e-01 -3.279573440551757812e+00
-1.205582737922668457e+00 4.324733018875122070e-01 -3.231742858886718750e+00
-9.270468354225158691e-01 5.691446065902709961e-01 -3.146374225616455078e+00
-6.619919538497924805e-01 7.252076268196105957e-01 -3.024703502655029297e+00
-4.137085676193237305e-01 8.987871408462524414e-01 -2.868632078170776367e+00
-1.854098886251449585e-01 1.087676763534545898e+00 -2.680697441101074219e+00
1.985011994838714600e-02 1.289363145828247070e+00 -2.464045524597167969e+00
1.992622464895248413e-01 1.501074075698852539e+00 -2.222379446029663086e+00
3.503438830375671387e-01 1.719830632209777832e+00 -1.959886908531188965e+00
4.710195660591125488e-01 1.942500710487365723e+00 -1.681160330772399902e+00
5.596901178359985352e-01 2.165869474411010742e+00 -1.391100883483886719e+00
6.152899265289306641e-01 2.386700630187988281e+00 -1.094810843467712402e+00
6.373351216316223145e-01 2.601808309555053711e+00 -7.974828481674194336e-01
6.259497404098510742e-01 2.808123588562011719e+00 -5.042856931686401367e-01
5.818790197372436523e-01 3.002762794494628906e+00 -2.202459871768951416e-01
5.064776539802551270e-01 3.183089256286621094e+00 4.985961318016052246e-02
4.016904234886169434e-01 3.346768379211425781e+00 3.016127049922943115e-01
2.700019478797912598e-01 3.491820812225341797e+00 5.310491323471069336e-01
1.143820434808731079e-01 3.616656780242919922e+00 7.347365617752075195e-01
-6.179030239582061768e-02 3.720110654830932617e+00 9.098430871963500977e-01
-2.548099756240844727e-01 3.801456928253173828e+00 1.054188847541809082e+00
-4.607400894165039062e-01 3.860421180725097656e+00 1.166273474693298340e+00
-6.755068898200988770e-01 3.897170066833496094e+00 1.245293736457824707e+00
-8.949995636940002441e-01 3.912302017211914062e+00 1.291134953498840332e+00
-1.115170121192932129e+00 3.906816005706787109e+00 1.304349541664123535e+00
-1.332121014595031738e+00 3.882077217102050781e+00 1.286118626594543457e+00
-1.542191863059997559e+00 3.839774131774902344e+00 1.238196015357971191e+00
-1.742040395736694336e+00 3.781859636306762695e+00 1.162848353385925293e+00
-1.928701996803283691e+00 3.710499286651611328e+00 1.062768816947937012e+00
-2.099645614624023438e+00 3.628005027770996094e+00 9.410032033920288086e-01
-2.252811193466186523e+00 3.536773204803466797e+00 8.008612394332885742e-01
-2.386638641357421875e+00 3.439218759536743164e+00 6.458233594894409180e-01
-2.500079631805419922e+00 3.337713241577148438e+00 4.794531762599945068e-01
-2.592596292495727539e+00 3.234527111053466797e+00 3.053170144557952881e-01
-2.664149522781372070e+00 3.131769895553588867e+00 1.268931329250335693e-01
-2.715175628662109375e+00 3.031352281570434570e+00 -5.249729752540588379e-02
-2.746552467346191406e+00 2.934931755065917969e+00 -2.297562658786773682e-01
-2.759551525115966797e+00 2.843886613845825195e+00 -4.020670950412750244e-01
-2.755792379379272461e+00 2.759291172027587891e+00 -5.669406652450561523e-01
-2.737185001373291016e+00 2.681892156600952148e+00 -7.222524881362915039e-01
-2.705862522125244141e+00 2.612104892730712891e+00 -8.662694692611694336e-01
-2.664121150970458984e+00 2.550011396408081055e+00 -9.976626634597778320e-01
-2.614352226257324219e+00 2.495362758636474609e+00 -1.115511298179626465e+00
-2.558974266052246094e+00 2.447603225708007812e+00 -1.219290375709533691e+00
-2.500366687774658203e+00 2.405883312225341797e+00 -1.308864951133728027e+00
-2.440809726715087891e+00 2.369093656539916992e+00 -1.384452700614929199e+00
-2.382423162460327148e+00 2.335895538330078125e+00 -1.446599125862121582e+00
-2.327114105224609375e+00 2.304761409759521484e+00 -1.496132969856262207e+00
-2.276532649993896484e+00 2.274017810821533203e+00 -1.534117341041564941e+00
-2.232027530670166016e+00 2.241892576217651367e+00 -1.561807990074157715e+00
-2.194620609283447266e+00 2.206556797027587891e+00 -1.580591320991516113e+00
-2.164986133575439453e+00 2.166175842285156250e+00 -1.591940283775329590e+00
