1.596275448799133301e+00 2.012249946594238281e+00 -4.526813030242919922e-01
1.742561578750610352e+00 1.927745580673217773e+00 -4.330185651779174805e-01
1.867946624755859375e+00 1.841651678085327148e+00 -4.103702902793884277e-01
2.007632493972778320e+00 1.754739761352539062e+00 -3.707906603813171387e-01
2.083975553512573242e+00 1.681995034217834473e+00 -3.322377800941467285e-01
2.143205165863037109e+00 1.607687711715698242e+00 -2.865299582481384277e-01
2.183577299118041992e+00 1.525561809539794922e+00 -2.397010922431945801e-01
2.213276624679565430e+00 1.404576182365417480e+00 -1.757504940032958984e-01
2.244701385498046875e+00 1.402723908424377441e+00 -1.695467829704284668e-01
2.287717342376708984e+00 1.296285986900329590e+00 -1.237392425537109375e-01
2.279119014739990234e+00 1.257555246353149414e+00 -8.853220939636230469e-02
2.321098804473876953e+00 1.204342246055603027e+00 -5.971062183380126953e-02
2.397917270660400391e+00 1.080436587333679199e+00 -1.395386457443237305e-02
2.423920631408691406e+00 1.009991049766540527e+00 5.705952644348144531e-03
2.464777708053588867e+00 9.448488950729370117e-01 3.989082574844360352e-02
2.551790714263916016e+00 8.074041604995727539e-01 6.228655576705932617e-02
2.622496366500854492e+00 6.070740222930908203e-01 1.382796764373779297e-01
2.668048381805419922e+00 4.654491245746612549e-01 1.985389590263366699e-01
2.684953689575195312e+00 3.735654056072235107e-01 2.619095146656036377e-01
2.686428070068359375e+00 2.885333597660064697e-01 3.130197227001190186e-01
2.734047174453735352e+00 2.079099714756011963e-01 3.575827479362487793e-01
2.678858041763305664e+00 1.323131620883941650e-01 4.177370369434356689e-01
2.619915008544921875e+00 8.086478710174560547e-02 4.581220149993896484e-01
2.551326751708984375e+00 -1.156541705131530762e-02 5.484361052513122559e-01
2.462162017822265625e+00 -9.491235017776489258e-02 6.279910802841186523e-01
2.314719438552856445e+00 -1.442050486803054810e-01 7.495225667953491211e-01
2.179032802581787109e+00 -1.254509389400482178e-01 7.672992348670959473e-01
1.851687908172607422e+00 2.933961153030395508e-02 8.663972020149230957e-01
1.611970186233520508e+00 1.531355082988739014e-01 9.242001175880432129e-01
1.277876377105712891e+00 3.285552561283111572e-01 1.014002799987792969e+00
1.048962235450744629e+00 4.144313037395477295e-01 1.055627584457397461e+00
8.778523206710815430e-01 4.328496158123016357e-01 1.035736203193664551e+00
5.398116707801818848e-01 5.062639713287353516e-01 1.013239383697509766e+00
2.691513895988464355e-01 5.739806890487670898e-01 1.015439987182617188e+00
3.667265176773071289e-03 6.264007091522216797e-01 1.014977455139160156e+00
-2.137610912322998047e-01 6.731041669845581055e-01 1.027872323989868164e+00
-4.245337843894958496e-01 6.926584243774414062e-01 9.839661121368408203e-01
-6.191524863243103027e-01 7.022631168365478516e-01 8.458375334739685059e-01
-8.591024875640869141e-01 7.170014381408691406e-01 6.523372530937194824e-01
-1.072371006011962891e+00 7.354658842086791992e-01 4.745941758155822754e-01
-1.225929975509643555e+00 7.269089221954345703e-01 3.225855231285095215e-01
-1.372141957283020020e+00 7.214568853378295898e-01 1.840746998786926270e-01
-1.474010586738586426e+00 7.471439838409423828e-01 7.120519876480102539e-02
-1.548412680625915527e+00 7.682951688766479492e-01 4.022896289825439453e-03
-1.636881947517395020e+00 7.436841726303100586e-01 -9.952610731124877930e-02
-1.658761858940124512e+00 7.065047025680541992e-01 -2.047334909439086914e-01
-1.675495147705078125e+00 7.229920625686645508e-01 -2.663283944129943848e-01
-1.717601299285888672e+00 7.525196075439453125e-01 -3.192906975746154785e-01
-1.750297188758850098e+00 7.769874334335327148e-01 -3.501079678535461426e-01
-1.769431114196777344e+00 7.942461967468261719e-01 -3.871805071830749512e-01
-1.774794459342956543e+00 7.994761466979980469e-01 -4.091386198997497559e-01
-1.761805295944213867e+00 8.028397560119628906e-01 -4.252292513847351074e-01
-1.758092522621154785e+00 8.099321126937866211e-01 -4.439296126365661621e-01
-1.737977504730224609e+00 8.031994104385375977e-01 -4.726603627204895020e-01
-1.738432049751281738e+00 7.989939451217651367e-01 -4.891300797462463379e-01
-1.728815317153930664e+00 7.702777385711669922e-01 -5.137200951576232910e-01
-1.689278841018676758e+00 7.210563421249389648e-01 -5.376928448677062988e-01
-1.647714376449584961e+00 6.735471487045288086e-01 -5.529659390449523926e-01
-1.604369163513183594e+00 6.214395761489868164e-01 -5.654029250144958496e-01
-1.587707996368408203e+00 5.923957824707031250e-01 -5.778502821922302246e-01
-1.572783827781677246e+00 5.666567087173461914e-01 -5.870144963264465332e-01
-1.554099678993225098e+00 5.479091405868530273e-01 -5.822485089302062988e-01
-1.529198884963989258e+00 4.956135451793670654e-01 -5.996213555335998535e-01
-1.482652664184570312e+00 3.869397938251495361e-01 -6.521797776222229004e-01
-1.463900923728942871e+00 2.836648523807525635e-01 -7.338178753852844238e-01
-1.446628212928771973e+00 2.042743861675262451e-01 -7.967513203620910645e-01
-1.429503321647644043e+00 1.513465642929077148e-01 -8.403328061103820801e-01
-1.416442394256591797e+00 1.208134889602661133e-01 -8.640877604484558105e-01
-1.375637412071228027e+00 7.021373510360717773e-02 -8.743177056312561035e-01
-1.340868234634399414e+00 3.642943501472473145e-02 -8.674078583717346191e-01
-1.304445505142211914e+00 -3.480687737464904785e-02 -8.638377785682678223e-01
-1.257318139076232910e+00 -1.161155998706817627e-01 -8.160039782524108887e-01
-1.186692595481872559e+00 -1.709659695625305176e-01 -7.371521592140197754e-01
-1.042821407318115234e+00 -2.309491336345672607e-01 -6.840687990188598633e-01
-8.435508608818054199e-01 -3.370174467563629150e-01 -6.838051080703735352e-01
-6.112029552459716797e-01 -4.581789970397949219e-01 -6.754881739616394043e-01
-4.794349670410156250e-01 -5.157885551452636719e-01 -6.353873610496520996e-01
-3.197012543678283691e-01 -5.768212080001831055e-01 -5.587198138236999512e-01
-1.619977504014968872e-01 -6.342932581901550293e-01 -4.741516709327697754e-01
-5.742138624191284180e-02 -6.751583814620971680e-01 -4.268501400947570801e-01
-5.938857793807983398e-03 -6.910769939422607422e-01 -3.901818394660949707e-01
6.230902671813964844e-02 -7.086672782897949219e-01 -3.303790688514709473e-01
1.064401865005493164e-01 -7.290883064270019531e-01 -3.205394744873046875e-01
1.676106452941894531e-01 -7.640920281410217285e-01 -3.282462954521179199e-01
2.629723548889160156e-01 -7.891318202018737793e-01 -2.461545467376708984e-01
2.805286645889282227e-01 -7.946282625198364258e-01 -2.338668107986450195e-01
3.162432909011840820e-01 -8.025355339050292969e-01 -1.984354555606842041e-01
2.903664112091064453e-01 -7.989113330841064453e-01 -2.308153510093688965e-01
2.089514136314392090e-01 -7.531639337539672852e-01 -2.232377529144287109e-01
1.410143971443176270e-01 -7.151422500610351562e-01 -2.174001932144165039e-01
-4.887190461158752441e-02 -6.005111932754516602e-01 -1.744441688060760498e-01
-3.561700582504272461e-01 -4.503989219665527344e-01 -1.602101027965545654e-01
-5.735448002815246582e-01 -3.531240522861480713e-01 -1.797601580619812012e-01
-8.866709470748901367e-01 -2.050839811563491821e-01 -2.056896090507507324e-01
-1.153140664100646973e+00 3.015106916427612305e-02 -1.559525430202484131e-01
-1.277742505073547363e+00 1.154374778270721436e-01 -2.144629359245300293e-01
-1.427160859107971191e+00 2.094034850597381592e-01 -2.395909428596496582e-01
-1.570299863815307617e+00 3.347911536693572998e-01 -2.411043643951416016e-01
-1.648113608360290527e+00 4.167922437191009521e-01 -2.583618760108947754e-01
-1.725882649421691895e+00 5.058134794235229492e-01 -2.755976319313049316e-01
-1.772066831588745117e+00 5.690741539001464844e-01 -2.826448082923889160e-01
-1.800605416297912598e+00 5.977853536605834961e-01 -3.162901997566223145e-01
-1.805007576942443848e+00 6.055325269699096680e-01 -3.464824557304382324e-01
-1.758409023284912109e+00 6.021889448165893555e-01 -3.472918272018432617e-01
-1.716747999191284180e+00 5.651825666427612305e-01 -3.930216431617736816e-01
-1.712792992591857910e+00 5.466088056564331055e-01 -4.372728466987609863e-01
-1.692466616630554199e+00 4.942909181118011475e-01 -4.812216758728027344e-01
-1.637230515480041504e+00 4.226541221141815186e-01 -5.036593079566955566e-01
-1.591476559638977051e+00 3.789667785167694092e-01 -5.193701386451721191e-01
-1.529551744461059570e+00 3.343209326267242432e-01 -5.347145795822143555e-01
-1.467336535453796387e+00 2.668015062808990479e-01 -5.629238486289978027e-01
-1.427293419837951660e+00 1.865376830101013184e-01 -6.149294376373291016e-01
-1.344130992889404297e+00 5.140233039855957031e-02 -6.790890097618103027e-01
-1.252828836441040039e+00 -9.073276817798614502e-02 -7.545745968818664551e-01
-1.224334359169006348e+00 -1.648785471916198730e-01 -7.816546559333801270e-01
-1.079769134521484375e+00 -2.408405244350433350e-01 -7.783159613609313965e-01
-9.059944152832031250e-01 -3.215917050838470459e-01 -7.406522631645202637e-01
-8.186086416244506836e-01 -3.554627001285552979e-01 -7.002450227737426758e-01
-6.953648924827575684e-01 -4.104699492454528809e-01 -6.663222908973693848e-01
-5.381694436073303223e-01 -4.715063571929931641e-01 -5.939756035804748535e-01
-3.940742015838623047e-01 -5.278476476669311523e-01 -5.289059281349182129e-01
-2.836072444915771484e-01 -5.723778009414672852e-01 -4.832842946052551270e-01
-2.218192517757415771e-01 -5.963810682296752930e-01 -4.548856616020202637e-01
-1.496745049953460693e-01 -6.319648027420043945e-01 -4.458104968070983887e-01
-1.123842597007751465e-01 -6.277543902397155762e-01 -3.690867424011230469e-01
-1.482585519552230835e-01 -5.798106193542480469e-01 -2.771974205970764160e-01
-1.898184567689895630e-01 -5.430511832237243652e-01 -2.143736481666564941e-01
-3.907008767127990723e-01 -4.201309382915496826e-01 -8.210819959640502930e-02
-7.074903845787048340e-01 -2.512923479080200195e-01 -1.193499565124511719e-02
-1.096579313278198242e+00 -1.971966028213500977e-02 6.693160533905029297e-02
-1.227928996086120605e+00 5.184587836265563965e-02 1.042470335960388184e-02
-1.327810049057006836e+00 1.350784003734588623e-01 -4.386997222900390625e-02
-1.450050592422485352e+00 2.227816879749298096e-01 -1.034721732139587402e-01
-1.525758147239685059e+00 3.030948340892791748e-01 -1.306183934211730957e-01
-1.608945965766906738e+00 3.959294855594635010e-01 -1.691062450408935547e-01
-1.691126465797424316e+00 4.878335893154144287e-01 -1.885862946510314941e-01
-1.715950608253479004e+00 5.177593231201171875e-01 -2.078902125358581543e-01
-1.738439559936523438e+00 5.522578954696655273e-01 -2.320480942726135254e-01
-1.760420322418212891e+00 5.902918577194213867e-01 -2.428064942359924316e-01
-1.779372930526733398e+00 6.282385587692260742e-01 -2.544682621955871582e-01
-1.788821101188659668e+00 6.423311233520507812e-01 -2.935345768928527832e-01
-1.773708581924438477e+00 6.424586772918701172e-01 -3.193843960762023926e-01
-1.753230810165405273e+00 6.381748914718627930e-01 -3.373441696166992188e-01
-1.744041204452514648e+00 6.320372819900512695e-01 -3.700157999992370605e-01
-1.716997623443603516e+00 6.093039512634277344e-01 -3.941413760185241699e-01
-1.692703843116760254e+00 5.837171077728271484e-01 -4.112038016319274902e-01
-1.673705339431762695e+00 5.634187459945678711e-01 -4.336982369422912598e-01
-1.633748531341552734e+00 5.274205207824707031e-01 -4.470368027687072754e-01
-1.594444036483764648e+00 4.901896417140960693e-01 -4.660004973411560059e-01
-1.565943360328674316e+00 4.514376223087310791e-01 -4.950458407402038574e-01
-1.532340049743652344e+00 4.381885826587677002e-01 -5.011717677116394043e-01
-1.530144691467285156e+00 4.397652447223663330e-01 -5.156298279762268066e-01
-1.531236052513122559e+00 4.261592328548431396e-01 -5.375428795814514160e-01
-1.510630488395690918e+00 3.811467587947845459e-01 -5.730763673782348633e-01
-1.482160329818725586e+00 3.403342068195343018e-01 -6.032657623291015625e-01
-1.459746479988098145e+00 2.981785237789154053e-01 -6.401841044425964355e-01
-1.428099513053894043e+00 2.486734688282012939e-01 -6.648167967796325684e-01
-1.380649924278259277e+00 2.192738950252532959e-01 -6.433808207511901855e-01
-1.349982738494873047e+00 1.915067732334136963e-01 -6.343768239021301270e-01
-1.300994873046875000e+00 1.552192568778991699e-01 -6.075696349143981934e-01
-1.279336571693420410e+00 1.189626753330230713e-01 -6.130957007408142090e-01
-1.224848389625549316e+00 7.201719284057617188e-02 -5.867285728454589844e-01
-1.158755302429199219e+00 2.939999103546142578e-02 -5.537418723106384277e-01
-1.046278715133666992e+00 -7.419273257255554199e-02 -5.583632588386535645e-01
-9.029996395111083984e-01 -2.106998264789581299e-01 -5.639474987983703613e-01
-7.783758640289306641e-01 -3.312909901142120361e-01 -5.549114942550659180e-01
-6.908591389656066895e-01 -3.649976849555969238e-01 -5.137580633163452148e-01
-5.115740299224853516e-01 -4.236856698989868164e-01 -3.964269757270812988e-01
-3.620864748954772949e-01 -4.725255668163299561e-01 -2.982968091964721680e-01
-3.030589818954467773e-01 -4.905878901481628418e-01 -2.556515336036682129e-01
-2.456935346126556396e-01 -5.106782913208007812e-01 -2.222909331321716309e-01
-1.595413386821746826e-01 -5.436234474182128906e-01 -1.810272336006164551e-01
-8.012560009956359863e-02 -5.790483951568603516e-01 -1.591023802757263184e-01
-7.311537861824035645e-02 -5.865296125411987305e-01 -1.710434257984161377e-01
-7.697260379791259766e-02 -5.929417610168457031e-01 -1.980264186859130859e-01
-7.245960831642150879e-02 -6.018558740615844727e-01 -2.187730669975280762e-01
-3.537252545356750488e-02 -6.264920234680175781e-01 -2.343247830867767334e-01
6.824225187301635742e-03 -6.508312225341796875e-01 -2.402558922767639160e-01
8.479115366935729980e-02 -6.906633973121643066e-01 -2.348358929157257080e-01
1.273370087146759033e-01 -7.143459320068359375e-01 -2.380816936492919922e-01
1.695659160614013672e-01 -7.351241111755371094e-01 -2.326095104217529297e-01
1.820533275604248047e-01 -7.374759912490844727e-01 -2.189055085182189941e-01
2.483032345771789551e-01 -7.708531618118286133e-01 -2.128055393695831299e-01
2.449561953544616699e-01 -7.752969861030578613e-01 -2.326496839523315430e-01
2.633726000785827637e-01 -7.879615426063537598e-01 -2.417456507682800293e-01
2.696260809898376465e-01 -7.924207448959350586e-01 -2.453404068946838379e-01
2.809444069862365723e-01 -8.127399682998657227e-01 -2.908807992935180664e-01
2.724635004997253418e-01 -8.264331817626953125e-01 -3.489171862602233887e-01
2.826588749885559082e-01 -8.514841794967651367e-01 -4.114438891410827637e-01
2.324862480163574219e-01 -8.444849252700805664e-01 -4.743133187294006348e-01
1.873288750648498535e-01 -8.280037641525268555e-01 -5.421697497367858887e-01
2.495668530464172363e-01 -8.003047108650207520e-01 -5.274739861488342285e-01
3.426920175552368164e-01 -7.312258481979370117e-01 -4.406787157058715820e-01
4.039381146430969238e-01 -6.588674783706665039e-01 -3.466587066650390625e-01
5.073822736740112305e-01 -5.640833377838134766e-01 -2.140562832355499268e-01
5.438175201416015625e-01 -5.786656141281127930e-01 -2.462491393089294434e-01
6.246013045310974121e-01 -5.273473262786865234e-01 -1.669613122940063477e-01
7.732098102569580078e-01 -4.244498610496520996e-01 -1.056474447250366211e-02
8.620016574859619141e-01 -3.849889636039733887e-01 3.724148869514465332e-02
9.225007295608520508e-01 -3.997557163238525391e-01 1.312997937202453613e-02
1.000706076622009277e+00 -3.472966551780700684e-01 8.862927556037902832e-02
1.095533490180969238e+00 -2.931418418884277344e-01 1.616113483905792236e-01
1.184069514274597168e+00 -2.386265993118286133e-01 2.261136472225189209e-01
1.302711367607116699e+00 -1.691780090332031250e-01 3.413458168506622314e-01
1.313565254211425781e+00 -1.434708535671234131e-01 3.718868494033813477e-01
1.370526552200317383e+00 -4.543283581733703613e-02 5.153694152832031250e-01
1.448289036750793457e+00 -2.758353948593139648e-02 5.501250028610229492e-01
1.491704225540161133e+00 2.436524629592895508e-02 6.190723180770874023e-01
1.549066185951232910e+00 1.172420382499694824e-01 7.533338069915771484e-01
1.566620945930480957e+00 1.495658755302429199e-01 8.093497157096862793e-01
1.575536489486694336e+00 1.848457455635070801e-01 8.554538488388061523e-01
1.648680925369262695e+00 1.748984158039093018e-01 8.581147789955139160e-01
1.712795734405517578e+00 1.747017502784729004e-01 8.660292625427246094e-01
1.826410770416259766e+00 1.545338928699493408e-01 8.654626607894897461e-01
1.915703773498535156e+00 1.125360131263732910e-01 8.231003284454345703e-01
1.988107919692993164e+00 1.076218485832214355e-01 8.172694444656372070e-01
2.035854339599609375e+00 1.089908480644226074e-01 8.175728321075439453e-01
2.096196651458740234e+00 8.669233322143554688e-02 7.900537252426147461e-01
2.169550418853759766e+00 6.722965836524963379e-02 7.646574974060058594e-01
2.192609786987304688e+00 6.237724423408508301e-02 7.625370025634765625e-01
2.225554227828979492e+00 5.953577160835266113e-02 7.603104710578918457e-01
2.289500713348388672e+00 5.887520313262939453e-02 7.518833875656127930e-01
2.274261713027954102e+00 7.324290275573730469e-02 7.649611234664916992e-01
2.364949226379394531e+00 7.112514972686767578e-02 7.501333951950073242e-01
2.460067987442016602e+00 6.809067726135253906e-02 7.374953627586364746e-01
2.491815090179443359e+00 7.195499539375305176e-02 7.390567660331726074e-01
2.564307689666748047e+00 7.258021831512451172e-02 7.372617721557617188e-01
2.642115831375122070e+00 6.879445910453796387e-02 7.267304658889770508e-01
2.670464277267456055e+00 8.363407850265502930e-02 7.397533059120178223e-01
2.727877140045166016e+00 8.396375179290771484e-02 7.385686635971069336e-01
2.728175163269042969e+00 7.780203223228454590e-02 7.303029894828796387e-01
2.754009008407592773e+00 9.293383359909057617e-02 7.425399422645568848e-01
2.769246101379394531e+00 1.036112904548645020e-01 7.519177794456481934e-01
2.789648294448852539e+00 1.193376183509826660e-01 7.697365880012512207e-01
2.813020706176757812e+00 1.264987587928771973e-01 7.802087068557739258e-01
2.829465627670288086e+00 1.396374106407165527e-01 7.972757816314697266e-01
2.854810476303100586e+00 1.534329354763031006e-01 8.134010434150695801e-01
2.942418098449707031e+00 1.564375460147857666e-01 8.218477368354797363e-01
2.982428789138793945e+00 1.552262306213378906e-01 8.258265852928161621e-01
2.968972444534301758e+00 1.482048928737640381e-01 8.212403655052185059e-01
2.989455223083496094e+00 1.358878910541534424e-01 8.165294528007507324e-01
2.993452548980712891e+00 1.259917318820953369e-01 8.099096417427062988e-01
3.054571628570556641e+00 1.174473762512207031e-01 8.109844326972961426e-01
3.060714483261108398e+00 1.168459355831146240e-01 8.184308409690856934e-01
3.080701589584350586e+00 1.123826503753662109e-01 8.126432299613952637e-01
3.101307153701782227e+00 1.090436875820159912e-01 8.067168593406677246e-01
3.156010866165161133e+00 1.041408479213714600e-01 8.064554333686828613e-01
3.197089195251464844e+00 9.497162699699401855e-02 8.019919395446777344e-01
3.196300029754638672e+00 9.685447812080383301e-02 8.015278577804565430e-01
3.218563556671142578e+00 9.715050458908081055e-02 8.023552298545837402e-01
3.256092309951782227e+00 9.941005706787109375e-02 8.008548617362976074e-01
3.303160429000854492e+00 9.950202703475952148e-02 8.017409443855285645e-01
3.303525686264038086e+00 9.881323575973510742e-02 7.986400723457336426e-01
3.345225811004638672e+00 1.023243963718414307e-01 8.025018572807312012e-01
3.320076227188110352e+00 1.036421954631805420e-01 8.033441305160522461e-01
3.330329418182373047e+00 1.003607809543609619e-01 7.965900301933288574e-01
3.305075883865356445e+00 1.015265285968780518e-01 7.944679856300354004e-01
3.328754901885986328e+00 9.862548112869262695e-02 8.017010688781738281e-01
3.396157026290893555e+00 1.017966568470001221e-01 8.156388998031616211e-01
3.460589647293090820e+00 1.003667116165161133e-01 8.245662450790405273e-01
3.434890508651733398e+00 9.714594483375549316e-02 8.193019628524780273e-01
3.467832088470458984e+00 1.026800274848937988e-01 8.291455507278442383e-01
3.504708051681518555e+00 1.122853457927703857e-01 8.393226861953735352e-01
3.536408662796020508e+00 1.179731190204620361e-01 8.459347486495971680e-01
3.602112293243408203e+00 1.121918559074401855e-01 8.516578078269958496e-01
3.623279333114624023e+00 1.146586835384368896e-01 8.530721068382263184e-01
3.703308105468750000e+00 1.188660264015197754e-01 8.582243919372558594e-01
3.769660472869873047e+00 1.337208747863769531e-01 8.710830807685852051e-01
3.810276985168457031e+00 1.365215480327606201e-01 8.717176318168640137e-01
3.865094661712646484e+00 1.404392123222351074e-01 8.800839781761169434e-01
3.916259288787841797e+00 1.392679512500762939e-01 8.829228878021240234e-01
3.959371089935302734e+00 1.266149878501892090e-01 8.821344971656799316e-01
3.986431121826171875e+00 1.142985224723815918e-01 8.782215714454650879e-01
4.030550956726074219e+00 1.112217307090759277e-01 8.829174637794494629e-01
4.084171295166015625e+00 1.113113164901733398e-01 8.851963877677917480e-01
4.110622406005859375e+00 1.166186928749084473e-01 8.926768898963928223e-01
4.127223014831542969e+00 9.798261523246765137e-02 8.865672945976257324e-01
4.169345855712890625e+00 8.819285035133361816e-02 8.866379261016845703e-01
4.171386241912841797e+00 8.939552307128906250e-02 8.855322599411010742e-01
4.168703556060791016e+00 8.752197027206420898e-02 8.851035237312316895e-01
4.149889945983886719e+00 7.986378669738769531e-02 8.894037008285522461e-01
4.152063846588134766e+00 8.073806762695312500e-02 8.937534093856811523e-01
4.163973808288574219e+00 7.430252432823181152e-02 8.939173817634582520e-01
4.174655437469482422e+00 6.985086202621459961e-02 8.952247500419616699e-01
4.136819839477539062e+00 6.385165452957153320e-02 8.924290537834167480e-01
4.104543685913085938e+00 5.930867791175842285e-02 8.922009468078613281e-01
4.112325668334960938e+00 6.366258859634399414e-02 8.933349847793579102e-01
4.081284046173095703e+00 6.521224975585937500e-02 8.931413292884826660e-01
4.103792190551757812e+00 6.246024370193481445e-02 8.899990320205688477e-01
4.096930027008056641e+00 4.881492257118225098e-02 8.827171921730041504e-01
4.133477210998535156e+00 4.967024922370910645e-02 8.856511712074279785e-01
4.159964084625244141e+00 4.572692513465881348e-02 8.910333514213562012e-01
4.180696010589599609e+00 4.197907447814941406e-02 8.921223282814025879e-01
4.224535465240478516e+00 4.102805256843566895e-02 8.999473452568054199e-01
4.233446598052978516e+00 4.023841023445129395e-02 9.009582400321960449e-01
4.238470077514648438e+00 4.257306456565856934e-02 9.031813740730285645e-01
4.222518920898437500e+00 4.059559106826782227e-02 9.043671488761901855e-01
4.233409881591796875e+00 4.522138833999633789e-02 9.069679379463195801e-01
4.237545967102050781e+00 4.460805654525756836e-02 9.077673554420471191e-01
4.272682189941406250e+00 4.675400257110595703e-02 9.086927175521850586e-01
4.306558132171630859e+00 4.954892396926879883e-02 9.128937125205993652e-01
4.339775085449218750e+00 5.919831991195678711e-02 9.128174185752868652e-01
4.340386867523193359e+00 6.142061948776245117e-02 9.126462936401367188e-01
4.334291458129882812e+00 6.192275881767272949e-02 9.158717989921569824e-01
4.343300342559814453e+00 6.501638889312744141e-02 9.209969639778137207e-01
4.333995819091796875e+00 6.068921089172363281e-02 9.246432781219482422e-01
4.333566188812255859e+00 6.798234581947326660e-02 9.270228743553161621e-01
4.321374893188476562e+00 7.505097985267639160e-02 9.298833012580871582e-01
4.320544719696044922e+00 8.725795149803161621e-02 9.411345124244689941e-01
4.332228183746337891e+00 9.040367603302001953e-02 9.409200549125671387e-01
4.330622196197509766e+00 9.137016534805297852e-02 9.387243390083312988e-01
4.358892440795898438e+00 9.221172332763671875e-02 9.396657943725585938e-01
4.335227966308593750e+00 9.388250112533569336e-02 9.387090206146240234e-01
4.381116867065429688e+00 1.026778519153594971e-01 9.476229548454284668e-01
4.429546833038330078e+00 1.054522097110748291e-01 9.543355703353881836e-01
4.460729598999023438e+00 1.178217530250549316e-01 9.619194269180297852e-01
4.484282493591308594e+00 1.174707412719726562e-01 9.666082859039306641e-01
4.467832565307617188e+00 1.146081387996673584e-01 9.628670811653137207e-01
4.465333938598632812e+00 1.094765663146972656e-01 9.605452418327331543e-01
4.462941646575927734e+00 1.054709255695343018e-01 9.591475129127502441e-01
4.459686756134033203e+00 1.089930832386016846e-01 9.608593583106994629e-01
4.476363182067871094e+00 1.160860657691955566e-01 9.650688767433166504e-01
4.492973804473876953e+00 1.199490129947662354e-01 9.699781537055969238e-01
4.510448932647705078e+00 1.254129111766815186e-01 9.742489457130432129e-01
4.515115737915039062e+00 1.227512061595916748e-01 9.659831523895263672e-01
4.511905193328857422e+00 1.263958215713500977e-01 9.665983319282531738e-01
4.507000923156738281e+00 1.306858658790588379e-01 9.679945111274719238e-01
4.523666381835937500e+00 1.345272064208984375e-01 9.715411663055419922e-01
4.511130809783935547e+00 1.418407261371612549e-01 9.758138060569763184e-01
4.525027275085449219e+00 1.498323082923889160e-01 9.802438616752624512e-01
4.512383937835693359e+00 1.436504423618316650e-01 9.786587357521057129e-01
4.527708530426025391e+00 1.414867043495178223e-01 9.796113967895507812e-01
4.549706459045410156e+00 1.483703851699829102e-01 9.865350127220153809e-01
4.560507774353027344e+00 1.393346190452575684e-01 9.843477606773376465e-01
4.571071624755859375e+00 1.306590139865875244e-01 9.860387444496154785e-01
4.606926918029785156e+00 1.226607859134674072e-01 9.874172806739807129e-01
4.632462501525878906e+00 1.235139071941375732e-01 9.910032153129577637e-01
4.623735427856445312e+00 1.199012994766235352e-01 9.898884296417236328e-01
4.640867710113525391e+00 9.928554296493530273e-02 9.840661883354187012e-01
4.592803001403808594e+00 8.379739522933959961e-02 9.715436100959777832e-01
4.577164173126220703e+00 8.222305774688720703e-02 9.692718386650085449e-01
4.585751533508300781e+00 8.042970299720764160e-02 9.706196188926696777e-01
4.616143703460693359e+00 8.611208200454711914e-02 9.733966588973999023e-01
4.628660202026367188e+00 9.604135155677795410e-02 9.779512882232666016e-01
4.624112606048583984e+00 6.746369600296020508e-02 9.707298874855041504e-01
4.622731685638427734e+00 6.383875012397766113e-02 9.709777235984802246e-01
4.619601249694824219e+00 6.174588203430175781e-02 9.723408818244934082e-01
4.609227657318115234e+00 6.635823845863342285e-02 9.743524193763732910e-01
4.595532417297363281e+00 7.984057068824768066e-02 9.781301617622375488e-01
4.563055992126464844e+00 7.857617735862731934e-02 9.753020405769348145e-01
4.548439025878906250e+00 5.372643470764160156e-02 9.641236662864685059e-01
4.554751396179199219e+00 5.193129181861877441e-02 9.648705720901489258e-01
4.575045585632324219e+00 4.569894075393676758e-02 9.632284045219421387e-01
4.606071472167968750e+00 5.467671155929565430e-02 9.704549908638000488e-01
4.596973419189453125e+00 7.055237889289855957e-02 9.760637283325195312e-01
4.585577487945556641e+00 8.377975225448608398e-02 9.803937077522277832e-01
4.571456909179687500e+00 9.390988945960998535e-02 9.824746251106262207e-01
4.602580547332763672e+00 9.843465685844421387e-02 9.871671199798583984e-01
4.634292602539062500e+00 8.563607931137084961e-02 9.838342666625976562e-01
4.612204551696777344e+00 8.020123839378356934e-02 9.781832098960876465e-01
4.620575428009033203e+00 7.672247290611267090e-02 9.787868261337280273e-01
4.604535579681396484e+00 6.793642044067382812e-02 9.735859036445617676e-01
4.609773635864257812e+00 7.532241940498352051e-02 9.741433262825012207e-01
4.596574306488037109e+00 7.504472136497497559e-02 9.734135270118713379e-01
4.610185623168945312e+00 1.034621596336364746e-01 9.857004880905151367e-01
4.629969596862792969e+00 1.326056718826293945e-01 1.000819683074951172e+00
4.666674137115478516e+00 1.363674104213714600e-01 1.005472898483276367e+00
4.654069423675537109e+00 1.317448318004608154e-01 1.000375270843505859e+00
4.637300014495849609e+00 1.451445519924163818e-01 1.004888892173767090e+00
4.623070716857910156e+00 1.454082131385803223e-01 1.004082679748535156e+00
4.620515823364257812e+00 1.482737362384796143e-01 1.002964735031127930e+00
4.644320011138916016e+00 1.431281268596649170e-01 1.004001855850219727e+00
4.614060401916503906e+00 1.515245735645294189e-01 1.002432346343994141e+00
4.604305744171142578e+00 1.536971628665924072e-01 1.003451108932495117e+00
4.616852283477783203e+00 1.588858067989349365e-01 1.005848169326782227e+00
4.625286102294921875e+00 1.669778227806091309e-01 1.011050701141357422e+00
4.623627662658691406e+00 1.621484160423278809e-01 1.006778955459594727e+00
4.582648754119873047e+00 1.675586402416229248e-01 1.003675937652587891e+00
4.547259330749511719e+00 1.640132665634155273e-01 9.973226189613342285e-01
4.560536861419677734e+00 1.631433367729187012e-01 9.975249171257019043e-01
4.589197158813476562e+00 1.645489633083343506e-01 1.000410556793212891e+00
4.590824604034423828e+00 1.649419963359832764e-01 1.000946760177612305e+00
4.585078239440917969e+00 1.659341156482696533e-01 1.000010251998901367e+00
4.606391429901123047e+00 1.671042144298553467e-01 1.002830982208251953e+00
4.605216979980468750e+00 1.666286289691925049e-01 1.001342535018920898e+00
4.614181518554687500e+00 1.685106754302978516e-01 1.006135702133178711e+00
4.576564311981201172e+00 1.577113270759582520e-01 9.981139898300170898e-01
4.606874942779541016e+00 1.618919670581817627e-01 1.002730369567871094e+00
4.589448928833007812e+00 1.494658291339874268e-01 1.003388643264770508e+00
4.534517765045166016e+00 1.356009542942047119e-01 9.968736767768859863e-01
4.512641429901123047e+00 1.219110190868377686e-01 9.919518828392028809e-01
4.496616363525390625e+00 1.244964599609375000e-01 9.915284514427185059e-01
4.520175457000732422e+00 1.250176429748535156e-01 9.966963529586791992e-01
4.524606227874755859e+00 1.054896712303161621e-01 9.915286898612976074e-01
4.525708198547363281e+00 1.123653650283813477e-01 9.947006106376647949e-01
4.545810222625732422e+00 1.078322529792785645e-01 9.955788254737854004e-01
4.549925804138183594e+00 8.581441640853881836e-02 9.875594973564147949e-01
4.557320594787597656e+00 5.146750807762145996e-02 9.765831828117370605e-01
4.534498691558837891e+00 3.256797790527343750e-02 9.678042531013488770e-01
4.503950119018554688e+00 5.115240812301635742e-03 9.539673924446105957e-01
4.513198375701904297e+00 -3.591477870941162109e-03 9.518464207649230957e-01
4.492357730865478516e+00 -1.306474208831787109e-02 9.437356591224670410e-01
4.453474044799804688e+00 -2.198165655136108398e-02 9.324162006378173828e-01
4.417181968688964844e+00 -3.455337882041931152e-02 9.213778376579284668e-01
4.401148319244384766e+00 -4.946723580360412598e-02 9.147632122039794922e-01
4.374752998352050781e+00 -5.756872892379760742e-02 9.106209874153137207e-01
4.331919670104980469e+00 -6.977103650569915771e-02 9.024119973182678223e-01
4.336627483367919922e+00 -6.140114367008209229e-02 9.054712057113647461e-01
4.385360717773437500e+00 -4.616838693618774414e-02 9.153589606285095215e-01
4.395507812500000000e+00 -4.128569364547729492e-02 9.188192486763000488e-01
4.390141010284423828e+00 -3.457683324813842773e-02 9.209972620010375977e-01
4.410441398620605469e+00 -1.811525225639343262e-02 9.281550049781799316e-01
4.407196998596191406e+00 -1.731005311012268066e-02 9.269163012504577637e-01
4.419461727142333984e+00 -1.085168123245239258e-02 9.284444451332092285e-01
4.426815986633300781e+00 3.325948119163513184e-02 9.410366415977478027e-01
4.431674957275390625e+00 5.128994584083557129e-02 9.441064596176147461e-01
4.423420429229736328e+00 6.175225973129272461e-02 9.472248554229736328e-01
4.399965763092041016e+00 5.795988440513610840e-02 9.429051280021667480e-01
4.397315025329589844e+00 6.976112723350524902e-02 9.461683630943298340e-01
4.356014251708984375e+00 6.889081001281738281e-02 9.414603114128112793e-01
4.334503650665283203e+00 6.995108723640441895e-02 9.431822896003723145e-01
4.292390823364257812e+00 7.570794224739074707e-02 9.375258088111877441e-01
4.238914489746093750e+00 6.305611133575439453e-02 9.273484349250793457e-01
4.226709842681884766e+00 6.060895323753356934e-02 9.211279749870300293e-01
4.217336654663085938e+00 6.182518601417541504e-02 9.205071926116943359e-01
4.238222122192382812e+00 6.742864847183227539e-02 9.259503483772277832e-01
4.218809604644775391e+00 7.199412584304809570e-02 9.263861775398254395e-01
4.226151466369628906e+00 6.687471270561218262e-02 9.274260401725769043e-01
4.240338325500488281e+00 8.367824554443359375e-02 9.334951043128967285e-01
4.254879474639892578e+00 7.150319218635559082e-02 9.339450001716613770e-01
4.258087158203125000e+00 6.995579600334167480e-02 9.375795125961303711e-01
4.249844074249267578e+00 5.378505587577819824e-02 9.326820969581604004e-01
4.253784179687500000e+00 4.956409335136413574e-02 9.328845739364624023e-01
4.258729457855224609e+00 5.558836460113525391e-02 9.369896054267883301e-01
4.286942005157470703e+00 6.428158283233642578e-02 9.473258256912231445e-01
4.237885951995849609e+00 7.119855284690856934e-02 9.478977322578430176e-01
4.239199638366699219e+00 6.344550848007202148e-02 9.462094902992248535e-01
4.259926795959472656e+00 7.445788383483886719e-02 9.527723193168640137e-01
4.273498058319091797e+00 8.790522813796997070e-02 9.617651104927062988e-01
4.279109477996826172e+00 9.520158171653747559e-02 9.666434526443481445e-01
4.261310577392578125e+00 9.149709343910217285e-02 9.642313122749328613e-01
4.259465694427490234e+00 7.958543300628662109e-02 9.607565402984619141e-01
4.260984420776367188e+00 6.847959756851196289e-02 9.544462561607360840e-01
4.292599678039550781e+00 7.097071409225463867e-02 9.580777883529663086e-01
4.300319194793701172e+00 6.931948661804199219e-02 9.591657519340515137e-01
4.321410655975341797e+00 6.331735849380493164e-02 9.605858325958251953e-01
4.336910247802734375e+00 4.825261235237121582e-02 9.556680917739868164e-01
4.367228031158447266e+00 5.648386478424072266e-02 9.627662301063537598e-01
4.356422901153564453e+00 4.782408475875854492e-02 9.582487344741821289e-01
4.354163169860839844e+00 4.975017905235290527e-02 9.583057165145874023e-01
4.369185924530029297e+00 4.912304878234863281e-02 9.623125791549682617e-01
4.322011947631835938e+00 3.511431813240051270e-02 9.529287219047546387e-01
4.311067104339599609e+00 2.760058641433715820e-02 9.486622214317321777e-01
4.329575538635253906e+00 2.002111077308654785e-02 9.478692412376403809e-01
4.323692798614501953e+00 2.643278241157531738e-02 9.505053162574768066e-01
4.364799022674560547e+00 2.426809072494506836e-02 9.541000723838806152e-01
4.361984252929687500e+00 2.682706713676452637e-02 9.556676745414733887e-01
4.334905147552490234e+00 2.548027038574218750e-02 9.526038169860839844e-01
4.326722621917724609e+00 2.924525737762451172e-02 9.541690945625305176e-01
4.341481208801269531e+00 2.106189727783203125e-02 9.519365429878234863e-01
4.332702636718750000e+00 6.787478923797607422e-03 9.483364820480346680e-01
4.319553375244140625e+00 -7.191866636276245117e-03 9.432355761528015137e-01
4.299046516418457031e+00 -9.103178977966308594e-03 9.408521056175231934e-01
4.291854381561279297e+00 -1.972466707229614258e-03 9.419776201248168945e-01
4.253729820251464844e+00 -1.585343480110168457e-02 9.358503818511962891e-01
4.260125160217285156e+00 -1.476404070854187012e-02 9.390959739685058594e-01
4.237687110900878906e+00 -2.966582775115966797e-02 9.317157268524169922e-01
4.203864574432373047e+00 -4.025822877883911133e-02 9.241156578063964844e-01
4.175860881805419922e+00 -4.193165898323059082e-02 9.208924174308776855e-01
4.122829437255859375e+00 -4.129114747047424316e-02 9.174019098281860352e-01
4.091736316680908203e+00 -6.743051111698150635e-02 9.039218425750732422e-01
