2.271213233470916748e-01 -1.046283483505249023e+00 -8.809279799461364746e-01
2.208443880081176758e-01 -1.059485554695129395e+00 -8.703221082687377930e-01
2.138612866401672363e-01 -1.071590065956115723e+00 -8.585541248321533203e-01
2.062079906463623047e-01 -1.082613945007324219e+00 -8.457414507865905762e-01
1.967143714427947998e-01 -1.090856075286865234e+00 -8.280990719795227051e-01
1.863959431648254395e-01 -1.097758412361145020e+00 -8.088876008987426758e-01
1.758395433425903320e-01 -1.104458689689636230e+00 -7.904801368713378906e-01
1.608931422233581543e-01 -1.076742172241210938e+00 -8.028861880302429199e-01
1.355031728744506836e-01 -1.035537719726562500e+00 -8.263196349143981934e-01
1.077280715107917786e-01 -9.885451793670654297e-01 -8.380495309829711914e-01
-2.672085911035537720e-02 -9.112713336944580078e-01 -6.629871129989624023e-01
-1.997882425785064697e-01 -8.521034121513366699e-01 -4.481385350227355957e-01
-4.112134873867034912e-01 -8.386700153350830078e-01 -2.224850058555603027e-01
-5.637964010238647461e-01 -7.049515843391418457e-01 8.250162005424499512e-02
-6.238862872123718262e-01 -6.656205058097839355e-01 2.996805012226104736e-01
-6.598169207572937012e-01 -6.949945688247680664e-01 4.002214074134826660e-01
-7.567852735519409180e-01 -7.400398850440979004e-01 4.890061020851135254e-01
-8.490040898323059082e-01 -7.849571108818054199e-01 5.729904174804687500e-01
-9.341871738433837891e-01 -8.359125256538391113e-01 6.485102772712707520e-01
-1.012000799179077148e+00 -8.945093154907226562e-01 7.148779630661010742e-01
-1.100104689598083496e+00 -9.349882602691650391e-01 7.812983989715576172e-01
-1.188868165016174316e+00 -9.598898887634277344e-01 8.431386351585388184e-01
-1.264075517654418945e+00 -9.838699698448181152e-01 8.929783105850219727e-01
-1.310551762580871582e+00 -9.866267442703247070e-01 9.164243340492248535e-01
-1.349990963935852051e+00 -9.904737472534179688e-01 9.275789856910705566e-01
-1.331485748291015625e+00 -9.826911687850952148e-01 9.280115962028503418e-01
-1.292650580406188965e+00 -9.790490269660949707e-01 9.081774950027465820e-01
-1.263040184974670410e+00 -9.760636091232299805e-01 8.777441978454589844e-01
-1.258977651596069336e+00 -9.490298032760620117e-01 7.923421263694763184e-01
-1.243891954421997070e+00 -8.994837403297424316e-01 7.015908360481262207e-01
-1.225467920303344727e+00 -8.228083848953247070e-01 6.581211686134338379e-01
-1.196895241737365723e+00 -7.181249856948852539e-01 6.426973342895507812e-01
-1.065590620040893555e+00 -7.215095162391662598e-01 6.743885278701782227e-01
-8.149341940879821777e-01 -7.214438319206237793e-01 7.015619874000549316e-01
-5.754152536392211914e-01 -6.098880171775817871e-01 7.668305635452270508e-01
-2.681453824043273926e-01 -3.907063305377960205e-01 7.791416645050048828e-01
3.682767599821090698e-02 -4.025819599628448486e-01 7.163698077201843262e-01
2.399813532829284668e-01 -4.757551252841949463e-01 7.124961614608764648e-01
3.950777351856231689e-01 -4.139399528503417969e-01 6.708834767341613770e-01
4.968914091587066650e-01 -3.650441765785217285e-01 6.411450505256652832e-01
5.999231934547424316e-01 -2.761358320713043213e-01 5.776003003120422363e-01
7.100961208343505859e-01 -1.475194841623306274e-01 4.944458007812500000e-01
9.298281669616699219e-01 6.595700234174728394e-02 2.851116061210632324e-01
1.060634255409240723e+00 2.867349684238433838e-01 6.960785388946533203e-02
9.928876161575317383e-01 4.811692535877227783e-01 -2.726239264011383057e-01
9.774333238601684570e-01 5.965338349342346191e-01 -4.639464020729064941e-01
9.738988876342773438e-01 6.668961644172668457e-01 -5.461030006408691406e-01
9.630599021911621094e-01 7.376784086227416992e-01 -6.258567571640014648e-01
9.463332891464233398e-01 8.045384883880615234e-01 -7.020995020866394043e-01
9.236929416656494141e-01 8.670052289962768555e-01 -7.742868661880493164e-01
9.043307304382324219e-01 9.202477931976318359e-01 -8.530432581901550293e-01
8.766170740127563477e-01 9.689902067184448242e-01 -9.301689863204956055e-01
8.433668613433837891e-01 1.012450337409973145e+00 -1.001154303550720215e+00
8.047741055488586426e-01 1.050381422042846680e+00 -1.065572500228881836e+00
7.664645314216613770e-01 1.081858873367309570e+00 -1.114515304565429688e+00
7.519497871398925781e-01 1.093805789947509766e+00 -1.112838983535766602e+00
7.324652075767517090e-01 1.099061489105224609e+00 -1.104790925979614258e+00
7.000141739845275879e-01 1.110306501388549805e+00 -1.119529128074645996e+00
6.991869211196899414e-01 1.121352434158325195e+00 -1.124724864959716797e+00
6.932610273361206055e-01 1.126552939414978027e+00 -1.124753475189208984e+00
6.822792291641235352e-01 1.126138210296630859e+00 -1.119746208190917969e+00
6.711818575859069824e-01 1.124095439910888672e+00 -1.114286065101623535e+00
6.721246838569641113e-01 1.116764545440673828e+00 -1.110944151878356934e+00
6.704863309860229492e-01 1.102023005485534668e+00 -1.102335810661315918e+00
6.761448979377746582e-01 1.081741213798522949e+00 -1.103488683700561523e+00
6.632691621780395508e-01 1.103242158889770508e+00 -1.105128288269042969e+00
6.506926417350769043e-01 1.113269805908203125e+00 -1.106613039970397949e+00
6.375189423561096191e-01 1.110537767410278320e+00 -1.105645537376403809e+00
6.167726516723632812e-01 1.109061121940612793e+00 -1.099040269851684570e+00
5.884317755699157715e-01 1.109391808509826660e+00 -1.086856484413146973e+00
5.486407876014709473e-01 1.123660445213317871e+00 -1.071396946907043457e+00
5.005478262901306152e-01 1.143585801124572754e+00 -1.051234364509582520e+00
4.384050667285919189e-01 1.164311289787292480e+00 -1.025635004043579102e+00
3.665223419666290283e-01 1.181455850601196289e+00 -9.937256574630737305e-01
3.158733248710632324e-01 1.150813698768615723e+00 -9.379780292510986328e-01
2.469010055065155029e-01 1.165253877639770508e+00 -9.390698671340942383e-01
1.757130920886993408e-01 1.180743217468261719e+00 -9.411804080009460449e-01
6.134878844022750854e-02 1.168283343315124512e+00 -8.900888562202453613e-01
-1.813221573829650879e-01 1.187919139862060547e+00 -7.565429806709289551e-01
-4.950279295444488525e-01 1.203448057174682617e+00 -5.285681486129760742e-01
-7.360650300979614258e-01 1.213986515998840332e+00 -2.975492179393768311e-01
-8.286871910095214844e-01 1.205726504325866699e+00 -2.185488194227218628e-01
-8.638491034507751465e-01 1.151277422904968262e+00 -2.299024760723114014e-01
-9.171480536460876465e-01 1.163451433181762695e+00 -1.712759435176849365e-01
-9.226065278053283691e-01 1.162011504173278809e+00 -1.380201280117034912e-01
-9.129037857055664062e-01 1.166322588920593262e+00 -8.958551287651062012e-02
-8.665973544120788574e-01 1.141567111015319824e+00 -6.363622844219207764e-02
-8.505133390426635742e-01 1.061452746391296387e+00 6.023380905389785767e-03
-8.453814387321472168e-01 1.010030150413513184e+00 9.263171255588531494e-02
-8.131362199783325195e-01 9.575114250183105469e-01 1.960421204566955566e-01
-6.789960861206054688e-01 9.013398885726928711e-01 3.498083949089050293e-01
-5.596991181373596191e-01 8.008003234863281250e-01 4.661042690277099609e-01
-4.463399350643157959e-01 7.433946132659912109e-01 5.232146978378295898e-01
-2.577312886714935303e-01 7.609520554542541504e-01 5.601115822792053223e-01
-8.960983902215957642e-02 8.413883447647094727e-01 5.400980114936828613e-01
1.662255823612213135e-02 9.484771490097045898e-01 4.902881383895874023e-01
1.055318787693977356e-01 1.054337501525878906e+00 4.262982606887817383e-01
1.830761432647705078e-01 1.131783127784729004e+00 3.399251997470855713e-01
2.701263427734375000e-01 1.209354400634765625e+00 2.627389729022979736e-01
3.380860686302185059e-01 1.271471261978149414e+00 1.449300050735473633e-01
3.732711374759674072e-01 1.307696104049682617e+00 5.877403542399406433e-02
4.041569530963897705e-01 1.340018749237060547e+00 -1.898640766739845276e-02
4.367603361606597900e-01 1.368925213813781738e+00 -9.053222835063934326e-02
4.946820437908172607e-01 1.395684361457824707e+00 -1.753038465976715088e-01
5.230841636657714844e-01 1.433609485626220703e+00 -2.710715532302856445e-01
5.188703536987304688e-01 1.471826672554016113e+00 -3.401232957839965820e-01
5.292692184448242188e-01 1.479591250419616699e+00 -4.146057665348052979e-01
5.374553203582763672e-01 1.481458663940429688e+00 -4.683067202568054199e-01
5.436716079711914062e-01 1.477407574653625488e+00 -4.994590878486633301e-01
5.465620160102844238e-01 1.469419002532958984e+00 -5.106576085090637207e-01
5.473227500915527344e-01 1.456688642501831055e+00 -4.992583394050598145e-01
5.455543994903564453e-01 1.440389275550842285e+00 -4.669722318649291992e-01
5.413368344306945801e-01 1.421261310577392578e+00 -4.150418937206268311e-01
5.348093509674072266e-01 1.400077342987060547e+00 -3.451696038246154785e-01
4.926427900791168213e-01 1.390230655670166016e+00 -2.445308566093444824e-01
4.246579706668853760e-01 1.386952996253967285e+00 -1.479213088750839233e-01
3.796146810054779053e-01 1.368715524673461914e+00 -9.714725613594055176e-02
3.343116641044616699e-01 1.350289344787597656e+00 -4.409250989556312561e-02
3.125920891761779785e-01 1.334276676177978516e+00 9.201895445585250854e-03
2.986799180507659912e-01 1.319336533546447754e+00 5.802943930029869080e-02
2.791433632373809814e-01 1.310741901397705078e+00 9.410487115383148193e-02
2.311729788780212402e-01 1.301913142204284668e+00 1.158680617809295654e-01
1.882151961326599121e-01 1.280166745185852051e+00 1.598262637853622437e-01
1.660700142383575439e-01 1.261882424354553223e+00 2.005465775728225708e-01
1.635737717151641846e-01 1.247799634933471680e+00 2.351327240467071533e-01
1.758526563644409180e-01 1.231930255889892578e+00 2.653163075447082520e-01
1.857120692729949951e-01 1.221998929977416992e+00 2.794169485569000244e-01
2.056407034397125244e-01 1.219817519187927246e+00 2.802865505218505859e-01
2.327769994735717773e-01 1.224834322929382324e+00 2.659496665000915527e-01
2.665785253047943115e-01 1.236997246742248535e+00 2.364531159400939941e-01
3.063401877880096436e-01 1.256082773208618164e+00 1.921968460083007812e-01
3.417505621910095215e-01 1.277804613113403320e+00 1.364000439643859863e-01
3.747938871383666992e-01 1.291396617889404297e+00 8.235977590084075928e-02
4.139049947261810303e-01 1.306936144828796387e+00 1.959557458758354187e-02
4.484864175319671631e-01 1.320939898490905762e+00 -5.152884498238563538e-02
4.804363548755645752e-01 1.339756131172180176e+00 -1.358736157417297363e-01
5.100924372673034668e-01 1.365930676460266113e+00 -2.249427288770675659e-01
5.103040933609008789e-01 1.421308636665344238e+00 -2.898256182670593262e-01
5.151951909065246582e-01 1.475214600563049316e+00 -3.370183706283569336e-01
5.213921070098876953e-01 1.526833176612854004e+00 -3.772883415222167969e-01
5.505055189132690430e-01 1.522929072380065918e+00 -4.437964558601379395e-01
5.860596895217895508e-01 1.496473193168640137e+00 -5.103893280029296875e-01
6.263463497161865234e-01 1.436439871788024902e+00 -6.041936874389648438e-01
6.637281179428100586e-01 1.377077460289001465e+00 -6.932134628295898438e-01
6.865060329437255859e-01 1.375198245048522949e+00 -7.508807182312011719e-01
7.053484320640563965e-01 1.373447060585021973e+00 -8.016300797462463379e-01
7.069500088691711426e-01 1.380389213562011719e+00 -8.560783863067626953e-01
6.733452677726745605e-01 1.409227967262268066e+00 -9.237278699874877930e-01
6.407512426376342773e-01 1.436037540435791016e+00 -9.913324117660522461e-01
6.291970014572143555e-01 1.466951727867126465e+00 -1.029848814010620117e+00
6.294433474540710449e-01 1.498083591461181641e+00 -1.039519071578979492e+00
6.287621259689331055e-01 1.506464719772338867e+00 -1.055703520774841309e+00
6.245799660682678223e-01 1.500554323196411133e+00 -1.070532202720642090e+00
6.174437403678894043e-01 1.491406559944152832e+00 -1.079033851623535156e+00
6.074776649475097656e-01 1.479178190231323242e+00 -1.081155061721801758e+00
5.938926935195922852e-01 1.464636683464050293e+00 -1.078513145446777344e+00
5.602415204048156738e-01 1.458075523376464844e+00 -1.098989844322204590e+00
5.256857872009277344e-01 1.448271870613098145e+00 -1.111161828041076660e+00
4.846683442592620850e-01 1.436619520187377930e+00 -1.102702975273132324e+00
4.428906738758087158e-01 1.422134876251220703e+00 -1.084122657775878906e+00
3.890899419784545898e-01 1.413882374763488770e+00 -1.064406991004943848e+00
3.421753346920013428e-01 1.398414731025695801e+00 -1.034187912940979004e+00
2.841153740882873535e-01 1.375805497169494629e+00 -9.783712625503540039e-01
2.126898169517517090e-01 1.351998209953308105e+00 -9.160534739494323730e-01
1.286447942256927490e-01 1.331188917160034180e+00 -8.451139330863952637e-01
3.316310793161392212e-02 1.312357068061828613e+00 -7.662955522537231445e-01
-8.919484168291091919e-02 1.296927690505981445e+00 -6.924697160720825195e-01
-1.563738584518432617e-01 1.233726024627685547e+00 -6.220009326934814453e-01
-1.922349780797958374e-01 1.174934983253479004e+00 -5.208973288536071777e-01
-2.535939514636993408e-01 1.142934083938598633e+00 -1.996906399726867676e-01
-3.910136818885803223e-01 1.171745419502258301e+00 -1.074974685907363892e-01
-5.588519573211669922e-01 1.173426866531372070e+00 -3.955583646893501282e-02
-6.964515447616577148e-01 1.169015526771545410e+00 1.362958177924156189e-02
-7.900883555412292480e-01 1.158561825752258301e+00 2.958336099982261658e-02
-8.455943465232849121e-01 1.144037723541259766e+00 3.428183123469352722e-02
-8.708673715591430664e-01 1.126301765441894531e+00 4.133641347289085388e-02
-8.813375234603881836e-01 1.088330030441284180e+00 8.624468743801116943e-02
-8.816715478897094727e-01 1.050774216651916504e+00 1.170278489589691162e-01
-8.795267939567565918e-01 1.010467886924743652e+00 1.504313647747039795e-01
-8.704185485839843750e-01 9.644504785537719727e-01 1.913415491580963135e-01
-8.587553501129150391e-01 9.270447492599487305e-01 2.186574637889862061e-01
-8.455107808113098145e-01 8.875629901885986328e-01 2.485074996948242188e-01
-8.299596309661865234e-01 8.478868603706359863e-01 2.776171565055847168e-01
-8.206394314765930176e-01 8.026669025421142578e-01 2.923662960529327393e-01
-8.186748623847961426e-01 7.401521801948547363e-01 2.942788302898406982e-01
-7.968260645866394043e-01 6.559199690818786621e-01 2.935497164726257324e-01
-7.604426145553588867e-01 5.569583177566528320e-01 2.767502665519714355e-01
-7.345057725906372070e-01 4.631562530994415283e-01 2.389478087425231934e-01
-6.952983140945434570e-01 3.772773146629333496e-01 2.263562381267547607e-01
-7.103233337402343750e-01 3.391306102275848389e-01 1.949592530727386475e-01
-7.296887040138244629e-01 3.072235286235809326e-01 1.863333582878112793e-01
-7.133628129959106445e-01 3.048942089080810547e-01 2.135961651802062988e-01
-7.131162881851196289e-01 2.864297330379486084e-01 2.065931260585784912e-01
-7.088663578033447266e-01 2.657901942729949951e-01 1.990122050046920776e-01
-7.038298249244689941e-01 2.499694228172302246e-01 1.823305040597915649e-01
-7.483583688735961914e-01 2.080940008163452148e-01 1.949189156293869019e-01
-8.040010929107666016e-01 1.533143520355224609e-01 2.263789772987365723e-01
-8.521349430084228516e-01 9.031353145837783813e-02 2.757644057273864746e-01
-8.909342885017395020e-01 9.337604045867919922e-03 3.106237947940826416e-01
-9.307698011398315430e-01 -7.029023021459579468e-02 3.449688553810119629e-01
-9.710792303085327148e-01 -1.281092017889022827e-01 3.515205383300781250e-01
-9.742866754531860352e-01 -1.371963620185852051e-01 2.732051014900207520e-01
-9.545325040817260742e-01 -1.243519335985183716e-01 2.702095508575439453e-01
-9.656464457511901855e-01 -1.341604292392730713e-01 2.632970809936523438e-01
-9.931591749191284180e-01 -2.009630203247070312e-01 2.723009586334228516e-01
-1.061754345893859863e+00 -3.333664834499359131e-01 3.643654584884643555e-01
-1.126808524131774902e+00 -5.214714407920837402e-01 4.878850579261779785e-01
-1.145714521408081055e+00 -5.784025788307189941e-01 6.066837310791015625e-01
-1.184016227722167969e+00 -6.606962680816650391e-01 6.625862121582031250e-01
-1.174601793289184570e+00 -7.277600765228271484e-01 6.708340644836425781e-01
-1.173985242843627930e+00 -7.426921129226684570e-01 6.887717247009277344e-01
-1.166738390922546387e+00 -7.563111186027526855e-01 7.044140100479125977e-01
-1.169412612915039062e+00 -7.837911248207092285e-01 7.244632244110107422e-01
-1.176034569740295410e+00 -8.135122060775756836e-01 7.456475496292114258e-01
-1.182956695556640625e+00 -8.432169556617736816e-01 7.668131589889526367e-01
-1.190310359001159668e+00 -8.732179403305053711e-01 7.880997061729431152e-01
-1.198198437690734863e+00 -9.037767648696899414e-01 8.096151351928710938e-01
-1.206696152687072754e+00 -9.351038932800292969e-01 8.314362764358520508e-01
-1.215851306915283203e+00 -9.673568010330200195e-01 8.536094427108764648e-01
-1.230376720428466797e+00 -9.978027343750000000e-01 8.683236241340637207e-01
-1.242207169532775879e+00 -1.022067427635192871e+00 8.751069307327270508e-01
-1.242507576942443848e+00 -1.029977917671203613e+00 8.654353618621826172e-01
-1.261935830116271973e+00 -1.031768560409545898e+00 8.636368513107299805e-01
-1.283987045288085938e+00 -1.033588409423828125e+00 8.623051643371582031e-01
-1.306480050086975098e+00 -1.036174774169921875e+00 8.604390621185302734e-01
-1.329322934150695801e+00 -1.039460897445678711e+00 8.579889535903930664e-01
-1.352407574653625488e+00 -1.043369174003601074e+00 8.549215793609619141e-01
-1.375613689422607422e+00 -1.047811150550842285e+00 8.512177467346191406e-01
-1.397339940071105957e+00 -1.053920865058898926e+00 8.494248986244201660e-01
-1.415210127830505371e+00 -1.063472747802734375e+00 8.534461259841918945e-01
-1.433464407920837402e+00 -1.083563089370727539e+00 8.685121536254882812e-01
-1.451369524002075195e+00 -1.104775071144104004e+00 8.841500878334045410e-01
-1.467810630798339844e+00 -1.128586769104003906e+00 9.017300605773925781e-01
-1.480910062789916992e+00 -1.160354495048522949e+00 9.261323213577270508e-01
-1.507367372512817383e+00 -1.203016638755798340e+00 9.514622688293457031e-01
-1.534003376960754395e+00 -1.245799303054809570e+00 9.762394428253173828e-01
-1.559400916099548340e+00 -1.287309646606445312e+00 1.000186920166015625e+00
-1.583444356918334961e+00 -1.327180266380310059e+00 1.023234248161315918e+00
-1.605035781860351562e+00 -1.362901926040649414e+00 1.045607686042785645e+00
-1.622697472572326660e+00 -1.397679686546325684e+00 1.075222015380859375e+00
-1.637082695960998535e+00 -1.431217074394226074e+00 1.110037803649902344e+00
-1.650503635406494141e+00 -1.462777614593505859e+00 1.142910361289978027e+00
-1.663019061088562012e+00 -1.492324352264404297e+00 1.173781633377075195e+00
-1.674692630767822266e+00 -1.519865751266479492e+00 1.202640891075134277e+00
-1.687135457992553711e+00 -1.545561194419860840e+00 1.227401256561279297e+00
-1.699955582618713379e+00 -1.569477438926696777e+00 1.248773574829101562e+00
-1.711969256401062012e+00 -1.591661572456359863e+00 1.268585324287414551e+00
-1.725049495697021484e+00 -1.611195445060729980e+00 1.283980846405029297e+00
-1.739414334297180176e+00 -1.628190755844116211e+00 1.294890165328979492e+00
-1.752945542335510254e+00 -1.644200325012207031e+00 1.305166125297546387e+00
-1.765785813331604004e+00 -1.659432768821716309e+00 1.314908623695373535e+00
-1.777633428573608398e+00 -1.673601984977722168e+00 1.323873281478881836e+00
-1.787925481796264648e+00 -1.686132669448852539e+00 1.331612467765808105e+00
-1.797891378402709961e+00 -1.698473691940307617e+00 1.339061379432678223e+00
-1.807648062705993652e+00 -1.710821032524108887e+00 1.346296310424804688e+00
-1.815271615982055664e+00 -1.719313263893127441e+00 1.352200508117675781e+00
-1.821510314941406250e+00 -1.725422382354736328e+00 1.357214808464050293e+00
-1.827810049057006836e+00 -1.732019186019897461e+00 1.362185239791870117e+00
-1.834211707115173340e+00 -1.739182472229003906e+00 1.367136240005493164e+00
-1.840741634368896484e+00 -1.746968269348144531e+00 1.372082114219665527e+00
-1.847566366195678711e+00 -1.754513382911682129e+00 1.377380132675170898e+00
-1.854647874832153320e+00 -1.762027740478515625e+00 1.382945895195007324e+00
-1.861880540847778320e+00 -1.770020008087158203e+00 1.388561487197875977e+00
-1.869235038757324219e+00 -1.778457641601562500e+00 1.394203901290893555e+00
-1.876669406890869141e+00 -1.787289381027221680e+00 1.399842023849487305e+00
-1.884133219718933105e+00 -1.796449422836303711e+00 1.405438780784606934e+00
-1.891567587852478027e+00 -1.805858135223388672e+00 1.410951495170593262e+00
-1.898906588554382324e+00 -1.815422415733337402e+00 1.416333556175231934e+00
-1.906083703041076660e+00 -1.825044393539428711e+00 1.421538472175598145e+00
-1.913029074668884277e+00 -1.834617853164672852e+00 1.426518201828002930e+00
-1.919675827026367188e+00 -1.844036817550659180e+00 1.431228041648864746e+00
-1.925960540771484375e+00 -1.853195548057556152e+00 1.435626506805419922e+00
-1.931824564933776855e+00 -1.861991405487060547e+00 1.439675927162170410e+00
-1.937218427658081055e+00 -1.870330214500427246e+00 1.443346858024597168e+00
-1.942100882530212402e+00 -1.878126740455627441e+00 1.446615934371948242e+00
-1.946439981460571289e+00 -1.885305166244506836e+00 1.449466824531555176e+00
-1.949364781379699707e+00 -1.890683412551879883e+00 1.451271295547485352e+00
-1.948425292968750000e+00 -1.889196395874023438e+00 1.450639367103576660e+00
-1.946521997451782227e+00 -1.886009931564331055e+00 1.449396967887878418e+00
-1.943839550018310547e+00 -1.881726264953613281e+00 1.447601199150085449e+00
-1.942330002784729004e+00 -1.874344348907470703e+00 1.447670936584472656e+00
-1.941151857376098633e+00 -1.866260886192321777e+00 1.448229908943176270e+00
-1.940021753311157227e+00 -1.858223557472229004e+00 1.448827862739562988e+00
-1.938617110252380371e+00 -1.850978970527648926e+00 1.448974370956420898e+00
-1.938269376754760742e+00 -1.843159437179565430e+00 1.450320243835449219e+00
-1.944796919822692871e+00 -1.830372095108032227e+00 1.459734797477722168e+00
-1.953801274299621582e+00 -1.817121148109436035e+00 1.471768140792846680e+00
-1.961582541465759277e+00 -1.803919911384582520e+00 1.482547163963317871e+00
-1.968759417533874512e+00 -1.792318701744079590e+00 1.492364168167114258e+00
-1.975573301315307617e+00 -1.782220721244812012e+00 1.501485347747802734e+00
-1.982077240943908691e+00 -1.773730516433715820e+00 1.509942054748535156e+00
-1.988316655158996582e+00 -1.766924858093261719e+00 1.517763853073120117e+00
-1.994335293769836426e+00 -1.761860370635986328e+00 1.524982929229736328e+00
-2.000170230865478516e+00 -1.758566260337829590e+00 1.531630277633666992e+00
-2.005855083465576172e+00 -1.757048368453979492e+00 1.537739396095275879e+00
-2.011417865753173828e+00 -1.757284879684448242e+00 1.543342828750610352e+00
-2.016971588134765625e+00 -1.759672045707702637e+00 1.548469662666320801e+00
-2.023956537246704102e+00 -1.771133661270141602e+00 1.553079366683959961e+00
-2.030960559844970703e+00 -1.784545421600341797e+00 1.557284832000732422e+00
-2.037989854812622070e+00 -1.799762606620788574e+00 1.561123251914978027e+00
-2.045046091079711914e+00 -1.816614031791687012e+00 1.564634323120117188e+00
-2.052126169204711914e+00 -1.834899663925170898e+00 1.567857742309570312e+00
-2.059149742126464844e+00 -1.857465863227844238e+00 1.570093274116516113e+00
-2.066676139831542969e+00 -1.882955551147460938e+00 1.572204709053039551e+00
-2.079403638839721680e+00 -1.906293153762817383e+00 1.580071210861206055e+00
-2.092118978500366211e+00 -1.929813861846923828e+00 1.587885499000549316e+00
-2.104728937149047852e+00 -1.953294157981872559e+00 1.595601320266723633e+00
-2.117137432098388672e+00 -1.976504087448120117e+00 1.603171229362487793e+00
-2.129251956939697266e+00 -1.999215722084045410e+00 1.610550761222839355e+00
-2.140982151031494141e+00 -2.021204233169555664e+00 1.617696285247802734e+00
-2.150218725204467773e+00 -2.039951086044311523e+00 1.623011946678161621e+00
-2.155097007751464844e+00 -2.053220272064208984e+00 1.625087141990661621e+00
-2.159726858139038086e+00 -2.065582513809204102e+00 1.627107143402099609e+00
-2.164089441299438477e+00 -2.076918601989746094e+00 1.629078269004821777e+00
-2.168168544769287109e+00 -2.087124109268188477e+00 1.631007075309753418e+00
-2.163201808929443359e+00 -2.089433193206787109e+00 1.625456094741821289e+00
-2.154216289520263672e+00 -2.087616920471191406e+00 1.616716623306274414e+00
-2.145048856735229492e+00 -2.084553241729736328e+00 1.608063220977783203e+00
-2.140826702117919922e+00 -2.082134723663330078e+00 1.604296565055847168e+00
-2.136668920516967773e+00 -2.075201034545898438e+00 1.601577043533325195e+00
-2.131575584411621094e+00 -2.064507007598876953e+00 1.598723411560058594e+00
-2.125502586364746094e+00 -2.052567958831787109e+00 1.595144391059875488e+00
-2.118505239486694336e+00 -2.039426326751708984e+00 1.590887308120727539e+00
-2.110653638839721680e+00 -2.025143861770629883e+00 1.586009621620178223e+00
-2.102028846740722656e+00 -2.009797334671020508e+00 1.580577135086059570e+00
-2.092725276947021484e+00 -1.993482351303100586e+00 1.574665188789367676e+00
-2.082885742187500000e+00 -1.976389050483703613e+00 1.568283796310424805e+00
-2.076727628707885742e+00 -1.967219471931457520e+00 1.554274082183837891e+00
-2.069924831390380859e+00 -1.956822752952575684e+00 1.540556788444519043e+00
-2.064855813980102539e+00 -1.946607112884521484e+00 1.527088284492492676e+00
-2.067064046859741211e+00 -1.939665317535400391e+00 1.513750076293945312e+00
-2.069067955017089844e+00 -1.932157754898071289e+00 1.500752210617065430e+00
-2.070936679840087891e+00 -1.924259424209594727e+00 1.488123893737792969e+00
-2.072731018066406250e+00 -1.916130542755126953e+00 1.475896596908569336e+00
-2.073396444320678711e+00 -1.907213687896728516e+00 1.464642643928527832e+00
-2.071255683898925781e+00 -1.896543264389038086e+00 1.455231785774230957e+00
-2.070369482040405273e+00 -1.887957215309143066e+00 1.448150753974914551e+00
-2.070681571960449219e+00 -1.881373286247253418e+00 1.443222522735595703e+00
-2.070653438568115234e+00 -1.874471068382263184e+00 1.438260316848754883e+00
-2.069476842880249023e+00 -1.864333868026733398e+00 1.434052586555480957e+00
-2.068674802780151367e+00 -1.854802966117858887e+00 1.430284023284912109e+00
-2.068264722824096680e+00 -1.845953464508056641e+00 1.426947116851806641e+00
-2.068274021148681641e+00 -1.837839961051940918e+00 1.424065113067626953e+00
-2.068100452423095703e+00 -1.821248769760131836e+00 1.430227994918823242e+00
-2.067945480346679688e+00 -1.798958659172058105e+00 1.442915439605712891e+00
-2.068319559097290039e+00 -1.778377175331115723e+00 1.455313324928283691e+00
-2.069227218627929688e+00 -1.759526371955871582e+00 1.467428207397460938e+00
-2.070621967315673828e+00 -1.742411017417907715e+00 1.479214310646057129e+00
-2.072504758834838867e+00 -1.727015256881713867e+00 1.490699648857116699e+00
-2.074903964996337891e+00 -1.713309407234191895e+00 1.501951932907104492e+00
-2.077794313430786133e+00 -1.701244592666625977e+00 1.512988448143005371e+00
-2.081142663955688477e+00 -1.690757393836975098e+00 1.523828506469726562e+00
-2.084909677505493164e+00 -1.681767702102661133e+00 1.534493088722229004e+00
-2.088191747665405273e+00 -1.673193454742431641e+00 1.544389009475708008e+00
-2.090994596481323242e+00 -1.664989113807678223e+00 1.553589344024658203e+00
-2.094084262847900391e+00 -1.657970666885375977e+00 1.562726736068725586e+00
-2.097412824630737305e+00 -1.652010202407836914e+00 1.571856498718261719e+00
-2.102687120437622070e+00 -1.649352312088012695e+00 1.581660151481628418e+00
-2.111676931381225586e+00 -1.652317285537719727e+00 1.592850327491760254e+00
-2.120342016220092773e+00 -1.655319929122924805e+00 1.604103207588195801e+00
-2.128705739974975586e+00 -1.658288240432739258e+00 1.615531682968139648e+00
-2.136799097061157227e+00 -1.661147952079772949e+00 1.627257943153381348e+00
-2.144655942916870117e+00 -1.663823127746582031e+00 1.639410018920898438e+00
-2.152318000793457031e+00 -1.666239857673645020e+00 1.652120113372802734e+00
-2.159830570220947266e+00 -1.668326020240783691e+00 1.665521621704101562e+00
-2.167245864868164062e+00 -1.670014977455139160e+00 1.679748773574829102e+00
-2.174616813659667969e+00 -1.671243667602539062e+00 1.694927811622619629e+00
-2.182000637054443359e+00 -1.671957850456237793e+00 1.711180210113525391e+00
-2.189455509185791016e+00 -1.672111153602600098e+00 1.728611469268798828e+00
-2.197038412094116211e+00 -1.671667218208312988e+00 1.747313618659973145e+00
-2.208496809005737305e+00 -1.678315877914428711e+00 1.760847330093383789e+00
-2.222053527832031250e+00 -1.688227891921997070e+00 1.772474288940429688e+00
-2.236308336257934570e+00 -1.698388457298278809e+00 1.784757256507873535e+00
-2.251274108886718750e+00 -1.708765983581542969e+00 1.797715544700622559e+00
-2.266421556472778320e+00 -1.718745827674865723e+00 1.810944795608520508e+00
-2.280871391296386719e+00 -1.727344274520874023e+00 1.823765397071838379e+00
-2.295907497406005859e+00 -1.735991954803466797e+00 1.837171077728271484e+00
-2.311486244201660156e+00 -1.744671225547790527e+00 1.851121664047241211e+00
-2.327537775039672852e+00 -1.753356814384460449e+00 1.865551352500915527e+00
-2.343961715698242188e+00 -1.762011408805847168e+00 1.880366444587707520e+00
-2.360630989074707031e+00 -1.770590424537658691e+00 1.895447373390197754e+00
-2.377388477325439453e+00 -1.779035449028015137e+00 1.910647034645080566e+00
-2.394049167633056641e+00 -1.787278294563293457e+00 1.925792217254638672e+00
-2.409587144851684570e+00 -1.791936635971069336e+00 1.940575122833251953e+00
-2.424037694931030273e+00 -1.795150041580200195e+00 1.954566478729248047e+00
-2.437801361083984375e+00 -1.798305869102478027e+00 1.967872142791748047e+00
-2.450631380081176758e+00 -1.801367521286010742e+00 1.980249643325805664e+00
-2.462267637252807617e+00 -1.804288983345031738e+00 1.991443634033203125e+00
-2.473259687423706055e+00 -1.811047196388244629e+00 2.001148939132690430e+00
-2.482546091079711914e+00 -1.817691206932067871e+00 2.009145259857177734e+00
-2.489625453948974609e+00 -1.823011517524719238e+00 2.015185356140136719e+00
-2.494213342666625977e+00 -1.826819181442260742e+00 2.019021987915039062e+00
-2.496044158935546875e+00 -1.828934550285339355e+00 2.020423412322998047e+00
-2.494877338409423828e+00 -1.829192280769348145e+00 2.019181251525878906e+00
-2.490502119064331055e+00 -1.827445983886718750e+00 2.015112876892089844e+00
-2.482750415802001953e+00 -1.823575139045715332e+00 2.008074045181274414e+00
-2.471497058868408203e+00 -1.817486286163330078e+00 1.997957706451416016e+00
-2.457700490951538086e+00 -1.812938213348388672e+00 1.984920978546142578e+00
-2.441605567932128906e+00 -1.811696290969848633e+00 1.968829631805419922e+00
-2.420256137847900391e+00 -1.803771972656250000e+00 1.948848724365234375e+00
-2.394182920455932617e+00 -1.792814373970031738e+00 1.924725055694580078e+00
-2.365040063858032227e+00 -1.780530691146850586e+00 1.897769093513488770e+00
-2.333092689514160156e+00 -1.767052769660949707e+00 1.868221759796142578e+00
-2.298660278320312500e+00 -1.752536058425903320e+00 1.836374044418334961e+00
-2.262115955352783203e+00 -1.737162590026855469e+00 1.802565574645996094e+00
-2.225365400314331055e+00 -1.725800037384033203e+00 1.767675757408142090e+00
-2.189094781875610352e+00 -1.719565987586975098e+00 1.732159495353698730e+00
-2.151999950408935547e+00 -1.713189601898193359e+00 1.695836067199707031e+00
-2.132735490798950195e+00 -1.738787889480590820e+00 1.648582100868225098e+00
-2.134442567825317383e+00 -1.793884634971618652e+00 1.607168555259704590e+00
-2.136384487152099609e+00 -1.848082661628723145e+00 1.566465258598327637e+00
-2.141615390777587891e+00 -1.895130991935729980e+00 1.539653420448303223e+00
-2.150827884674072266e+00 -1.937277317047119141e+00 1.522829174995422363e+00
-2.159304618835449219e+00 -1.977006793022155762e+00 1.506200671195983887e+00
-2.165099859237670898e+00 -2.006163120269775391e+00 1.496337890625000000e+00
-2.166848182678222656e+00 -2.019016265869140625e+00 1.497825026512145996e+00
-2.167985677719116211e+00 -2.029771327972412109e+00 1.498763561248779297e+00
-2.168422460556030273e+00 -2.038259744644165039e+00 1.499051451683044434e+00
-2.167451858520507812e+00 -2.043664693832397461e+00 1.498103260993957520e+00
-2.166457414627075195e+00 -2.047471761703491211e+00 1.496986508369445801e+00
-2.165433168411254883e+00 -2.049676179885864258e+00 1.495677947998046875e+00
-2.164267301559448242e+00 -2.050180912017822266e+00 1.494077205657958984e+00
-2.161618947982788086e+00 -2.047572612762451172e+00 1.491122961044311523e+00
-2.158333063125610352e+00 -2.042836666107177734e+00 1.487483978271484375e+00
-2.154408931732177734e+00 -2.036055088043212891e+00 1.483172059059143066e+00
-2.149847745895385742e+00 -2.027326345443725586e+00 1.478206276893615723e+00
-2.144650936126708984e+00 -2.016761541366577148e+00 1.472613811492919922e+00
-2.138822555541992188e+00 -2.004485368728637695e+00 1.466429948806762695e+00
-2.132369518280029297e+00 -1.990630984306335449e+00 1.459696173667907715e+00
-2.124168395996093750e+00 -1.970784783363342285e+00 1.455583453178405762e+00
-2.114377975463867188e+00 -1.946967244148254395e+00 1.453140377998352051e+00
-2.097015380859375000e+00 -1.918762683868408203e+00 1.457806706428527832e+00
-2.081572055816650391e+00 -1.889667868614196777e+00 1.465596675872802734e+00
-2.070867538452148438e+00 -1.860202789306640625e+00 1.480008959770202637e+00
-2.059411764144897461e+00 -1.830181956291198730e+00 1.495502471923828125e+00
-2.050670146942138672e+00 -1.801564455032348633e+00 1.510913252830505371e+00
-2.045333862304687500e+00 -1.774859309196472168e+00 1.525457620620727539e+00
-2.039947509765625000e+00 -1.748439431190490723e+00 1.539088368415832520e+00
-2.034401893615722656e+00 -1.720625996589660645e+00 1.553444385528564453e+00
-2.028802156448364258e+00 -1.682155251502990723e+00 1.577342391014099121e+00
-2.031933784484863281e+00 -1.662739634513854980e+00 1.584745526313781738e+00
-2.034663200378417969e+00 -1.643488526344299316e+00 1.591703653335571289e+00
-2.036998271942138672e+00 -1.624570608139038086e+00 1.598188996315002441e+00
-2.038962125778198242e+00 -1.606144070625305176e+00 1.604189634323120117e+00
-2.054034709930419922e+00 -1.604768633842468262e+00 1.619811058044433594e+00
-2.070044517517089844e+00 -1.605662226676940918e+00 1.635891675949096680e+00
-2.085482835769653320e+00 -1.608019828796386719e+00 1.651073336601257324e+00
-2.099596023559570312e+00 -1.611266613006591797e+00 1.664714574813842773e+00
-2.112400770187377930e+00 -1.615242838859558105e+00 1.676867246627807617e+00
-2.124059200286865234e+00 -1.618693709373474121e+00 1.687968850135803223e+00
-2.134627103805541992e+00 -1.621659278869628906e+00 1.698067307472229004e+00
-2.144165754318237305e+00 -1.624179244041442871e+00 1.707216262817382812e+00
-2.152737855911254883e+00 -1.626289248466491699e+00 1.715471744537353516e+00
-2.159380912780761719e+00 -1.629084467887878418e+00 1.721617341041564941e+00
-2.164952039718627930e+00 -1.631590485572814941e+00 1.726736068725585938e+00
-2.169446945190429688e+00 -1.633770227432250977e+00 1.730831623077392578e+00
-2.173216581344604492e+00 -1.635636925697326660e+00 1.734257936477661133e+00
-2.176297187805175781e+00 -1.637189626693725586e+00 1.737052202224731445e+00
-2.178720235824584961e+00 -1.638422966003417969e+00 1.739247560501098633e+00
-2.180582523345947266e+00 -1.639514088630676270e+00 1.740903377532958984e+00
-2.182294845581054688e+00 -1.641445398330688477e+00 1.742224574089050293e+00
-2.183414936065673828e+00 -1.643062114715576172e+00 1.743011474609375000e+00
-2.183932304382324219e+00 -1.644312739372253418e+00 1.743265628814697266e+00
-2.183836221694946289e+00 -1.645151495933532715e+00 1.742985725402832031e+00
-2.183111906051635742e+00 -1.645533084869384766e+00 1.742166757583618164e+00
-2.181746959686279297e+00 -1.645421624183654785e+00 1.740803003311157227e+00
-2.179729223251342773e+00 -1.644786953926086426e+00 1.738889813423156738e+00
-2.177051305770874023e+00 -1.643610715866088867e+00 1.736423254013061523e+00
-2.173711538314819336e+00 -1.641885280609130859e+00 1.733403444290161133e+00
-2.169712781906127930e+00 -1.639614701271057129e+00 1.729831933975219727e+00
-2.165067672729492188e+00 -1.636815547943115234e+00 1.725718021392822266e+00
-2.159793615341186523e+00 -1.633516788482666016e+00 1.721073508262634277e+00
-2.153501749038696289e+00 -1.629750967025756836e+00 1.715495824813842773e+00
