-2.367209196090698242e+00 1.265216708183288574e+00 -2.486988782882690430e+00
-2.327343463897705078e+00 1.255012392997741699e+00 -2.534304141998291016e+00
-2.282263994216918945e+00 1.243404746055603027e+00 -2.583651065826416016e+00
-2.231721639633178711e+00 1.230401277542114258e+00 -2.634470701217651367e+00
-2.175546884536743164e+00 1.216015815734863281e+00 -2.686090707778930664e+00
-2.113661050796508789e+00 1.200273156166076660e+00 -2.737738847732543945e+00
-2.046073675155639648e+00 1.183209300041198730e+00 -2.788558006286621094e+00
-1.972893118858337402e+00 1.164874434471130371e+00 -2.837630033493041992e+00
-1.894311547279357910e+00 1.145332455635070801e+00 -2.883996248245239258e+00
-1.810620069503784180e+00 1.124660968780517578e+00 -2.926678419113159180e+00
-1.724189400672912598e+00 1.102123379707336426e+00 -2.963331222534179688e+00
-1.637686848640441895e+00 1.076905488967895508e+00 -2.991494417190551758e+00
-1.546673893928527832e+00 1.051850080490112305e+00 -3.022896766662597656e+00
-1.448749780654907227e+00 1.029596567153930664e+00 -3.076451539993286133e+00
-1.348718881607055664e+00 1.006793379783630371e+00 -3.124006748199462891e+00
-1.247266650199890137e+00 9.835740327835083008e-01 -3.164807796478271484e+00
-1.145091295242309570e+00 9.600802659988403320e-01 -3.198209047317504883e+00
-1.042897105216979980e+00 9.364569783210754395e-01 -3.223684072494506836e+00
-9.413743615150451660e-01 9.128530621528625488e-01 -3.240837574005126953e+00
-8.361949324607849121e-01 8.840085268020629883e-01 -3.244576215744018555e+00
-7.315705418586730957e-01 8.539434075355529785e-01 -3.238253831863403320e+00
-6.330720782279968262e-01 8.236690759658813477e-01 -3.220379590988159180e+00
-5.499921441078186035e-01 7.913761734962463379e-01 -3.183583736419677734e+00
-4.674433171749114990e-01 7.564183473587036133e-01 -3.141946077346801758e+00
-3.934213817119598389e-01 7.283648252487182617e-01 -3.098469257354736328e+00
-3.277128636837005615e-01 7.096056342124938965e-01 -3.049468278884887695e+00
-2.643162906169891357e-01 6.909943819046020508e-01 -2.995759248733520508e+00
-2.034129649400711060e-01 6.726078987121582031e-01 -2.937999486923217773e+00
-1.452835947275161743e-01 6.549387574195861816e-01 -2.899383306503295898e+00
-8.993031829595565796e-02 6.377013921737670898e-01 -2.862090110778808594e+00
-3.670325130224227905e-02 6.207803487777709961e-01 -2.824081420898437500e+00
1.990107633173465729e-02 6.035184860229492188e-01 -2.797857522964477539e+00
7.306615263223648071e-02 5.862687230110168457e-01 -2.770216226577758789e+00
1.227037683129310608e-01 5.689959526062011719e-01 -2.741595983505249023e+00
1.694943755865097046e-01 5.524915456771850586e-01 -2.712456941604614258e+00
2.127421945333480835e-01 5.369799137115478516e-01 -2.683156728744506836e+00
2.366911023855209351e-01 5.220582485198974609e-01 -2.649110317230224609e+00
2.600418031215667725e-01 5.006178021430969238e-01 -2.613183021545410156e+00
2.811190187931060791e-01 4.789587557315826416e-01 -2.579269409179687500e+00
2.990024983882904053e-01 4.587651193141937256e-01 -2.548363924026489258e+00
3.107767403125762939e-01 4.402710497379302979e-01 -2.522133588790893555e+00
3.218773901462554932e-01 4.228237271308898926e-01 -2.497668743133544922e+00
3.323130309581756592e-01 4.063432514667510986e-01 -2.474981546401977539e+00
3.420926034450531006e-01 3.907497227191925049e-01 -2.454052448272705078e+00
3.512303829193115234e-01 3.759659826755523682e-01 -2.434839487075805664e+00
3.597395122051239014e-01 3.619169294834136963e-01 -2.417275190353393555e+00
3.660664260387420654e-01 3.469550311565399170e-01 -2.399724721908569336e+00
3.711526095867156982e-01 3.319470584392547607e-01 -2.383001089096069336e+00
3.757498264312744141e-01 3.175758123397827148e-01 -2.367712497711181641e+00
3.798895478248596191e-01 3.038062751293182373e-01 -2.353750705718994141e+00
3.835989832878112793e-01 2.906085550785064697e-01 -2.340997695922851562e+00
3.869028091430664062e-01 2.779563963413238525e-01 -2.329327821731567383e+00
3.898224234580993652e-01 2.658305466175079346e-01 -2.318616867065429688e+00
3.923754096031188965e-01 2.542141079902648926e-01 -2.308735847473144531e+00
3.945786356925964355e-01 2.430959194898605347e-01 -2.299559116363525391e+00
3.964457213878631592e-01 2.324679791927337646e-01 -2.290967702865600586e+00
3.979887664318084717e-01 2.223265469074249268e-01 -2.282845973968505859e+00
3.992204666137695312e-01 2.126698195934295654e-01 -2.275089263916015625e+00
4.001522958278656006e-01 2.034974694252014160e-01 -2.267600774765014648e+00
4.007970690727233887e-01 1.948130130767822266e-01 -2.260295867919921875e+00
4.011684060096740723e-01 1.866185218095779419e-01 -2.253103494644165039e+00
4.001701176166534424e-01 1.805487573146820068e-01 -2.245666503906250000e+00
3.967932760715484619e-01 1.744242906570434570e-01 -2.235774755477905273e+00
3.911242485046386719e-01 1.664672642946243286e-01 -2.222547769546508789e+00
3.854126930236816406e-01 1.587514877319335938e-01 -2.209297657012939453e+00
3.796891272068023682e-01 1.513046324253082275e-01 -2.196038246154785156e+00
3.739883303642272949e-01 1.441553831100463867e-01 -2.182799816131591797e+00
3.683524727821350098e-01 1.373345851898193359e-01 -2.169631242752075195e+00
3.628288507461547852e-01 1.308744847774505615e-01 -2.156598329544067383e+00
3.574688732624053955e-01 1.248092651367187500e-01 -2.143781900405883789e+00
3.523255586624145508e-01 1.191730350255966187e-01 -2.131272792816162109e+00
3.474553823471069336e-01 1.140003353357315063e-01 -2.119173049926757812e+00
3.429124057292938232e-01 1.093256324529647827e-01 -2.107589006423950195e+00
3.387502729892730713e-01 1.051815599203109741e-01 -2.096631526947021484e+00
3.350175917148590088e-01 1.015983074903488159e-01 -2.086407184600830078e+00
3.317602872848510742e-01 9.860436618328094482e-02 -2.077022314071655273e+00
3.290140032768249512e-01 9.622184932231903076e-02 -2.068568944931030273e+00
3.268090486526489258e-01 9.446959197521209717e-02 -2.061132669448852539e+00
3.253767490386962891e-01 9.257464110851287842e-02 -2.054750204086303711e+00
3.245466351509094238e-01 9.121562540531158447e-02 -2.049500226974487305e+00
3.242936134338378906e-01 9.048648178577423096e-02 -2.045420408248901367e+00
3.246035277843475342e-01 9.038884937763214111e-02 -2.042523860931396484e+00
3.254517316818237305e-01 9.091518819332122803e-02 -2.040801763534545898e+00
3.268032371997833252e-01 9.204871952533721924e-02 -2.040223121643066406e+00
3.286134004592895508e-01 9.376291930675506592e-02 -2.040735960006713867e+00
3.308285772800445557e-01 9.602133929729461670e-02 -2.042266130447387695e+00
3.333866894245147705e-01 9.877707064151763916e-02 -2.044718980789184570e+00
3.362198472023010254e-01 1.019737273454666138e-01 -2.047982692718505859e+00
3.392544984817504883e-01 1.055457144975662231e-01 -2.051924943923950195e+00
3.424116671085357666e-01 1.094180792570114136e-01 -2.056401491165161133e+00
3.456110656261444092e-01 1.135094910860061646e-01 -2.061254978179931641e+00
3.487696647644042969e-01 1.177312284708023071e-01 -2.066320180892944336e+00
3.518039882183074951e-01 1.219898313283920288e-01 -2.071425437927246094e+00
3.546340763568878174e-01 1.261890232563018799e-01 -2.076400041580200195e+00
3.571811020374298096e-01 1.302311569452285767e-01 -2.081075668334960938e+00
3.593716025352478027e-01 1.340189129114151001e-01 -2.085289955139160156e+00
3.611371517181396484e-01 1.374574154615402222e-01 -2.088893413543701172e+00
3.624193370342254639e-01 1.404576450586318970e-01 -2.091751098632812500e+00
3.631667494773864746e-01 1.429368555545806885e-01 -2.093747377395629883e+00
3.633404672145843506e-01 1.448215842247009277e-01 -2.094787597656250000e+00
3.629123270511627197e-01 1.460487544536590576e-01 -2.094802618026733398e+00
3.618696331977844238e-01 1.465695947408676147e-01 -2.093749284744262695e+00
3.602117598056793213e-01 1.463473588228225708e-01 -2.091612339019775391e+00
3.579548895359039307e-01 1.453623175621032715e-01 -2.088405847549438477e+00
3.551285862922668457e-01 1.436097919940948486e-01 -2.084169387817382812e+00
3.517785668373107910e-01 1.411021798849105835e-01 -2.078973054885864258e+00
3.479640483856201172e-01 1.378675550222396851e-01 -2.072911977767944336e+00
3.437575399875640869e-01 1.339503675699234009e-01 -2.066106319427490234e+00
3.392421007156372070e-01 1.294101327657699585e-01 -2.058694839477539062e+00
3.345103561878204346e-01 1.243193596601486206e-01 -2.050835371017456055e+00
3.296613693237304688e-01 1.187629848718643188e-01 -2.042700767517089844e+00
3.247987329959869385e-01 1.128353327512741089e-01 -2.034471750259399414e+00
3.200293183326721191e-01 1.066403537988662720e-01 -2.026337385177612305e+00
3.154556751251220703e-01 1.002842038869857788e-01 -2.018482923507690430e+00
3.111789524555206299e-01 9.387986361980438232e-02 -2.011095285415649414e+00
3.072909712791442871e-01 8.753670752048492432e-02 -2.004347324371337891e+00
3.038769066333770752e-01 8.136610686779022217e-02 -1.998404145240783691e+00
3.010088205337524414e-01 7.547251880168914795e-02 -1.993412375450134277e+00
2.987448573112487793e-01 6.995500624179840088e-02 -1.989499688148498535e+00
2.971280217170715332e-01 6.490369141101837158e-02 -1.986771821975708008e+00
2.961839735507965088e-01 6.039814651012420654e-02 -1.985310077667236328e+00
2.959215342998504639e-01 5.650658905506134033e-02 -1.985171556472778320e+00
2.963303625583648682e-01 5.328495800495147705e-02 -1.986388921737670898e+00
2.973835170269012451e-01 5.077423155307769775e-02 -1.988968014717102051e+00
2.990370094776153564e-01 4.900281131267547607e-02 -1.992893457412719727e+00
3.012298941612243652e-01 4.798375070095062256e-02 -1.998124361038208008e+00
3.038894236087799072e-01 4.771812260150909424e-02 -2.004600524902343750e+00
3.069279193878173828e-01 4.819105565547943115e-02 -2.012242317199707031e+00
3.102495074272155762e-01 4.937709867954254150e-02 -2.020952939987182617e+00
3.137508928775787354e-01 5.123881995677947998e-02 -2.030622482299804688e+00
3.173230588436126709e-01 5.372859537601470947e-02 -2.041128635406494141e+00
3.208551406860351562e-01 5.678991973400115967e-02 -2.052339315414428711e+00
3.242369592189788818e-01 6.035862863063812256e-02 -2.064115762710571289e+00
3.273593187332153320e-01 6.436507403850555420e-02 -2.076314210891723633e+00
3.301181495189666748e-01 6.873328983783721924e-02 -2.088787317276000977e+00
3.324155807495117188e-01 7.338611781597137451e-02 -2.101387739181518555e+00
3.341623544692993164e-01 7.824449241161346436e-02 -2.113971471786499023e+00
3.352780938148498535e-01 8.322758972644805908e-02 -2.126394271850585938e+00
3.346047997474670410e-01 8.916895091533660889e-02 -2.137880802154541016e+00
3.325987458229064941e-01 9.556315839290618896e-02 -2.148601055145263672e+00
3.295498490333557129e-01 1.020597666501998901e-01 -2.158632516860961914e+00
3.254234194755554199e-01 1.085963100194931030e-01 -2.167864084243774414e+00
3.202044069766998291e-01 1.151135712862014771e-01 -2.176199436187744141e+00
3.138937354087829590e-01 1.215562671422958374e-01 -2.183556795120239258e+00
3.065110743045806885e-01 1.278745383024215698e-01 -2.189874410629272461e+00
2.980925142765045166e-01 1.340245157480239868e-01 -2.195105552673339844e+00
2.886920273303985596e-01 1.399685591459274292e-01 -2.199222087860107422e+00
2.783752381801605225e-01 1.456766277551651001e-01 -2.202216863632202148e+00
2.672224342823028564e-01 1.511246711015701294e-01 -2.204097270965576172e+00
2.553258240222930908e-01 1.562971621751785278e-01 -2.204891443252563477e+00
2.427838295698165894e-01 1.611846536397933960e-01 -2.204642057418823242e+00
2.297066301107406616e-01 1.657859236001968384e-01 -2.203412532806396484e+00
2.162037938833236694e-01 1.701039224863052368e-01 -2.201273679733276367e+00
2.023910731077194214e-01 1.741485148668289185e-01 -2.198315858840942383e+00
1.883856505155563354e-01 1.779348403215408325e-01 -2.194638967514038086e+00
1.743002384901046753e-01 1.814806908369064331e-01 -2.190349578857421875e+00
1.602480858564376831e-01 1.848085075616836548e-01 -2.185566186904907227e+00
1.463367193937301636e-01 1.879419535398483276e-01 -2.180408716201782227e+00
1.294076293706893921e-01 1.920101195573806763e-01 -2.174901485443115234e+00
1.062565222382545471e-01 1.981563717126846313e-01 -2.169066667556762695e+00
8.369485288858413696e-02 2.041318565607070923e-01 -2.163230895996093750e+00
6.188843399286270142e-02 2.099331468343734741e-01 -2.157511472702026367e+00
4.099319130182266235e-02 2.155563384294509888e-01 -2.152020454406738281e+00
2.114931680262088776e-02 2.209979146718978882e-01 -2.146860837936401367e+00
2.481678500771522522e-03 2.262538224458694458e-01 -2.142123699188232422e+00
-1.490326784551143646e-02 2.313221246004104614e-01 -2.137889862060546875e+00
-3.090955875813961029e-02 2.361983209848403931e-01 -2.134228229522705078e+00
-4.546584933996200562e-02 2.408809214830398560e-01 -2.131192445755004883e+00
-5.851616710424423218e-02 2.453673332929611206e-01 -2.128822088241577148e+00
-7.001879066228866577e-02 2.496552318334579468e-01 -2.127146005630493164e+00
-7.995899766683578491e-02 2.537450790405273438e-01 -2.126172542572021484e+00
-8.833333104848861694e-02 2.576365172863006592e-01 -2.125900268554687500e+00
-9.516211599111557007e-02 2.613314986228942871e-01 -2.126310586929321289e+00
-1.004818305373191833e-01 2.648320794105529785e-01 -2.127369880676269531e+00
-1.029712781310081482e-01 2.669968008995056152e-01 -2.129256725311279297e+00
-1.035956367850303650e-01 2.685698270797729492e-01 -2.131764650344848633e+00
-1.030587777495384216e-01 2.700610458850860596e-01 -2.134720087051391602e+00
-1.014700755476951599e-01 2.714758217334747314e-01 -2.138039350509643555e+00
-9.895714372396469116e-02 2.728221714496612549e-01 -2.141629457473754883e+00
-9.566416591405868530e-02 2.741094231605529785e-01 -2.145388603210449219e+00
-9.174879640340805054e-02 2.753487229347229004e-01 -2.149210453033447266e+00
-8.738049119710922241e-02 2.765517234802246094e-01 -2.152987718582153320e+00
-8.273776620626449585e-02 2.777315974235534668e-01 -2.156610727310180664e+00
-7.800652831792831421e-02 2.789009809494018555e-01 -2.159972667694091797e+00
-7.337679713964462280e-02 2.800728976726531982e-01 -2.162970066070556641e+00
-6.903823465108871460e-02 2.812596559524536133e-01 -2.165507555007934570e+00
-6.517841666936874390e-02 2.824718952178955078e-01 -2.167493581771850586e+00
-6.197931617498397827e-02 2.837198376655578613e-01 -2.168850183486938477e+00
-5.961527675390243530e-02 2.850109338760375977e-01 -2.169505119323730469e+00
-5.824675410985946655e-02 2.863518595695495605e-01 -2.169401168823242188e+00
-5.802043527364730835e-02 2.877466380596160889e-01 -2.168490409851074219e+00
-5.906512588262557983e-02 2.891968488693237305e-01 -2.166736841201782227e+00
-6.148644536733627319e-02 2.907024621963500977e-01 -2.164122104644775391e+00
-6.536855548620223999e-02 2.922599017620086670e-01 -2.160636186599731445e+00
-7.077088207006454468e-02 2.938643097877502441e-01 -2.156283140182495117e+00
-7.772203534841537476e-02 2.955074906349182129e-01 -2.151081323623657227e+00
-8.622761815786361694e-02 2.971784174442291260e-01 -2.145060300827026367e+00
-9.626170247793197632e-02 2.988644540309906006e-01 -2.138259172439575195e+00
-1.077712997794151306e-01 3.005491793155670166e-01 -2.130728960037231445e+00
-1.206782087683677673e-01 3.022135496139526367e-01 -2.122526645660400391e+00
-1.348766237497329712e-01 3.038369715213775635e-01 -2.113717317581176758e+00
-1.502384692430496216e-01 3.053958117961883545e-01 -2.104372501373291016e+00
-1.666140109300613403e-01 3.068636655807495117e-01 -2.094564676284790039e+00
-1.838336139917373657e-01 3.082137703895568848e-01 -2.084370613098144531e+00
-2.017139345407485962e-01 3.094166815280914307e-01 -2.073867559432983398e+00
-2.200570255517959595e-01 3.104414343833923340e-01 -2.063131809234619141e+00
-2.386582642793655396e-01 3.112571537494659424e-01 -2.052237987518310547e+00
-2.573051154613494873e-01 3.118333220481872559e-01 -2.041260719299316406e+00
-2.757865488529205322e-01 3.121380805969238281e-01 -2.030271530151367188e+00
-2.938897907733917236e-01 3.121418356895446777e-01 -2.019340991973876953e+00
-3.114100992679595947e-01 3.118168413639068604e-01 -2.008538007736206055e+00
-3.281463682651519775e-01 3.111371695995330811e-01 -1.997933030128479004e+00
-3.439112007617950439e-01 3.100812435150146484e-01 -1.987598419189453125e+00
-3.585291206836700439e-01 3.086309432983398438e-01 -1.977604508399963379e+00
-3.718383014202117920e-01 3.067740797996520996e-01 -1.968027949333190918e+00
-3.836940228939056396e-01 3.045041561126708984e-01 -1.958947062492370605e+00
-3.939704596996307373e-01 3.018222749233245850e-01 -1.950443863868713379e+00
-4.025588333606719971e-01 2.987357974052429199e-01 -1.942601203918457031e+00
-4.093711674213409424e-01 2.952627837657928467e-01 -1.935506939888000488e+00
-4.143414199352264404e-01 2.914272546768188477e-01 -1.929245948791503906e+00
-4.174246490001678467e-01 2.872640490531921387e-01 -1.923902034759521484e+00
-4.185958206653594971e-01 2.828161716461181641e-01 -1.919558644294738770e+00
-4.178561270236968994e-01 2.781353592872619629e-01 -1.916286826133728027e+00
-4.152259528636932373e-01 2.732820212841033936e-01 -1.914153814315795898e+00
-4.107483327388763428e-01 2.683239579200744629e-01 -1.913215398788452148e+00
-4.044903814792633057e-01 2.633368074893951416e-01 -1.913509607315063477e+00
-3.965364396572113037e-01 2.584010362625122070e-01 -1.915062189102172852e+00
-3.869923651218414307e-01 2.536028623580932617e-01 -1.917880058288574219e+00
-3.759829699993133545e-01 2.490321844816207886e-01 -1.921949863433837891e+00
-3.636530339717864990e-01 2.447801083326339722e-01 -1.927237391471862793e+00
-3.501583635807037354e-01 2.409397810697555542e-01 -1.933689713478088379e+00
-3.356746137142181396e-01 2.376019805669784546e-01 -1.941227912902832031e+00
-3.203873336315155029e-01 2.348558157682418823e-01 -1.949755311012268066e+00
-3.044925034046173096e-01 2.327856570482254028e-01 -1.959153771400451660e+00
-2.881949841976165771e-01 2.314705103635787964e-01 -1.969286322593688965e+00
-2.717076838016510010e-01 2.309803217649459839e-01 -1.979998707771301270e+00
-2.552413642406463623e-01 2.313782423734664917e-01 -1.991124868392944336e+00
-2.390096336603164673e-01 2.327155917882919312e-01 -2.002487421035766602e+00
-2.232246547937393188e-01 2.350314706563949585e-01 -2.013900995254516602e+00
-2.080918699502944946e-01 2.383533269166946411e-01 -2.025177478790283203e+00
-1.938072592020034790e-01 2.426937371492385864e-01 -2.036127567291259766e+00
-1.805578023195266724e-01 2.480521351099014282e-01 -2.046565532684326172e+00
-1.685165911912918091e-01 2.544113993644714355e-01 -2.056310176849365234e+00
-1.578420549631118774e-01 2.617416083812713623e-01 -2.065192222595214844e+00
-1.486713439226150513e-01 2.699971199035644531e-01 -2.073051929473876953e+00
-1.411245018243789673e-01 2.791180014610290527e-01 -2.079743623733520508e+00
-1.352971345186233521e-01 2.890308797359466553e-01 -2.085139513015747070e+00
-1.312622576951980591e-01 2.996509671211242676e-01 -2.089130401611328125e+00
-1.290702968835830688e-01 3.108807504177093506e-01 -2.091624021530151367e+00
-1.287416368722915649e-01 3.226143419742584229e-01 -2.092553138732910156e+00
-1.302768737077713013e-01 3.347375988960266113e-01 -2.091870546340942383e+00
-1.336487084627151489e-01 3.471295535564422607e-01 -2.089552164077758789e+00
-1.388074308633804321e-01 3.596646189689636230e-01 -2.085595369338989258e+00
-1.456794291734695435e-01 3.722163140773773193e-01 -2.080022573471069336e+00
-1.541713029146194458e-01 3.846569955348968506e-01 -2.072876453399658203e+00
-1.641695648431777954e-01 3.968603909015655518e-01 -2.064220666885375977e+00
-1.755424886941909790e-01 4.087055325508117676e-01 -2.054140329360961914e+00
-1.881448775529861450e-01 4.200758635997772217e-01 -2.042736053466796875e+00
-2.018177658319473267e-01 4.308633506298065186e-01 -2.030126333236694336e+00
-2.163927108049392700e-01 4.409685432910919189e-01 -2.016443729400634766e+00
-2.280995994806289673e-01 4.506970047950744629e-01 -2.006703376770019531e+00
-2.360302358865737915e-01 4.600519239902496338e-01 -2.002043485641479492e+00
-2.448620349168777466e-01 4.684361219406127930e-01 -1.996031522750854492e+00
-2.545536458492279053e-01 4.754504263401031494e-01 -1.988879203796386719e+00
-2.655854523181915283e-01 4.787411987781524658e-01 -1.981478333473205566e+00
-2.770880162715911865e-01 4.810489714145660400e-01 -1.972993731498718262e+00
-2.889243066310882568e-01 4.823791682720184326e-01 -1.963535666465759277e+00
-3.009624779224395752e-01 4.827490150928497314e-01 -1.953217983245849609e+00
-3.130782544612884521e-01 4.821880161762237549e-01 -1.942156434059143066e+00
-3.246881067752838135e-01 4.803440570831298828e-01 -1.930542826652526855e+00
-3.283484876155853271e-01 4.711754620075225830e-01 -1.919688940048217773e+00
-3.315336406230926514e-01 4.610149860382080078e-01 -1.908469915390014648e+00
-3.342567384243011475e-01 4.499975144863128662e-01 -1.896976113319396973e+00
-3.365461528301239014e-01 4.382671415805816650e-01 -1.885290741920471191e+00
-3.384484946727752686e-01 4.259739220142364502e-01 -1.873491406440734863e+00
-3.400238454341888428e-01 4.132699072360992432e-01 -1.861648321151733398e+00
-3.413445055484771729e-01 4.003086388111114502e-01 -1.849821209907531738e+00
-3.424969613552093506e-01 3.872406184673309326e-01 -1.838063359260559082e+00
-3.435694277286529541e-01 3.742130100727081299e-01 -1.826417446136474609e+00
-3.446583449840545654e-01 3.613653481006622314e-01 -1.814923048019409180e+00
-3.458617031574249268e-01 3.488279581069946289e-01 -1.803605437278747559e+00
-3.472733795642852783e-01 3.367201983928680420e-01 -1.792487978935241699e+00
-3.489833772182464600e-01 3.251481950283050537e-01 -1.781584978103637695e+00
-3.510726392269134521e-01 3.142040073871612549e-01 -1.770907282829284668e+00
-3.536103069782257080e-01 3.039643466472625732e-01 -1.760462284088134766e+00
-3.566501438617706299e-01 2.944891750812530518e-01 -1.750254750251770020e+00
-3.602308332920074463e-01 2.858231365680694580e-01 -1.740287542343139648e+00
-3.643709719181060791e-01 2.779942154884338379e-01 -1.730566263198852539e+00
-3.678855001926422119e-01 2.713804841041564941e-01 -1.723113775253295898e+00
-3.690192997455596924e-01 2.665129899978637695e-01 -1.720884680747985840e+00
-3.707232773303985596e-01 2.624513208866119385e-01 -1.718805074691772461e+00
-3.729665577411651611e-01 2.591569721698760986e-01 -1.716838002204895020e+00
-3.756987154483795166e-01 2.565803229808807373e-01 -1.714957952499389648e+00
-3.788519799709320068e-01 2.546625435352325439e-01 -1.713149070739746094e+00
-3.823353350162506104e-01 2.533402740955352783e-01 -1.711408853530883789e+00
-3.860481679439544678e-01 2.525460720062255859e-01 -1.709745168685913086e+00
-3.898728191852569580e-01 2.522104084491729736e-01 -1.708183646202087402e+00
-3.939038217067718506e-01 2.514388263225555420e-01 -1.707040548324584961e+00
-3.981015980243682861e-01 2.498370558023452759e-01 -1.706472754478454590e+00
-4.020120799541473389e-01 2.485478967428207397e-01 -1.706127047538757324e+00
-4.055053889751434326e-01 2.475304454565048218e-01 -1.706065297126770020e+00
-4.084537327289581299e-01 2.467490583658218384e-01 -1.706355452537536621e+00
-4.107499420642852783e-01 2.461769133806228638e-01 -1.707064151763916016e+00
-4.122950136661529541e-01 2.457974404096603394e-01 -1.708260774612426758e+00
-4.130156934261322021e-01 2.456030994653701782e-01 -1.710009574890136719e+00
-4.128660857677459717e-01 2.455974370241165161e-01 -1.712359666824340820e+00
-4.118326604366302490e-01 2.457937151193618774e-01 -1.715346813201904297e+00
-4.099359810352325439e-01 2.462172061204910278e-01 -1.718984603881835938e+00
-4.072374999523162842e-01 2.469001263380050659e-01 -1.723262429237365723e+00
-4.038430750370025635e-01 2.478853613138198853e-01 -1.728133440017700195e+00
-3.999039232730865479e-01 2.492227703332901001e-01 -1.733522057533264160e+00
-3.956198394298553467e-01 2.509678304195404053e-01 -1.739310741424560547e+00
-3.912395536899566650e-01 2.531811892986297607e-01 -1.745343208312988281e+00
-3.870532810688018799e-01 2.559262812137603760e-01 -1.751424193382263184e+00
-3.834033310413360596e-01 2.592669427394866943e-01 -1.757314920425415039e+00
-3.806701600551605225e-01 2.632668018341064453e-01 -1.762738823890686035e+00
-3.792717158794403076e-01 2.679864764213562012e-01 -1.767382860183715820e+00
-3.796573579311370850e-01 2.734827101230621338e-01 -1.770902395248413086e+00
-3.823029100894927979e-01 2.798065543174743652e-01 -1.772924542427062988e+00
-3.876976668834686279e-01 2.870008945465087891e-01 -1.773057222366333008e+00
-3.929893672466278076e-01 2.923192977905273438e-01 -1.771439552307128906e+00
-3.984346687793731689e-01 2.955868840217590332e-01 -1.767699956893920898e+00
-4.076468646526336670e-01 2.994116246700286865e-01 -1.760916233062744141e+00
-4.211135804653167725e-01 3.038137853145599365e-01 -1.750689506530761719e+00
-4.393095076084136963e-01 3.088147640228271484e-01 -1.736636042594909668e+00
-4.626798331737518311e-01 3.144346773624420166e-01 -1.718402743339538574e+00
-4.916372597217559814e-01 3.206924498081207275e-01 -1.695672512054443359e+00
-5.265482664108276367e-01 3.276047110557556152e-01 -1.668174147605895996e+00
-5.677253007888793945e-01 3.351864516735076904e-01 -1.635687947273254395e+00
-6.123505830764770508e-01 3.437871038913726807e-01 -1.602219700813293457e+00
-6.613768339157104492e-01 3.533298075199127197e-01 -1.566630244255065918e+00
-7.169004678726196289e-01 3.636027276515960693e-01 -1.526196956634521484e+00
-7.854053974151611328e-01 3.828508257865905762e-01 -1.481359839439392090e+00
-8.670213222503662109e-01 4.113456308841705322e-01 -1.432284474372863770e+00
-9.559324979782104492e-01 4.419017732143402100e-01 -1.378879189491271973e+00
-1.051850557327270508e+00 4.744773805141448975e-01 -1.321444153785705566e+00
-1.148064494132995605e+00 4.947239458560943604e-01 -1.267489790916442871e+00
-1.248794794082641602e+00 5.131812691688537598e-01 -1.212120532989501953e+00
-1.357758045196533203e+00 5.259847640991210938e-01 -1.171404123306274414e+00
-1.468846917152404785e+00 5.314327478408813477e-01 -1.126030206680297852e+00
-1.584101676940917969e+00 5.381617546081542969e-01 -1.079067468643188477e+00
-1.702795982360839844e+00 5.462732315063476562e-01 -1.030921459197998047e+00
-1.824154376983642578e+00 5.558499097824096680e-01 -9.820080399513244629e-01
-1.947362661361694336e+00 5.669569373130798340e-01 -9.327482581138610840e-01
-2.071576356887817383e+00 5.796383619308471680e-01 -8.835653066635131836e-01
-2.195939302444458008e+00 5.939159393310546875e-01 -8.348715305328369141e-01
-2.319592475891113281e+00 6.097884178161621094e-01 -7.870696783065795898e-01
-2.441689252853393555e+00 6.272302269935607910e-01 -7.405425310134887695e-01
-2.569578409194946289e+00 6.464707851409912109e-01 -6.938108801841735840e-01
-2.717958688735961914e+00 6.660914421081542969e-01 -6.496652364730834961e-01
-2.862786531448364258e+00 6.851743459701538086e-01 -6.161051392555236816e-01
-3.000918865203857422e+00 7.056194543838500977e-01 -5.847728848457336426e-01
-3.131529331207275391e+00 7.273169755935668945e-01 -5.559009909629821777e-01
-3.254677534103393555e+00 7.487648725509643555e-01 -5.317486524581909180e-01
-3.370880365371704102e+00 7.687845826148986816e-01 -5.171824693679809570e-01
-3.477581262588500977e+00 7.896412014961242676e-01 -5.052080154418945312e-01
-3.574233293533325195e+00 8.104131221771240234e-01 -4.960705637931823730e-01
-3.660318136215209961e+00 8.295683860778808594e-01 -4.900941848754882812e-01
-3.735910654067993164e+00 8.496509790420532227e-01 -4.870766401290893555e-01
-3.800853967666625977e+00 8.705562353134155273e-01 -4.871667027473449707e-01
-3.855077505111694336e+00 8.921735286712646484e-01 -4.905186295509338379e-01
-3.898583412170410156e+00 9.143851399421691895e-01 -4.972973465919494629e-01
-3.931442022323608398e+00 9.370715618133544922e-01 -5.076734423637390137e-01
-3.953771114349365234e+00 9.601109623908996582e-01 -5.218285918235778809e-01
-3.965735435485839844e+00 9.833768010139465332e-01 -5.399481654167175293e-01
-3.963279962539672852e+00 1.009007215499877930e+00 -5.837630629539489746e-01
-3.949609756469726562e+00 1.033261418342590332e+00 -6.353352665901184082e-01
-3.926121234893798828e+00 1.057229399681091309e+00 -6.911883354187011719e-01
-3.893967151641845703e+00 1.081818938255310059e+00 -7.492770552635192871e-01
-3.853424787521362305e+00 1.106938719749450684e+00 -8.096325993537902832e-01
-3.804761171340942383e+00 1.132490158081054688e+00 -8.722634911537170410e-01
-3.749518156051635742e+00 1.157832980155944824e+00 -9.362633824348449707e-01
-3.686016321182250977e+00 1.182218909263610840e+00 -1.004081487655639648e+00
-3.612823486328125000e+00 1.202580213546752930e+00 -1.078727245330810547e+00
-3.532051086425781250e+00 1.221912980079650879e+00 -1.156778097152709961e+00
-3.445719957351684570e+00 1.236683845520019531e+00 -1.247171163558959961e+00
-3.352953195571899414e+00 1.248421430587768555e+00 -1.344225764274597168e+00
-3.253755569458007812e+00 1.258208513259887695e+00 -1.444736123085021973e+00
-3.148528337478637695e+00 1.265948653221130371e+00 -1.548137545585632324e+00
-3.061593294143676758e+00 1.274985432624816895e+00 -1.648713350296020508e+00
-2.976694107055664062e+00 1.281421780586242676e+00 -1.754022359848022461e+00
-2.887324810028076172e+00 1.283654570579528809e+00 -1.866531610488891602e+00
-2.794639587402343750e+00 1.283614873886108398e+00 -1.978911519050598145e+00
-2.699163913726806641e+00 1.281282424926757812e+00 -2.090179920196533203e+00
-2.601484060287475586e+00 1.276662230491638184e+00 -2.199311971664428711e+00
-2.502254962921142578e+00 1.269778370857238770e+00 -2.305255651473999023e+00
-2.402193069458007812e+00 1.260684370994567871e+00 -2.406951665878295898e+00
-2.302075862884521484e+00 1.249458074569702148e+00 -2.503352642059326172e+00
-2.202738523483276367e+00 1.236201882362365723e+00 -2.593442916870117188e+00
-2.105057954788208008e+00 1.221049070358276367e+00 -2.676260232925415039e+00
-2.009945869445800781e+00 1.204155325889587402e+00 -2.750918626785278320e+00
-1.918330430984497070e+00 1.185702919960021973e+00 -2.816623687744140625e+00
-1.831143736839294434e+00 1.165895819664001465e+00 -2.872692823410034180e+00
-1.749297976493835449e+00 1.144961833953857422e+00 -2.918575048446655273e+00
-1.673672437667846680e+00 1.123144507408142090e+00 -2.953859090805053711e+00
-1.605087280273437500e+00 1.100704312324523926e+00 -2.978286743164062500e+00
-1.544284105300903320e+00 1.077914714813232422e+00 -2.991765499114990234e+00
-1.491915345191955566e+00 1.055055737495422363e+00 -2.994370460510253906e+00
-1.448515415191650391e+00 1.032413244247436523e+00 -2.986343145370483398e+00
-1.414412379264831543e+00 1.010475039482116699e+00 -2.970515489578247070e+00
-1.389461636543273926e+00 9.905583858489990234e-01 -2.959815740585327148e+00
-1.374328255653381348e+00 9.715541601181030273e-01 -2.938483715057373047e+00
-1.368983507156372070e+00 9.536995887756347656e-01 -2.907113075256347656e+00
-1.373238563537597656e+00 9.372189044952392578e-01 -2.866466999053955078e+00
-1.386749148368835449e+00 9.223172068595886230e-01 -2.817450523376464844e+00
-1.409022450447082520e+00 9.091801643371582031e-01 -2.761102437973022461e+00
-1.439426302909851074e+00 8.979693651199340820e-01 -2.698569536209106445e+00
-1.477204799652099609e+00 8.888194561004638672e-01 -2.631082296371459961e+00
-1.521498084068298340e+00 8.818378448486328125e-01 -2.559931278228759766e+00
-1.571360468864440918e+00 8.771007657051086426e-01 -2.486443519592285156e+00
-1.625785350799560547e+00 8.746551275253295898e-01 -2.411947011947631836e+00
-1.683726191520690918e+00 8.745151162147521973e-01 -2.337751150131225586e+00
-1.744124889373779297e+00 8.766663670539855957e-01 -2.265124797821044922e+00
-1.805931329727172852e+00 8.810639977455139160e-01 -2.195264577865600586e+00
-1.868127584457397461e+00 8.876361846923828125e-01 -2.129280090332031250e+00
-1.929703474044799805e+00 8.964022397994995117e-01 -2.069579601287841797e+00
-1.989243507385253906e+00 9.085546731948852539e-01 -2.032724618911743164e+00
-2.046476602554321289e+00 9.226075410842895508e-01 -2.003407239913940430e+00
-2.100710630416870117e+00 9.383766055107116699e-01 -1.981944561004638672e+00
-2.151355743408203125e+00 9.556643366813659668e-01 -1.968511343002319336e+00
-2.197940349578857422e+00 9.742638468742370605e-01 -1.963130593299865723e+00
-2.240106821060180664e+00 9.939591288566589355e-01 -1.965683937072753906e+00
-2.277613878250122070e+00 1.014531373977661133e+00 -1.975922822952270508e+00
-2.310330629348754883e+00 1.035759091377258301e+00 -1.993464946746826172e+00
-2.338230848312377930e+00 1.057426095008850098e+00 -2.017820119857788086e+00
-2.361379384994506836e+00 1.079319715499877930e+00 -2.048392772674560547e+00
-2.379930257797241211e+00 1.101234674453735352e+00 -2.084501743316650391e+00
-2.394105195999145508e+00 1.122975826263427734e+00 -2.125389814376831055e+00
-2.404184341430664062e+00 1.144358754158020020e+00 -2.170248985290527344e+00
-2.410494565963745117e+00 1.165212273597717285e+00 -2.218223571777343750e+00
-2.413391113281250000e+00 1.185378074645996094e+00 -2.268439531326293945e+00
-2.413246870040893555e+00 1.204712510108947754e+00 -2.320009469985961914e+00
-2.410436630249023438e+00 1.223085522651672363e+00 -2.372053861618041992e+00
-2.405328989028930664e+00 1.240381240844726562e+00 -2.423707008361816406e+00
-2.398268222808837891e+00 1.256495952606201172e+00 -2.474141359329223633e+00
-2.389573812484741211e+00 1.271340131759643555e+00 -2.522562742233276367e+00
-2.379523515701293945e+00 1.284832715988159180e+00 -2.568228721618652344e+00
-2.368628263473510742e+00 1.296658277511596680e+00 -2.610127925872802734e+00
-2.357533693313598633e+00 1.306347250938415527e+00 -2.647092819213867188e+00
-2.345230579376220703e+00 1.314859151840209961e+00 -2.679912328720092773e+00
-2.331788301467895508e+00 1.322150588035583496e+00 -2.708099842071533203e+00
-2.317228078842163086e+00 1.328184247016906738e+00 -2.731238365173339844e+00
-2.301515340805053711e+00 1.332925200462341309e+00 -2.748975276947021484e+00
-2.284573793411254883e+00 1.336343050003051758e+00 -2.761025905609130859e+00
-2.267719984054565430e+00 1.337133526802062988e+00 -2.765469789505004883e+00
-2.249936103820800781e+00 1.336036086082458496e+00 -2.763163566589355469e+00
-2.230943918228149414e+00 1.333115935325622559e+00 -2.754118680953979492e+00
