-2.500136613845825195e+00 -3.906825304031372070e+00 -6.025443077087402344e+00
-2.464713335037231445e+00 -3.910832643508911133e+00 -5.965766906738281250e+00
-2.433700084686279297e+00 -3.915921449661254883e+00 -5.914374828338623047e+00
-2.410569906234741211e+00 -3.919747352600097656e+00 -5.875732898712158203e+00
-2.389357805252075195e+00 -3.921962022781372070e+00 -5.839844226837158203e+00
-2.369721889495849609e+00 -3.922319650650024414e+00 -5.805997848510742188e+00
-2.351351022720336914e+00 -3.920622825622558594e+00 -5.773556232452392578e+00
-2.333944559097290039e+00 -3.916727781295776367e+00 -5.741923809051513672e+00
-2.317728042602539062e+00 -3.910112619400024414e+00 -5.711265087127685547e+00
-2.301995038986206055e+00 -3.901093006134033203e+00 -5.680474758148193359e+00
-2.286206722259521484e+00 -3.889907121658325195e+00 -5.648705959320068359e+00
-2.270146131515502930e+00 -3.876584529876708984e+00 -5.615588665008544922e+00
-2.253624677658081055e+00 -3.861181974411010742e+00 -5.580811977386474609e+00
-2.236483573913574219e+00 -3.843779087066650391e+00 -5.544128894805908203e+00
-2.218593358993530273e+00 -3.824466705322265625e+00 -5.505344867706298828e+00
-2.199851989746093750e+00 -3.803341865539550781e+00 -5.464316844940185547e+00
-2.180726766586303711e+00 -3.780053615570068359e+00 -5.421701908111572266e+00
-2.161075115203857422e+00 -3.754763364791870117e+00 -5.377310752868652344e+00
-2.140588760375976562e+00 -3.727779150009155273e+00 -5.330721855163574219e+00
-2.121353864669799805e+00 -3.699582815170288086e+00 -5.284468173980712891e+00
-2.103053808212280273e+00 -3.670147180557250977e+00 -5.238162994384765625e+00
-2.083875417709350586e+00 -3.639115571975708008e+00 -5.189600467681884766e+00
-2.063806295394897461e+00 -3.606465101242065430e+00 -5.138748168945312500e+00
-2.042839765548706055e+00 -3.572144269943237305e+00 -5.085575580596923828e+00
-2.020971536636352539e+00 -3.536079645156860352e+00 -5.030044078826904297e+00
-1.999530315399169922e+00 -3.498185873031616211e+00 -4.974302768707275391e+00
-1.977793931961059570e+00 -3.458342552185058594e+00 -4.917114734649658203e+00
-1.956388831138610840e+00 -3.417494058609008789e+00 -4.859918117523193359e+00
-1.935937166213989258e+00 -3.376098394393920898e+00 -4.803935527801513672e+00
-1.914826035499572754e+00 -3.333990573883056641e+00 -4.746709346771240234e+00
-1.893224477767944336e+00 -3.294620037078857422e+00 -4.690559864044189453e+00
-1.870974063873291016e+00 -3.253275394439697266e+00 -4.632483959197998047e+00
-1.848107218742370605e+00 -3.209933280944824219e+00 -4.572536945343017578e+00
-1.824661731719970703e+00 -3.164596557617187500e+00 -4.510791301727294922e+00
-1.800681829452514648e+00 -3.117293834686279297e+00 -4.447339534759521484e+00
-1.779689311981201172e+00 -3.061070919036865234e+00 -4.382378101348876953e+00
-1.758615255355834961e+00 -3.002354860305786133e+00 -4.315985202789306641e+00
-1.737381696701049805e+00 -2.941583156585693359e+00 -4.248337268829345703e+00
-1.716062664985656738e+00 -2.878946065902709961e+00 -4.179647922515869141e+00
-1.694739103317260742e+00 -2.814678192138671875e+00 -4.110164165496826172e+00
-1.673500299453735352e+00 -2.749054908752441406e+00 -4.040164470672607422e+00
-1.652284860610961914e+00 -2.683961391448974609e+00 -3.969114542007446289e+00
-1.645323514938354492e+00 -2.608666181564331055e+00 -3.909312009811401367e+00
-1.639837026596069336e+00 -2.532384395599365234e+00 -3.850965261459350586e+00
-1.635846614837646484e+00 -2.455534458160400391e+00 -3.794369459152221680e+00
-1.633360624313354492e+00 -2.378551959991455078e+00 -3.739814519882202148e+00
-1.632376432418823242e+00 -2.301882982254028320e+00 -3.687581777572631836e+00
-1.634322404861450195e+00 -2.231704235076904297e+00 -3.643122911453247070e+00
-1.639925479888916016e+00 -2.171451330184936523e+00 -3.609393358230590820e+00
-1.647392392158508301e+00 -2.113561868667602539e+00 -3.579784870147705078e+00
-1.654799461364746094e+00 -2.044770717620849609e+00 -3.555314779281616211e+00
-1.671168565750122070e+00 -2.006561040878295898e+00 -3.563509702682495117e+00
-1.706910610198974609e+00 -1.973351240158081055e+00 -3.611355543136596680e+00
-1.743644714355468750e+00 -1.943366646766662598e+00 -3.662237405776977539e+00
-1.781128883361816406e+00 -1.916660308837890625e+00 -3.715753555297851562e+00
-1.814309716224670410e+00 -1.889923691749572754e+00 -3.758584737777709961e+00
-1.843036651611328125e+00 -1.860396265983581543e+00 -3.789936304092407227e+00
-1.874684333801269531e+00 -1.833230257034301758e+00 -3.826754808425903320e+00
-1.906880021095275879e+00 -1.809663772583007812e+00 -3.866255998611450195e+00
-1.939209222793579102e+00 -1.789737343788146973e+00 -3.907843828201293945e+00
-1.971519231796264648e+00 -1.773303389549255371e+00 -3.951199293136596680e+00
-2.003668069839477539e+00 -1.760181069374084473e+00 -3.996005296707153320e+00
-2.035529136657714844e+00 -1.750162482261657715e+00 -4.041953563690185547e+00
-2.066988229751586914e+00 -1.743016839027404785e+00 -4.088742733001708984e+00
-2.100041151046752930e+00 -1.737495303153991699e+00 -4.138587474822998047e+00
-2.137465953826904297e+00 -1.731971263885498047e+00 -4.194634914398193359e+00
-2.173993349075317383e+00 -1.728651881217956543e+00 -4.250420093536376953e+00
-2.215680837631225586e+00 -1.721220374107360840e+00 -4.313306331634521484e+00
-2.257657289505004883e+00 -1.714074492454528809e+00 -4.377013683319091797e+00
-2.298238039016723633e+00 -1.707851052284240723e+00 -4.438800334930419922e+00
-2.337472677230834961e+00 -1.702361106872558594e+00 -4.498684883117675781e+00
-2.375408887863159180e+00 -1.697424411773681641e+00 -4.556684017181396484e+00
-2.414295196533203125e+00 -1.693035364151000977e+00 -4.616757869720458984e+00
-2.456820726394653320e+00 -1.689234018325805664e+00 -4.683660984039306641e+00
-2.498380422592163086e+00 -1.685547232627868652e+00 -4.749116420745849609e+00
-2.539007902145385742e+00 -1.681857585906982422e+00 -4.813151359558105469e+00
-2.578705549240112305e+00 -1.678059935569763184e+00 -4.875742435455322266e+00
-2.617447376251220703e+00 -1.674068212509155273e+00 -4.936826229095458984e+00
-2.655171871185302734e+00 -1.669813752174377441e+00 -4.996286869049072266e+00
-2.691784381866455078e+00 -1.665244579315185547e+00 -5.053956985473632812e+00
-2.727158546447753906e+00 -1.660327553749084473e+00 -5.109622478485107422e+00
-2.761137247085571289e+00 -1.655048727989196777e+00 -5.163025379180908203e+00
-2.793531179428100586e+00 -1.649411439895629883e+00 -5.213855743408203125e+00
-2.824128866195678711e+00 -1.643437981605529785e+00 -5.261774539947509766e+00
-2.852691888809204102e+00 -1.637171626091003418e+00 -5.306401729583740234e+00
-2.878919363021850586e+00 -1.630844950675964355e+00 -5.347322940826416016e+00
-2.902249574661254883e+00 -1.625656008720397949e+00 -5.384035587310791016e+00
-2.922724246978759766e+00 -1.620438933372497559e+00 -5.416183948516845703e+00
-2.940056562423706055e+00 -1.615293025970458984e+00 -5.443322658538818359e+00
-2.953958272933959961e+00 -1.610328435897827148e+00 -5.465006351470947266e+00
-2.964148759841918945e+00 -1.605661392211914062e+00 -5.480801105499267578e+00
-2.970355749130249023e+00 -1.601412773132324219e+00 -5.490290164947509766e+00
-2.972325563430786133e+00 -1.597707629203796387e+00 -5.493084430694580078e+00
-2.969825506210327148e+00 -1.594670057296752930e+00 -5.488831043243408203e+00
-2.962648868560791016e+00 -1.592420458793640137e+00 -5.477214336395263672e+00
-2.950621128082275391e+00 -1.591076493263244629e+00 -5.457971096038818359e+00
-2.933601617813110352e+00 -1.590743184089660645e+00 -5.430889606475830078e+00
-2.911491155624389648e+00 -1.591517567634582520e+00 -5.395821094512939453e+00
-2.884231567382812500e+00 -1.593482613563537598e+00 -5.352678775787353516e+00
-2.851809740066528320e+00 -1.596707224845886230e+00 -5.301444530487060547e+00
-2.814257860183715820e+00 -1.601242780685424805e+00 -5.242168903350830078e+00
-2.771656274795532227e+00 -1.607123494148254395e+00 -5.174975872039794922e+00
-2.724132061004638672e+00 -1.614364624023437500e+00 -5.100057601928710938e+00
-2.671856164932250977e+00 -1.622964978218078613e+00 -5.017675399780273438e+00
-2.615047216415405273e+00 -1.632905125617980957e+00 -4.928160190582275391e+00
-2.553959608078002930e+00 -1.644147992134094238e+00 -4.831901550292968750e+00
-2.488369226455688477e+00 -1.658669829368591309e+00 -4.729215621948242188e+00
-2.418400049209594727e+00 -1.677188754081726074e+00 -4.620550632476806641e+00
-2.344965219497680664e+00 -1.697474598884582520e+00 -4.506597042083740234e+00
-2.268446922302246094e+00 -1.719432353973388672e+00 -4.387937545776367188e+00
-2.194015264511108398e+00 -1.743296742439270020e+00 -4.273709297180175781e+00
-2.133652925491333008e+00 -1.769782185554504395e+00 -4.185222148895263672e+00
-2.071954965591430664e+00 -1.797600865364074707e+00 -4.094828128814697266e+00
-2.009185552597045898e+00 -1.826594233512878418e+00 -4.002889156341552734e+00
-1.945605278015136719e+00 -1.856596350669860840e+00 -3.909759759902954102e+00
-1.882448554039001465e+00 -1.889866709709167480e+00 -3.819328069686889648e+00
-1.827015399932861328e+00 -1.943348765373229980e+00 -3.756267309188842773e+00
-1.777394056320190430e+00 -2.004000186920166016e+00 -3.706422090530395508e+00
-1.713492393493652344e+00 -2.070501327514648438e+00 -3.631574153900146484e+00
-1.584300875663757324e+00 -2.167794227600097656e+00 -3.459813356399536133e+00
-1.457312345504760742e+00 -2.263973474502563477e+00 -3.290989875793457031e+00
-1.226015448570251465e+00 -2.496297359466552734e+00 -2.980494022369384766e+00
-1.056551933288574219e+00 -2.647473096847534180e+00 -2.705344676971435547e+00
-9.826092123985290527e-01 -2.672604560852050781e+00 -2.604233026504516602e+00
-9.351602792739868164e-01 -2.705532550811767578e+00 -2.576461791992187500e+00
-9.105638265609741211e-01 -2.705301284790039062e+00 -2.547698020935058594e+00
-9.200066924095153809e-01 -2.739287853240966797e+00 -2.577352285385131836e+00
-9.297127723693847656e-01 -2.772927522659301758e+00 -2.607509374618530273e+00
-9.399186968803405762e-01 -2.805841922760009766e+00 -2.638142585754394531e+00
-9.521555900573730469e-01 -2.839061498641967773e+00 -2.673257827758789062e+00
-9.871394038200378418e-01 -2.901332139968872070e+00 -2.763614892959594727e+00
-1.022031307220458984e+00 -2.962041139602661133e+00 -2.853276968002319336e+00
-1.054878473281860352e+00 -3.020177602767944336e+00 -2.941047906875610352e+00
-1.094782710075378418e+00 -3.076843738555908203e+00 -3.033957481384277344e+00
-1.145166993141174316e+00 -3.133283376693725586e+00 -3.136066913604736328e+00
-1.194392085075378418e+00 -3.185444355010986328e+00 -3.234134197235107422e+00
-1.242189645767211914e+00 -3.233229875564575195e+00 -3.327816009521484375e+00
-1.280536651611328125e+00 -3.272133827209472656e+00 -3.404631614685058594e+00
-1.313964366912841797e+00 -3.309115171432495117e+00 -3.472630500793457031e+00
-1.334283947944641113e+00 -3.350001096725463867e+00 -3.520641326904296875e+00
-1.351935744285583496e+00 -3.381690740585327148e+00 -3.561416625976562500e+00
-1.369049429893493652e+00 -3.407419204711914062e+00 -3.601856231689453125e+00
-1.385849475860595703e+00 -3.425957918167114258e+00 -3.643607378005981445e+00
-1.402802348136901855e+00 -3.440081119537353516e+00 -3.684755325317382812e+00
-1.421093463897705078e+00 -3.451738357543945312e+00 -3.727903842926025391e+00
-1.444932460784912109e+00 -3.460788726806640625e+00 -3.784937620162963867e+00
-1.473214387893676758e+00 -3.466778039932250977e+00 -3.853115320205688477e+00
-1.503003120422363281e+00 -3.470539808273315430e+00 -3.924816846847534180e+00
-1.534296870231628418e+00 -3.472279787063598633e+00 -4.000062465667724609e+00
-1.567039847373962402e+00 -3.472166299819946289e+00 -4.078734397888183594e+00
-1.601119041442871094e+00 -3.470331430435180664e+00 -4.160573005676269531e+00
-1.668721437454223633e+00 -3.490883827209472656e+00 -4.328193664550781250e+00
-1.769369006156921387e+00 -3.512318372726440430e+00 -4.545095920562744141e+00
-1.876730203628540039e+00 -3.526633501052856445e+00 -4.755378246307373047e+00
-1.945284366607666016e+00 -3.545114517211914062e+00 -4.888706684112548828e+00
-2.019950389862060547e+00 -3.562078475952148438e+00 -5.031061649322509766e+00
-2.096230506896972656e+00 -3.578061103820800781e+00 -5.175639629364013672e+00
-2.186434030532836914e+00 -3.592874288558959961e+00 -5.342441558837890625e+00
-2.286040544509887695e+00 -3.614900827407836914e+00 -5.527306079864501953e+00
-2.394407033920288086e+00 -3.652175426483154297e+00 -5.732496738433837891e+00
-2.498322963714599609e+00 -3.700434207916259766e+00 -5.937769889831542969e+00
-2.599126100540161133e+00 -3.745111465454101562e+00 -6.135450839996337891e+00
-2.695579767227172852e+00 -3.785519361495971680e+00 -6.323048114776611328e+00
-2.786493539810180664e+00 -3.821038246154785156e+00 -6.498191356658935547e+00
-2.864921331405639648e+00 -3.853326559066772461e+00 -6.646745204925537109e+00
-2.928623437881469727e+00 -3.877409219741821289e+00 -6.764197826385498047e+00
-2.985063314437866211e+00 -3.895739793777465820e+00 -6.866054058074951172e+00
-3.033594369888305664e+00 -3.908096313476562500e+00 -6.951168537139892578e+00
-3.073709726333618164e+00 -3.914379835128784180e+00 -7.018697261810302734e+00
-3.105042219161987305e+00 -3.914608716964721680e+00 -7.068103790283203125e+00
-3.129687547683715820e+00 -3.909530401229858398e+00 -7.103786468505859375e+00
-3.156062602996826172e+00 -3.901623487472534180e+00 -7.142779827117919922e+00
-3.172409296035766602e+00 -3.888132095336914062e+00 -7.161839962005615234e+00
-3.178815841674804688e+00 -3.869467973709106445e+00 -7.161377429962158203e+00
-3.175522565841674805e+00 -3.846127271652221680e+00 -7.142105579376220703e+00
-3.162599802017211914e+00 -3.817629814147949219e+00 -7.104670047760009766e+00
-3.140379667282104492e+00 -3.784001588821411133e+00 -7.050099849700927734e+00
-3.110325098037719727e+00 -3.748726129531860352e+00 -6.980729579925537109e+00
-3.073220968246459961e+00 -3.712284564971923828e+00 -6.898180484771728516e+00
-3.031677961349487305e+00 -3.670439958572387695e+00 -6.805239200592041016e+00
-2.984291553497314453e+00 -3.629737615585327148e+00 -6.702311038970947266e+00
-2.931882858276367188e+00 -3.590796709060668945e+00 -6.591144084930419922e+00
-2.872916221618652344e+00 -3.549942016601562500e+00 -6.469491958618164062e+00
-2.802048921585083008e+00 -3.503783464431762695e+00 -6.325991630554199219e+00
-2.728086233139038086e+00 -3.459544897079467773e+00 -6.178452968597412109e+00
-2.651934385299682617e+00 -3.417668342590332031e+00 -6.028623104095458984e+00
-2.574436426162719727e+00 -3.378498077392578125e+00 -5.878088951110839844e+00
-2.496361970901489258e+00 -3.342273473739624023e+00 -5.728254795074462891e+00
-2.418392896652221680e+00 -3.309128284454345703e+00 -5.580321311950683594e+00
-2.339144468307495117e+00 -3.285828113555908203e+00 -5.431288719177246094e+00
-2.256776571273803711e+00 -3.287168264389038086e+00 -5.291565895080566406e+00
-2.186911582946777344e+00 -3.307670354843139648e+00 -5.189347743988037109e+00
-2.122876405715942383e+00 -3.322828531265258789e+00 -5.093745708465576172e+00
-2.071702003479003906e+00 -3.318079948425292969e+00 -5.003458023071289062e+00
-2.026079416275024414e+00 -3.313919305801391602e+00 -4.922923088073730469e+00
-1.994407653808593750e+00 -3.320188283920288086e+00 -4.871079921722412109e+00
-1.964134931564331055e+00 -3.325204372406005859e+00 -4.821193218231201172e+00
-1.935012459754943848e+00 -3.328488349914550781e+00 -4.772591590881347656e+00
-1.906772732734680176e+00 -3.329578161239624023e+00 -4.724578857421875000e+00
-1.879142165184020996e+00 -3.328039407730102539e+00 -4.676462173461914062e+00
-1.851848602294921875e+00 -3.323471069335937500e+00 -4.627567291259765625e+00
-1.824630975723266602e+00 -3.315510511398315430e+00 -4.577255249023437500e+00
-1.797248005867004395e+00 -3.303841352462768555e+00 -4.524944782257080078e+00
-1.769485831260681152e+00 -3.288196802139282227e+00 -4.470124721527099609e+00
-1.741161823272705078e+00 -3.268361330032348633e+00 -4.412359714508056641e+00
-1.712131977081298828e+00 -3.244174957275390625e+00 -4.351309299468994141e+00
-1.682292819023132324e+00 -3.215536594390869141e+00 -4.286727428436279297e+00
-1.651583433151245117e+00 -3.182399749755859375e+00 -4.218467235565185547e+00
-1.620169162750244141e+00 -3.144814729690551758e+00 -4.146707534790039062e+00
-1.590141296386718750e+00 -3.103268861770629883e+00 -4.074012756347656250e+00
-1.558873176574707031e+00 -3.057343721389770508e+00 -3.997265100479125977e+00
-1.526447653770446777e+00 -3.007217407226562500e+00 -3.916685819625854492e+00
-1.493414044380187988e+00 -2.953683614730834961e+00 -3.833595991134643555e+00
-1.465335130691528320e+00 -2.903188228607177734e+00 -3.760274171829223633e+00
-1.436419010162353516e+00 -2.849113464355468750e+00 -3.683929920196533203e+00
-1.406619310379028320e+00 -2.791546344757080078e+00 -3.604539155960083008e+00
-1.376082420349121094e+00 -2.730787038803100586e+00 -3.522491216659545898e+00
-1.344969034194946289e+00 -2.667161226272583008e+00 -3.438210248947143555e+00
-1.313451766967773438e+00 -2.601022720336914062e+00 -3.352153778076171875e+00
-1.285536766052246094e+00 -2.540615797042846680e+00 -3.274176836013793945e+00
-1.269561529159545898e+00 -2.509843826293945312e+00 -3.230894327163696289e+00
-1.260651826858520508e+00 -2.474758625030517578e+00 -3.194276094436645508e+00
-1.253946423530578613e+00 -2.437154531478881836e+00 -3.159155845642089844e+00
-1.250602841377258301e+00 -2.398375511169433594e+00 -3.129703283309936523e+00
-1.247460722923278809e+00 -2.342928886413574219e+00 -3.094139337539672852e+00
-1.248998284339904785e+00 -2.261118650436401367e+00 -3.049856185913085938e+00
-1.252435803413391113e+00 -2.176040887832641602e+00 -3.006611108779907227e+00
-1.256062746047973633e+00 -2.094036817550659180e+00 -2.961240053176879883e+00
-1.261240959167480469e+00 -2.010918378829956055e+00 -2.916811704635620117e+00
-1.267997026443481445e+00 -1.924708366394042969e+00 -2.875571012496948242e+00
-1.276478528976440430e+00 -1.837319254875183105e+00 -2.836457490921020508e+00
-1.289000988006591797e+00 -1.760799407958984375e+00 -2.817318916320800781e+00
-1.306136369705200195e+00 -1.680710196495056152e+00 -2.803733587265014648e+00
-1.327940464019775391e+00 -1.612729907035827637e+00 -2.805425882339477539e+00
-1.359457254409790039e+00 -1.572911620140075684e+00 -2.840194940567016602e+00
-1.414035320281982422e+00 -1.544011235237121582e+00 -2.920752525329589844e+00
-1.462894439697265625e+00 -1.512860417366027832e+00 -2.987684011459350586e+00
-1.509304285049438477e+00 -1.480125904083251953e+00 -3.047978639602661133e+00
-1.556327819824218750e+00 -1.450274586677551270e+00 -3.110694646835327148e+00
-1.603551983833312988e+00 -1.423198819160461426e+00 -3.175097227096557617e+00
-1.651464343070983887e+00 -1.398238420486450195e+00 -3.241458415985107422e+00
-1.699588656425476074e+00 -1.375294327735900879e+00 -3.308964729309082031e+00
-1.749558687210083008e+00 -1.349371910095214844e+00 -3.377841711044311523e+00
-1.802436351776123047e+00 -1.317772507667541504e+00 -3.448398590087890625e+00
-1.853233575820922852e+00 -1.288897156715393066e+00 -3.516910791397094727e+00
-1.901719808578491211e+00 -1.262544989585876465e+00 -3.582892656326293945e+00
-1.949962139129638672e+00 -1.238311648368835449e+00 -3.649404287338256836e+00
-2.006091833114624023e+00 -1.215266823768615723e+00 -3.728871583938598633e+00
-2.058821678161621094e+00 -1.194200515747070312e+00 -3.803758382797241211e+00
-2.108067989349365234e+00 -1.174929380416870117e+00 -3.873827219009399414e+00
-2.153797626495361328e+00 -1.157282948493957520e+00 -3.938929080963134766e+00
-2.197642564773559570e+00 -1.141278624534606934e+00 -4.001976966857910156e+00
-2.244900226593017578e+00 -1.127341032028198242e+00 -4.072492122650146484e+00
-2.290197610855102539e+00 -1.115021228790283203e+00 -4.140721797943115234e+00
-2.332131624221801758e+00 -1.103881239891052246e+00 -4.203983783721923828e+00
-2.370941638946533203e+00 -1.093886613845825195e+00 -4.262661933898925781e+00
-2.406885385513305664e+00 -1.085009932518005371e+00 -4.317174434661865234e+00
-2.440238237380981445e+00 -1.077226638793945312e+00 -4.367966175079345703e+00
-2.471583604812622070e+00 -1.070648908615112305e+00 -4.416102886199951172e+00
-2.502148866653442383e+00 -1.065672278404235840e+00 -4.463943958282470703e+00
-2.530782699584960938e+00 -1.061635851860046387e+00 -4.509050846099853516e+00
-2.557750940322875977e+00 -1.058506727218627930e+00 -4.551844120025634766e+00
-2.583307504653930664e+00 -1.056245207786560059e+00 -4.592717647552490234e+00
-2.606543302536010742e+00 -1.056720256805419922e+00 -4.631118774414062500e+00
-2.627558946609497070e+00 -1.060078978538513184e+00 -4.667284011840820312e+00
-2.647948741912841797e+00 -1.063912034034729004e+00 -4.702623367309570312e+00
-2.667874813079833984e+00 -1.068166136741638184e+00 -4.737376689910888672e+00
-2.687472105026245117e+00 -1.072777152061462402e+00 -4.771733760833740234e+00
-2.706849575042724609e+00 -1.077671527862548828e+00 -4.805838108062744141e+00
-2.726087808609008789e+00 -1.082767009735107422e+00 -4.839783668518066406e+00
-2.745238780975341797e+00 -1.087973833084106445e+00 -4.873612880706787109e+00
-2.764326333999633789e+00 -1.093195319175720215e+00 -4.907320499420166016e+00
-2.783346891403198242e+00 -1.098329663276672363e+00 -4.940851688385009766e+00
-2.802400588989257812e+00 -1.103268027305603027e+00 -4.974314689636230469e+00
-2.826371431350708008e+00 -1.107784152030944824e+00 -5.015335559844970703e+00
-2.849874258041381836e+00 -1.111899971961975098e+00 -5.055389881134033203e+00
-2.872756719589233398e+00 -1.115512013435363770e+00 -5.094180583953857422e+00
-2.895269155502319336e+00 -1.118837237358093262e+00 -5.132366657257080078e+00
-2.916984319686889648e+00 -1.121594548225402832e+00 -5.169028759002685547e+00
-2.937531709671020508e+00 -1.123561501502990723e+00 -5.203387737274169922e+00
-2.956716537475585938e+00 -1.124659657478332520e+00 -5.235081195831298828e+00
-2.974347114562988281e+00 -1.124825596809387207e+00 -5.263760089874267578e+00
-2.990241765975952148e+00 -1.124011754989624023e+00 -5.289098262786865234e+00
-3.004228830337524414e+00 -1.122188925743103027e+00 -5.310794353485107422e+00
-3.016155958175659180e+00 -1.119343519210815430e+00 -5.328586101531982422e+00
-3.025889158248901367e+00 -1.115482807159423828e+00 -5.342254161834716797e+00
-3.033323526382446289e+00 -1.110631942749023438e+00 -5.351628780364990234e+00
-3.038379192352294922e+00 -1.104833245277404785e+00 -5.356598377227783203e+00
-3.041008472442626953e+00 -1.098144650459289551e+00 -5.357108592987060547e+00
-3.041204452514648438e+00 -1.090640306472778320e+00 -5.353179454803466797e+00
-3.038992881774902344e+00 -1.082407236099243164e+00 -5.344892978668212891e+00
-3.034442663192749023e+00 -1.073543787002563477e+00 -5.332409381866455078e+00
-3.027666091918945312e+00 -1.064156174659729004e+00 -5.315960884094238281e+00
-3.018817186355590820e+00 -1.054356336593627930e+00 -5.295855998992919922e+00
-3.008098125457763672e+00 -1.044449090957641602e+00 -5.272527217864990234e+00
-2.995791435241699219e+00 -1.034460306167602539e+00 -5.246493816375732422e+00
-2.982842683792114258e+00 -1.024884939193725586e+00 -5.219798088073730469e+00
-2.968905210494995117e+00 -1.015317440032958984e+00 -5.191449642181396484e+00
-2.954332113265991211e+00 -1.005844473838806152e+00 -5.162067890167236328e+00
-2.939506769180297852e+00 -9.965450763702392578e-01 -5.132316112518310547e+00
-2.924845218658447266e+00 -9.874907732009887695e-01 -5.102907657623291016e+00
-2.910781383514404297e+00 -9.787411689758300781e-01 -5.074579715728759766e+00
-2.897765874862670898e+00 -9.703462123870849609e-01 -5.048091411590576172e+00
-2.886255025863647461e+00 -9.624069929122924805e-01 -5.024219989776611328e+00
-2.876705169677734375e+00 -9.553200006484985352e-01 -5.003810405731201172e+00
-2.869552612304687500e+00 -9.487859010696411133e-01 -4.987505435943603516e+00
-2.865211248397827148e+00 -9.428157806396484375e-01 -4.975981235504150391e+00
-2.864060401916503906e+00 -9.374095201492309570e-01 -4.969855308532714844e+00
-2.866432428359985352e+00 -9.325586557388305664e-01 -4.969661235809326172e+00
-2.872601032257080078e+00 -9.282447099685668945e-01 -4.975836277008056641e+00
-2.882771730422973633e+00 -9.244427680969238281e-01 -4.988702297210693359e+00
-2.897073030471801758e+00 -9.211225509643554688e-01 -5.008454322814941406e+00
-2.915549039840698242e+00 -9.182461500167846680e-01 -5.035149097442626953e+00
-2.938153982162475586e+00 -9.157729148864746094e-01 -5.068695545196533203e+00
-2.964746713638305664e+00 -9.136584997177124023e-01 -5.108847618103027344e+00
-2.995092630386352539e+00 -9.118572473526000977e-01 -5.155209541320800781e+00
-3.028862714767456055e+00 -9.103224277496337891e-01 -5.207232952117919922e+00
-3.065637588500976562e+00 -9.090050458908081055e-01 -5.264223575592041016e+00
-3.104916810989379883e+00 -9.078594446182250977e-01 -5.325358390808105469e+00
-3.146125078201293945e+00 -9.068409204483032227e-01 -5.389696121215820312e+00
-3.188627958297729492e+00 -9.059070348739624023e-01 -5.456199645996093750e+00
-3.232784509658813477e+00 -9.058037996292114258e-01 -5.526204109191894531e+00
-3.277005434036254883e+00 -9.058347940444946289e-01 -5.596494197845458984e+00
-3.320412874221801758e+00 -9.058538675308227539e-01 -5.665541172027587891e+00
-3.362271547317504883e+00 -9.058194160461425781e-01 -5.732142448425292969e+00
-3.401865243911743164e+00 -9.056938886642456055e-01 -5.795129299163818359e+00
-3.438519239425659180e+00 -9.054411649703979492e-01 -5.853399753570556641e+00
-3.471612453460693359e+00 -9.050247669219970703e-01 -5.905939102172851562e+00
-3.500595808029174805e+00 -9.044131040573120117e-01 -5.951848506927490234e+00
-3.524997472763061523e+00 -9.035737514495849609e-01 -5.990352153778076172e+00
-3.544435262680053711e+00 -9.024775028228759766e-01 -6.020820140838623047e+00
-3.558620929718017578e+00 -9.010907411575317383e-01 -6.042772769927978516e+00
-3.567363739013671875e+00 -8.993860483169555664e-01 -6.055884361267089844e+00
-3.570569515228271484e+00 -8.973327875137329102e-01 -6.059986591339111328e+00
-3.568238496780395508e+00 -8.949056863784790039e-01 -6.055060863494873047e+00
-3.560460805892944336e+00 -8.920783996582031250e-01 -6.041235446929931641e+00
-3.547410726547241211e+00 -8.888289928436279297e-01 -6.018773555755615234e+00
-3.529339313507080078e+00 -8.851393461227416992e-01 -5.988061428070068359e+00
-3.506565809249877930e+00 -8.809983730316162109e-01 -5.949600219726562500e+00
-3.479468345642089844e+00 -8.764004707336425781e-01 -5.903985977172851562e+00
-3.448472976684570312e+00 -8.713476657867431641e-01 -5.851895809173583984e+00
-3.414044857025146484e+00 -8.658516407012939453e-01 -5.794075012207031250e+00
-3.376676321029663086e+00 -8.599311113357543945e-01 -5.731313705444335938e+00
-3.336879968643188477e+00 -8.536149263381958008e-01 -5.664443492889404297e+00
-3.295174837112426758e+00 -8.469433784484863281e-01 -5.594309329986572266e+00
-3.252080202102661133e+00 -8.399612903594970703e-01 -5.521761417388916016e+00
-3.208108901977539062e+00 -8.327234983444213867e-01 -5.447644710540771484e+00
-3.163753509521484375e+00 -8.252909183502197266e-01 -5.372774600982666016e+00
-3.119488000869750977e+00 -8.177303075790405273e-01 -5.297942161560058594e+00
-3.075756788253784180e+00 -8.101106882095336914e-01 -5.223891735076904297e+00
-3.032972335815429688e+00 -8.025040626525878906e-01 -5.151322364807128906e+00
-2.998884916305541992e+00 -7.948080301284790039e-01 -5.092473506927490234e+00
-2.980678081512451172e+00 -7.869260311126708984e-01 -5.058692455291748047e+00
-2.963796377182006836e+00 -7.792872190475463867e-01 -5.027127742767333984e+00
-2.948347568511962891e+00 -7.719599008560180664e-01 -4.997992515563964844e+00
-2.934409856796264648e+00 -7.650052309036254883e-01 -4.971446990966796875e+00
-2.922039270401000977e+00 -7.584794759750366211e-01 -4.947616100311279297e+00
-2.911265134811401367e+00 -7.524299621582031250e-01 -4.926576137542724609e+00
-2.902095794677734375e+00 -7.468926906585693359e-01 -4.908365249633789062e+00
-2.894518852233886719e+00 -7.418963909149169922e-01 -4.892982959747314453e+00
-2.888506174087524414e+00 -7.374558448791503906e-01 -4.880397319793701172e+00
-2.884014368057250977e+00 -7.335783243179321289e-01 -4.870545864105224609e+00
-2.880986690521240234e+00 -7.302570343017578125e-01 -4.863340377807617188e+00
-2.879355669021606445e+00 -7.274744510650634766e-01 -4.858665943145751953e+00
-2.879047155380249023e+00 -7.252022027969360352e-01 -4.856393337249755859e+00
-2.879981040954589844e+00 -7.234021425247192383e-01 -4.856376171112060547e+00
-2.882071495056152344e+00 -7.220225334167480469e-01 -4.858453273773193359e+00
-2.885231256484985352e+00 -7.210054397583007812e-01 -4.862455368041992188e+00
-2.889371633529663086e+00 -7.202814817428588867e-01 -4.868207454681396484e+00
-2.894404888153076172e+00 -7.197740077972412109e-01 -4.875527858734130859e+00
-2.900244474411010742e+00 -7.193994522094726562e-01 -4.884235382080078125e+00
-2.906803846359252930e+00 -7.190676927566528320e-01 -4.894145965576171875e+00
-2.914001226425170898e+00 -7.186819314956665039e-01 -4.905077457427978516e+00
-2.921756505966186523e+00 -7.181435823440551758e-01 -4.916850090026855469e+00
-2.929993629455566406e+00 -7.173508405685424805e-01 -4.929289817810058594e+00
-2.938640356063842773e+00 -7.162008285522460938e-01 -4.942227840423583984e+00
-2.947629213333129883e+00 -7.145894765853881836e-01 -4.955501556396484375e+00
-2.956896305084228516e+00 -7.124176025390625000e-01 -4.968958854675292969e+00
-2.965879440307617188e+00 -7.107667922973632812e-01 -4.983613491058349609e+00
-2.974829673767089844e+00 -7.088358402252197266e-01 -4.998638629913330078e+00
-2.984347581863403320e+00 -7.065511941909790039e-01 -5.014581203460693359e+00
-2.994395017623901367e+00 -7.038543224334716797e-01 -5.031363964080810547e+00
-3.004430770874023438e+00 -7.004170417785644531e-01 -5.048024654388427734e+00
-3.014425992965698242e+00 -6.961930990219116211e-01 -5.064504623413085938e+00
-3.024359226226806641e+00 -6.911441087722778320e-01 -5.080758094787597656e+00
-3.034213781356811523e+00 -6.852432489395141602e-01 -5.096750259399414062e+00
-3.043980836868286133e+00 -6.784726381301879883e-01 -5.112460613250732422e+00
-3.053655862808227539e+00 -6.708279848098754883e-01 -5.127878665924072266e+00
-3.063239812850952148e+00 -6.623128652572631836e-01 -5.143004417419433594e+00
-3.072289705276489258e+00 -6.534025669097900391e-01 -5.157054901123046875e+00
-3.081154823303222656e+00 -6.437760591506958008e-01 -5.170653820037841797e+00
-3.089969873428344727e+00 -6.333518028259277344e-01 -5.184045791625976562e+00
-3.098750829696655273e+00 -6.221767663955688477e-01 -5.197269916534423828e+00
-3.107515096664428711e+00 -6.103093624114990234e-01 -5.210368633270263672e+00
-3.116278409957885742e+00 -5.978192090988159180e-01 -5.223383903503417969e+00
-3.124658584594726562e+00 -5.899065732955932617e-01 -5.239938735961914062e+00
-3.132967472076416016e+00 -5.827618837356567383e-01 -5.257342815399169922e+00
-3.142732381820678711e+00 -5.768933296203613281e-01 -5.273851871490478516e+00
-3.153888702392578125e+00 -5.722972154617309570e-01 -5.289515972137451172e+00
-3.165095329284667969e+00 -5.678092241287231445e-01 -5.305364131927490234e+00
-3.176307916641235352e+00 -5.634477138519287109e-01 -5.321360111236572266e+00
-3.186982870101928711e+00 -5.586339235305786133e-01 -5.336710929870605469e+00
-3.197583913803100586e+00 -5.540091991424560547e-01 -5.352136611938476562e+00
-3.208070516586303711e+00 -5.496042966842651367e-01 -5.367593288421630859e+00
-3.218396186828613281e+00 -5.454485416412353516e-01 -5.383021831512451172e+00
-3.228511333465576172e+00 -5.415647029876708984e-01 -5.398355007171630859e+00
-3.238362312316894531e+00 -5.379707813262939453e-01 -5.413512706756591797e+00
-3.246560573577880859e+00 -5.349878072738647461e-01 -5.426884174346923828e+00
-3.254264354705810547e+00 -5.323418378829956055e-01 -5.439758777618408203e+00
-3.261670827865600586e+00 -5.299737453460693359e-01 -5.452323436737060547e+00
-3.268728494644165039e+00 -5.278757810592651367e-01 -5.464475631713867188e+00
-3.275386095046997070e+00 -5.260353088378906250e-01 -5.476108074188232422e+00
-3.281593799591064453e+00 -5.244348049163818359e-01 -5.487113952636718750e+00
-3.287299394607543945e+00 -5.230522155761718750e-01 -5.497377872467041016e+00
-3.292456388473510742e+00 -5.218627452850341797e-01 -5.506794929504394531e+00
-3.297017812728881836e+00 -5.208368301391601562e-01 -5.515253543853759766e+00
-3.300943136215209961e+00 -5.199449062347412109e-01 -5.522653579711914062e+00
-3.304192543029785156e+00 -5.191540718078613281e-01 -5.528897285461425781e+00
-3.306732416152954102e+00 -5.184335708618164062e-01 -5.533896446228027344e+00
-3.308530807495117188e+00 -5.177507400512695312e-01 -5.537565708160400391e+00
-3.309563398361206055e+00 -5.170761346817016602e-01 -5.539836406707763672e+00
-3.309807538986206055e+00 -5.163805484771728516e-01 -5.540642261505126953e+00
-3.309246301651000977e+00 -5.156394243240356445e-01 -5.539934158325195312e+00
-3.307869672775268555e+00 -5.148299932479858398e-01 -5.537673473358154297e+00
-3.305671453475952148e+00 -5.139338970184326172e-01 -5.533835887908935547e+00
-3.302654743194580078e+00 -5.129377841949462891e-01 -5.528414726257324219e+00
-3.298830270767211914e+00 -5.118310451507568359e-01 -5.521421909332275391e+00
-3.294217109680175781e+00 -5.106105804443359375e-01 -5.512889385223388672e+00
-3.288843393325805664e+00 -5.092747211456298828e-01 -5.502867698669433594e+00
-3.282748460769653320e+00 -5.078287124633789062e-01 -5.491431713104248047e+00
-3.275984525680541992e+00 -5.062816143035888672e-01 -5.478682041168212891e+00
-3.268609046936035156e+00 -5.046447515487670898e-01 -5.464733123779296875e+00
-3.260694742202758789e+00 -5.029354095458984375e-01 -5.449728488922119141e+00
-3.252323389053344727e+00 -5.011719465255737305e-01 -5.433830261230468750e+00
-3.242873430252075195e+00 -4.995411634445190430e-01 -5.416405200958251953e+00
-3.232951402664184570e+00 -4.979499578475952148e-01 -5.398229122161865234e+00
-3.222884893417358398e+00 -4.963707923889160156e-01 -5.379764080047607422e+00
-3.212796926498413086e+00 -4.948281049728393555e-01 -5.361243724822998047e+00
-3.202816009521484375e+00 -4.933449029922485352e-01 -5.342907905578613281e+00
-3.193071603775024414e+00 -4.919432401657104492e-01 -5.324998378753662109e+00
-3.183691263198852539e+00 -4.906448125839233398e-01 -5.307753086090087891e+00
-3.174799203872680664e+00 -4.894684553146362305e-01 -5.291402339935302734e+00
-3.166510820388793945e+00 -4.884315729141235352e-01 -5.276156902313232422e+00
-3.158931255340576172e+00 -4.875485897064208984e-01 -5.262210369110107422e+00
-3.152149915695190430e+00 -4.868291616439819336e-01 -5.249726295471191406e+00
-3.146240234375000000e+00 -4.862806797027587891e-01 -5.238839626312255859e+00
-3.141256093978881836e+00 -4.859058856964111328e-01 -5.229648113250732422e+00
-3.137228727340698242e+00 -4.857037067413330078e-01 -5.222209930419921875e+00
