-4.347203373908996582e-01 9.515225142240524292e-02 -8.955245614051818848e-01
-4.665549099445343018e-01 9.887123107910156250e-02 -8.789488077163696289e-01
-4.718931913375854492e-01 1.543978005647659302e-01 -8.680312037467956543e-01
-4.521890282630920410e-01 2.181256860494613647e-01 -8.648388981819152832e-01
-4.204745292663574219e-01 2.794607877731323242e-01 -8.631933927536010742e-01
-3.859983086585998535e-01 3.374888896942138672e-01 -8.585491180419921875e-01
-3.508280515670776367e-01 3.910486102104187012e-01 -8.508822917938232422e-01
-3.163617253303527832e-01 4.395970106124877930e-01 -8.406365513801574707e-01
-2.838039994239807129e-01 4.829198420047760010e-01 -8.283982276916503906e-01
-2.540696561336517334e-01 5.211621522903442383e-01 -8.147629499435424805e-01
-2.277833223342895508e-01 5.547140836715698242e-01 -8.002543449401855469e-01
-2.053125947713851929e-01 5.841069817543029785e-01 -7.852806448936462402e-01
-1.868274211883544922e-01 6.099221706390380859e-01 -7.701236605644226074e-01
-1.723529845476150513e-01 6.327329277992248535e-01 -7.549459338188171387e-01
-1.618232131004333496e-01 6.530621051788330078e-01 -7.398129105567932129e-01
-1.551168262958526611e-01 6.713665127754211426e-01 -7.247108221054077148e-01
-1.520834714174270630e-01 6.880259513854980469e-01 -7.095709443092346191e-01
-1.525609046220779419e-01 7.033430933952331543e-01 -6.942863464355468750e-01
-1.563851684331893921e-01 7.175477743148803711e-01 -6.787260174751281738e-01
-1.633932143449783325e-01 7.307993173599243164e-01 -6.627480387687683105e-01
-1.734241247177124023e-01 7.431954741477966309e-01 -6.462077498435974121e-01
-1.863187849521636963e-01 7.547755241394042969e-01 -6.289668083190917969e-01
-2.019151598215103149e-01 7.655290365219116211e-01 -6.108973622322082520e-01
-2.200480252504348755e-01 7.754001021385192871e-01 -5.918898582458496094e-01
-2.405464053153991699e-01 7.842962145805358887e-01 -5.718538761138916016e-01
-2.632328271865844727e-01 7.920939922332763672e-01 -5.507227182388305664e-01
-2.879250347614288330e-01 7.986467480659484863e-01 -5.284530520439147949e-01
-3.144379854202270508e-01 8.037909865379333496e-01 -5.050235390663146973e-01
-3.425861001014709473e-01 8.073527812957763672e-01 -4.804333746433258057e-01
-3.721875846385955811e-01 8.091518878936767578e-01 -4.546973407268524170e-01
-4.030647277832031250e-01 8.090064525604248047e-01 -4.278403818607330322e-01
-4.350492358207702637e-01 8.067327141761779785e-01 -3.998931348323822021e-01
-4.679769575595855713e-01 8.021486997604370117e-01 -3.708840906620025635e-01
-5.016902089118957520e-01 7.950702905654907227e-01 -3.408373296260833740e-01
-5.360281467437744141e-01 7.853139042854309082e-01 -3.097676336765289307e-01
-5.708221793174743652e-01 7.726925611495971680e-01 -2.776838541030883789e-01
-6.058841347694396973e-01 7.570216655731201172e-01 -2.445864826440811157e-01
-6.409993171691894531e-01 7.381188273429870605e-01 -2.104770392179489136e-01
-6.759128570556640625e-01 7.158135771751403809e-01 -1.753643602132797241e-01
-7.103254795074462891e-01 6.899566650390625000e-01 -1.392749547958374023e-01
-7.438874840736389160e-01 6.604344844818115234e-01 -1.022638678550720215e-01
-7.762002348899841309e-01 6.271860599517822266e-01 -6.442737579345703125e-02
-8.068242669105529785e-01 5.902230143547058105e-01 -2.591156773269176483e-02
-8.352941274642944336e-01 5.496475696563720703e-01 1.308378111571073532e-02
-8.611406087875366211e-01 5.056692957878112793e-01 5.230208113789558411e-02
-8.839214444160461426e-01 4.586091637611389160e-01 9.143596887588500977e-02
-9.032506942749023438e-01 4.089036583900451660e-01 1.301385611295700073e-01
-9.188301563262939453e-01 3.570891916751861572e-01 1.680430471897125244e-01
-9.304739832878112793e-01 3.037790060043334961e-01 2.047840803861618042e-01
-9.381225705146789551e-01 2.496329545974731445e-01 2.400195300579071045e-01
-9.418470263481140137e-01 1.953201889991760254e-01 2.734486758708953857e-01
-9.418390989303588867e-01 1.414833068847656250e-01 3.048304319381713867e-01
-9.383931756019592285e-01 8.870472759008407593e-02 3.339907228946685791e-01
-9.318799376487731934e-01 3.748707100749015808e-02 3.608247339725494385e-01
-9.227191805839538574e-01 -1.176758110523223877e-02 3.852932453155517578e-01
-9.113515019416809082e-01 -5.875496938824653625e-02 4.074142277240753174e-01
-8.982159495353698730e-01 -1.032696068286895752e-01 4.272511005401611328e-01
-8.837301135063171387e-01 -1.451969444751739502e-01 4.449031651020050049e-01
-8.682776689529418945e-01 -1.844981014728546143e-01 4.604936242103576660e-01
-8.521988987922668457e-01 -2.211973369121551514e-01 4.741611778736114502e-01
-8.357875943183898926e-01 -2.553734779357910156e-01 4.860488176345825195e-01
-8.192873597145080566e-01 -2.871422767639160156e-01 4.963038861751556396e-01
-8.028925657272338867e-01 -3.166516721248626709e-01 5.050694942474365234e-01
-7.867531180381774902e-01 -3.440695106983184814e-01 5.124800205230712891e-01
-7.709704041481018066e-01 -3.695807754993438721e-01 5.186662077903747559e-01
-7.556066513061523438e-01 -3.933786153793334961e-01 5.237478613853454590e-01
-7.406850457191467285e-01 -4.156592190265655518e-01 5.278381109237670898e-01
-7.261964082717895508e-01 -4.366194903850555420e-01 5.310388207435607910e-01
-7.120996713638305664e-01 -4.564488530158996582e-01 5.334495306015014648e-01
-6.983320713043212891e-01 -4.753269851207733154e-01 5.351602435111999512e-01
-6.848115324974060059e-01 -4.934198856353759766e-01 5.362555384635925293e-01
-6.714454889297485352e-01 -5.108704566955566406e-01 5.368168950080871582e-01
-6.581339240074157715e-01 -5.278005003929138184e-01 5.369230508804321289e-01
-6.447817683219909668e-01 -5.443029403686523438e-01 5.366477370262145996e-01
-6.312997937202453613e-01 -5.604408383369445801e-01 5.360659360885620117e-01
-6.176130771636962891e-01 -5.762447714805603027e-01 5.352532267570495605e-01
-6.036669015884399414e-01 -5.917155146598815918e-01 5.342837572097778320e-01
-5.894289016723632812e-01 -6.068214178085327148e-01 5.332366824150085449e-01
-5.748932361602783203e-01 -6.215050220489501953e-01 5.321929454803466797e-01
-5.600805282592773438e-01 -6.356844305992126465e-01 5.312392115592956543e-01
-5.450373291969299316e-01 -6.492611765861511230e-01 5.304659605026245117e-01
-5.298354625701904297e-01 -6.621225476264953613e-01 5.299699902534484863e-01
-5.145668387413024902e-01 -6.741495728492736816e-01 5.298522114753723145e-01
-4.993404448032379150e-01 -6.852199435234069824e-01 5.302195549011230469e-01
-4.842773675918579102e-01 -6.952155232429504395e-01 5.311786532402038574e-01
-4.695046842098236084e-01 -7.040219306945800781e-01 5.328399538993835449e-01
-4.551506042480468750e-01 -7.115327715873718262e-01 5.353121161460876465e-01
-4.413394927978515625e-01 -7.176496982574462891e-01 5.387006402015686035e-01
-4.281882047653198242e-01 -7.222823500633239746e-01 5.431050062179565430e-01
-4.158020019531250000e-01 -7.253472208976745605e-01 5.486165881156921387e-01
-4.042737185955047607e-01 -7.267651557922363281e-01 5.553153753280639648e-01
-3.936810791492462158e-01 -7.264588475227355957e-01 5.632696747779846191e-01
-3.840885460376739502e-01 -7.243511676788330078e-01 5.725307464599609375e-01
-3.755473494529724121e-01 -7.203615903854370117e-01 5.831324458122253418e-01
-3.680969774723052979e-01 -7.144058942794799805e-01 5.950872898101806641e-01
-3.617660403251647949e-01 -7.063948512077331543e-01 6.083844900131225586e-01
-3.565750718116760254e-01 -6.962347030639648438e-01 6.229859590530395508e-01
-3.525368273258209229e-01 -6.838299036026000977e-01 6.388227343559265137e-01
-3.496561050415039062e-01 -6.690877676010131836e-01 6.557912230491638184e-01
-3.479303121566772461e-01 -6.519247293472290039e-01 6.737496852874755859e-01
-3.473478853702545166e-01 -6.322766542434692383e-01 6.925140619277954102e-01
-3.478853404521942139e-01 -6.101083159446716309e-01 7.118592858314514160e-01
-3.495077490806579590e-01 -5.854301452636718750e-01 7.315161824226379395e-01
-3.521628379821777344e-01 -5.583100914955139160e-01 7.511797547340393066e-01
-3.557807505130767822e-01 -5.288893580436706543e-01 7.705167531967163086e-01
-3.602746129035949707e-01 -4.973930418491363525e-01 7.891783118247985840e-01
-3.655387461185455322e-01 -4.641375839710235596e-01 8.068194985389709473e-01
-3.714516758918762207e-01 -4.295289516448974609e-01 8.231211900711059570e-01
-3.778795599937438965e-01 -3.940553367137908936e-01 8.378110527992248535e-01
-3.846823275089263916e-01 -3.582689166069030762e-01 8.506837487220764160e-01
-3.917162418365478516e-01 -3.227612674236297607e-01 8.616168498992919922e-01
-3.988408446311950684e-01 -2.881355285644531250e-01 8.705767393112182617e-01
-4.059216678142547607e-01 -2.549754977226257324e-01 8.776189684867858887e-01
-4.128347635269165039e-01 -2.238189578056335449e-01 8.828774690628051758e-01
-4.194664061069488525e-01 -1.951379626989364624e-01 8.865489363670349121e-01
-4.257134497165679932e-01 -1.693221628665924072e-01 8.888745903968811035e-01
-4.314828217029571533e-01 -1.466762572526931763e-01 8.901171684265136719e-01
-4.366883337497711182e-01 -1.274174004793167114e-01 8.905436992645263672e-01
-4.412499666213989258e-01 -1.116838231682777405e-01 8.904073834419250488e-01
-4.450907409191131592e-01 -9.954068064689636230e-02 8.899358510971069336e-01
-4.481357038021087646e-01 -9.099292755126953125e-02 8.893226385116577148e-01
-4.503113925457000732e-01 -8.599409461021423340e-02 8.887208700180053711e-01
-4.515438973903656006e-01 -8.445450663566589355e-02 8.882429599761962891e-01
-4.517603814601898193e-01 -8.624880015850067139e-02 8.879604935646057129e-01
-4.508900940418243408e-01 -9.122285991907119751e-02 8.879057168960571289e-01
-4.488655924797058105e-01 -9.919349104166030884e-02 8.880767822265625000e-01
-4.456255733966827393e-01 -1.099533811211585999e-01 8.884413242340087891e-01
-4.411171972751617432e-01 -1.232703402638435364e-01 8.889432549476623535e-01
-4.353014230728149414e-01 -1.388890892267227173e-01 8.895068764686584473e-01
-4.281550049781799316e-01 -1.565289497375488281e-01 8.900460600852966309e-01
-4.196764528751373291e-01 -1.758879274129867554e-01 8.904690742492675781e-01
-4.098881781101226807e-01 -1.966417282819747925e-01 8.906872272491455078e-01
-3.988400399684906006e-01 -2.184477895498275757e-01 8.906217813491821289e-01
-3.866133987903594971e-01 -2.409490495920181274e-01 8.902099132537841797e-01
-3.733217418193817139e-01 -2.637803256511688232e-01 8.894103765487670898e-01
-3.591093719005584717e-01 -2.865709960460662842e-01 8.882103562355041504e-01
-3.441535532474517822e-01 -3.089557886123657227e-01 8.866254091262817383e-01
-3.286597728729248047e-01 -3.305771946907043457e-01 8.847041726112365723e-01
-3.128589689731597900e-01 -3.510952591896057129e-01 8.825255632400512695e-01
-2.970045208930969238e-01 -3.701907396316528320e-01 8.801972270011901855e-01
-2.813639044761657715e-01 -3.875682353973388672e-01 8.778524994850158691e-01
-2.662181854248046875e-01 -4.029605388641357422e-01 8.756430149078369141e-01
-2.518524527549743652e-01 -4.161275923252105713e-01 8.737323880195617676e-01
-2.385539412498474121e-01 -4.268571436405181885e-01 8.722872138023376465e-01
-2.266045957803726196e-01 -4.349640309810638428e-01 8.714680671691894531e-01
-2.162776142358779907e-01 -4.402876198291778564e-01 8.714188337326049805e-01
-2.078314572572708130e-01 -4.426923692226409912e-01 8.722554445266723633e-01
-2.015046924352645874e-01 -4.420674443244934082e-01 8.740550875663757324e-01
-1.975071877241134644e-01 -4.383283853530883789e-01 8.768461346626281738e-01
-1.960119009017944336e-01 -4.314264059066772461e-01 8.805968165397644043e-01
-1.971440166234970093e-01 -4.213536381721496582e-01 8.852092027664184570e-01
-2.009664624929428101e-01 -4.081564247608184814e-01 8.905171751976013184e-01
-2.074692249298095703e-01 -3.919522166252136230e-01 8.962867259979248047e-01
-2.165553569793701172e-01 -3.729426860809326172e-01 9.022292494773864746e-01
-2.280344963073730469e-01 -3.514289259910583496e-01 9.080187678337097168e-01
-2.416205108165740967e-01 -3.278160095214843750e-01 9.133215546607971191e-01
-2.569405734539031982e-01 -3.026120662689208984e-01 9.178275465965270996e-01
-2.735545337200164795e-01 -2.764107584953308105e-01 9.212844371795654297e-01
-2.909773886203765869e-01 -2.498626112937927246e-01 9.235262870788574219e-01
-3.087148070335388184e-01 -2.236397564411163330e-01 9.244892597198486328e-01
-3.262932598590850830e-01 -1.983928978443145752e-01 9.242147803306579590e-01
-3.432883322238922119e-01 -1.747159659862518311e-01 9.228366017341613770e-01
-3.593416213989257812e-01 -1.531179398298263550e-01 9.205588102340698242e-01
-3.741705119609832764e-01 -1.340064257383346558e-01 9.176266789436340332e-01
-3.875676095485687256e-01 -1.176862865686416626e-01 9.142982363700866699e-01
-3.993935286998748779e-01 -1.043672636151313782e-01 9.108195900917053223e-01
-4.095662832260131836e-01 -9.417803585529327393e-02 9.074062108993530273e-01
-4.180463254451751709e-01 -8.718320727348327637e-02 9.042324423789978027e-01
-4.248269498348236084e-01 -8.340422809123992920e-02 9.014243483543395996e-01
-4.299215376377105713e-01 -8.283022791147232056e-02 8.990587592124938965e-01
-4.333549439907073975e-01 -8.543467521667480469e-02 8.971645832061767578e-01
-4.351583421230316162e-01 -9.118393063545227051e-02 8.957246541976928711e-01
-4.353624284267425537e-01 -1.000403463840484619e-01 8.946795463562011719e-01
-4.339981973171234131e-01 -1.119652837514877319e-01 8.939291238784790039e-01
-4.310934841632843018e-01 -1.269171237945556641e-01 8.933366537094116211e-01
-4.266770482063293457e-01 -1.448461264371871948e-01 8.927296996116638184e-01
-4.207782745361328125e-01 -1.656872481107711792e-01 8.919043540954589844e-01
-4.134342074394226074e-01 -1.893502920866012573e-01 8.906282186508178711e-01
-4.046929180622100830e-01 -2.157084047794342041e-01 8.886470198631286621e-01
-3.946226537227630615e-01 -2.445857375860214233e-01 8.856922984123229980e-01
-3.833184242248535156e-01 -2.757471501827239990e-01 8.814933300018310547e-01
-3.709096312522888184e-01 -3.088907003402709961e-01 8.757925629615783691e-01
-3.575669527053833008e-01 -3.436406254768371582e-01 8.683645725250244141e-01
-3.435078859329223633e-01 -3.795529901981353760e-01 8.590354323387145996e-01
-3.289933204650878906e-01 -4.161245226860046387e-01 8.477050065994262695e-01
-3.143272399902343750e-01 -4.528104662895202637e-01 8.343626856803894043e-01
-2.998445332050323486e-01 -4.890503883361816406e-01 8.190988898277282715e-01
-2.858972847461700439e-01 -5.242977142333984375e-01 8.021063804626464844e-01
-2.728363871574401855e-01 -5.580487251281738281e-01 7.836720943450927734e-01
-2.609931230545043945e-01 -5.898663997650146484e-01 7.641597986221313477e-01
-2.506619393825531006e-01 -6.194000244140625000e-01 7.439839839935302734e-01
-2.420861572027206421e-01 -6.463913321495056152e-01 7.235830426216125488e-01
-2.354493588209152222e-01 -6.706762909889221191e-01 7.033897042274475098e-01
-2.308719605207443237e-01 -6.921713352203369141e-01 6.838105320930480957e-01
-2.284123152494430542e-01 -7.108640074729919434e-01 6.652069091796875000e-01
-2.280720323324203491e-01 -7.267928123474121094e-01 6.478852629661560059e-01
-2.298029661178588867e-01 -7.400336861610412598e-01 6.320924162864685059e-01
-2.335172891616821289e-01 -7.506837844848632812e-01 6.180158257484436035e-01
-2.390944808721542358e-01 -7.588505148887634277e-01 6.057884693145751953e-01
-2.463901489973068237e-01 -7.646431326866149902e-01 5.954937338829040527e-01
-2.552425563335418701e-01 -7.681688666343688965e-01 5.871693491935729980e-01
-2.654777169227600098e-01 -7.695277929306030273e-01 5.808171033859252930e-01
-2.769117951393127441e-01 -7.688142061233520508e-01 5.764065384864807129e-01
-2.893549799919128418e-01 -7.661200761795043945e-01 5.738760232925415039e-01
-3.026107847690582275e-01 -7.615368962287902832e-01 5.731389522552490234e-01
-3.164767026901245117e-01 -7.551598548889160156e-01 5.740873217582702637e-01
-3.307448625564575195e-01 -7.470971941947937012e-01 5.765879154205322266e-01
-3.451990485191345215e-01 -7.374739050865173340e-01 5.804911255836486816e-01
-3.596159815788269043e-01 -7.264395952224731445e-01 5.856293439865112305e-01
-3.737678825855255127e-01 -7.141758799552917480e-01 5.918195843696594238e-01
-3.874212205410003662e-01 -7.008989453315734863e-01 5.988702774047851562e-01
-4.003439843654632568e-01 -6.868630647659301758e-01 6.065837740898132324e-01
-4.123068749904632568e-01 -6.723630428314208984e-01 6.147608757019042969e-01
-4.230899214744567871e-01 -6.577296853065490723e-01 6.232067346572875977e-01
-4.324884116649627686e-01 -6.433237791061401367e-01 6.317343711853027344e-01
-4.403177201747894287e-01 -6.295256018638610840e-01 6.401700973510742188e-01
-4.464192390441894531e-01 -6.167260408401489258e-01 6.483509540557861328e-01
-4.506632387638092041e-01 -6.053057312965393066e-01 6.561307907104492188e-01
-4.529546201229095459e-01 -5.956251025199890137e-01 6.633723378181457520e-01
-4.532324671745300293e-01 -5.880023837089538574e-01 6.699504256248474121e-01
-4.514732956886291504e-01 -5.827029347419738770e-01 6.757435202598571777e-01
-4.476888477802276611e-01 -5.799245834350585938e-01 6.806337237358093262e-01
-4.419288933277130127e-01 -5.797873139381408691e-01 6.845037937164306641e-01
-4.342804253101348877e-01 -5.823284983634948730e-01 6.872364282608032227e-01
-4.248677194118499756e-01 -5.874980688095092773e-01 6.887186765670776367e-01
-4.138551652431488037e-01 -5.951626896858215332e-01 6.888433694839477539e-01
-4.014428555965423584e-01 -6.051091551780700684e-01 6.875219941139221191e-01
-3.878678381443023682e-01 -6.170580387115478516e-01 6.846882700920104980e-01
-3.733993470668792725e-01 -6.306771039962768555e-01 6.803081631660461426e-01
-3.583321273326873779e-01 -6.456002593040466309e-01 6.743875145912170410e-01
-3.429784774780273438e-01 -6.614456176757812500e-01 6.669747829437255859e-01
-3.276550471782684326e-01 -6.778349280357360840e-01 6.581656336784362793e-01
-3.126721084117889404e-01 -6.944129467010498047e-01 6.480948328971862793e-01
-2.983221113681793213e-01 -7.108587026596069336e-01 6.369331479072570801e-01
-2.848674654960632324e-01 -7.268955707550048828e-01 6.248787045478820801e-01
-2.725333571434020996e-01 -7.422965764999389648e-01 6.121448874473571777e-01
-2.615010738372802734e-01 -7.568843364715576172e-01 5.989518165588378906e-01
-2.519061863422393799e-01 -7.705288529396057129e-01 5.855156183242797852e-01
-2.438379824161529541e-01 -7.831407189369201660e-01 5.720432996749877930e-01
-2.373408824205398560e-01 -7.946678400039672852e-01 5.587238073348999023e-01
-2.324190735816955566e-01 -8.050863146781921387e-01 5.457264780998229980e-01
-2.290392816066741943e-01 -8.143960833549499512e-01 5.331979393959045410e-01
-2.271367907524108887e-01 -8.226141333580017090e-01 5.212627649307250977e-01
-2.266188561916351318e-01 -8.297717571258544922e-01 5.100222229957580566e-01
-2.273706197738647461e-01 -8.359106779098510742e-01 4.995558857917785645e-01
-2.292580455541610718e-01 -8.410790562629699707e-01 4.899252355098724365e-01
-2.321340143680572510e-01 -8.453325629234313965e-01 4.811721146106719971e-01
-2.358408123254776001e-01 -8.487311601638793945e-01 4.733227789402008057e-01
-2.402140796184539795e-01 -8.513393402099609375e-01 4.663888216018676758e-01
-2.450866252183914185e-01 -8.532255887985229492e-01 4.603678286075592041e-01
-2.502920329570770264e-01 -8.544616699218750000e-01 4.552462399005889893e-01
-2.556670606136322021e-01 -8.551217913627624512e-01 4.510001242160797119e-01
-2.610567510128021240e-01 -8.552823066711425781e-01 4.475952684879302979e-01
-2.663151621818542480e-01 -8.550204038619995117e-01 4.449903070926666260e-01
-2.713088095188140869e-01 -8.544121980667114258e-01 4.431379735469818115e-01
-2.759186923503875732e-01 -8.535317778587341309e-01 4.419867694377899170e-01
-2.800422906875610352e-01 -8.524495959281921387e-01 4.414815306663513184e-01
-2.835940718650817871e-01 -8.512298464775085449e-01 4.415678381919860840e-01
-2.865063548088073730e-01 -8.499301075935363770e-01 4.421909451484680176e-01
-2.887314558029174805e-01 -8.485987186431884766e-01 4.432993829250335693e-01
-2.902376651763916016e-01 -8.472736477851867676e-01 4.448477327823638916e-01
-2.910113334655761719e-01 -8.459818363189697266e-01 4.467965662479400635e-01
-2.910546362400054932e-01 -8.447399735450744629e-01 4.491119980812072754e-01
-2.903829216957092285e-01 -8.435522317886352539e-01 4.517714083194732666e-01
-2.890205681324005127e-01 -8.424134254455566406e-01 4.547599852085113525e-01
-2.869988679885864258e-01 -8.413089513778686523e-01 4.580729901790618896e-01
-2.843517661094665527e-01 -8.402156829833984375e-01 4.617159962654113770e-01
-2.811101973056793213e-01 -8.391049504280090332e-01 4.657036960124969482e-01
-2.772985398769378662e-01 -8.379440307617187500e-01 4.700588285923004150e-01
-2.729324996471405029e-01 -8.366982340812683105e-01 4.748092293739318848e-01
-2.680118680000305176e-01 -8.353326320648193359e-01 4.799885451793670654e-01
-2.625227570533752441e-01 -8.338134288787841797e-01 4.856305122375488281e-01
-2.564322948455810547e-01 -8.321110606193542480e-01 4.917657971382141113e-01
-2.496918588876724243e-01 -8.301994204521179199e-01 4.984202682971954346e-01
-2.422372847795486450e-01 -8.280594348907470703e-01 5.056071281433105469e-01
-2.339967340230941772e-01 -8.256766796112060547e-01 5.133260488510131836e-01
-2.248924225568771362e-01 -8.230438232421875000e-01 5.215576887130737305e-01
-2.148522138595581055e-01 -8.201578259468078613e-01 5.302637815475463867e-01
-2.038195878267288208e-01 -8.170233368873596191e-01 5.393797755241394043e-01
-1.917680203914642334e-01 -8.136464953422546387e-01 5.488207936286926270e-01
-1.787072867155075073e-01 -8.100395202636718750e-01 5.584798455238342285e-01
-1.646957993507385254e-01 -8.062179088592529297e-01 5.682324767112731934e-01
-1.498443484306335449e-01 -8.022050261497497559e-01 5.779391527175903320e-01
-1.343191266059875488e-01 -7.980298995971679688e-01 5.874577164649963379e-01
-1.183382347226142883e-01 -7.937327027320861816e-01 5.966444611549377441e-01
-1.021624803543090820e-01 -7.893626689910888672e-01 6.053671836853027344e-01
-8.608244359493255615e-02 -7.849826812744140625e-01 6.135078668594360352e-01
-7.040186971426010132e-02 -7.806636691093444824e-01 6.209731698036193848e-01
-5.542313307523727417e-02 -7.764860987663269043e-01 6.276922225952148438e-01
-4.142794758081436157e-02 -7.725342512130737305e-01 6.336201429367065430e-01
-2.866784110665321350e-02 -7.688936591148376465e-01 6.387336850166320801e-01
-1.735256612300872803e-02 -7.656444907188415527e-01 6.430298089981079102e-01
-7.642996031790971756e-03 -7.628587484359741211e-01 6.465200185775756836e-01
3.489587688818573952e-04 -7.605978846549987793e-01 6.492232084274291992e-01
6.555872503668069839e-03 -7.589091658592224121e-01 6.511634588241577148e-01
1.095407828688621521e-02 -7.578266263008117676e-01 6.523639559745788574e-01
1.355641521513462067e-02 -7.573693990707397461e-01 6.528459191322326660e-01
1.440636441111564636e-02 -7.575437426567077637e-01 6.526254415512084961e-01
1.356917340308427811e-02 -7.583445906639099121e-01 6.517127156257629395e-01
1.112572010606527328e-02 -7.597564458847045898e-01 6.501125097274780273e-01
7.164874114096164703e-03 -7.617564797401428223e-01 6.478238701820373535e-01
1.778390258550643921e-03 -7.643157243728637695e-01 6.448397636413574219e-01
-4.944039974361658096e-03 -7.674001455307006836e-01 6.411494612693786621e-01
-1.292006019502878189e-02 -7.709725499153137207e-01 6.367372870445251465e-01
-2.207674458622932434e-02 -7.749937772750854492e-01 6.315831542015075684e-01
-3.235216066241264343e-02 -7.794226408004760742e-01 6.256627440452575684e-01
-4.369797930121421814e-02 -7.842176556587219238e-01 6.189451813697814941e-01
-5.607891455292701721e-02 -7.893361449241638184e-01 6.113948225975036621e-01
-6.947029381990432739e-02 -7.947340607643127441e-01 6.029689311981201172e-01
-8.385763317346572876e-02 -8.003661036491394043e-01 5.936176776885986328e-01
-9.923706203699111938e-02 -8.061853647232055664e-01 5.832813978195190430e-01
-1.156067550182342529e-01 -8.121402859687805176e-01 5.718944668769836426e-01
-1.329653412103652954e-01 -8.181753158569335938e-01 5.593830943107604980e-01
-1.513059586286544800e-01 -8.242287039756774902e-01 5.456679463386535645e-01
-1.706117689609527588e-01 -8.302316665649414062e-01 5.306665301322937012e-01
-1.908452808856964111e-01 -8.361086249351501465e-01 5.142961144447326660e-01
-2.119477540254592896e-01 -8.417754173278808594e-01 4.964798986911773682e-01
-2.338294535875320435e-01 -8.471424579620361328e-01 4.771514236927032471e-01
-2.563672363758087158e-01 -8.521142601966857910e-01 4.562643170356750488e-01
-2.793994843959808350e-01 -8.565950989723205566e-01 4.337981641292572021e-01
-3.027270734310150146e-01 -8.604927659034729004e-01 4.097664356231689453e-01
-3.261146843433380127e-01 -8.637251257896423340e-01 3.842241168022155762e-01
-3.492973148822784424e-01 -8.662270307540893555e-01 3.572703599929809570e-01
-3.719866275787353516e-01 -8.679571151733398438e-01 3.290538787841796875e-01
-3.938825726509094238e-01 -8.689045310020446777e-01 2.997691035270690918e-01
-4.146859943866729736e-01 -8.690941929817199707e-01 2.696497440338134766e-01
-4.341131746768951416e-01 -8.685874342918395996e-01 2.389592677354812622e-01
-4.519060850143432617e-01 -8.674818277359008789e-01 2.079808712005615234e-01
-4.678428471088409424e-01 -8.659064769744873047e-01 1.770001202821731567e-01
-4.817431569099426270e-01 -8.640154004096984863e-01 1.462904065847396851e-01
-4.934727549552917480e-01 -8.619775176048278809e-01 1.161009147763252258e-01
-5.029405355453491211e-01 -8.599671125411987305e-01 8.664574474096298218e-02
-5.100961327552795410e-01 -8.581534028053283691e-01 5.809259414672851562e-02
-5.149229764938354492e-01 -8.566914796829223633e-01 3.056352399289608002e-02
-5.174318552017211914e-01 -8.557144999504089355e-01 4.131112247705459595e-03
-5.176541805267333984e-01 -8.553277254104614258e-01 -2.117874473333358765e-02
-5.156356692314147949e-01 -8.556051254272460938e-01 -4.538294300436973572e-02
-5.114316344261169434e-01 -8.565867543220520020e-01 -6.853353977203369141e-02
-5.051043033599853516e-01 -8.582776784896850586e-01 -9.071457386016845703e-02
-4.967226088047027588e-01 -8.606484532356262207e-01 -1.120310723781585693e-01
-4.863606989383697510e-01 -8.636373281478881836e-01 -1.326041072607040405e-01
-4.741019904613494873e-01 -8.671514987945556641e-01 -1.525630205869674683e-01
-4.600426256656646729e-01 -8.710704445838928223e-01 -1.720381230115890503e-01
-4.442946910858154297e-01 -8.752499222755432129e-01 -1.911536753177642822e-01
-4.269921183586120605e-01 -8.795273303985595703e-01 -2.100222259759902954e-01
-4.082939326763153076e-01 -8.837278485298156738e-01 -2.287381440401077271e-01
-3.883875608444213867e-01 -8.876715898513793945e-01 -2.473745495080947876e-01
-3.674918413162231445e-01 -8.911822438240051270e-01 -2.659775614738464355e-01
-3.458571732044219971e-01 -8.940942287445068359e-01 -2.845668494701385498e-01
-3.237622082233428955e-01 -8.962636590003967285e-01 -3.031326532363891602e-01
-3.015100955963134766e-01 -8.975740075111389160e-01 -3.216405808925628662e-01
-2.794202864170074463e-01 -8.979437351226806641e-01 -3.400315046310424805e-01
-2.578187286853790283e-01 -8.973300457000732422e-01 -3.582294285297393799e-01
-2.370265275239944458e-01 -8.957303166389465332e-01 -3.761456906795501709e-01
-2.173479795455932617e-01 -8.931797742843627930e-01 -3.936873972415924072e-01
-1.990594118833541870e-01 -8.897473216056823730e-01 -4.107615649700164795e-01
-1.823974996805191040e-01 -8.855274319648742676e-01 -4.272847175598144531e-01
-1.675546914339065552e-01 -8.806312084197998047e-01 -4.431863725185394287e-01
-1.546726077795028687e-01 -8.751761317253112793e-01 -4.584137499332427979e-01
-1.438409090042114258e-01 -8.692771196365356445e-01 -4.729345142841339111e-01
-1.350975185632705688e-01 -8.630370497703552246e-01 -4.867398440837860107e-01
-1.284335255622863770e-01 -8.565406203269958496e-01 -4.998430013656616211e-01
-1.237951144576072693e-01 -8.498477935791015625e-01 -5.122826695442199707e-01
-1.210926547646522522e-01 -8.429915904998779297e-01 -5.241198539733886719e-01
-1.202034205198287964e-01 -8.359764218330383301e-01 -5.354385972023010254e-01
-1.209812983870506287e-01 -8.287777304649353027e-01 -5.463433265686035156e-01
-1.232587248086929321e-01 -8.213430643081665039e-01 -5.569586157798767090e-01
-1.268565207719802856e-01 -8.135935664176940918e-01 -5.674266815185546875e-01
-1.315848827362060547e-01 -8.054252862930297852e-01 -5.779062509536743164e-01
-1.372506171464920044e-01 -7.967113852500915527e-01 -5.885688066482543945e-01
-1.436575651168823242e-01 -7.873029708862304688e-01 -5.995970368385314941e-01
-1.506121158599853516e-01 -7.770309448242187500e-01 -6.111782789230346680e-01
-1.579214930534362793e-01 -7.657039761543273926e-01 -6.235048174858093262e-01
-1.653991043567657471e-01 -7.531113028526306152e-01 -6.367624402046203613e-01
-1.728594154119491577e-01 -7.390212416648864746e-01 -6.511275768280029297e-01
-1.801223307847976685e-01 -7.231824994087219238e-01 -6.667556166648864746e-01
-1.870081722736358643e-01 -7.053250670433044434e-01 -6.837722659111022949e-01
-1.933403015136718750e-01 -6.851648092269897461e-01 -7.022597193717956543e-01
-1.989414244890213013e-01 -6.624079942703247070e-01 -7.222450375556945801e-01
-2.036371529102325439e-01 -6.367647051811218262e-01 -7.436817884445190430e-01
-2.072540223598480225e-01 -6.079610586166381836e-01 -7.664393186569213867e-01
-2.096269130706787109e-01 -5.757625699043273926e-01 -7.902873754501342773e-01
-2.106026262044906616e-01 -5.399980545043945312e-01 -8.148917555809020996e-01
-2.100522667169570923e-01 -5.005906820297241211e-01 -8.398137092590332031e-01
-2.078779786825180054e-01 -4.575839340686798096e-01 -8.645250797271728516e-01
-2.040299028158187866e-01 -4.111686050891876221e-01 -8.884324431419372559e-01
-1.985122859477996826e-01 -3.616928458213806152e-01 -9.109177589416503906e-01
-1.913933604955673218e-01 -3.096622526645660400e-01 -9.313849210739135742e-01
-1.828051060438156128e-01 -2.557152211666107178e-01 -9.493113160133361816e-01
-1.729383915662765503e-01 -2.005870938301086426e-01 -9.642910361289978027e-01
-1.620282679796218872e-01 -1.450582891702651978e-01 -9.760660529136657715e-01
-1.503390073776245117e-01 -8.990261703729629517e-02 -9.845383763313293457e-01
-1.381417214870452881e-01 -3.583797812461853027e-02 -9.897639155387878418e-01
-1.256998330354690552e-01 1.650787889957427979e-02 -9.919310212135314941e-01
-1.132531762123107910e-01 6.661733239889144897e-02 -9.913303256034851074e-01
-1.010098904371261597e-01 1.140872836112976074e-01 -9.883223176002502441e-01
-8.914311975240707397e-02 1.586214452981948853e-01 -9.833070635795593262e-01
-7.779183983802795410e-02 2.000126540660858154e-01 -9.767002463340759277e-01
-6.706584244966506958e-02 2.381261140108108521e-01 -9.689159989356994629e-01
-5.705250799655914307e-02 2.728773355484008789e-01 -9.603556394577026367e-01
-4.782368615269660950e-02 3.042144775390625000e-01 -9.514023661613464355e-01
-3.944369778037071228e-02 3.321038186550140381e-01 -9.424178004264831543e-01
-3.197845444083213806e-02 3.565146028995513916e-01 -9.337422847747802734e-01
-2.550027146935462952e-02 3.774115741252899170e-01 -9.256945252418518066e-01
-2.009702846407890320e-02 3.947445154190063477e-01 -9.185711145401000977e-01
-1.587406173348426819e-02 4.084433615207672119e-01 -9.126456975936889648e-01
-1.296451501548290253e-02 4.184075593948364258e-01 -9.081667661666870117e-01
-1.152819953858852386e-02 4.245030283927917480e-01 -9.053531289100646973e-01
-1.175773423165082932e-02 4.265547990798950195e-01 -9.043852686882019043e-01
-1.387548446655273438e-02 4.243436157703399658e-01 -9.053949117660522461e-01
-1.813442818820476532e-02 4.176035523414611816e-01 -9.084483385086059570e-01
-2.480540424585342407e-02 4.060288071632385254e-01 -9.135235548019409180e-01
-3.416400030255317688e-02 3.892880976200103760e-01 -9.204822182655334473e-01
-4.646092653274536133e-02 3.670613169670104980e-01 -9.290357232093811035e-01
-6.188381463289260864e-02 3.390931189060211182e-01 -9.387152194976806641e-01
-8.050256222486495972e-02 3.052798807621002197e-01 -9.488537907600402832e-01
-1.022056341171264648e-01 2.657824456691741943e-01 -9.585998654365539551e-01
-1.266434043645858765e-01 2.211426645517349243e-01 -9.669836163520812988e-01
-1.531988978385925293e-01 1.723760217428207397e-01 -9.730449914932250977e-01
-1.810047477483749390e-01 1.209892705082893372e-01 -9.760116934776306152e-01
-2.090270817279815674e-01 6.888665258884429932e-02 -9.754805564880371094e-01
-2.362083792686462402e-01 1.815329864621162415e-02 -9.715328216552734375e-01
-2.616130709648132324e-01 -2.921405248343944550e-02 -9.647305607795715332e-01
-2.845501899719238281e-01 -7.155644148588180542e-02 -9.559868574142456055e-01
-3.046249747276306152e-01 -1.077092289924621582e-01 -9.463627338409423828e-01
-3.217326402664184570e-01 -1.370339542627334595e-01 -9.368616342544555664e-01
-3.360004723072052002e-01 -1.593557000160217285e-01 -9.282830357551574707e-01
-3.477251231670379639e-01 -1.748574525117874146e-01 -9.211472272872924805e-01
-3.573055267333984375e-01 -1.839604526758193970e-01 -9.156917333602905273e-01
-3.652026355266571045e-01 -1.872351169586181641e-01 -9.119046330451965332e-01
-3.719071745872497559e-01 -1.853274255990982056e-01 -9.095816612243652344e-01
-3.779241144657135010e-01 -1.789204329252243042e-01 -9.083836674690246582e-01
-3.837569057941436768e-01 -1.687004864215850830e-01 -9.078935384750366211e-01
-3.899054229259490967e-01 -1.553449183702468872e-01 -9.076572656631469727e-01
-3.968532681465148926e-01 -1.395059078931808472e-01 -9.072186350822448730e-01
-4.050614833831787109e-01 -1.218017414212226868e-01 -9.061399102210998535e-01
-4.149544239044189453e-01 -1.028046458959579468e-01 -9.040154814720153809e-01
-4.269166588783264160e-01 -8.303681761026382446e-02 -9.004705548286437988e-01
-4.412705600261688232e-01 -6.295862793922424316e-02 -8.951627612113952637e-01
-4.582719206809997559e-01 -4.296952486038208008e-02 -8.877727389335632324e-01
-4.780930578708648682e-01 -2.340130135416984558e-02 -8.779973983764648438e-01
-5.008109807968139648e-01 -4.524194169789552689e-03 -8.655447959899902344e-01
-5.263953208923339844e-01 1.345554925501346588e-02 -8.501335382461547852e-01
-5.546962618827819824e-01 3.039631061255931854e-02 -8.314975500106811523e-01
-5.854808092117309570e-01 4.651763662695884705e-02 -8.093506097793579102e-01
-6.150753498077392578e-01 6.039855256676673889e-02 -7.861515879631042480e-01
-6.398841738700866699e-01 6.833583116531372070e-02 -7.654269337654113770e-01
