1.377014666795730591e-01 1.811997890472412109e-01 -1.327886730432510376e-01
1.344958394765853882e-01 1.744960248470306396e-01 -1.319555044174194336e-01
1.327184885740280151e-01 1.685809493064880371e-01 -1.313893496990203857e-01
1.304374337196350098e-01 1.627134084701538086e-01 -1.302772611379623413e-01
1.273254603147506714e-01 1.567974388599395752e-01 -1.281996220350265503e-01
1.240129619836807251e-01 1.512818038463592529e-01 -1.254264563322067261e-01
1.178484708070755005e-01 1.453196108341217041e-01 -1.219856142997741699e-01
1.113855093717575073e-01 1.396717727184295654e-01 -1.179686039686203003e-01
1.051968187093734741e-01 1.339823305606842041e-01 -1.137133687734603882e-01
9.936349093914031982e-02 1.282393336296081543e-01 -1.092633754014968872e-01
9.395445883274078369e-02 1.224324032664299011e-01 -1.046591550111770630e-01
8.902609348297119141e-02 1.165543869137763977e-01 -9.993945062160491943e-02
8.458429574966430664e-02 1.105754151940345764e-01 -9.527947008609771729e-02
8.064106106758117676e-02 1.044852510094642639e-01 -9.078235924243927002e-02
7.728062570095062256e-02 9.834117442369461060e-02 -8.623620867729187012e-02
7.448647171258926392e-02 9.219074249267578125e-02 -8.173507452011108398e-02
7.193480432033538818e-02 8.656239509582519531e-02 -7.816894352436065674e-02
7.203120738267898560e-02 8.129964768886566162e-02 -7.513895630836486816e-02
7.228850573301315308e-02 7.621941715478897095e-02 -7.199656963348388672e-02
7.195939123630523682e-02 7.242687791585922241e-02 -6.882999837398529053e-02
7.228436321020126343e-02 6.963466107845306396e-02 -6.628780066967010498e-02
7.259023934602737427e-02 6.788378953933715820e-02 -6.404410302639007568e-02
7.293115556240081787e-02 6.633554399013519287e-02 -6.179305538535118103e-02
7.180187106132507324e-02 6.556136161088943481e-02 -5.836228653788566589e-02
7.088714838027954102e-02 6.514869630336761475e-02 -5.544056370854377747e-02
6.936103105545043945e-02 6.454198807477951050e-02 -5.265217646956443787e-02
6.786682456731796265e-02 6.433418393135070801e-02 -5.001876130700111389e-02
6.638371944427490234e-02 6.458207964897155762e-02 -4.756997153162956238e-02
6.489424407482147217e-02 6.534160673618316650e-02 -4.533685371279716492e-02
6.338544189929962158e-02 6.666537374258041382e-02 -4.335143789649009705e-02
6.071553006768226624e-02 6.936962157487869263e-02 -4.182558879256248474e-02
5.807016044855117798e-02 7.269015908241271973e-02 -4.060241952538490295e-02
5.640710145235061646e-02 7.520559430122375488e-02 -3.880332782864570618e-02
5.521739274263381958e-02 7.785082608461380005e-02 -3.701571002602577209e-02
5.537866428494453430e-02 8.288116008043289185e-02 -3.594261035323143005e-02
4.973326995968818665e-02 8.780767023563385010e-02 -3.320037946105003357e-02
4.203013703227043152e-02 9.179456532001495361e-02 -3.039872273802757263e-02
3.422585874795913696e-02 9.617966413497924805e-02 -2.787997573614120483e-02
2.654848247766494751e-02 1.010809540748596191e-01 -2.539596706628799438e-02
1.909539103507995605e-02 1.070116087794303894e-01 -2.360093221068382263e-02
1.643264666199684143e-02 1.150630414485931396e-01 -2.390844374895095825e-02
1.437268778681755066e-02 1.237559020519256592e-01 -2.487618103623390198e-02
1.295887306332588196e-02 1.330241858959197998e-01 -2.650683000683784485e-02
1.098818704485893250e-02 1.461576223373413086e-01 -2.963460609316825867e-02
9.533163160085678101e-03 1.595247685909271240e-01 -3.376596048474311829e-02
9.233999997377395630e-03 1.683484911918640137e-01 -3.969992324709892273e-02
8.362304419279098511e-03 1.736916601657867432e-01 -4.702771827578544617e-02
6.396379321813583374e-03 1.803504228591918945e-01 -4.965588077902793884e-02
9.342692792415618896e-04 1.839785575866699219e-01 -4.784567281603813171e-02
-9.235393255949020386e-03 1.870894134044647217e-01 -4.310581460595130920e-02
-1.945927366614341736e-02 1.908742487430572510e-01 -3.745943680405616760e-02
-2.780305221676826477e-02 1.938014030456542969e-01 -3.238001838326454163e-02
-3.498644009232521057e-02 1.966020464897155762e-01 -2.798221632838249207e-02
-3.920381888747215271e-02 2.006005644798278809e-01 -2.965216711163520813e-02
-4.151319339871406555e-02 2.046670615673065186e-01 -3.309021517634391785e-02
-4.278157278895378113e-02 2.086703479290008545e-01 -3.679213300347328186e-02
-4.345321282744407654e-02 2.127963304519653320e-01 -4.067970439791679382e-02
-4.352878406643867493e-02 2.169864773750305176e-01 -4.472548142075538635e-02
-4.301930591464042664e-02 2.211830615997314453e-01 -4.889964684844017029e-02
-4.179567471146583557e-02 2.254695594310760498e-01 -5.278665944933891296e-02
-3.922419622540473938e-02 2.307412624359130859e-01 -5.345803126692771912e-02
-3.631747141480445862e-02 2.358744442462921143e-01 -5.399308726191520691e-02
-3.304532542824745178e-02 2.407204806804656982e-01 -5.479719117283821106e-02
-3.088148310780525208e-02 2.439105808734893799e-01 -5.418486520648002625e-02
-2.882378175854682922e-02 2.464002966880798340e-01 -5.336919054388999939e-02
-2.740741893649101257e-02 2.480857968330383301e-01 -5.111726745963096619e-02
-2.611091360449790955e-02 2.482268214225769043e-01 -4.942955449223518372e-02
-2.449313923716545105e-02 2.481805086135864258e-01 -4.826052114367485046e-02
-2.288249507546424866e-02 2.479771971702575684e-01 -4.742493107914924622e-02
-2.231644466519355774e-02 2.477413713932037354e-01 -4.639562591910362244e-02
-2.149145677685737610e-02 2.473031282424926758e-01 -4.576412215828895569e-02
-2.051851525902748108e-02 2.466767430305480957e-01 -4.544455185532569885e-02
-1.950265839695930481e-02 2.458791732788085938e-01 -4.535361751914024353e-02
-1.853993907570838928e-02 2.449299693107604980e-01 -4.541349783539772034e-02
-1.771414652466773987e-02 2.438504993915557861e-01 -4.555402323603630066e-02
-1.709564402699470520e-02 2.426635026931762695e-01 -4.571365937590599060e-02
-1.673795655369758606e-02 2.413923144340515137e-01 -4.584234580397605896e-02
-1.667684689164161682e-02 2.400607466697692871e-01 -4.590190574526786804e-02
-1.692802086472511292e-02 2.386922240257263184e-01 -4.586815461516380310e-02
-1.678854599595069885e-02 2.372144758701324463e-01 -4.626221582293510437e-02
-1.602366939187049866e-02 2.356209158897399902e-01 -4.724822565913200378e-02
-1.556858792901039124e-02 2.340665757656097412e-01 -4.809921607375144958e-02
-1.538120582699775696e-02 2.325746417045593262e-01 -4.883065447211265564e-02
-1.540010049939155579e-02 2.311663031578063965e-01 -4.947243258357048035e-02
-1.527314260601997375e-02 2.298715710639953613e-01 -5.025177821516990662e-02
-1.485340669751167297e-02 2.287106513977050781e-01 -5.125858262181282043e-02
-1.438503339886665344e-02 2.276891767978668213e-01 -5.232002213597297668e-02
-1.375437155365943909e-02 2.268235087394714355e-01 -5.350646004080772400e-02
-1.283923164010047913e-02 2.261286079883575439e-01 -5.489497259259223938e-02
-1.151217892765998840e-02 2.256180047988891602e-01 -5.656735971570014954e-02
-9.644318372011184692e-03 2.253049910068511963e-01 -5.860750004649162292e-02
-8.168149739503860474e-03 2.253366112709045410e-01 -6.059245392680168152e-02
-6.280038505792617798e-03 2.256371974945068359e-01 -6.293036043643951416e-02
-3.400776535272598267e-03 2.262186706066131592e-01 -6.580473482608795166e-02
6.573460996150970459e-04 2.270991206169128418e-01 -6.928963959217071533e-02
5.681958049535751343e-03 2.282530963420867920e-01 -7.344010472297668457e-02
1.177109405398368835e-02 2.296874523162841797e-01 -7.831387221813201904e-02
1.901153847575187683e-02 2.314073145389556885e-01 -8.396020531654357910e-02
2.747805044054985046e-02 2.334148585796356201e-01 -9.041924774646759033e-02
3.709487244486808777e-02 2.356078922748565674e-01 -9.761315584182739258e-02
4.750091955065727234e-02 2.376735210418701172e-01 -1.052363365888595581e-01
5.923308059573173523e-02 2.400062978267669678e-01 -1.136849224567413330e-01
7.090912759304046631e-02 2.422891259193420410e-01 -1.215682923793792725e-01
8.403161168098449707e-02 2.447123527526855469e-01 -1.302681863307952881e-01
9.902966022491455078e-02 2.479181587696075439e-01 -1.404660791158676147e-01
1.147038638591766357e-01 2.544215917587280273e-01 -1.531811505556106567e-01
1.290081143379211426e-01 2.604011297225952148e-01 -1.645456403493881226e-01
1.445758938789367676e-01 2.668976485729217529e-01 -1.768670976161956787e-01
1.613503694534301758e-01 2.728775739669799805e-01 -1.893824040889739990e-01
1.794499456882476807e-01 2.768441736698150635e-01 -2.011609226465225220e-01
1.985431462526321411e-01 2.811418175697326660e-01 -2.136004865169525146e-01
2.182686924934387207e-01 2.848272919654846191e-01 -2.270592004060745239e-01
2.388164848089218140e-01 2.887387573719024658e-01 -2.411060780286788940e-01
2.595140635967254639e-01 2.926073372364044189e-01 -2.555288672447204590e-01
2.741731405258178711e-01 2.922084927558898926e-01 -2.667639255523681641e-01
2.859681248664855957e-01 2.877421081066131592e-01 -2.779216170310974121e-01
2.925825715065002441e-01 2.833817303180694580e-01 -2.885114252567291260e-01
2.980189025402069092e-01 2.794622182846069336e-01 -2.988194525241851807e-01
3.000029325485229492e-01 2.757276296615600586e-01 -3.065465986728668213e-01
3.032267987728118896e-01 2.713266611099243164e-01 -3.116891384124755859e-01
3.056930601596832275e-01 2.665513157844543457e-01 -3.144726455211639404e-01
3.092133998870849609e-01 2.608945965766906738e-01 -3.174892365932464600e-01
3.100136518478393555e-01 2.545387744903564453e-01 -3.203841149806976318e-01
3.063324093818664551e-01 2.481857240200042725e-01 -3.213493525981903076e-01
2.973363399505615234e-01 2.425467371940612793e-01 -3.187973499298095703e-01
2.887336015701293945e-01 2.323440015316009521e-01 -3.132506608963012695e-01
2.813222110271453857e-01 2.218068242073059082e-01 -3.074647784233093262e-01
2.739976346492767334e-01 2.115129828453063965e-01 -3.016878962516784668e-01
2.667542397975921631e-01 2.014961540699005127e-01 -2.959121763706207275e-01
2.573515772819519043e-01 1.899844706058502197e-01 -2.879821956157684326e-01
2.458297759294509888e-01 1.775294244289398193e-01 -2.786822915077209473e-01
2.315965443849563599e-01 1.718757450580596924e-01 -2.706429064273834229e-01
2.166066318750381470e-01 1.669401228427886963e-01 -2.618404328823089600e-01
2.018379271030426025e-01 1.607841849327087402e-01 -2.520749866962432861e-01
1.885810494422912598e-01 1.544971913099288940e-01 -2.423329502344131470e-01
1.769311577081680298e-01 1.488306671380996704e-01 -2.327841669321060181e-01
1.671706736087799072e-01 1.435526013374328613e-01 -2.235582321882247925e-01
1.616471558809280396e-01 1.393157839775085449e-01 -2.152958959341049194e-01
1.552210301160812378e-01 1.359480917453765869e-01 -2.068851143121719360e-01
1.488198786973953247e-01 1.329229176044464111e-01 -1.987994760274887085e-01
1.431765705347061157e-01 1.305785477161407471e-01 -1.923058032989501953e-01
1.372940987348556519e-01 1.283413320779800415e-01 -1.855151206254959106e-01
1.312214583158493042e-01 1.261824965476989746e-01 -1.784388720989227295e-01
1.250255405902862549e-01 1.240782365202903748e-01 -1.711179167032241821e-01
1.186809390783309937e-01 1.219860687851905823e-01 -1.634271591901779175e-01
1.122329980134963989e-01 1.198834404349327087e-01 -1.553703993558883667e-01
1.059783399105072021e-01 1.180454492568969727e-01 -1.470655053853988647e-01
1.007653921842575073e-01 1.171608045697212219e-01 -1.385069191455841064e-01
9.591923654079437256e-02 1.162529364228248596e-01 -1.296883970499038696e-01
9.164406359195709229e-02 1.148578673601150513e-01 -1.203308999538421631e-01
8.771625161170959473e-02 1.128979325294494629e-01 -1.100003570318222046e-01
8.349180221557617188e-02 1.087483391165733337e-01 -1.012075990438461304e-01
8.081199228763580322e-02 1.068729162216186523e-01 -9.226776659488677979e-02
7.875876128673553467e-02 1.053579971194267273e-01 -8.315825462341308594e-02
8.189854025840759277e-02 1.047577187418937683e-01 -7.506898045539855957e-02
8.341623842716217041e-02 1.073708310723304749e-01 -7.063356041908264160e-02
7.815296947956085205e-02 1.131821796298027039e-01 -6.851939857006072998e-02
7.766315340995788574e-02 1.172379478812217712e-01 -6.923240423202514648e-02
7.829958200454711914e-02 1.218268796801567078e-01 -7.019151747226715088e-02
7.884599268436431885e-02 1.260891258716583252e-01 -7.066863775253295898e-02
7.435198873281478882e-02 1.308360844850540161e-01 -6.629104912281036377e-02
7.105250656604766846e-02 1.360239684581756592e-01 -6.220441684126853943e-02
6.518141925334930420e-02 1.417645663022994995e-01 -5.729399248957633972e-02
5.937967821955680847e-02 1.506408452987670898e-01 -5.323696509003639221e-02
5.197553709149360657e-02 1.587372422218322754e-01 -4.708257690072059631e-02
4.030249640345573425e-02 1.668159365653991699e-01 -3.895818814635276794e-02
3.065768256783485413e-02 1.747989356517791748e-01 -3.207977488636970520e-02
2.448829635977745056e-02 1.820464432239532471e-01 -2.662876993417739868e-02
2.074045315384864807e-02 1.894412338733673096e-01 -2.250061184167861938e-02
1.992614194750785828e-02 1.964777708053588867e-01 -1.989773288369178772e-02
2.422270551323890686e-02 2.002165019512176514e-01 -1.997997984290122986e-02
3.142904117703437805e-02 2.049614787101745605e-01 -1.827613636851310730e-02
4.009075090289115906e-02 2.101532220840454102e-01 -1.785855367779731750e-02
4.992406442761421204e-02 2.144095301628112793e-01 -1.947616040706634521e-02
6.077430769801139832e-02 2.174252271652221680e-01 -2.321027591824531555e-02
7.253958284854888916e-02 2.205313742160797119e-01 -2.823945134878158569e-02
8.372300863265991211e-02 2.229738235473632812e-01 -3.469913825392723083e-02
9.458148479461669922e-02 2.249254286289215088e-01 -4.240698739886283875e-02
1.058170795440673828e-01 2.267975211143493652e-01 -5.108834430575370789e-02
1.190879046916961670e-01 2.289192676544189453e-01 -5.891133472323417664e-02
1.285315901041030884e-01 2.291721105575561523e-01 -6.713014841079711914e-02
1.364275664091110229e-01 2.291070520877838135e-01 -7.498525083065032959e-02
1.440535038709640503e-01 2.288611531257629395e-01 -8.290576934814453125e-02
1.535150259733200073e-01 2.265913784503936768e-01 -9.172242879867553711e-02
1.635434031486511230e-01 2.228021025657653809e-01 -1.004761755466461182e-01
1.730338186025619507e-01 2.155970335006713867e-01 -1.107587516307830811e-01
1.819497197866439819e-01 2.079125642776489258e-01 -1.210512816905975342e-01
1.886578053236007690e-01 2.019021511077880859e-01 -1.313416659832000732e-01
1.928411871194839478e-01 1.968084871768951416e-01 -1.365445107221603394e-01
1.963382214307785034e-01 1.893120110034942627e-01 -1.393157839775085449e-01
1.991179734468460083e-01 1.810570657253265381e-01 -1.408993899822235107e-01
1.996396034955978394e-01 1.729817688465118408e-01 -1.409337818622589111e-01
1.963048279285430908e-01 1.653218269348144531e-01 -1.387691497802734375e-01
1.922340542078018188e-01 1.583535373210906982e-01 -1.361346542835235596e-01
1.879039853811264038e-01 1.514792740345001221e-01 -1.329826265573501587e-01
1.833228468894958496e-01 1.446857750415802002e-01 -1.292945742607116699e-01
1.778498291969299316e-01 1.378327459096908569e-01 -1.250670999288558960e-01
1.672888398170471191e-01 1.354368776082992554e-01 -1.214935183525085449e-01
1.568576544523239136e-01 1.326471269130706787e-01 -1.176400184631347656e-01
1.466566324234008789e-01 1.272930800914764404e-01 -1.145971864461898804e-01
1.367247700691223145e-01 1.217713579535484314e-01 -1.110937446355819702e-01
1.262605488300323486e-01 1.176365241408348083e-01 -1.066683530807495117e-01
1.157884150743484497e-01 1.137144938111305237e-01 -1.018231660127639771e-01
1.054787188768386841e-01 1.098689734935760498e-01 -9.651914238929748535e-02
9.539146721363067627e-02 1.061386466026306152e-01 -9.081409871578216553e-02
8.809931576251983643e-02 1.028760969638824463e-01 -8.536989986896514893e-02
8.280733227729797363e-02 9.999677538871765137e-02 -8.018440008163452148e-02
7.793065905570983887e-02 9.722852706909179688e-02 -7.453033328056335449e-02
7.304167002439498901e-02 9.514684975147247314e-02 -6.773069500923156738e-02
6.718622148036956787e-02 9.499139338731765747e-02 -6.216133013367652893e-02
6.077824532985687256e-02 9.576468169689178467e-02 -5.733569338917732239e-02
5.698290094733238220e-02 9.531798958778381348e-02 -5.204017087817192078e-02
5.281322076916694641e-02 9.521578252315521240e-02 -4.641467705368995667e-02
4.990604519844055176e-02 9.396896511316299438e-02 -3.999700769782066345e-02
4.676410183310508728e-02 9.510192275047302246e-02 -3.504296019673347473e-02
4.295347258448600769e-02 9.755814075469970703e-02 -3.054949268698692322e-02
3.848120197653770447e-02 1.009077429771423340e-01 -2.619759738445281982e-02
3.310764953494071960e-02 1.040953695774078369e-01 -2.147840335965156555e-02
2.698444202542304993e-02 1.078573688864707947e-01 -1.680931448936462402e-02
2.021536976099014282e-02 1.126285046339035034e-01 -1.244808360934257507e-02
1.280626654624938965e-02 1.184078529477119446e-01 -8.439201861619949341e-03
3.838624805212020874e-03 1.230909749865531921e-01 -4.648152738809585571e-03
-5.365606397390365601e-03 1.281755566596984863e-01 -1.384373754262924194e-03
-1.033620163798332214e-02 1.344267725944519043e-01 8.129402995109558105e-04
-1.590536162257194519e-02 1.415418684482574463e-01 2.834776416420936584e-03
-2.163601666688919067e-02 1.494553685188293457e-01 4.103526473045349121e-03
-2.731832116842269897e-02 1.580539047718048096e-01 4.740208387374877930e-03
-3.261803090572357178e-02 1.646808385848999023e-01 5.672138184309005737e-03
-3.660829737782478333e-02 1.689742207527160645e-01 6.150603294372558594e-03
-4.111056029796600342e-02 1.684159338474273682e-01 1.096499338746070862e-02
-4.574213176965713501e-02 1.676021814346313477e-01 1.589938625693321228e-02
-5.138976499438285828e-02 1.651016771793365479e-01 1.893074437975883484e-02
-5.742510780692100525e-02 1.617696583271026611e-01 2.301775291562080383e-02
-5.930505320429801941e-02 1.591256856918334961e-01 2.691655606031417847e-02
-6.176494434475898743e-02 1.588482558727264404e-01 2.586023882031440735e-02
-6.412918865680694580e-02 1.587702035903930664e-01 2.459215931594371796e-02
-6.633931398391723633e-02 1.588946878910064697e-01 2.306307666003704071e-02
-6.836435198783874512e-02 1.599844098091125488e-01 2.247690968215465546e-02
-7.017859816551208496e-02 1.621255576610565186e-01 2.381758950650691986e-02
-7.178963720798492432e-02 1.640935838222503662e-01 2.554511092603206635e-02
-7.429835200309753418e-02 1.654239594936370850e-01 2.747425623238086700e-02
-7.837606966495513916e-02 1.654556393623352051e-01 2.963479980826377869e-02
-8.213903009891510010e-02 1.656362712383270264e-01 3.144848346710205078e-02
-8.559490740299224854e-02 1.659721434116363525e-01 3.297622874379158020e-02
-8.873945474624633789e-02 1.664513349533081055e-01 3.422069922089576721e-02
-9.233452379703521729e-02 1.671687662601470947e-01 3.727833181619644165e-02
-9.637475013732910156e-02 1.715732514858245850e-01 4.167041182518005371e-02
-1.008102595806121826e-01 1.755004227161407471e-01 4.792738705873489380e-02
-1.061037331819534302e-01 1.785712838172912598e-01 5.473143607378005981e-02
-1.115214824676513672e-01 1.818847060203552246e-01 6.161700189113616943e-02
-1.173727810382843018e-01 1.856422722339630127e-01 6.891995668411254883e-02
-1.220577210187911987e-01 1.901142597198486328e-01 7.255977392196655273e-02
-1.250856369733810425e-01 1.945679783821105957e-01 7.543994486331939697e-02
-1.272312402725219727e-01 1.997056901454925537e-01 7.845561206340789795e-02
-1.293291449546813965e-01 2.049558758735656738e-01 8.140902221202850342e-02
-1.316555589437484741e-01 2.109790444374084473e-01 8.438174426555633545e-02
-1.338420808315277100e-01 2.165733575820922852e-01 8.720422536134719849e-02
-1.359108686447143555e-01 2.217582166194915771e-01 8.987747132778167725e-02
-1.378823369741439819e-01 2.265529334545135498e-01 9.240382909774780273e-02
-1.397751718759536743e-01 2.309758067131042480e-01 9.478673338890075684e-02
-1.416054219007492065e-01 2.350440323352813721e-01 9.703058004379272461e-02
-1.422235518693923950e-01 2.382118701934814453e-01 9.913612902164459229e-02
-1.418159753084182739e-01 2.405782341957092285e-01 1.011094599962234497e-01
-1.414019465446472168e-01 2.428033947944641113e-01 1.029699593782424927e-01
-1.411337554454803467e-01 2.448291182518005371e-01 1.047076135873794556e-01
-1.410267949104309082e-01 2.466629147529602051e-01 1.063256561756134033e-01
-1.411291360855102539e-01 2.483130097389221191e-01 1.078400909900665283e-01
-1.408572196960449219e-01 2.494733333587646484e-01 1.096626818180084229e-01
-1.405062824487686157e-01 2.501846551895141602e-01 1.113785654306411743e-01
-1.403200477361679077e-01 2.506962418556213379e-01 1.130318343639373779e-01
-1.403013616800308228e-01 2.510132193565368652e-01 1.146218329668045044e-01
-1.404506713151931763e-01 2.511398792266845703e-01 1.161471307277679443e-01
-1.407010853290557861e-01 2.494693994522094727e-01 1.172149032354354858e-01
-1.410956233739852905e-01 2.471404373645782471e-01 1.180979460477828979e-01
-1.416523903608322144e-01 2.447068691253662109e-01 1.189263015985488892e-01
-1.423665434122085571e-01 2.421880960464477539e-01 1.197003871202468872e-01
-1.421429514884948730e-01 2.391333878040313721e-01 1.203978359699249268e-01
-1.404510289430618286e-01 2.358714044094085693e-01 1.196327805519104004e-01
-1.387702971696853638e-01 2.329198420047760010e-01 1.177859306335449219e-01
-1.374297291040420532e-01 2.298984229564666748e-01 1.162425875663757324e-01
-1.364302486181259155e-01 2.268267571926116943e-01 1.149957478046417236e-01
-1.357681751251220703e-01 2.237247526645660400e-01 1.140313893556594849e-01
-1.357677429914474487e-01 2.206783294677734375e-01 1.128616631031036377e-01
-1.362351179122924805e-01 2.176757454872131348e-01 1.116472333669662476e-01
-1.360731571912765503e-01 2.150420844554901123e-01 1.100332736968994141e-01
-1.360824257135391235e-01 2.130559086799621582e-01 1.081882864236831665e-01
-1.364679783582687378e-01 2.118355035781860352e-01 1.059670597314834595e-01
-1.370960325002670288e-01 2.106820046901702881e-01 1.037978827953338623e-01
-1.379371732473373413e-01 2.096003592014312744e-01 1.016653925180435181e-01
-1.399372667074203491e-01 2.094389498233795166e-01 9.985424578189849854e-02
-1.420250385999679565e-01 2.093095779418945312e-01 9.803098440170288086e-02
-1.441585570573806763e-01 2.092128098011016846e-01 9.618048369884490967e-02
-1.462940424680709839e-01 2.091485857963562012e-01 9.428782761096954346e-02
-1.483869403600692749e-01 2.091163694858551025e-01 9.234037995338439941e-02
-1.503914892673492432e-01 2.091149985790252686e-01 9.032739698886871338e-02
-1.517706513404846191e-01 2.092044353485107422e-01 8.818751573562622070e-02
-1.516597121953964233e-01 2.094852030277252197e-01 8.582739531993865967e-02
-1.512703448534011841e-01 2.097934782505035400e-01 8.337629586458206177e-02
-1.505818814039230347e-01 2.101208567619323730e-01 8.083516359329223633e-02
-1.495778262615203857e-01 2.104572951793670654e-01 7.820780575275421143e-02
-1.482460349798202515e-01 2.107913196086883545e-01 7.550078630447387695e-02
-1.465732604265213013e-01 2.111113965511322021e-01 7.273253798484802246e-02
-1.440577507019042969e-01 2.115370333194732666e-01 7.014253735542297363e-02
-1.402411162853240967e-01 2.121565639972686768e-01 6.663434207439422607e-02
-1.358874291181564331e-01 2.127488255500793457e-01 6.218945980072021484e-02
-1.313357353210449219e-01 2.132274210453033447e-01 5.752221867442131042e-02
-1.266287416219711304e-01 2.135685980319976807e-01 5.267001688480377197e-02
-1.218111664056777954e-01 2.137497067451477051e-01 4.767407476902008057e-02
-1.169283241033554077e-01 2.137497365474700928e-01 4.257882386445999146e-02
-1.120250672101974487e-01 2.135498225688934326e-01 3.742993623018264771e-02
-1.071441471576690674e-01 2.131336927413940430e-01 3.227401524782180786e-02
-1.023253053426742554e-01 2.124888002872467041e-01 2.715649269521236420e-02
-9.720456600189208984e-02 2.117177248001098633e-01 2.225473150610923767e-02
-9.096305072307586670e-02 2.110529243946075439e-01 1.789205707609653473e-02
-8.457592129707336426e-02 2.102313935756683350e-01 1.379216462373733521e-02
-7.807721197605133057e-02 2.092556357383728027e-01 9.984938427805900574e-03
-7.150119543075561523e-02 2.081314027309417725e-01 6.492499262094497681e-03
-6.522707641124725342e-02 2.069843411445617676e-01 2.911448478698730469e-03
-5.998142436146736145e-02 2.060607671737670898e-01 -1.593645662069320679e-03
-5.481587722897529602e-02 2.050442099571228027e-01 -5.815122276544570923e-03
-4.975476488471031189e-02 2.039497494697570801e-01 -9.739678353071212769e-03
-4.482207074761390686e-02 2.027943730354309082e-01 -1.335797831416130066e-02
-4.023127630352973938e-02 2.016656696796417236e-01 -1.644346490502357483e-02
-3.701965138316154480e-02 2.009513080120086670e-01 -1.780782267451286316e-02
-3.359740599989891052e-02 2.005303800106048584e-01 -1.778086274862289429e-02
-3.020790591835975647e-02 2.001943886280059814e-01 -1.720434054732322693e-02
-2.698001638054847717e-02 1.998484134674072266e-01 -1.650986447930335999e-02
-2.395361289381980896e-02 1.990035176277160645e-01 -1.600544527173042297e-02
-2.114939317107200623e-02 1.976437866687774658e-01 -1.574283838272094727e-02
-1.855600252747535706e-02 1.965115964412689209e-01 -1.536197960376739502e-02
-1.638677343726158142e-02 1.947228908538818359e-01 -1.366246491670608521e-02
-1.445984467864036560e-02 1.933270692825317383e-01 -1.205069199204444885e-02
-1.289524510502815247e-02 1.923342645168304443e-01 -1.052149757742881775e-02
-1.151591166853904724e-02 1.918355524539947510e-01 -9.219679981470108032e-03
-1.033141836524009705e-02 1.918432116508483887e-01 -8.161377161741256714e-03
-9.349312633275985718e-03 1.923620402812957764e-01 -7.354665547609329224e-03
-8.575137704610824585e-03 1.933892369270324707e-01 -6.799902766942977905e-03
-8.012216538190841675e-03 1.949147880077362061e-01 -6.490215659141540527e-03
-7.660862058401107788e-03 1.969223916530609131e-01 -6.412491202354431152e-03
-7.528048008680343628e-03 1.991741657257080078e-01 -6.663985550403594971e-03
-7.686529308557510376e-03 1.997795104980468750e-01 -8.225597441196441650e-03
-8.213046938180923462e-03 2.003502547740936279e-01 -1.005137339234352112e-02
-9.060855954885482788e-03 2.009558975696563721e-01 -1.118015125393867493e-02
-1.018804684281349182e-02 2.015987336635589600e-01 -1.171319186687469482e-02
-1.150752231478691101e-02 2.022820413112640381e-01 -1.231578364968299866e-02
-1.427787169814109802e-02 2.032464742660522461e-01 -1.222771033644676208e-02
-1.758919283747673035e-02 2.043190598487854004e-01 -1.194189861416816711e-02
-2.091623470187187195e-02 2.054228186607360840e-01 -1.171443238854408264e-02
-2.430768683552742004e-02 2.065364718437194824e-01 -1.150386035442352295e-02
-2.771436050534248352e-02 2.076469659805297852e-01 -1.130905747413635254e-02
-3.108957782387733459e-02 2.087417542934417725e-01 -1.112946122884750366e-02
-3.429227694869041443e-02 2.099046409130096436e-01 -1.061600819230079651e-02
-3.870956227183341980e-02 2.118135988712310791e-01 -1.180240884423255920e-02
-4.319472983479499817e-02 2.136793136596679688e-01 -1.369237154722213745e-02
-4.582333937287330627e-02 2.159000635147094727e-01 -1.490355655550956726e-02
-4.684952273964881897e-02 2.183842957019805908e-01 -1.552317291498184204e-02
-4.775372520089149475e-02 2.207033038139343262e-01 -1.604613661766052246e-02
-4.823334142565727234e-02 2.229082584381103516e-01 -1.715025678277015686e-02
-4.841095581650733948e-02 2.249651849269866943e-01 -1.855039596557617188e-02
-4.849081113934516907e-02 2.268261015415191650e-01 -1.978015899658203125e-02
-4.847513511776924133e-02 2.284895181655883789e-01 -2.084027230739593506e-02
-4.836695268750190735e-02 2.299565672874450684e-01 -2.173409983515739441e-02
-4.814693704247474670e-02 2.310976386070251465e-01 -2.268219739198684692e-02
-4.775032028555870056e-02 2.316749989986419678e-01 -2.403146773576736450e-02
-4.727395996451377869e-02 2.321267724037170410e-01 -2.514186874032020569e-02
-4.709758237004280090e-02 2.322970032691955566e-01 -2.588205412030220032e-02
-4.699967429041862488e-02 2.323206663131713867e-01 -2.633150666952133179e-02
-4.681680724024772644e-02 2.322971820831298828e-01 -2.655950933694839478e-02
-4.654989019036293030e-02 2.322264015674591064e-01 -2.660199254751205444e-02
-4.619913920760154724e-02 2.321087121963500977e-01 -2.649573609232902527e-02
-4.576536640524864197e-02 2.319450974464416504e-01 -2.627717703580856323e-02
-4.522415623068809509e-02 2.317058742046356201e-01 -2.606135606765747070e-02
-4.446802660822868347e-02 2.312538623809814453e-01 -2.623471990227699280e-02
-4.361355677247047424e-02 2.307367920875549316e-01 -2.646166831254959106e-02
-4.266832396388053894e-02 2.301617860794067383e-01 -2.676002681255340576e-02
-4.164246842265129089e-02 2.295367717742919922e-01 -2.714308351278305054e-02
-4.043153300881385803e-02 2.287856042385101318e-01 -2.713515982031822205e-02
-3.911862149834632874e-02 2.279655933380126953e-01 -2.701441571116447449e-02
-3.776512667536735535e-02 2.271168828010559082e-01 -2.695670723915100098e-02
-3.639360889792442322e-02 2.262492775917053223e-01 -2.695519477128982544e-02
-3.503018990159034729e-02 2.253732979297637939e-01 -2.699860557913780212e-02
-3.370358422398567200e-02 2.244996726512908936e-01 -2.707237377762794495e-02
-3.244549408555030823e-02 2.236394584178924561e-01 -2.715795859694480896e-02
-3.167170658707618713e-02 2.230779230594635010e-01 -2.673178911209106445e-02
-3.107350692152976990e-02 2.225803136825561523e-01 -2.622229605913162231e-02
-3.056965395808219910e-02 2.221469581127166748e-01 -2.530045434832572937e-02
-3.024460747838020325e-02 2.217592895030975342e-01 -2.428712323307991028e-02
-3.013838455080986023e-02 2.214214801788330078e-01 -2.321996912360191345e-02
-3.028019890189170837e-02 2.211414277553558350e-01 -2.208450064063072205e-02
-3.069687262177467346e-02 2.209271192550659180e-01 -2.086605876684188843e-02
-3.116158023476600647e-02 2.208551466464996338e-01 -1.946967840194702148e-02
-3.172050788998603821e-02 2.209243476390838623e-01 -1.789447665214538574e-02
-3.262348845601081848e-02 2.210744619369506836e-01 -1.621173694729804993e-02
-3.387831524014472961e-02 2.213094532489776611e-01 -1.441833004355430603e-02
-3.548685088753700256e-02 2.216319143772125244e-01 -1.251522824168205261e-02
-3.744474425911903381e-02 2.220425903797149658e-01 -1.050790771842002869e-02
-3.974025323987007141e-02 2.225400209426879883e-01 -8.407887071371078491e-03
-4.235523566603660583e-02 2.231211066246032715e-01 -6.230924278497695923e-03
-4.538536444306373596e-02 2.237060964107513428e-01 -3.973387181758880615e-03
-4.884628579020500183e-02 2.242582440376281738e-01 -1.651752740144729614e-03
-5.077948793768882751e-02 2.244186401367187500e-01 -5.605891346931457520e-04
-5.200520530343055725e-02 2.244901359081268311e-01 -2.032890915870666504e-05
-5.238575115799903870e-02 2.247472107410430908e-01 2.671517431735992432e-04
-5.302926525473594666e-02 2.250674366950988770e-01 5.388520658016204834e-04
-5.389583483338356018e-02 2.254381477832794189e-01 7.610134780406951904e-04
-5.524084344506263733e-02 2.257400453090667725e-01 1.251306384801864624e-03
-5.683932080864906311e-02 2.260188162326812744e-01 1.764290034770965576e-03
-5.852737650275230408e-02 2.262967228889465332e-01 2.128822728991508484e-03
-6.024433299899101257e-02 2.265589535236358643e-01 2.298088744282722473e-03
-6.193024292588233948e-02 2.267900407314300537e-01 2.226727083325386047e-03
-6.352747976779937744e-02 2.269752919673919678e-01 1.872245222330093384e-03
-6.498110294342041016e-02 2.271004021167755127e-01 1.196280121803283691e-03
-6.624196469783782959e-02 2.271521389484405518e-01 1.655369997024536133e-04
-6.726731359958648682e-02 2.271188795566558838e-01 -1.246344298124313354e-03
-6.802169978618621826e-02 2.269906401634216309e-01 -3.058742731809616089e-03
-6.847754120826721191e-02 2.267596125602722168e-01 -5.283117294311523438e-03
-6.861594319343566895e-02 2.264198362827301025e-01 -7.922369986772537231e-03
-6.842689216136932373e-02 2.259680628776550293e-01 -1.097073033452033997e-02
-6.752912700176239014e-02 2.255085706710815430e-01 -1.428827643394470215e-02
-6.582172214984893799e-02 2.250722050666809082e-01 -1.781706511974334717e-02
-6.383603811264038086e-02 2.245184481143951416e-01 -2.169900387525558472e-02
-6.160373613238334656e-02 2.238492667675018311e-01 -2.590186893939971924e-02
-5.916123464703559875e-02 2.230689525604248047e-01 -3.038675710558891296e-02
-5.654713138937950134e-02 2.221839129924774170e-01 -3.511017188429832458e-02
-5.380153283476829529e-02 2.212019860744476318e-01 -4.002499952912330627e-02
-5.175261572003364563e-02 2.202336788177490234e-01 -4.424564912915229797e-02
-5.008174106478691101e-02 2.192439734935760498e-01 -4.810131713747978210e-02
-4.802000895142555237e-02 2.185688018798828125e-01 -5.060958489775657654e-02
-4.579087719321250916e-02 2.180259525775909424e-01 -5.243439599871635437e-02
-4.359269514679908752e-02 2.174547314643859863e-01 -5.416393652558326721e-02
-4.145306721329689026e-02 2.168599367141723633e-01 -5.578848347067832947e-02
-3.939474746584892273e-02 2.162459790706634521e-01 -5.730266496539115906e-02
-3.743639960885047913e-02 2.156172692775726318e-01 -5.870435014367103577e-02
-3.559194132685661316e-02 2.149782478809356689e-01 -5.999520048499107361e-02
-3.387005999684333801e-02 2.143326997756958008e-01 -6.118030473589897156e-02
-3.227468207478523254e-02 2.136848270893096924e-01 -6.226805970072746277e-02
-3.080478683114051819e-02 2.130382657051086426e-01 -6.326963007450103760e-02
-3.013582900166511536e-02 2.119085788726806641e-01 -6.357072293758392334e-02
-3.002458438277244568e-02 2.104661166667938232e-01 -6.340193748474121094e-02
-2.993838861584663391e-02 2.090843617916107178e-01 -6.325815618038177490e-02
-2.985591068863868713e-02 2.077683508396148682e-01 -6.316089630126953125e-02
-2.981299534440040588e-02 2.065772712230682373e-01 -6.305831670761108398e-02
-3.001793846487998962e-02 2.057377696037292480e-01 -6.268055737018585205e-02
-3.015549108386039734e-02 2.049606144428253174e-01 -6.240918859839439392e-02
-3.020272776484489441e-02 2.042397558689117432e-01 -6.225970014929771423e-02
-3.013838455080986023e-02 2.035673260688781738e-01 -6.224412843585014343e-02
-2.994472905993461609e-02 2.029345929622650146e-01 -6.236967071890830994e-02
-2.960708364844322205e-02 2.023313343524932861e-01 -6.263886392116546631e-02
