7.192084193229675293e-01 5.655183792114257812e-01 -4.232625365257263184e-01
6.642165780067443848e-01 5.272300839424133301e-01 -3.703047037124633789e-01
7.138233780860900879e-01 5.588138103485107422e-01 -4.133199453353881836e-01
6.639674305915832520e-01 5.174612402915954590e-01 -3.546133041381835938e-01
7.522725462913513184e-01 5.995544195175170898e-01 -4.722282886505126953e-01
7.327110171318054199e-01 5.776346921920776367e-01 -4.401566982269287109e-01
6.889819502830505371e-01 5.377830266952514648e-01 -3.830754756927490234e-01
7.219852805137634277e-01 5.728515386581420898e-01 -4.342173337936401367e-01
6.492509841918945312e-01 5.049536228179931641e-01 -3.362790346145629883e-01
6.206824779510498047e-01 4.784931540489196777e-01 -2.983720898628234863e-01
6.873873472213745117e-01 5.416864156723022461e-01 -3.892277479171752930e-01
6.885663866996765137e-01 5.377777814865112305e-01 -3.831756114959716797e-01
6.365683078765869141e-01 4.926476180553436279e-01 -3.190474510192871094e-01
6.973770260810852051e-01 5.644492506980895996e-01 -4.245534539222717285e-01
7.212572097778320312e-01 5.659912228584289551e-01 -4.232506752014160156e-01
6.747887134552001953e-01 5.264853239059448242e-01 -3.670461773872375488e-01
6.674315929412841797e-01 5.173871517181396484e-01 -3.538654446601867676e-01
6.730493903160095215e-01 5.236114859580993652e-01 -3.627833127975463867e-01
6.759517192840576172e-01 5.262584686279296875e-01 -3.670051097869873047e-01
6.186605095863342285e-01 4.762561917304992676e-01 -2.953395843505859375e-01
5.501244664192199707e-01 4.166153371334075928e-01 -2.107987850904464722e-01
5.970324873924255371e-01 4.564661979675292969e-01 -2.673520445823669434e-01
6.119565963745117188e-01 4.724062383174896240e-01 -2.904708981513977051e-01
5.704205036163330078e-01 4.357363879680633545e-01 -2.382099479436874390e-01
5.756521821022033691e-01 4.374844431877136230e-01 -2.403178662061691284e-01
5.695763230323791504e-01 4.322821497917175293e-01 -2.329209893941879272e-01
5.755433440208435059e-01 4.383638501167297363e-01 -2.416750341653823853e-01
5.720537900924682617e-01 4.338062405586242676e-01 -2.349780052900314331e-01
5.638257265090942383e-01 4.277393221855163574e-01 -2.264382392168045044e-01
5.690016150474548340e-01 4.304061233997344971e-01 -2.299176901578903198e-01
5.575755834579467773e-01 4.213486313819885254e-01 -2.171695679426193237e-01
5.365437865257263184e-01 4.043847322463989258e-01 -1.929385811090469360e-01
5.340964198112487793e-01 4.007921218872070312e-01 -1.877470165491104126e-01
5.621472597122192383e-01 4.284892380237579346e-01 -2.274136692285537720e-01
4.862200319766998291e-01 3.596068918704986572e-01 -1.292434483766555786e-01
4.933493435382843018e-01 3.681420385837554932e-01 -1.417244821786880493e-01
4.661640226840972900e-01 3.429853916168212891e-01 -1.055027395486831665e-01
4.580628573894500732e-01 3.368562757968902588e-01 -9.730379283428192139e-02
4.831108748912811279e-01 3.511864244937896729e-01 -1.158105283975601196e-01
4.866459965705871582e-01 3.549150824546813965e-01 -1.213187426328659058e-01
4.786902368068695068e-01 3.501310050487518311e-01 -1.151434332132339478e-01
5.077069997787475586e-01 3.823988437652587891e-01 -1.619863063097000122e-01
5.274624228477478027e-01 3.864954710006713867e-01 -1.653190404176712036e-01
4.749555289745330811e-01 3.435386419296264648e-01 -1.051097363233566284e-01
4.717151224613189697e-01 3.463206887245178223e-01 -1.101813763380050659e-01
4.439088702201843262e-01 3.214291930198669434e-01 -7.460187375545501709e-02
4.162486195564270020e-01 2.983373999595642090e-01 -4.202203452587127686e-02
4.692226052284240723e-01 3.457742631435394287e-01 -1.095027178525924683e-01
4.233622550964355469e-01 3.048951923847198486e-01 -5.132035911083221436e-02
4.010519981384277344e-01 2.852754890918731689e-01 -2.347375452518463135e-02
3.835739493370056152e-01 2.696294784545898438e-01 -1.210883259773254395e-03
3.962426185607910156e-01 2.818222045898437500e-01 -1.869200170040130615e-02
3.916365802288055420e-01 2.767033874988555908e-01 -1.130667328834533691e-02
3.556269109249114990e-01 2.442633211612701416e-01 3.508655726909637451e-02
3.571672439575195312e-01 2.469345629215240479e-01 3.081697225570678711e-02
3.784012198448181152e-01 2.649778723716735840e-01 5.250304937362670898e-03
3.636572659015655518e-01 2.523601651191711426e-01 2.319958806037902832e-02
3.582380414009094238e-01 2.487870454788208008e-01 2.796216309070587158e-02
3.281763494014739990e-01 2.220484912395477295e-01 6.597463786602020264e-02
3.212684392929077148e-01 2.163473665714263916e-01 7.410484552383422852e-02
2.831148803234100342e-01 1.834672689437866211e-01 1.204237490892410278e-01
2.668071985244750977e-01 1.717546880245208740e-01 1.367973536252975464e-01
2.700530588626861572e-01 1.727910935878753662e-01 1.355785280466079712e-01
2.221594452857971191e-01 1.455694735050201416e-01 1.711456775665283203e-01
2.398306429386138916e-01 1.560269445180892944e-01 1.572718322277069092e-01
2.376978099346160889e-01 1.540150940418243408e-01 1.604520380496978760e-01
2.127980589866638184e-01 1.422416269779205322e-01 1.750666201114654541e-01
2.454097568988800049e-02 1.378667056560516357e-01 1.500458717346191406e-01
6.193301454186439514e-02 1.560120135545730591e-01 1.268949210643768311e-01
1.504452824592590332e-01 1.324549615383148193e-01 1.805850565433502197e-01
-4.422501474618911743e-02 1.550731956958770752e-01 1.107098162174224854e-01
-2.536834776401519775e-01 2.133264541625976562e-01 -1.875190436840057373e-02
-1.856749653816223145e-01 1.958779394626617432e-01 2.086327970027923584e-02
-3.887627124786376953e-01 2.502021193504333496e-01 -1.010995358228683472e-01
-4.233279526233673096e-01 2.605864703655242920e-01 -1.237367838621139526e-01
-4.004328250885009766e-01 2.541656494140625000e-01 -1.094977110624313354e-01
-4.396169483661651611e-01 2.661927640438079834e-01 -1.355810910463333130e-01
-3.691454529762268066e-01 2.462988495826721191e-01 -9.152345359325408936e-02
-4.500327408313751221e-01 2.689030766487121582e-01 -1.417110413312911987e-01
-4.479283392429351807e-01 2.676914632320404053e-01 -1.393764168024063110e-01
-4.535172283649444580e-01 2.698473036289215088e-01 -1.438236981630325317e-01
-4.548079669475555420e-01 2.701214551925659180e-01 -1.444814652204513550e-01
-4.512983858585357666e-01 2.697419822216033936e-01 -1.432971209287643433e-01
-4.365618526935577393e-01 2.660102248191833496e-01 -1.347941011190414429e-01
-4.374274909496307373e-01 2.646333575248718262e-01 -1.326587647199630737e-01
-4.343511164188385010e-01 2.644438743591308594e-01 -1.318569332361221313e-01
-4.355784356594085693e-01 2.657743394374847412e-01 -1.342483907938003540e-01
-4.203573763370513916e-01 2.794635891914367676e-01 -1.537203639745712280e-01
-4.089870750904083252e-01 2.934302687644958496e-01 -1.743230670690536499e-01
-4.016242921352386475e-01 3.031408190727233887e-01 -1.887513250112533569e-01
-3.731976151466369629e-01 3.270384073257446289e-01 -2.224787920713424683e-01
-3.713303804397583008e-01 3.293266892433166504e-01 -2.258680313825607300e-01
-3.693727850914001465e-01 3.310394883155822754e-01 -2.282760590314865112e-01
-3.404735326766967773e-01 3.534249067306518555e-01 -2.597870826721191406e-01
-3.504481613636016846e-01 3.413734734058380127e-01 -2.417186051607131958e-01
-3.260475397109985352e-01 3.643690347671508789e-01 -2.749969363212585449e-01
-3.437136411666870117e-01 3.489070236682891846e-01 -2.527420520782470703e-01
-3.400735557079315186e-01 3.537181019783020020e-01 -2.600086927413940430e-01
-3.412561416625976562e-01 3.537098765373229980e-01 -2.601355910301208496e-01
-3.185913860797882080e-01 3.669633865356445312e-01 -2.782329916954040527e-01
-3.494770228862762451e-01 3.432144522666931152e-01 -2.445777505636215210e-01
-3.401660025119781494e-01 3.551281392574310303e-01 -2.626992464065551758e-01
-3.245263993740081787e-01 3.643379211425781250e-01 -2.748770117759704590e-01
-3.089310228824615479e-01 3.795285522937774658e-01 -2.969250082969665527e-01
-2.754311263561248779e-01 4.104075133800506592e-01 -3.414912819862365723e-01
-2.390692234039306641e-01 4.377090036869049072e-01 -3.797052502632141113e-01
-2.570618093013763428e-01 4.259176254272460938e-01 -3.634353280067443848e-01
-2.219254076480865479e-01 4.490266442298889160e-01 -3.951089978218078613e-01
-2.110710442066192627e-01 4.616320133209228516e-01 -4.138886928558349609e-01
-2.991160452365875244e-01 3.902870714664459229e-01 -3.128370046615600586e-01
-2.706923484802246094e-01 4.111710786819458008e-01 -3.419814705848693848e-01
-1.927712261676788330e-01 4.738202691078186035e-01 -4.309052228927612305e-01
-1.983265578746795654e-01 4.681947827339172363e-01 -4.224356412887573242e-01
-1.496860682964324951e-01 5.092824697494506836e-01 -4.812424182891845703e-01
-1.696832776069641113e-01 4.961111843585968018e-01 -4.630791544914245605e-01
-1.155278757214546204e-01 5.399878621101379395e-01 -5.253388285636901855e-01
-1.386348307132720947e-01 5.308709740638732910e-01 -5.144844651222229004e-01
-8.920305222272872925e-02 5.745386481285095215e-01 -5.768715143203735352e-01
-7.900158315896987915e-02 5.822988152503967285e-01 -5.878932476043701172e-01
-4.846582561731338501e-02 6.091354489326477051e-01 -6.261199116706848145e-01
-6.724303215742111206e-02 5.941898822784423828e-01 -6.050541400909423828e-01
-5.843830853700637817e-02 6.005293130874633789e-01 -6.137723326683044434e-01
-5.350103229284286499e-02 6.017297506332397461e-01 -6.149996519088745117e-01
-3.139737993478775024e-02 6.220853328704833984e-01 -6.443470120429992676e-01
-2.196262031793594360e-02 6.285242438316345215e-01 -6.531888842582702637e-01
1.858463138341903687e-02 6.649785041809082031e-01 -7.055071592330932617e-01
-1.864947378635406494e-02 6.309284567832946777e-01 -6.563901305198669434e-01
2.981847524642944336e-02 6.665555834770202637e-01 -7.059422731399536133e-01
1.896888762712478638e-02 6.510390043258666992e-01 -6.826451420783996582e-01
8.171871304512023926e-04 6.457928419113159180e-01 -6.770475506782531738e-01
-3.048949688673019409e-02 6.227660775184631348e-01 -6.452454328536987305e-01
-1.491282135248184204e-02 6.351383328437805176e-01 -6.630115509033203125e-01
-1.423666626214981079e-02 6.338872909545898438e-01 -6.608299612998962402e-01
4.299830645322799683e-02 6.789349913597106934e-01 -7.238975167274475098e-01
2.250721305608749390e-02 6.642727851867675781e-01 -7.037737965583801270e-01
-1.134924590587615967e-02 6.378623247146606445e-01 -6.666146516799926758e-01
1.154514402151107788e-02 6.583845019340515137e-01 -6.959599256515502930e-01
3.418482840061187744e-03 6.524182558059692383e-01 -6.881201863288879395e-01
-1.817074418067932129e-02 6.424987912178039551e-01 -6.756889820098876953e-01
2.725161612033843994e-03 6.490694880485534668e-01 -6.830370426177978516e-01
7.866322994232177734e-05 6.526334285736083984e-01 -6.890157461166381836e-01
-2.969088405370712280e-02 6.248308420181274414e-01 -6.492730975151062012e-01
-4.499517381191253662e-03 6.087008714675903320e-01 -6.195750832557678223e-01
3.712102770805358887e-04 6.555672287940979004e-01 -6.937792301177978516e-01
5.885545909404754639e-02 7.016049027442932129e-01 -7.583895921707153320e-01
4.303291440010070801e-03 6.587969064712524414e-01 -6.984864473342895508e-01
4.143613949418067932e-02 6.890429854393005371e-01 -7.413071393966674805e-01
7.410483062267303467e-02 7.021224498748779297e-01 -7.569579482078552246e-01
1.005183830857276917e-01 7.175827622413635254e-01 -7.772092819213867188e-01
1.788080930709838867e-01 6.897765994071960449e-01 -7.185969948768615723e-01
1.244738548994064331e-01 7.485147118568420410e-01 -8.233405351638793945e-01
6.127824187278747559e-01 4.933086037635803223e-01 -3.249533176422119141e-01
5.673347115516662598e-01 6.170390844345092773e-01 -5.332145690917968750e-01
6.953108906745910645e-01 5.579997897148132324e-01 -4.149592518806457520e-01
6.649860739707946777e-01 5.266656875610351562e-01 -3.694828748703002930e-01
7.350904941558837891e-01 5.787526965141296387e-01 -4.417723417282104492e-01
7.571117281913757324e-01 5.985258221626281738e-01 -4.699922800064086914e-01
7.308174967765808105e-01 5.830731987953186035e-01 -4.497621059417724609e-01
7.470309138298034668e-01 5.909891724586486816e-01 -4.593501091003417969e-01
7.153755426406860352e-01 5.681369304656982422e-01 -4.278582334518432617e-01
6.994192004203796387e-01 5.442110896110534668e-01 -3.917615413665771484e-01
6.929404735565185547e-01 5.397046208381652832e-01 -3.856637477874755859e-01
7.299643158912658691e-01 5.725118517875671387e-01 -4.324845075607299805e-01
7.008010149002075195e-01 5.486719012260437012e-01 -3.990252017974853516e-01
7.206973433494567871e-01 5.655483007431030273e-01 -4.225807785987854004e-01
5.923339128494262695e-01 4.539932012557983398e-01 -2.643851637840270996e-01
6.614069342613220215e-01 5.163814425468444824e-01 -3.534498810768127441e-01
6.569383740425109863e-01 5.109431147575378418e-01 -3.457573652267456055e-01
6.530825495719909668e-01 5.086178183555603027e-01 -3.424524068832397461e-01
6.723834276199340820e-01 5.248435139656066895e-01 -3.653773665428161621e-01
6.550583839416503906e-01 5.096850991249084473e-01 -3.437786102294921875e-01
6.897527575492858887e-01 5.391578078269958496e-01 -3.852862119674682617e-01
6.524104475975036621e-01 5.056081414222717285e-01 -3.374898433685302734e-01
6.434288620948791504e-01 4.966466724872589111e-01 -3.247090578079223633e-01
6.477386355400085449e-01 5.000205636024475098e-01 -3.293471336364746094e-01
5.221241712570190430e-01 5.385994315147399902e-01 -4.140417575836181641e-01
6.109238266944885254e-01 4.736491739749908447e-01 -2.931808233261108398e-01
6.068276762962341309e-01 4.828403890132904053e-01 -3.087258934974670410e-01
6.818285584449768066e-01 5.311253666877746582e-01 -3.737927675247192383e-01
6.674268841743469238e-01 5.185188651084899902e-01 -3.559247851371765137e-01
2.367589771747589111e-01 7.326700687408447266e-01 -7.783892154693603516e-01
6.402391195297241211e-01 4.989650547504425049e-01 -3.290421366691589355e-01
6.547732353210449219e-01 5.112108588218688965e-01 -3.461354970932006836e-01
8.838701993227005005e-02 7.146258950233459473e-01 -7.749892473220825195e-01
6.554508209228515625e-01 5.093958973884582520e-01 -3.431593179702758789e-01
6.056057810783386230e-01 5.622276067733764648e-01 -4.377002716064453125e-01
6.669656038284301758e-01 5.176749229431152344e-01 -3.547075390815734863e-01
4.843955636024475098e-01 5.684213042259216309e-01 -4.693270325660705566e-01
6.846067309379577637e-01 5.330824255943298340e-01 -3.763721585273742676e-01
5.315195918083190918e-01 5.469982624053955078e-01 -4.264503717422485352e-01
6.316741108894348145e-01 4.900691211223602295e-01 -3.156070709228515625e-01
6.526197195053100586e-01 5.060622096061706543e-01 -3.380357027053833008e-01
6.006615757942199707e-01 4.629468619823455811e-01 -2.769514322280883789e-01
6.826553940773010254e-01 5.323386192321777344e-01 -3.754618167877197266e-01
6.248834729194641113e-01 4.829857945442199707e-01 -3.054506778717041016e-01
6.382030248641967773e-01 4.960629940032958984e-01 -3.240963816642761230e-01
5.986683964729309082e-01 4.598674178123474121e-01 -2.724852561950683594e-01
5.993452668190002441e-01 4.579835534095764160e-01 -2.695031762123107910e-01
6.264702677726745605e-01 4.832986593246459961e-01 -3.056707978248596191e-01
6.410372853279113770e-01 4.949082732200622559e-01 -3.221404552459716797e-01
5.524291396141052246e-01 4.158383607864379883e-01 -2.093673199415206909e-01
5.808913707733154297e-01 4.428723156452178955e-01 -2.481383830308914185e-01
5.327567458152770996e-01 4.003436565399169922e-01 -1.873893886804580688e-01
5.920599102973937988e-01 4.538612067699432373e-01 -2.637811899185180664e-01
6.150619983673095703e-01 4.731703698635101318e-01 -2.910447716712951660e-01
6.439595222473144531e-01 4.976170063018798828e-01 -3.256974220275878906e-01
6.320518255233764648e-01 4.900666475296020508e-01 -3.157617449760437012e-01
6.866253614425659180e-01 5.358002781867980957e-01 -3.801808357238769531e-01
6.297587156295776367e-01 4.867299795150756836e-01 -3.103986978530883789e-01
5.832489132881164551e-01 4.444584846496582031e-01 -2.501724362373352051e-01
5.915267467498779297e-01 4.513265490531921387e-01 -2.601022720336914062e-01
5.930716991424560547e-01 4.525488317012786865e-01 -2.619011998176574707e-01
5.810926556587219238e-01 4.405265450477600098e-01 -2.445118278264999390e-01
5.620204806327819824e-01 4.259535670280456543e-01 -2.237538546323776245e-01
5.728559494018554688e-01 4.377229809761047363e-01 -2.409575730562210083e-01
5.347612500190734863e-01 4.037896096706390381e-01 -1.926461309194564819e-01
5.429120063781738281e-01 4.070770740509033203e-01 -1.969009488821029663e-01
5.201121568679809570e-01 3.875293135643005371e-01 -1.690283268690109253e-01
5.003068447113037109e-01 3.701696395874023438e-01 -1.441436558961868286e-01
4.903681278228759766e-01 3.620989024639129639e-01 -1.326612085103988647e-01
4.696553051471710205e-01 3.417122066020965576e-01 -1.030826419591903687e-01
4.531049430370330811e-01 3.297546505928039551e-01 -8.680067956447601318e-02
4.404343664646148682e-01 3.194499015808105469e-01 -7.230727374553680420e-02
4.568414986133575439e-01 3.331710398197174072e-01 -9.165640175342559814e-02
4.596368372440338135e-01 3.355228900909423828e-01 -9.503360092639923096e-02
4.294646084308624268e-01 3.106868267059326172e-01 -5.980558693408966064e-02
4.089482426643371582e-01 2.921107113361358643e-01 -3.356792032718658447e-02
4.245315194129943848e-01 3.063392639160156250e-01 -5.381257832050323486e-02
3.923147320747375488e-01 2.767090201377868652e-01 -1.158297061920166016e-02
3.905715942382812500e-01 2.758105397224426270e-01 -1.011869311332702637e-02
3.906421065330505371e-01 2.760049700736999512e-01 -1.048254966735839844e-02
3.272028863430023193e-01 2.212406396865844727e-01 6.703777611255645752e-02
3.669288158416748047e-01 2.514569759368896484e-01 2.509783208370208740e-02
3.559640645980834961e-01 2.466616332530975342e-01 3.106762468814849854e-02
3.662315905094146729e-01 2.583424150943756104e-01 1.393361389636993408e-02
3.532063066959381104e-01 2.433783411979675293e-01 3.585807979106903076e-02
3.330058455467224121e-01 2.263028621673583984e-01 6.000073254108428955e-02
3.519928157329559326e-01 2.419223785400390625e-01 3.812719881534576416e-02
3.583839833736419678e-01 2.471421658992767334e-01 3.089670836925506592e-02
3.514403402805328369e-01 2.369079291820526123e-01 4.622456431388854980e-02
2.969069480895996094e-01 1.922617256641387939e-01 1.089558899402618408e-01
2.731240987777709961e-01 1.745600402355194092e-01 1.333689242601394653e-01
2.597038745880126953e-01 1.698817312717437744e-01 1.386535316705703735e-01
2.353175282478332520e-01 1.534896790981292725e-01 1.610750108957290649e-01
2.409361600875854492e-01 1.579273343086242676e-01 1.546268463134765625e-01
1.466261446475982666e-01 1.491074413061141968e-01 1.524249762296676636e-01
2.314998209476470947e-01 1.518120914697647095e-01 1.626783907413482666e-01
2.197094261646270752e-01 1.475632488727569580e-01 1.678224354982376099e-01
1.763889491558074951e-01 1.613340973854064941e-01 1.374599188566207886e-01
8.409641683101654053e-03 1.534105837345123291e-01 1.221811994910240173e-01
-2.342585921287536621e-01 2.070241123437881470e-01 -5.260050296783447266e-03
-2.829997241497039795e-01 2.217358648777008057e-01 -3.729452192783355713e-02
-5.269370228052139282e-02 1.571922004222869873e-01 1.058655008673667908e-01
-3.680631220340728760e-01 2.457115352153778076e-01 -9.039591252803802490e-02
-3.602059185504913330e-01 2.431820631027221680e-01 -8.497123420238494873e-02
-3.874987065792083740e-01 2.520641088485717773e-01 -1.039723604917526245e-01
-3.695943951606750488e-01 3.191202580928802490e-01 -2.098636776208877563e-01
-4.033193290233612061e-01 2.828279137611389160e-01 -1.563065201044082642e-01
-2.077365815639495850e-01 4.586072266101837158e-01 -4.083103537559509277e-01
-3.402675092220306396e-01 3.473640084266662598e-01 -2.502252459526062012e-01
-9.377210587263107300e-02 5.682529807090759277e-01 -5.670586228370666504e-01
-6.616324186325073242e-03 6.514934301376342773e-01 -6.882115602493286133e-01
-1.344506740570068359e-01 5.239822268486022949e-01 -5.019380450248718262e-01
1.028955727815628052e-02 6.354451775550842285e-01 -6.593643426895141602e-01
1.197599619626998901e-01 7.367284893989562988e-01 -8.038045167922973633e-01
8.658785372972488403e-02 7.174352407455444336e-01 -7.792558670043945312e-01
7.479946017265319824e-01 5.922890901565551758e-01 -4.615280628204345703e-01
3.867460489273071289e-01 7.351967692375183105e-01 -7.559355497360229492e-01
9.314180165529251099e-02 7.324109077453613281e-01 -8.020210862159729004e-01
6.927643716335296631e-02 7.128652930259704590e-01 -7.742636203765869141e-01
2.213645279407501221e-01 7.299754023551940918e-01 -7.758912444114685059e-01
6.361769139766693115e-02 6.641125679016113281e-01 -6.951943635940551758e-01
-8.375983685255050659e-02 5.627875924110412598e-01 -5.563491582870483398e-01
-2.515374422073364258e-01 4.144507050514221191e-01 -3.447028994560241699e-01
-1.152052953839302063e-01 5.470364689826965332e-01 -5.371547937393188477e-01
-2.446521222591400146e-01 4.363869428634643555e-01 -3.787838816642761230e-01
-3.421032428741455078e-01 3.491266667842864990e-01 -2.537555098533630371e-01
-2.818602025508880615e-01 4.026122391223907471e-01 -3.304893970489501953e-01
-2.738427221775054932e-01 4.118551909923553467e-01 -3.442596197128295898e-01
-3.872168362140655518e-01 3.060557246208190918e-01 -1.914074867963790894e-01
-3.087194859981536865e-01 3.799455165863037109e-01 -2.983387112617492676e-01
-3.245157301425933838e-01 3.669635951519012451e-01 -2.796919941902160645e-01
-3.719896674156188965e-01 3.253068625926971436e-01 -2.195673435926437378e-01
-3.782256841659545898e-01 3.186303973197937012e-01 -2.097863405942916870e-01
-3.636417388916015625e-01 3.335514664649963379e-01 -2.315618246793746948e-01
-3.927091062068939209e-01 3.072527945041656494e-01 -1.938672810792922974e-01
-3.855805099010467529e-01 3.182835280895233154e-01 -2.104496210813522339e-01
-3.746130764484405518e-01 3.318733274936676025e-01 -2.305317968130111694e-01
-3.630444109439849854e-01 3.213703930377960205e-01 -2.116709202527999878e-01
-3.765346407890319824e-01 3.282664120197296143e-01 -2.250865548849105835e-01
-3.656512796878814697e-01 3.347831666469573975e-01 -2.337349802255630493e-01
-3.593607246875762939e-01 3.411579430103302002e-01 -2.432128340005874634e-01
-3.371858596801757812e-01 3.604686558246612549e-01 -2.707121372222900391e-01
-3.476463258266448975e-01 3.440264165401458740e-01 -2.457904964685440063e-01
-3.429524898529052734e-01 3.500738441944122314e-01 -2.546513676643371582e-01
-3.253419101238250732e-01 3.645799756050109863e-01 -2.755113244056701660e-01
-3.396099209785461426e-01 3.576478064060211182e-01 -2.662625908851623535e-01
-3.438991606235504150e-01 3.450951874256134033e-01 -2.466633766889572144e-01
-3.327212631702423096e-01 3.576149344444274902e-01 -2.650055885314941406e-01
-3.285782635211944580e-01 3.602187633514404297e-01 -2.686717510223388672e-01
-3.274493515491485596e-01 3.626042306423187256e-01 -2.725065946578979492e-01
-3.302232921123504639e-01 3.615646064281463623e-01 -2.712084054946899414e-01
-3.264362514019012451e-01 3.665876388549804688e-01 -2.789287567138671875e-01
-3.277845680713653564e-01 3.670530319213867188e-01 -2.799980640411376953e-01
-2.916063368320465088e-01 3.904680311679840088e-01 -3.123939037322998047e-01
-3.114375770092010498e-01 3.796778321266174316e-01 -2.977916598320007324e-01
-2.891027033329010010e-01 3.995061814785003662e-01 -3.263397812843322754e-01
-3.018749058246612549e-01 3.885629177093505859e-01 -3.105126619338989258e-01
-3.043367564678192139e-01 3.841860890388488770e-01 -3.039399385452270508e-01
-3.351117074489593506e-01 3.587888479232788086e-01 -2.676582336425781250e-01
-3.037413060665130615e-01 3.872442841529846191e-01 -3.086409568786621094e-01
-2.666982114315032959e-01 4.156337976455688477e-01 -3.485810756683349609e-01
-2.648499011993408203e-01 4.192400276660919189e-01 -3.543469905853271484e-01
-2.399825155735015869e-01 4.402760863304138184e-01 -3.842537999153137207e-01
-2.170323729515075684e-01 4.571317136287689209e-01 -4.077976942062377930e-01
-1.933217644691467285e-01 4.809039533138275146e-01 -4.424614310264587402e-01
-1.759862601757049561e-01 4.955615103244781494e-01 -4.635064601898193359e-01
-1.593508720397949219e-01 5.114800930023193359e-01 -4.863823056221008301e-01
-2.224600613117218018e-01 4.557794332504272461e-01 -4.068752527236938477e-01
-2.011012136936187744e-01 4.744383394718170166e-01 -4.336062073707580566e-01
-2.431887686252593994e-01 4.353380203247070312e-01 -3.772063255310058594e-01
-1.811040639877319336e-01 4.940360784530639648e-01 -4.621515870094299316e-01
-1.256320774555206299e-01 5.407429933547973633e-01 -5.287990570068359375e-01
-1.909935772418975830e-01 4.852165281772613525e-01 -4.495317339897155762e-01
-1.749053299427032471e-01 4.980130493640899658e-01 -4.677444696426391602e-01
-1.187860742211341858e-01 5.477002859115600586e-01 -5.391020774841308594e-01
-1.363089382648468018e-01 5.323963761329650879e-01 -5.170383453369140625e-01
-1.177352443337440491e-01 5.475093126296997070e-01 -5.384431481361389160e-01
-6.985928863286972046e-02 5.909332633018493652e-01 -6.006973981857299805e-01
-4.220751672983169556e-02 6.158331632614135742e-01 -6.364471316337585449e-01
-7.502869516611099243e-02 5.906450748443603516e-01 -6.010756492614746094e-01
-4.513720422983169556e-02 6.141365766525268555e-01 -6.343442201614379883e-01
-2.618978917598724365e-02 6.262440681457519531e-01 -6.510482430458068848e-01
-3.698965162038803101e-02 6.194128990173339844e-01 -6.414706707000732422e-01
8.926979452371597290e-02 7.214708924293518066e-01 -7.854040265083312988e-01
2.331854104995727539e-01 6.566486954689025879e-01 -6.552992463111877441e-01
1.135357916355133057e-01 6.414064764976501465e-01 -6.513589620590209961e-01
4.737752676010131836e-02 6.864720582962036133e-01 -7.353451251983642578e-01
-2.053797245025634766e-02 6.288263797760009766e-01 -6.539589166641235352e-01
3.153170645236968994e-02 6.716772913932800293e-01 -7.145552039146423340e-01
-1.779758930206298828e-02 6.386122703552246094e-01 -6.692357063293457031e-01
3.098703920841217041e-03 6.425468921661376953e-01 -6.722927689552307129e-01
1.320400089025497437e-02 6.591705083847045898e-01 -6.976346373558044434e-01
1.414901018142700195e-02 6.408388018608093262e-01 -6.680030822753906250e-01
5.482991039752960205e-02 6.837966442108154297e-01 -7.306125164031982422e-01
1.007860898971557617e-02 6.467735767364501953e-01 -6.783050298690795898e-01
5.613277107477188110e-02 6.500066518783569336e-01 -6.758835911750793457e-01
9.121686965227127075e-02 7.274662256240844727e-01 -7.947649955749511719e-01
1.163566857576370239e-01 7.514625191688537598e-01 -8.292567729949951172e-01
2.461831569671630859e-01 7.800985574722290039e-01 -8.525317907333374023e-01
6.744143366813659668e-01 6.586016416549682617e-01 -5.821645855903625488e-01
3.463270068168640137e-01 7.580360174179077148e-01 -7.991296052932739258e-01
7.265580892562866211e-01 6.082282066345214844e-01 -4.912292957305908203e-01
7.168496847152709961e-01 6.093681454658508301e-01 -4.949670433998107910e-01
7.299393415451049805e-01 6.035058498382568359e-01 -4.830381274223327637e-01
7.118781805038452148e-01 5.617160201072692871e-01 -4.183105230331420898e-01
6.979322433471679688e-01 5.864589810371398926e-01 -4.611852765083312988e-01
7.107447385787963867e-01 5.585932135581970215e-01 -4.137146472930908203e-01
7.538358569145202637e-01 5.975664854049682617e-01 -4.689179062843322754e-01
6.064782738685607910e-01 6.198502779006958008e-01 -5.311651229858398438e-01
7.487986683845520020e-01 5.934815406799316406e-01 -4.634153842926025391e-01
7.358747720718383789e-01 5.794308781623840332e-01 -4.431253075599670410e-01
6.102210879325866699e-01 6.321768760681152344e-01 -5.504374504089355469e-01
7.421973347663879395e-01 5.838338732719421387e-01 -4.490541219711303711e-01
7.365946769714355469e-01 5.804979801177978516e-01 -4.445307850837707520e-01
7.071315050125122070e-01 5.964648723602294922e-01 -4.755418896675109863e-01
7.329728603363037109e-01 5.717058181762695312e-01 -4.309124350547790527e-01
7.236241698265075684e-01 5.673559308052062988e-01 -4.254847168922424316e-01
7.592754960060119629e-01 5.998804569244384766e-01 -4.716500043869018555e-01
7.216494679450988770e-01 5.660960674285888672e-01 -4.237014055252075195e-01
7.374606728553771973e-01 5.799592137336730957e-01 -4.431358575820922852e-01
7.198651432991027832e-01 5.662073493003845215e-01 -4.240341186523437500e-01
7.010322213172912598e-01 5.508301854133605957e-01 -4.023210406303405762e-01
6.849119663238525391e-01 5.360317230224609375e-01 -3.808974027633666992e-01
7.165633440017700195e-01 5.622546076774597168e-01 -4.179093837738037109e-01
7.052055597305297852e-01 5.527243018150329590e-01 -4.044095277786254883e-01
6.851947903633117676e-01 5.351917743682861328e-01 -3.796693682670593262e-01
6.979748606681823730e-01 5.461943149566650391e-01 -3.950641155242919922e-01
7.375541925430297852e-01 5.808345675468444824e-01 -4.441717863082885742e-01
7.196641564369201660e-01 5.649830102920532227e-01 -4.216464757919311523e-01
6.928403377532958984e-01 5.453992486000061035e-01 -3.950074911117553711e-01
6.643862128257751465e-01 5.157228112220764160e-01 -3.512634038925170898e-01
6.846895217895507812e-01 5.359210371971130371e-01 -3.805472850799560547e-01
6.729072928428649902e-01 5.255759954452514648e-01 -3.656313419342041016e-01
6.476290225982666016e-01 5.041680335998535156e-01 -3.354220390319824219e-01
6.362437009811401367e-01 4.926396012306213379e-01 -3.188873529434204102e-01
6.585853695869445801e-01 5.113807320594787598e-01 -3.455009460449218750e-01
6.341918706893920898e-01 4.903547465801239014e-01 -3.157544732093811035e-01
6.414210200309753418e-01 4.971894621849060059e-01 -3.255723714828491211e-01
6.547079086303710938e-01 5.075052380561828613e-01 -3.397052884101867676e-01
5.617391467094421387e-01 4.248327016830444336e-01 -2.219663411378860474e-01
5.921516418457031250e-01 4.557859301567077637e-01 -2.667273283004760742e-01
6.080560088157653809e-01 4.673346281051635742e-01 -2.825998663902282715e-01
5.799298882484436035e-01 4.400909543037414551e-01 -2.436014264822006226e-01
6.108530759811401367e-01 4.693103134632110596e-01 -2.856122851371765137e-01
5.801914930343627930e-01 4.412086904048919678e-01 -2.456118911504745483e-01
5.790680646896362305e-01 4.426311254501342773e-01 -2.478899806737899780e-01
5.546686649322509766e-01 4.189045429229736328e-01 -2.138331383466720581e-01
4.896885156631469727e-01 3.610135316848754883e-01 -1.312941759824752808e-01
5.317865014076232910e-01 4.000192284584045410e-01 -1.871092468500137329e-01
5.015056729316711426e-01 3.715198040008544922e-01 -1.463116854429244995e-01
5.550648570060729980e-01 4.189388453960418701e-01 -2.138115912675857544e-01
5.075078010559082031e-01 3.781352639198303223e-01 -1.560007780790328979e-01
4.896820485591888428e-01 3.637126982212066650e-01 -1.354871243238449097e-01
4.647310674190521240e-01 3.386784791946411133e-01 -9.940139949321746826e-02
4.556251466274261475e-01 3.322497010231018066e-01 -9.046746790409088135e-02
4.817121922969818115e-01 3.561682999134063721e-01 -1.246333569288253784e-01
4.591430127620697021e-01 3.340464234352111816e-01 -9.309820830821990967e-02
4.518199265003204346e-01 3.307228386402130127e-01 -8.882193267345428467e-02
4.844468832015991211e-01 3.564710021018981934e-01 -1.247682124376296997e-01
4.826499521732330322e-01 3.616076707839965820e-01 -1.333770602941513062e-01
4.897538721561431885e-01 3.618113100528717041e-01 -1.324298232793807983e-01
4.738099873065948486e-01 3.521145880222320557e-01 -1.195180565118789673e-01
4.840080142021179199e-01 3.689008653163909912e-01 -1.447980254888534546e-01
4.481548666954040527e-01 3.310335576534271240e-01 -8.951939642429351807e-02
4.661539793014526367e-01 3.492148518562316895e-01 -1.159819215536117554e-01
4.183565974235534668e-01 3.013518154621124268e-01 -4.679408669471740723e-02
4.426659941673278809e-01 3.263361155986785889e-01 -8.311377465724945068e-02
3.868844509124755859e-01 2.732320427894592285e-01 -6.963580846786499023e-03
4.129309952259063721e-01 2.946069538593292236e-01 -3.716202080249786377e-02
3.933493196964263916e-01 2.790901064872741699e-01 -1.523879170417785645e-02
3.304621279239654541e-01 2.252464294433593750e-01 6.098997592926025391e-02
3.547882735729217529e-01 2.464809119701385498e-01 3.086683154106140137e-02
3.415617942810058594e-01 2.340886741876602173e-01 4.841035604476928711e-02
3.726313114166259766e-01 2.601742446422576904e-01 1.134528219699859619e-02
3.431684970855712891e-01 2.343508601188659668e-01 4.817050695419311523e-02
3.089130520820617676e-01 2.061038613319396973e-01 8.829978108406066895e-02
2.587312757968902588e-01 1.667510420083999634e-01 1.431531310081481934e-01
2.647606432437896729e-01 1.713510006666183472e-01 1.368375271558761597e-01
2.628380358219146729e-01 1.697941422462463379e-01 1.391308605670928955e-01
2.737070918083190918e-01 1.776709854602813721e-01 1.282343268394470215e-01
2.952403724193572998e-01 1.954742968082427979e-01 1.031961441040039062e-01
2.673047184944152832e-01 1.640651524066925049e-01 1.493114084005355835e-01
1.753578186035156250e-01 1.687335669994354248e-01 1.253010630607604980e-01
4.987909272313117981e-02 1.315266638994216919e-01 1.645399630069732666e-01
-1.447909176349639893e-01 1.825652122497558594e-01 4.933919012546539307e-02
1.862106919288635254e-01 1.566823720932006836e-01 1.468484550714492798e-01
-8.896971493959426880e-02 1.678779125213623047e-01 8.245880901813507080e-02
-2.361143231391906738e-01 2.099966704845428467e-01 -1.046214997768402100e-02
-3.672076761722564697e-01 2.460339963436126709e-01 -9.079222381114959717e-02
-2.818458676338195801e-01 2.406502068042755127e-01 -6.802193820476531982e-02
-4.136541783809661865e-01 2.575301826000213623e-01 -1.171536296606063843e-01
-4.197974503040313721e-01 2.725813686847686768e-01 -1.425465792417526245e-01
-3.476739823818206787e-01 2.406961917877197266e-01 -7.887534797191619873e-02
-3.737757503986358643e-01 2.473120093345642090e-01 -9.394608438014984131e-02
-4.311534464359283447e-01 2.627289891242980957e-01 -1.285177022218704224e-01
-4.259559214115142822e-01 2.713854908943176270e-01 -1.416396349668502808e-01
-4.047770798206329346e-01 2.923779189586639404e-01 -1.718820780515670776e-01
-4.088487327098846436e-01 2.964429855346679688e-01 -1.791946738958358765e-01
-4.222071468830108643e-01 2.914142906665802002e-01 -1.733292788267135620e-01
-3.781448900699615479e-01 3.265600204467773438e-01 -2.225454300642013550e-01
-3.921250998973846436e-01 3.095521032810211182e-01 -1.974624842405319214e-01
-3.914354145526885986e-01 3.055588603019714355e-01 -1.908788830041885376e-01
-3.943422436714172363e-01 3.058508038520812988e-01 -1.918710023164749146e-01
-3.655652999877929688e-01 3.325849175453186035e-01 -2.301140874624252319e-01
-3.720044195652008057e-01 3.238881528377532959e-01 -2.171639651060104370e-01
-2.334121465682983398e-01 3.392704427242279053e-01 -2.194680720567703247e-01
-3.256147801876068115e-01 3.693944215774536133e-01 -2.831791043281555176e-01
-3.337804675102233887e-01 3.616601526737213135e-01 -2.722778916358947754e-01
-2.535159289836883545e-01 4.281781315803527832e-01 -3.666415214538574219e-01
-2.415402233600616455e-01 4.302442669868469238e-01 -3.682727813720703125e-01
-2.711229026317596436e-01 4.120112955570220947e-01 -3.434488773345947266e-01
-2.703237831592559814e-01 4.156335294246673584e-01 -3.491852283477783203e-01
-2.087552249431610107e-01 4.531190693378448486e-01 -3.999278545379638672e-01
-3.072822093963623047e-01 3.807827234268188477e-01 -2.988172173500061035e-01
-2.811385095119476318e-01 4.040905833244323730e-01 -3.322960138320922852e-01
-2.837485373020172119e-01 4.018205404281616211e-01 -3.292657136917114258e-01
-1.867261528968811035e-01 4.799157381057739258e-01 -4.394759535789489746e-01
-2.513377070426940918e-01 4.215728640556335449e-01 -3.558682799339294434e-01
-2.050733268260955811e-01 4.665125906467437744e-01 -4.209174513816833496e-01
-1.916670501232147217e-01 4.709018766880035400e-01 -4.255985021591186523e-01
-1.875764429569244385e-01 4.806596040725708008e-01 -4.406164884567260742e-01
-2.181603312492370605e-01 4.478549063205718994e-01 -3.927128314971923828e-01
-2.084902226924896240e-01 4.683254361152648926e-01 -4.247034192085266113e-01
-2.176567912101745605e-01 4.586947262287139893e-01 -4.106460213661193848e-01
-1.995923817157745361e-01 4.742818772792816162e-01 -4.330136179924011230e-01
-2.232240736484527588e-01 4.512744843959808350e-01 -3.994620442390441895e-01
-2.161739170551300049e-01 4.624117314815521240e-01 -4.162625670433044434e-01
-1.646587550640106201e-01 5.064522027969360352e-01 -4.791327714920043945e-01
-1.440038681030273438e-01 5.241740942001342773e-01 -5.044015645980834961e-01
-1.745794713497161865e-01 4.970330893993377686e-01 -4.656649231910705566e-01
-1.216608956456184387e-01 5.448603034019470215e-01 -5.343862771987915039e-01
-1.200236156582832336e-01 5.480372309684753418e-01 -5.394089221954345703e-01
-7.370967417955398560e-02 5.902189016342163086e-01 -6.000831723213195801e-01
-1.228274181485176086e-01 5.473569631576538086e-01 -5.388492941856384277e-01
-9.913525730371475220e-02 5.662196278572082520e-01 -5.655854344367980957e-01
-7.857877761125564575e-02 5.850539207458496094e-01 -5.927573442459106445e-01
-1.275063306093215942e-02 6.393942236900329590e-01 -6.695770025253295898e-01
-6.090997904539108276e-02 6.000162959098815918e-01 -6.139672994613647461e-01
1.184717565774917603e-02 6.634436249732971191e-01 -7.047499418258666992e-01
-2.240654826164245605e-02 6.363909840583801270e-01 -6.664307117462158203e-01
4.859163612127304077e-02 6.902812719345092773e-01 -7.416384220123291016e-01
4.956156015396118164e-02 6.924777030944824219e-01 -7.449826598167419434e-01
3.194188326597213745e-02 6.753475069999694824e-01 -7.203857898712158203e-01
3.320357948541641235e-02 6.737014055252075195e-01 -7.174594998359680176e-01
8.445488661527633667e-02 7.192329764366149902e-01 -7.826017141342163086e-01
6.308858990669250488e-01 5.016680359840393066e-01 -3.354953527450561523e-01
6.197622418403625488e-01 4.763492643833160400e-01 -2.960329055786132812e-01
6.118404865264892578e-02 7.011786103248596191e-01 -7.575414180755615234e-01
5.679949373006820679e-02 6.965478062629699707e-01 -7.506899833679199219e-01
3.569417446851730347e-02 6.831045746803283691e-01 -7.326021790504455566e-01
1.497628837823867798e-01 7.448103427886962891e-01 -8.130604028701782227e-01
1.947860121726989746e-01 7.520579099655151367e-01 -8.164960145950317383e-01
1.603853106498718262e-01 7.854151129722595215e-01 -8.766268491744995117e-01
1.179722622036933899e-01 7.518777251243591309e-01 -8.297779560089111328e-01
1.604194045066833496e-01 7.516260743141174316e-01 -8.216646909713745117e-01
7.604452371597290039e-01 6.018173098564147949e-01 -4.748106002807617188e-01
3.998698592185974121e-01 7.140166759490966797e-01 -7.193124890327453613e-01
5.096688270568847656e-01 5.909239053726196289e-01 -5.008021593093872070e-01
6.834300160408020020e-01 5.349014997482299805e-01 -3.797531127929687500e-01
1.616573184728622437e-01 7.841539382934570312e-01 -8.736884593963623047e-01
3.415687382221221924e-01 7.379819750785827637e-01 -7.685596346855163574e-01
7.024336457252502441e-01 6.004319190979003906e-01 -4.828597307205200195e-01
6.989002823829650879e-01 5.493993163108825684e-01 -4.006934762001037598e-01
2.331846058368682861e-01 7.229850888252258301e-01 -7.625825405120849609e-01
7.699591517448425293e-01 6.111979484558105469e-01 -4.887921214103698730e-01
3.585380613803863525e-01 6.482228040695190430e-01 -6.198299527168273926e-01
1.800672560930252075e-01 6.852684617042541504e-01 -7.098714113235473633e-01
4.856011644005775452e-02 6.943333745002746582e-01 -7.477794885635375977e-01
5.700832605361938477e-01 5.298308134078979492e-01 -3.914591670036315918e-01
5.785167962312698364e-02 6.742618680000305176e-01 -7.135213613510131836e-01
7.369838356971740723e-01 5.928733348846435547e-01 -4.645849466323852539e-01
6.410169601440429688e-01 6.815418601036071777e-01 -6.247617602348327637e-01
7.347983717918395996e-01 7.342594861984252930e-01 -6.931635737419128418e-01
8.303804993629455566e-01 7.310563325881958008e-01 -6.712434887886047363e-01
8.089089989662170410e-01 7.218666076660156250e-01 -6.596206426620483398e-01
8.619595170021057129e-01 6.971735954284667969e-01 -6.106401085853576660e-01
8.242895007133483887e-01 6.679466366767883301e-01 -5.696879029273986816e-01
7.898047566413879395e-01 6.372054219245910645e-01 -5.254505872726440430e-01
8.436768651008605957e-01 6.810230016708374023e-01 -5.867977142333984375e-01
7.567811608314514160e-01 6.048726439476013184e-01 -4.792901873588562012e-01
7.698591351509094238e-01 6.146373152732849121e-01 -4.931210279464721680e-01
7.719829082489013672e-01 6.174245476722717285e-01 -4.975495338439941406e-01
7.725389599800109863e-01 6.151454448699951172e-01 -4.936374425888061523e-01
7.780215740203857422e-01 6.241281628608703613e-01 -5.069857835769653320e-01
7.534351944923400879e-01 5.984929203987121582e-01 -4.697485566139221191e-01
7.406666278839111328e-01 5.854238271713256836e-01 -4.510028362274169922e-01
7.376670837402343750e-01 5.870325565338134766e-01 -4.542588591575622559e-01
7.399311661720275879e-01 5.882589817047119141e-01 -4.557902812957763672e-01
7.490851283073425293e-01 5.922325849533081055e-01 -4.602047204971313477e-01
7.386981844902038574e-01 5.874432921409606934e-01 -4.543386697769165039e-01
7.272861003875732422e-01 5.746556520462036133e-01 -4.362135529518127441e-01
6.951792240142822266e-01 5.431383848190307617e-01 -3.910167813301086426e-01
1.397904157638549805e-01 7.725223898887634277e-01 -8.590494394302368164e-01
4.975189268589019775e-01 6.623743772506713867e-01 -6.185655593872070312e-01
1.840413659811019897e-01 8.024281859397888184e-01 -8.997222185134887695e-01
4.910140112042427063e-02 6.947088837623596191e-01 -7.480587363243103027e-01
1.317483186721801758e-02 6.644747853279113770e-01 -7.048963904380798340e-01
1.083160564303398132e-01 7.415213584899902344e-01 -8.136759996414184570e-01
1.819323748350143433e-01 7.737078666687011719e-01 -8.538585901260375977e-01
6.799247264862060547e-01 5.279821753501892090e-01 -3.693003058433532715e-01
1.362283676862716675e-01 7.627587914466857910e-01 -8.439260721206665039e-01
2.657452225685119629e-01 7.500237822532653809e-01 -8.011107444763183594e-01
6.008947491645812988e-01 6.303006410598754883e-01 -5.487203598022460938e-01
3.333929181098937988e-01 7.380300760269165039e-01 -7.701096534729003906e-01
7.464980483055114746e-01 5.893203020095825195e-01 -4.570566415786743164e-01
7.412289381027221680e-01 5.832994580268859863e-01 -4.482036828994750977e-01
7.336117029190063477e-01 5.761282444000244141e-01 -4.377174973487854004e-01
7.546410560607910156e-01 5.967112779617309570e-01 -4.671074151992797852e-01
7.079917788505554199e-01 5.553190708160400391e-01 -4.082645177841186523e-01
7.554746270179748535e-01 5.971343517303466797e-01 -4.678229093551635742e-01
7.805951237678527832e-01 6.189995408058166504e-01 -4.987813234329223633e-01
7.002456784248352051e-01 5.873695015907287598e-01 -4.619654417037963867e-01
7.183090448379516602e-01 5.652415752410888672e-01 -4.225285649299621582e-01
6.866997480392456055e-01 5.648457407951354980e-01 -4.277385473251342773e-01
6.827099323272705078e-01 5.367209911346435547e-01 -3.822004199028015137e-01
7.302357554435729980e-01 5.771882534027099609e-01 -4.396466016769409180e-01
7.224900126457214355e-01 5.694900751113891602e-01 -4.282419085502624512e-01
6.652765274047851562e-01 5.202406048774719238e-01 -3.580547571182250977e-01
6.351963281631469727e-01 4.929404556751251221e-01 -3.199554085731506348e-01
6.186444759368896484e-01 4.771498739719390869e-01 -2.969906926155090332e-01
6.079550385475158691e-01 4.666877985000610352e-01 -2.818991541862487793e-01
5.760598182678222656e-01 4.384090602397918701e-01 -2.412223070859909058e-01
5.967968702316284180e-01 4.572238922119140625e-01 -2.682456970214843750e-01
5.620508790016174316e-01 4.259749054908752441e-01 -2.239540666341781616e-01
6.220464110374450684e-01 4.811038970947265625e-01 -3.031163215637207031e-01
6.579435467720031738e-01 5.084005594253540039e-01 -3.413417339324951172e-01
6.735090613365173340e-01 5.290050506591796875e-01 -3.717479705810546875e-01
6.920130252838134766e-01 5.432803034782409668e-01 -3.915572166442871094e-01
6.902404427528381348e-01 5.435395240783691406e-01 -3.919823765754699707e-01
7.651707530021667480e-01 6.083085536956787109e-01 -4.841753244400024414e-01
7.144902348518371582e-01 5.619705319404602051e-01 -4.182278513908386230e-01
6.996693015098571777e-01 5.485308170318603516e-01 -3.983269333839416504e-01
7.287269234657287598e-01 5.733887553215026855e-01 -4.341180324554443359e-01
7.964850068092346191e-01 6.328751444816589355e-01 -5.187457799911499023e-01
7.169964909553527832e-01 5.653237104415893555e-01 -4.226735830307006836e-01
7.572142481803894043e-01 6.009657979011535645e-01 -4.735198020935058594e-01
7.848847508430480957e-01 6.254890561103820801e-01 -5.084226131439208984e-01
7.567800879478454590e-01 5.982477664947509766e-01 -4.697921276092529297e-01
6.904407143592834473e-01 5.417563915252685547e-01 -3.890891075134277344e-01
6.636767983436584473e-01 5.173409581184387207e-01 -3.541284799575805664e-01
7.240211367607116699e-01 5.730575919151306152e-01 -4.337593913078308105e-01
6.832165122032165527e-01 5.342805981636047363e-01 -3.780889511108398438e-01
7.294407486915588379e-01 5.751560330390930176e-01 -4.361468553543090820e-01
6.446978449821472168e-01 5.059434175491333008e-01 -3.387529253959655762e-01
6.812061071395874023e-01 5.363278985023498535e-01 -3.818237781524658203e-01
7.022230625152587891e-01 5.565776824951171875e-01 -4.107538461685180664e-01
6.751113533973693848e-01 5.301343202590942383e-01 -3.724459409713745117e-01
6.535072326660156250e-01 5.151571035385131836e-01 -3.521850109100341797e-01
6.170207858085632324e-01 4.844107627868652344e-01 -3.087644577026367188e-01
6.317556500434875488e-01 4.896370470523834229e-01 -3.146860599517822266e-01
6.378614902496337891e-01 4.947164058685302734e-01 -3.217433691024780273e-01
6.842599511146545410e-01 5.383931398391723633e-01 -3.842697143554687500e-01
6.375896930694580078e-01 4.920012950897216797e-01 -3.179556131362915039e-01
5.689913034439086914e-01 4.326404333114624023e-01 -2.335487753152847290e-01
6.101377606391906738e-01 4.688714444637298584e-01 -2.855165004730224609e-01
6.629312038421630859e-01 5.168550014495849609e-01 -3.537620306015014648e-01
6.658770442008972168e-01 5.212268829345703125e-01 -3.602979779243469238e-01
6.344029903411865234e-01 4.911141395568847656e-01 -3.167483806610107422e-01
6.794967055320739746e-01 5.337427854537963867e-01 -3.779141902923583984e-01
6.851738691329956055e-01 5.345630645751953125e-01 -3.784594535827636719e-01
6.938608288764953613e-01 5.448308587074279785e-01 -3.934835791587829590e-01
6.372314095497131348e-01 4.941236972808837891e-01 -3.207741975784301758e-01
6.753636598587036133e-01 5.269044637680053711e-01 -3.674442768096923828e-01
6.767359375953674316e-01 5.298523902893066406e-01 -3.722395896911621094e-01
6.106767058372497559e-01 4.725105464458465576e-01 -2.908082008361816406e-01
5.689023137092590332e-01 4.356706738471984863e-01 -2.380820363759994507e-01
6.217755675315856934e-01 4.807885885238647461e-01 -3.020118474960327148e-01
5.848775506019592285e-01 4.485959112644195557e-01 -2.563766241073608398e-01
6.279727220535278320e-01 4.849550127983093262e-01 -3.079509735107421875e-01
5.966595411300659180e-01 4.579312801361083984e-01 -2.698212862014770508e-01
5.364713668823242188e-01 4.040361046791076660e-01 -1.923712939023971558e-01
5.088442564010620117e-01 3.797594010829925537e-01 -1.581456810235977173e-01
5.654400587081909180e-01 4.260372817516326904e-01 -2.233272641897201538e-01
4.961337149143218994e-01 3.663188815116882324e-01 -1.385609954595565796e-01
5.163599252700805664e-01 3.865151107311248779e-01 -1.678996533155441284e-01
5.258801579475402832e-01 3.929507732391357422e-01 -1.767301410436630249e-01
5.332159399986267090e-01 4.012362957000732422e-01 -1.884497553110122681e-01
5.339983105659484863e-01 4.000030755996704102e-01 -1.867136210203170776e-01
5.235611200332641602e-01 3.991252183914184570e-01 -1.871262043714523315e-01
5.365356802940368652e-01 4.025460481643676758e-01 -1.906152218580245972e-01
5.216944217681884766e-01 3.912845253944396973e-01 -1.750820428133010864e-01
5.123230814933776855e-01 3.827006816864013672e-01 -1.625100523233413696e-01
4.013789296150207520e-01 4.708830118179321289e-01 -3.251513242721557617e-01
-6.348124891519546509e-02 5.970403552055358887e-01 -6.099123954772949219e-01
-4.239056259393692017e-02 6.174680590629577637e-01 -6.394574642181396484e-01
4.949621558189392090e-01 3.656200468540191650e-01 -1.380871087312698364e-01
4.999605715274810791e-01 3.713932633399963379e-01 -1.462973505258560181e-01
5.375371575355529785e-01 4.035755693912506104e-01 -1.917139440774917603e-01
5.084223747253417969e-01 3.777602314949035645e-01 -1.551425904035568237e-01
4.952963292598724365e-01 3.669769167900085449e-01 -1.399937123060226440e-01
4.709999859333038330e-01 3.453287482261657715e-01 -1.092050522565841675e-01
4.445504546165466309e-01 3.211373388767242432e-01 -7.469467818737030029e-02
4.333360493183135986e-01 3.551852107048034668e-01 -1.320655494928359985e-01
4.485357403755187988e-01 3.239483237266540527e-01 -7.858817279338836670e-02
4.486137628555297852e-01 3.245502114295959473e-01 -7.940913736820220947e-02
4.461463689804077148e-01 3.229193091392517090e-01 -7.700099050998687744e-02
4.204331338405609131e-01 3.029141724109649658e-01 -4.891578853130340576e-02
4.251153767108917236e-01 3.064667582511901855e-01 -5.379377305507659912e-02
4.267087578773498535e-01 3.076162338256835938e-01 -5.540974438190460205e-02
3.971596360206604004e-01 2.822294831275939941e-01 -1.934739947319030762e-02
3.808076977729797363e-01 2.673759162425994873e-01 2.084150910377502441e-03
3.720680773258209229e-01 2.594829499721527100e-01 1.325850188732147217e-02
3.368376195430755615e-01 2.281323075294494629e-01 5.808846652507781982e-02
3.545300066471099854e-01 2.437209784984588623e-01 3.571172058582305908e-02
3.256012797355651855e-01 2.185396552085876465e-01 7.140296697616577148e-02
3.195264041423797607e-01 2.100934684276580811e-01 8.428128063678741455e-02
3.322919011116027832e-01 2.202892005443572998e-01 7.026068866252899170e-02
2.914138734340667725e-01 1.867152452468872070e-01 1.174768060445785522e-01
2.308172881603240967e-01 1.531196236610412598e-01 1.608559638261795044e-01
2.210746705532073975e-01 1.484375000000000000e-01 1.673502624034881592e-01
2.220810949802398682e-01 1.488146185874938965e-01 1.664013713598251343e-01
1.917855292558670044e-01 1.270793527364730835e-01 1.962137818336486816e-01
1.877414733171463013e-01 1.306216567754745483e-01 1.901264339685440063e-01
2.071118652820587158e-01 1.383218169212341309e-01 1.809235513210296631e-01
-6.475675851106643677e-02 1.608231514692306519e-01 9.795388579368591309e-02
-6.303399056196212769e-02 1.615542769432067871e-01 9.702082723379135132e-02
-3.095097243785858154e-01 2.278096377849578857e-01 -5.153530836105346680e-02
-3.418660461902618408e-01 2.378213405609130859e-01 -7.320629060268402100e-02
-3.804173171520233154e-01 2.490743994712829590e-01 -9.791125357151031494e-02
-3.960449695587158203e-01 2.535638809204101562e-01 -1.078067868947982788e-01
-4.549827277660369873e-01 2.697835266590118408e-01 -1.439514011144638062e-01
-4.573257267475128174e-01 2.705484926700592041e-01 -1.455866545438766479e-01
-4.540069997310638428e-01 2.703527510166168213e-01 -1.447359770536422729e-01
-4.476890861988067627e-01 2.691680490970611572e-01 -1.417758911848068237e-01
-4.420417249202728271e-01 2.672787308692932129e-01 -1.377592533826828003e-01
-4.385620653629302979e-01 2.654750645160675049e-01 -1.342286318540573120e-01
-4.177149832248687744e-01 2.862470149993896484e-01 -1.641976684331893921e-01
-4.171880781650543213e-01 2.879072725772857666e-01 -1.668531149625778198e-01
-4.176779687404632568e-01 2.861335575580596924e-01 -1.640585213899612427e-01
-4.143677651882171631e-01 2.952911257743835449e-01 -1.783361285924911499e-01
-4.147249758243560791e-01 2.973857820034027100e-01 -1.817898899316787720e-01
-3.933876454830169678e-01 3.111224770545959473e-01 -2.002411633729934692e-01
-3.885614871978759766e-01 3.194159865379333496e-01 -2.128234952688217163e-01
-3.682810664176940918e-01 3.333329558372497559e-01 -2.318196445703506470e-01
-3.494685590267181396e-01 3.468374311923980713e-01 -2.504069805145263672e-01
-3.358518779277801514e-01 3.574549555778503418e-01 -2.652353644371032715e-01
-2.940357923507690430e-01 3.909898996353149414e-01 -3.125455379486083984e-01
-2.867012619972229004e-01 3.957489132881164551e-01 -3.188487887382507324e-01
-2.838812768459320068e-01 3.905523419380187988e-01 -3.101533651351928711e-01
-2.912108600139617920e-01 3.864254057407379150e-01 -3.044606447219848633e-01
-2.862302362918853760e-01 3.896269500255584717e-01 -3.093102574348449707e-01
-2.842833101749420166e-01 3.875029087066650391e-01 -3.058127760887145996e-01
-2.784196436405181885e-01 3.921654820442199707e-01 -3.124939203262329102e-01
-3.033484518527984619e-01 3.795100450515747070e-01 -2.960122823715209961e-01
-2.579000294208526611e-01 4.148314297199249268e-01 -3.461748957633972168e-01
-2.764208316802978516e-01 4.041431248188018799e-01 -3.316115736961364746e-01
-2.578877806663513184e-01 4.223249554634094238e-01 -3.583448529243469238e-01
-1.910873055458068848e-01 4.763965010643005371e-01 -4.350134134292602539e-01
-2.158095538616180420e-01 4.620629847049713135e-01 -4.158639311790466309e-01
-1.634376943111419678e-01 5.070170760154724121e-01 -4.798215627670288086e-01
-1.239600703120231628e-01 5.412681698799133301e-01 -5.291218161582946777e-01
-1.173256859183311462e-01 5.484128594398498535e-01 -5.395954847335815430e-01
-1.196650788187980652e-01 5.486819148063659668e-01 -5.405965447425842285e-01
-1.433043777942657471e-01 5.296229124069213867e-01 -5.134145617485046387e-01
-1.252987384796142578e-01 5.454669594764709473e-01 -5.360435843467712402e-01
-1.657802164554595947e-01 5.067461133003234863e-01 -4.801906347274780273e-01
-1.768850386142730713e-01 4.951078593730926514e-01 -4.633027911186218262e-01
-1.429716348648071289e-01 5.270712375640869141e-01 -5.094522833824157715e-01
-1.476777493953704834e-01 5.233666896820068359e-01 -5.040944218635559082e-01
-9.406919032335281372e-02 5.713360905647277832e-01 -5.730820298194885254e-01
-6.627134233713150024e-02 5.942910313606262207e-01 -6.054936647415161133e-01
-8.830419927835464478e-02 5.751012563705444336e-01 -5.778384804725646973e-01
-6.386766582727432251e-02 5.971169471740722656e-01 -6.095071434974670410e-01
-4.294312745332717896e-02 6.141079664230346680e-01 -6.334774494171142578e-01
-9.012296795845031738e-04 6.429383158683776855e-01 -6.731001138687133789e-01
-4.499138146638870239e-02 6.136045455932617188e-01 -6.332120895385742188e-01
-4.598667472600936890e-02 6.080086827278137207e-01 -6.242989301681518555e-01
-2.316451072692871094e-02 6.291311383247375488e-01 -6.545115113258361816e-01
-4.159747809171676636e-02 6.183925867080688477e-01 -6.403470039367675781e-01
-1.245354861021041870e-02 6.400785446166992188e-01 -6.705033183097839355e-01
-1.258674263954162598e-02 6.378197073936462402e-01 -6.668996214866638184e-01
2.243374288082122803e-02 6.689854264259338379e-01 -7.115043401718139648e-01
2.110233157873153687e-02 6.676097512245178223e-01 -7.094902992248535156e-01
-3.236260265111923218e-02 6.245733499526977539e-01 -6.488407254219055176e-01
-4.389179497957229614e-02 6.135857701301574707e-01 -6.327874064445495605e-01
7.840296626091003418e-02 7.142000198364257812e-01 -7.755706310272216797e-01
2.649635821580886841e-02 6.737988591194152832e-01 -7.191603779792785645e-01
9.221933782100677490e-03 6.589615941047668457e-01 -6.980077624320983887e-01
5.317872762680053711e-02 6.939674019813537598e-01 -7.470074892044067383e-01
1.827944070100784302e-02 6.681585311889648438e-01 -7.110794782638549805e-01
4.310223832726478577e-02 6.879974603652954102e-01 -7.392565011978149414e-01
6.024552881717681885e-02 7.017525434494018555e-01 -7.587344646453857422e-01
6.352987140417098999e-02 7.033428549766540527e-01 -7.605568766593933105e-01
6.278574466705322266e-02 6.917215585708618164e-01 -7.420233488082885742e-01
1.213749945163726807e-01 7.328730225563049316e-01 -7.987112402915954590e-01
1.786160767078399658e-01 7.840272188186645508e-01 -8.717131614685058594e-01
1.271556317806243896e-01 7.558073997497558594e-01 -8.339242935180664062e-01
1.407431662082672119e-01 7.668168544769287109e-01 -8.497140407562255859e-01
1.502083837985992432e-01 7.788275480270385742e-01 -8.674671649932861328e-01
1.148001477122306824e-01 7.480598092079162598e-01 -8.233977556228637695e-01
6.806582808494567871e-01 5.321249365806579590e-01 -3.756361603736877441e-01
1.318500041961669922e-01 7.458396553993225098e-01 -8.172353506088256836e-01
2.417137324810028076e-01 7.140047550201416016e-01 -7.463404536247253418e-01
1.296884715557098389e-01 7.417186498641967773e-01 -8.115098476409912109e-01
2.028148174285888672e-01 7.551788091659545898e-01 -8.202334642410278320e-01
2.770999670028686523e-01 7.976827025413513184e-01 -8.759078979492187500e-01
7.079334259033203125e-01 5.556953549385070801e-01 -4.093098044395446777e-01
7.043293714523315430e-01 5.566053390502929688e-01 -4.111085534095764160e-01
7.376233935356140137e-01 5.811731815338134766e-01 -4.454581141471862793e-01
2.885434925556182861e-01 7.505947351455688477e-01 -7.973209619522094727e-01
2.454912066459655762e-01 7.302718758583068848e-01 -7.725639939308166504e-01
7.249166369438171387e-01 5.690817832946777344e-01 -4.281217455863952637e-01
6.285813450813293457e-01 6.409233212471008301e-01 -5.610822439193725586e-01
4.118499159812927246e-01 6.993188858032226562e-01 -6.934758424758911133e-01
7.349188327789306641e-01 5.752876400947570801e-01 -4.364949464797973633e-01
6.895824670791625977e-01 5.935072302818298340e-01 -4.738089442253112793e-01
7.372742295265197754e-01 5.821270942687988281e-01 -4.470000267028808594e-01
7.419103980064392090e-01 5.851909518241882324e-01 -4.510810375213623047e-01
7.285606861114501953e-01 5.708844065666198730e-01 -4.304128885269165039e-01
6.826432943344116211e-01 5.324437618255615234e-01 -3.760046958923339844e-01
6.805255413055419922e-01 5.336593389511108398e-01 -3.779823780059814453e-01
6.537011861801147461e-01 5.076413154602050781e-01 -3.408434987068176270e-01
6.400540471076965332e-01 4.947480857372283936e-01 -3.221982717514038086e-01
7.373290657997131348e-01 5.829213857650756836e-01 -4.476370811462402344e-01
6.530096530914306641e-01 5.068238377571105957e-01 -3.393836021423339844e-01
6.725995540618896484e-01 5.222940444946289062e-01 -3.608219623565673828e-01
5.955402255058288574e-01 4.570313096046447754e-01 -2.685226202011108398e-01
6.328555345535278320e-01 4.914091825485229492e-01 -3.173449039459228516e-01
5.387178063392639160e-01 4.051336944103240967e-01 -1.941549628973007202e-01
6.102264523506164551e-01 4.728904664516448975e-01 -2.916371822357177734e-01
5.610611438751220703e-01 4.225487709045410156e-01 -2.188883870840072632e-01
6.253145933151245117e-01 4.821276664733886719e-01 -3.041185736656188965e-01
6.331759691238403320e-01 4.904465079307556152e-01 -3.159689307212829590e-01
6.041697859764099121e-01 4.665428996086120605e-01 -2.822561860084533691e-01
6.739103794097900391e-01 5.239465236663818359e-01 -3.637260198593139648e-01
2.527927160263061523e-01 7.235378026962280273e-01 -7.607676386833190918e-01
6.672733426094055176e-01 5.190991759300231934e-01 -3.566939830780029297e-01
6.444254517555236816e-01 4.986248910427093506e-01 -3.276419043540954590e-01
6.426228284835815430e-01 4.998031556606292725e-01 -3.292503356933593750e-01
6.473287343978881836e-01 5.032953023910522461e-01 -3.343501687049865723e-01
6.466756463050842285e-01 5.020301342010498047e-01 -3.325198888778686523e-01
6.356511116027832031e-01 4.913697242736816406e-01 -3.170100450515747070e-01
6.160396337509155273e-01 4.742598533630371094e-01 -2.924156188964843750e-01
6.336796879768371582e-01 4.878859519958496094e-01 -3.115137815475463867e-01
6.439106464385986328e-01 4.979273080825805664e-01 -3.261060714721679688e-01
6.022723913192749023e-01 4.610664844512939453e-01 -2.734341621398925781e-01
5.953117609024047852e-01 4.575608968734741211e-01 -2.690689563751220703e-01
5.983566641807556152e-01 4.588569998741149902e-01 -2.707781791687011719e-01
6.038889288902282715e-01 4.620841741561889648e-01 -2.749551534652709961e-01
5.942682623863220215e-01 4.565884470939636230e-01 -2.676156163215637207e-01
6.054687500000000000e-01 4.633778333663940430e-01 -2.768202424049377441e-01
6.163689494132995605e-01 4.737249612808227539e-01 -2.913766503334045410e-01
6.518955826759338379e-01 5.109847187995910645e-01 -3.460250496864318848e-01
5.991507172584533691e-01 4.595862627029418945e-01 -2.716428041458129883e-01
5.940205454826354980e-01 4.556776285171508789e-01 -2.658674716949462891e-01
5.949140787124633789e-01 4.527261257171630859e-01 -2.609495520591735840e-01
5.527293682098388672e-01 4.203041791915893555e-01 -2.161293774843215942e-01
5.154209733009338379e-01 3.882756829261779785e-01 -1.705027967691421509e-01
5.369499325752258301e-01 4.103115499019622803e-01 -2.025309652090072632e-01
5.102440714836120605e-01 3.808284699916839600e-01 -1.594768017530441284e-01
5.794250965118408203e-01 4.420567750930786133e-01 -2.465063482522964478e-01
5.462323427200317383e-01 4.125979542732238770e-01 -2.047659903764724731e-01
5.814579725265502930e-01 4.528122544288635254e-01 -2.634583115577697754e-01
4.913002550601959229e-01 3.636924028396606445e-01 -1.349897235631942749e-01
4.796064198017120361e-01 3.539473116397857666e-01 -1.210660487413406372e-01
4.964825212955474854e-01 3.681917786598205566e-01 -1.411630958318710327e-01
4.715238511562347412e-01 3.437652885913848877e-01 -1.058862358331680298e-01
4.689711332321166992e-01 3.523129522800445557e-01 -1.205288022756576538e-01
4.616641998291015625e-01 3.422791361808776855e-01 -1.052755862474441528e-01
4.916787445545196533e-01 3.660488426685333252e-01 -1.384365409612655640e-01
4.294195175170898438e-01 3.097644150257110596e-01 -5.842123925685882568e-02
4.716522097587585449e-01 3.466823101043701172e-01 -1.110087782144546509e-01
4.115391075611114502e-01 2.939624786376953125e-01 -3.610302507877349854e-02
3.704789578914642334e-01 2.592455744743347168e-01 1.310418546199798584e-02
3.774243295192718506e-01 2.683640718460083008e-01 -5.726963281631469727e-04
3.949186801910400391e-01 2.818200290203094482e-01 -1.938866078853607178e-02
4.163570404052734375e-01 2.992677986621856689e-01 -4.348482191562652588e-02
3.241939842700958252e-01 2.172682881355285645e-01 7.313390076160430908e-02
3.504946529865264893e-01 2.427881956100463867e-01 3.626610338687896729e-02
3.317096233367919922e-01 2.325982749462127686e-01 4.966001212596893311e-02
2.689024209976196289e-01 1.743285059928894043e-01 1.327839493751525879e-01
2.293626368045806885e-01 1.536647379398345947e-01 1.595094650983810425e-01
-2.384982109069824219e-01 2.101708352565765381e-01 -1.112863421440124512e-02
-3.170208632946014404e-01 2.331867516040802002e-01 -6.161306798458099365e-02
-2.722315788269042969e-01 2.184662222862243652e-01 -3.018517792224884033e-02
-2.708433568477630615e-01 2.181314080953598022e-01 -2.941177785396575928e-02
-4.140104353427886963e-01 2.684696018695831299e-01 -1.349097639322280884e-01
-3.938051164150238037e-01 2.529589235782623291e-01 -1.064520329236984253e-01
-2.986061871051788330e-01 2.259264588356018066e-01 -4.669328033924102783e-02
-3.900674283504486084e-01 2.524529993534088135e-01 -1.050112098455429077e-01
-3.513907790184020996e-01 3.251545131206512451e-01 -2.159879654645919800e-01
-1.376878470182418823e-02 5.397947430610656738e-01 -5.071184635162353516e-01
-2.530234456062316895e-01 3.021794259548187256e-01 -1.625683456659317017e-01
-2.517448365688323975e-01 3.932597041130065918e-01 -3.095425963401794434e-01
-3.509086072444915771e-01 3.487907946109771729e-01 -2.540083527565002441e-01
-4.202772676944732666e-01 2.775343954563140869e-01 -1.506002396345138550e-01
-2.820256054401397705e-01 4.055185616016387939e-01 -3.342449665069580078e-01
-4.256604015827178955e-01 2.751947641372680664e-01 -1.477388292551040649e-01
-4.320696890354156494e-01 2.734740674495697021e-01 -1.460425704717636108e-01
-3.474355340003967285e-01 2.855997681617736816e-01 -1.512997299432754517e-01
-4.159905016422271729e-01 2.908982932567596436e-01 -1.715061813592910767e-01
-4.079572856426239014e-01 3.036020994186401367e-01 -1.906219571828842163e-01
-4.082554876804351807e-01 2.963206768035888672e-01 -1.788782924413681030e-01
-3.949393928050994873e-01 3.039119839668273926e-01 -1.888513416051864624e-01
-4.083729684352874756e-01 2.913357913494110107e-01 -1.708632558584213257e-01
-3.686873018741607666e-01 3.297463357448577881e-01 -2.263945490121841431e-01
-3.693301975727081299e-01 3.290024697780609131e-01 -2.252797931432723999e-01
-3.694759011268615723e-01 3.240709602832794189e-01 -2.170169204473495483e-01
-3.010277450084686279e-01 3.864521086215972900e-01 -3.069984912872314453e-01
-3.174529969692230225e-01 3.733078241348266602e-01 -2.882445454597473145e-01
-3.230065107345581055e-01 3.659156560897827148e-01 -2.772235274314880371e-01
-3.433944880962371826e-01 3.501338362693786621e-01 -2.547105550765991211e-01
-3.262862563133239746e-01 3.661771416664123535e-01 -2.779780626296997070e-01
-3.272139430046081543e-01 3.643868267536163330e-01 -2.752034068107604980e-01
-3.214462101459503174e-01 3.707210421562194824e-01 -2.847704291343688965e-01
-3.005280494689941406e-01 3.784044981002807617e-01 -2.938100695610046387e-01
-3.131322860717773438e-01 3.739269077777862549e-01 -2.884238362312316895e-01
-2.829526364803314209e-01 3.934175074100494385e-01 -3.155710697174072266e-01
-3.221530020236968994e-01 3.660227060317993164e-01 -2.772779464721679688e-01
-3.049709498882293701e-01 3.829158544540405273e-01 -3.019105195999145508e-01
-3.274380862712860107e-01 3.629333078861236572e-01 -2.731687426567077637e-01
-3.121988773345947266e-01 3.693864941596984863e-01 -2.814814448356628418e-01
-2.826785743236541748e-01 4.024623632431030273e-01 -3.298072218894958496e-01
-3.157265484333038330e-01 3.732128143310546875e-01 -2.883257269859313965e-01
-3.502161800861358643e-01 3.417883217334747314e-01 -2.425324767827987671e-01
-2.933788001537322998e-01 3.940473794937133789e-01 -3.180048465728759766e-01
-2.620066106319427490e-01 4.248284697532653809e-01 -3.628472089767456055e-01
-2.155654430389404297e-01 4.663565754890441895e-01 -4.227306246757507324e-01
-2.252294719219207764e-01 4.560055732727050781e-01 -4.075089693069458008e-01
-1.890603899955749512e-01 4.861462712287902832e-01 -4.507253766059875488e-01
-9.185021370649337769e-02 5.618258118629455566e-01 -5.569553375244140625e-01
-1.021014377474784851e-01 4.926660656929016113e-01 -4.469714760780334473e-01
-8.855360001325607300e-02 5.755456089973449707e-01 -5.782992839813232422e-01
-2.017530053853988647e-02 6.281914114952087402e-01 -6.521401405334472656e-01
4.710868895053863525e-01 3.472196161746978760e-01 -1.122973412275314331e-01
-6.419337540864944458e-02 5.971733331680297852e-01 -6.098743081092834473e-01
-1.514734923839569092e-01 5.170617699623107910e-01 -4.939781427383422852e-01
-7.408029586076736450e-02 5.881822109222412109e-01 -5.970599651336669922e-01
-7.109353691339492798e-02 5.936110019683837891e-01 -6.053473353385925293e-01
-9.354685992002487183e-02 5.727930068969726562e-01 -5.754284262657165527e-01
-9.186271578073501587e-02 5.735428929328918457e-01 -5.759149789810180664e-01
-1.229384317994117737e-01 5.471627116203308105e-01 -5.382959246635437012e-01
-6.156059354543685913e-02 6.001506447792053223e-01 -6.141167283058166504e-01
-2.757573872804641724e-02 6.249889731407165527e-01 -6.485393643379211426e-01
-5.623305588960647583e-02 6.061965227127075195e-01 -6.230087280273437500e-01
-6.520531326532363892e-02 5.953721404075622559e-01 -6.072111129760742188e-01
-4.768124967813491821e-02 6.139226555824279785e-01 -6.341406106948852539e-01
-4.271148890256881714e-02 6.180164813995361328e-01 -6.402091979980468750e-01
-6.934342533349990845e-02 5.921739339828491211e-01 -6.025082468986511230e-01
9.311221539974212646e-03 6.606562733650207520e-01 -7.003495693206787109e-01
-1.922527700662612915e-02 6.370626688003540039e-01 -6.668978929519653320e-01
-5.265594273805618286e-02 6.103978753089904785e-01 -6.290887594223022461e-01
-1.739455759525299072e-02 6.379927992820739746e-01 -6.685035824775695801e-01
-7.070525735616683960e-02 5.905400514602661133e-01 -6.003188490867614746e-01
-4.911308735609054565e-02 6.130843758583068848e-01 -6.331140995025634766e-01
-2.307593077421188354e-02 6.363664269447326660e-01 -6.664329171180725098e-01
4.731503129005432129e-02 6.922588348388671875e-01 -7.451804280281066895e-01
5.751484632492065430e-02 7.038121819496154785e-01 -7.619903683662414551e-01
1.222679689526557922e-01 7.249254584312438965e-01 -7.853317856788635254e-01
7.695752382278442383e-02 7.257247567176818848e-01 -7.939982414245605469e-01
9.760864824056625366e-02 7.428015470504760742e-01 -8.181220293045043945e-01
1.155759394168853760e-01 7.536380887031555176e-01 -8.322671651840209961e-01
1.318162381649017334e-01 7.570949792861938477e-01 -8.352943658828735352e-01
1.563764810562133789e-01 7.717819809913635254e-01 -8.549276590347290039e-01
3.838599026203155518e-01 7.434380054473876953e-01 -7.698178291320800781e-01
1.487737298011779785e-01 7.744612693786621094e-01 -8.595837354660034180e-01
1.145278811454772949e-01 7.467547059059143066e-01 -8.207380771636962891e-01
4.900747239589691162e-01 6.723168492317199707e-01 -6.357654333114624023e-01
1.689580678939819336e-01 7.439885735511779785e-01 -8.069722652435302734e-01
2.111701369285583496e-01 7.603601813316345215e-01 -8.257184028625488281e-01
7.810600996017456055e-01 6.189016699790954590e-01 -4.993449449539184570e-01
7.683251500129699707e-01 6.113846898078918457e-01 -4.887471795082092285e-01
7.813431620597839355e-01 6.169992685317993164e-01 -4.960745573043823242e-01
7.906644940376281738e-01 6.280357837677001953e-01 -5.121308565139770508e-01
7.789663076400756836e-01 6.164288520812988281e-01 -4.955198764801025391e-01
4.289930462837219238e-01 7.341045141220092773e-01 -7.472022771835327148e-01
7.731024026870727539e-01 6.114826798439025879e-01 -4.885693788528442383e-01
7.812752723693847656e-01 6.204739212989807129e-01 -5.015199184417724609e-01
7.016960382461547852e-01 6.321953535079956055e-01 -5.342698693275451660e-01
7.689920663833618164e-01 6.115909218788146973e-01 -4.889894127845764160e-01
7.486026287078857422e-01 5.951443910598754883e-01 -4.661059379577636719e-01
7.293952703475952148e-01 5.777908563613891602e-01 -4.411047697067260742e-01
7.709730267524719238e-01 6.163180470466613770e-01 -4.958303570747375488e-01
7.415392398834228516e-01 5.866289734840393066e-01 -4.532744884490966797e-01
7.827415466308593750e-01 6.242774724960327148e-01 -5.071288347244262695e-01
7.951884865760803223e-01 6.547317504882812500e-01 -5.545575618743896484e-01
7.830603718757629395e-01 7.255976796150207520e-01 -6.707844734191894531e-01
7.810240387916564941e-01 7.925910949707031250e-01 -7.789553999900817871e-01
8.723666667938232422e-01 7.060797810554504395e-01 -6.228390336036682129e-01
9.046654105186462402e-01 7.332499027252197266e-01 -6.607152223587036133e-01
8.491291403770446777e-01 6.861282587051391602e-01 -5.944993495941162109e-01
8.528513312339782715e-01 6.895059943199157715e-01 -5.991469621658325195e-01
8.662198781967163086e-01 7.032399177551269531e-01 -6.180648207664489746e-01
8.360815048217773438e-01 6.803330183029174805e-01 -5.863861441612243652e-01
7.851375341415405273e-01 6.341966390609741211e-01 -5.212870836257934570e-01
7.710170745849609375e-01 6.188299655914306641e-01 -4.986036419868469238e-01
