-2.727415561676025391e-01 1.210582330822944641e-01 -9.492619037628173828e-01
-4.399372041225433350e-01 5.351659059524536133e-01 -1.120768547058105469e+00
-6.296582221984863281e-01 1.034242033958435059e+00 -1.323078274726867676e+00
-8.131017088890075684e-01 1.526916503906250000e+00 -1.519437909126281738e+00
-9.830033779144287109e-01 1.996450066566467285e+00 -1.704982161521911621e+00
-1.141235351562500000e+00 2.490259170532226562e+00 -1.906001329421997070e+00
-1.200774431228637695e+00 2.970763444900512695e+00 -2.241004228591918945e+00
-1.265092372894287109e+00 3.449384927749633789e+00 -2.576135158538818359e+00
-1.302164793014526367e+00 3.818712711334228516e+00 -2.831129074096679688e+00
-1.327995777130126953e+00 4.131413936614990234e+00 -3.045429229736328125e+00
-1.339461684226989746e+00 4.374155521392822266e+00 -3.209317207336425781e+00
-1.337683081626892090e+00 4.525063037872314453e+00 -3.308643341064453125e+00
-1.313790321350097656e+00 4.601509094238281250e+00 -3.352351665496826172e+00
-1.274776816368103027e+00 4.604933261871337891e+00 -3.343404769897460938e+00
-1.224052906036376953e+00 4.535880088806152344e+00 -3.283142328262329102e+00
-1.156575441360473633e+00 4.396219253540039062e+00 -3.171352386474609375e+00
-1.060662984848022461e+00 4.185024261474609375e+00 -3.004065036773681641e+00
-9.445917010307312012e-01 3.905535221099853516e+00 -2.785802125930786133e+00
-8.250199556350708008e-01 3.605871677398681641e+00 -2.553185939788818359e+00
-7.085485458374023438e-01 3.315931797027587891e+00 -2.327893733978271484e+00
-5.847303867340087891e-01 2.971976995468139648e+00 -2.064754962921142578e+00
-4.866184294223785400e-01 2.620733737945556641e+00 -1.804182529449462891e+00
-3.989780545234680176e-01 2.297724723815917969e+00 -1.669266819953918457e+00
-3.156265318393707275e-01 1.961405158042907715e+00 -1.598631262779235840e+00
-2.380104064941406250e-01 1.619944810867309570e+00 -1.517100095748901367e+00
-1.153902858495712280e-01 1.176213622093200684e+00 -1.423358917236328125e+00
9.260053932666778564e-02 5.271856784820556641e-01 -1.236166954040527344e+00
3.192780911922454834e-01 -2.180978506803512573e-01 -1.093374490737915039e+00
3.534539639949798584e-01 -1.075017571449279785e+00 -8.697675466537475586e-01
4.030428826808929443e-01 -1.712348818778991699e+00 -7.105385065078735352e-01
4.463651776313781738e-01 -1.836189985275268555e+00 -7.561519145965576172e-01
4.648563861846923828e-01 -1.854931354522705078e+00 -7.848359942436218262e-01
4.698114991188049316e-01 -1.843977093696594238e+00 -7.816339731216430664e-01
4.642246365547180176e-01 -1.817377328872680664e+00 -7.691917419433593750e-01
4.500622749328613281e-01 -1.761276960372924805e+00 -7.436810731887817383e-01
4.301430284976959229e-01 -1.679059982299804688e+00 -7.028383016586303711e-01
4.032845795154571533e-01 -1.578903317451477051e+00 -6.518873572349548340e-01
3.705074787139892578e-01 -1.458599686622619629e+00 -6.050473451614379883e-01
3.281457722187042236e-01 -1.326776385307312012e+00 -5.593178868293762207e-01
2.826001048088073730e-01 -1.202456831932067871e+00 -5.231574773788452148e-01
2.341115176677703857e-01 -1.067882657051086426e+00 -4.805390536785125732e-01
2.052620053291320801e-01 -9.761358499526977539e-01 -4.791890084743499756e-01
1.852410286664962769e-01 -9.147459268569946289e-01 -5.196580290794372559e-01
1.631499528884887695e-01 -8.545787334442138672e-01 -5.563895702362060547e-01
1.449770331382751465e-01 -8.136801719665527344e-01 -5.767198204994201660e-01
1.211799681186676025e-01 -7.618393898010253906e-01 -5.966325998306274414e-01
8.981658518314361572e-02 -6.900494694709777832e-01 -6.166709065437316895e-01
6.372262537479400635e-02 -6.071254611015319824e-01 -6.336258649826049805e-01
3.743213042616844177e-02 -5.019345879554748535e-01 -6.607049703598022461e-01
1.250540092587471008e-02 -3.599586486816406250e-01 -7.057468891143798828e-01
-6.067076325416564941e-02 -2.180390954017639160e-01 -7.597271203994750977e-01
-1.438712626695632935e-01 -6.709854304790496826e-02 -8.174771070480346680e-01
-2.600311934947967529e-01 1.748848557472229004e-01 -9.185109138488769531e-01
-4.399211108684539795e-01 6.435770988464355469e-01 -1.109156727790832520e+00
-6.201910376548767090e-01 1.125429511070251465e+00 -1.303121089935302734e+00
-7.896539568901062012e-01 1.592825651168823242e+00 -1.490012168884277344e+00
-9.525129795074462891e-01 2.057812213897705078e+00 -1.672116518020629883e+00
-1.065769314765930176e+00 2.506441354751586914e+00 -1.895017981529235840e+00
-1.123928308486938477e+00 2.929873228073120117e+00 -2.191866397857666016e+00
-1.178296327590942383e+00 3.390445470809936523e+00 -2.512196540832519531e+00
-1.208740711212158203e+00 3.762542486190795898e+00 -2.767117977142333984e+00
-1.226289749145507812e+00 4.081253528594970703e+00 -2.983014106750488281e+00
-1.235277414321899414e+00 4.322394847869873047e+00 -3.145130872726440430e+00
-1.231611847877502441e+00 4.498407363891601562e+00 -3.260523557662963867e+00
-1.220413088798522949e+00 4.611062526702880859e+00 -3.331835269927978516e+00
-1.191715478897094727e+00 4.656366348266601562e+00 -3.353559732437133789e+00
-1.125230908393859863e+00 4.610032558441162109e+00 -3.303798198699951172e+00
-1.038557529449462891e+00 4.491809368133544922e+00 -3.200674295425415039e+00
-9.416933059692382812e-01 4.323008060455322266e+00 -3.061160087585449219e+00
-8.335595726966857910e-01 4.099271774291992188e+00 -2.882062911987304688e+00
-7.254506945610046387e-01 3.868539094924926758e+00 -2.698344707489013672e+00
-6.385090351104736328e-01 3.663091182708740234e+00 -2.537437438964843750e+00
-5.549162030220031738e-01 3.425414562225341797e+00 -2.356171131134033203e+00
-4.333396852016448975e-01 3.097879886627197266e+00 -2.213486433029174805e+00
-2.814179956912994385e-01 2.679135560989379883e+00 -2.101327419281005859e+00
-1.713982820510864258e-01 2.298617362976074219e+00 -2.023849010467529297e+00
-8.270528912544250488e-02 1.964232325553894043e+00 -1.968625545501708984e+00
-1.040183007717132568e-03 1.624050736427307129e+00 -1.900158762931823730e+00
7.959809899330139160e-02 1.258148193359375000e+00 -1.791232824325561523e+00
2.056870758533477783e-01 7.972039580345153809e-01 -1.631981968879699707e+00
4.177189767360687256e-01 9.211841225624084473e-02 -1.431194543838500977e+00
5.772936940193176270e-01 -7.834227681159973145e-01 -1.133736729621887207e+00
6.158173680305480957e-01 -1.700444579124450684e+00 -8.890665769577026367e-01
6.467254161834716797e-01 -2.145893335342407227e+00 -8.084653615951538086e-01
6.585416197776794434e-01 -2.206684827804565430e+00 -8.596044778823852539e-01
6.655474901199340820e-01 -2.211725950241088867e+00 -8.857288360595703125e-01
6.640742421150207520e-01 -2.193725824356079102e+00 -8.821870684623718262e-01
6.546465754508972168e-01 -2.162182569503784180e+00 -8.699367046356201172e-01
6.364034414291381836e-01 -2.114222526550292969e+00 -8.482402563095092773e-01
6.102585792541503906e-01 -2.049575328826904297e+00 -8.169246912002563477e-01
5.755280852317810059e-01 -1.965657830238342285e+00 -7.767212986946105957e-01
5.378919243812561035e-01 -1.841410875320434570e+00 -7.153260707855224609e-01
4.869734048843383789e-01 -1.699099898338317871e+00 -6.521064639091491699e-01
4.356173276901245117e-01 -1.564382076263427734e+00 -6.191376447677612305e-01
3.806217014789581299e-01 -1.416946887969970703e+00 -5.792387723922729492e-01
3.301404416561126709e-01 -1.279348731040954590e+00 -5.187617540359497070e-01
2.776162028312683105e-01 -1.144307971000671387e+00 -4.661762416362762451e-01
2.538176476955413818e-01 -1.077726840972900391e+00 -5.142946243286132812e-01
2.303532958030700684e-01 -1.021166563034057617e+00 -5.524690151214599609e-01
2.086443006992340088e-01 -9.714894294738769531e-01 -5.824156999588012695e-01
1.883850097656250000e-01 -9.269289970397949219e-01 -6.053138971328735352e-01
1.670887917280197144e-01 -8.789199590682983398e-01 -6.268711090087890625e-01
1.487731486558914185e-01 -8.265314102172851562e-01 -6.447389125823974609e-01
1.337908506393432617e-01 -7.628816962242126465e-01 -6.575577259063720703e-01
1.055734902620315552e-01 -6.738293170928955078e-01 -6.741776466369628906e-01
5.409666523337364197e-02 -5.691291093826293945e-01 -7.091696858406066895e-01
3.655329346656799316e-04 -4.324902296066284180e-01 -7.648868560791015625e-01
-7.828363776206970215e-02 -2.883108556270599365e-01 -8.226726055145263672e-01
-1.652144342660903931e-01 -1.552550941705703735e-01 -8.866519927978515625e-01
-2.556257545948028564e-01 -2.846568264067173004e-02 -9.551869630813598633e-01
-3.502625823020935059e-01 1.023769751191139221e-01 -1.023368835449218750e+00
-4.904552400112152100e-01 3.928384780883789062e-01 -1.146858692169189453e+00
-6.872121691703796387e-01 8.946543931961059570e-01 -1.352255940437316895e+00
-8.782719373703002930e-01 1.395848155021667480e+00 -1.554244279861450195e+00
-1.086488366127014160e+00 2.065407752990722656e+00 -1.828491926193237305e+00
-1.297619581222534180e+00 2.782518625259399414e+00 -2.144299030303955078e+00
-1.387755036354064941e+00 3.377845525741577148e+00 -2.564059495925903320e+00
-1.491867184638977051e+00 4.008086681365966797e+00 -3.010935783386230469e+00
-1.582065105438232422e+00 4.586127758026123047e+00 -3.419278144836425781e+00
-1.637869477272033691e+00 5.048764705657958984e+00 -3.741387367248535156e+00
-1.687594294548034668e+00 5.439144611358642578e+00 -4.013945579528808594e+00
-1.730224251747131348e+00 5.766404628753662109e+00 -4.242705821990966797e+00
-1.774550676345825195e+00 6.033791065216064453e+00 -4.432342052459716797e+00
-1.812238812446594238e+00 6.239739894866943359e+00 -4.579425334930419922e+00
-1.829475283622741699e+00 6.382234096527099609e+00 -4.678649902343750000e+00
-1.834602713584899902e+00 6.475744247436523438e+00 -4.741988182067871094e+00
-1.816491127014160156e+00 6.521149158477783203e+00 -4.766821861267089844e+00
-1.780654311180114746e+00 6.519791603088378906e+00 -4.755623817443847656e+00
-1.734203338623046875e+00 6.475317478179931641e+00 -4.712850570678710938e+00
-1.676551103591918945e+00 6.386297702789306641e+00 -4.637387752532958984e+00
-1.590713620185852051e+00 6.233846187591552734e+00 -4.511858940124511719e+00
-1.486943006515502930e+00 6.027579307556152344e+00 -4.345573425292968750e+00
-1.377140998840332031e+00 5.789386749267578125e+00 -4.156433105468750000e+00
-1.249497532844543457e+00 5.469582080841064453e+00 -3.908172607421875000e+00
-1.109067201614379883e+00 5.087598323822021484e+00 -3.615099906921386719e+00
-9.689986109733581543e-01 4.696148872375488281e+00 -3.315869808197021484e+00
-8.456446528434753418e-01 4.337844848632812500e+00 -3.043371200561523438e+00
-7.124177217483520508e-01 3.942566156387329102e+00 -2.823701143264770508e+00
-6.133848428726196289e-01 3.661364316940307617e+00 -2.693603992462158203e+00
-5.319190025329589844e-01 3.432104110717773438e+00 -2.599004030227661133e+00
-4.519586563110351562e-01 3.207849264144897461e+00 -2.507502079010009766e+00
-3.586669862270355225e-01 2.956634521484375000e+00 -2.432193040847778320e+00
-2.678286135196685791e-01 2.730222702026367188e+00 -2.375512361526489258e+00
-1.836359053850173950e-01 2.512101650238037109e+00 -2.338718891143798828e+00
-1.288317292928695679e-01 2.358225107192993164e+00 -2.316025733947753906e+00
-9.411983191967010498e-02 2.243214845657348633e+00 -2.315902709960937500e+00
-6.459922343492507935e-02 2.143127679824829102e+00 -2.316182613372802734e+00
-3.987901657819747925e-02 2.057904243469238281e+00 -2.317335367202758789e+00
-1.950797438621520996e-02 1.987208485603332520e+00 -2.319771766662597656e+00
-2.987224608659744263e-03 1.930455088615417480e+00 -2.323840856552124023e+00
1.021699979901313782e-02 1.886838555335998535e+00 -2.329830646514892578e+00
2.345861867070198059e-02 1.846215367317199707e+00 -2.327234029769897461e+00
3.445539250969886780e-02 1.816758275032043457e+00 -2.327152252197265625e+00
4.320628568530082703e-02 1.799054622650146484e+00 -2.331869125366210938e+00
5.029455199837684631e-02 1.791655182838439941e+00 -2.341323375701904297e+00
5.629104748368263245e-02 1.793026566505432129e+00 -2.355361223220825195e+00
6.174347922205924988e-02 1.801591038703918457e+00 -2.373745441436767578e+00
6.716647744178771973e-02 1.815763711929321289e+00 -2.396168947219848633e+00
7.303276658058166504e-02 1.833985805511474609e+00 -2.422266483306884766e+00
7.976637780666351318e-02 1.854761004447937012e+00 -2.451627492904663086e+00
8.773575723171234131e-02 1.876679420471191406e+00 -2.483807325363159180e+00
9.725004434585571289e-02 1.898446679115295410e+00 -2.518342733383178711e+00
1.085567027330398560e-01 1.918897151947021484e+00 -2.554758548736572266e+00
1.218391507863998413e-01 1.937012791633605957e+00 -2.592581272125244141e+00
1.372187435626983643e-01 1.951931715011596680e+00 -2.631346225738525391e+00
1.547561585903167725e-01 1.962951660156250000e+00 -2.670608758926391602e+00
1.747702658176422119e-01 1.968494057655334473e+00 -2.708725214004516602e+00
1.979736387729644775e-01 1.965676784515380859e+00 -2.742372512817382812e+00
2.130983173847198486e-01 1.977480649948120117e+00 -2.775328636169433594e+00
2.292335033416748047e-01 1.985988855361938477e+00 -2.807817697525024414e+00
2.464708983898162842e-01 1.990739703178405762e+00 -2.839651584625244141e+00
2.646746933460235596e-01 1.991761088371276855e+00 -2.870646953582763672e+00
2.834120392799377441e-01 1.988976597785949707e+00 -2.901391267776489258e+00
3.023383617401123047e-01 1.982447385787963867e+00 -2.932218551635742188e+00
3.219301998615264893e-01 1.972864985466003418e+00 -2.961247205734252930e+00
3.419986665248870850e-01 1.960520982742309570e+00 -2.988395214080810547e+00
3.623480796813964844e-01 1.945747733116149902e+00 -3.013610363006591797e+00
3.805938959121704102e-01 1.933781504631042480e+00 -3.033830642700195312e+00
3.981307148933410645e-01 1.921470046043395996e+00 -3.051265716552734375e+00
4.153963923454284668e-01 1.907816171646118164e+00 -3.066811084747314453e+00
4.322400093078613281e-01 1.893159985542297363e+00 -3.080559253692626953e+00
4.485217332839965820e-01 1.877842664718627930e+00 -3.092622756958007812e+00
4.640904068946838379e-01 1.862186193466186523e+00 -3.103197097778320312e+00
4.781978726387023926e-01 1.846089124679565430e+00 -3.114129781723022461e+00
4.913598895072937012e-01 1.830285787582397461e+00 -3.123930692672729492e+00
5.035148262977600098e-01 1.815086960792541504e+00 -3.132714748382568359e+00
5.146186947822570801e-01 1.800788164138793945e+00 -3.140609264373779297e+00
5.246443152427673340e-01 1.787657618522644043e+00 -3.147748947143554688e+00
5.341413021087646484e-01 1.774186849594116211e+00 -3.152511596679687500e+00
5.424713492393493652e-01 1.762620449066162109e+00 -3.157088279724121094e+00
5.495960116386413574e-01 1.753343701362609863e+00 -3.161830425262451172e+00
5.555416941642761230e-01 1.746563553810119629e+00 -3.166943073272705078e+00
5.603536963462829590e-01 1.742448568344116211e+00 -3.172626018524169922e+00
5.640931725502014160e-01 1.741128563880920410e+00 -3.179066658020019531e+00
5.668382048606872559e-01 1.742692708969116211e+00 -3.186440944671630859e+00
5.686804056167602539e-01 1.747195959091186523e+00 -3.194911956787109375e+00
5.703038573265075684e-01 1.752835392951965332e+00 -3.202796936035156250e+00
5.716729164123535156e-01 1.760069251060485840e+00 -3.210703372955322266e+00
5.726705789566040039e-01 1.769597053527832031e+00 -3.219494342803955078e+00
5.734148621559143066e-01 1.781374692916870117e+00 -3.229295253753662109e+00
5.740246772766113281e-01 1.795336484909057617e+00 -3.240213394165039062e+00
5.746154785156250000e-01 1.811404824256896973e+00 -3.252344131469726562e+00
5.752981901168823242e-01 1.829487204551696777e+00 -3.265768527984619141e+00
5.761772394180297852e-01 1.849479913711547852e+00 -3.280547618865966797e+00
5.773495435714721680e-01 1.871264576911926270e+00 -3.296723842620849609e+00
5.784732103347778320e-01 1.894419312477111816e+00 -3.315461397171020508e+00
5.787689685821533203e-01 1.918258309364318848e+00 -3.338661909103393555e+00
5.787911415100097656e-01 1.943199276924133301e+00 -3.362523078918457031e+00
5.791652798652648926e-01 1.969179749488830566e+00 -3.387937068939208984e+00
5.799399018287658691e-01 1.995982766151428223e+00 -3.414774656295776367e+00
5.811569094657897949e-01 2.023361206054687500e+00 -3.442865371704101562e+00
5.828526616096496582e-01 2.051025390625000000e+00 -3.471992969512939453e+00
5.850583314895629883e-01 2.078640937805175781e+00 -3.501888275146484375e+00
5.878037214279174805e-01 2.105817317962646484e+00 -3.532229900360107422e+00
5.911146402359008789e-01 2.132112026214599609e+00 -3.562640190124511719e+00
5.950188636779785156e-01 2.157012939453125000e+00 -3.592679738998413086e+00
5.995454192161560059e-01 2.179944038391113281e+00 -3.621847629547119141e+00
6.039380431175231934e-01 2.201656341552734375e+00 -3.649546623229980469e+00
6.079304218292236328e-01 2.221969366073608398e+00 -3.675139904022216797e+00
6.125556826591491699e-01 2.238331079483032227e+00 -3.697984218597412109e+00
6.178701519966125488e-01 2.249868869781494141e+00 -3.717339277267456055e+00
6.239344477653503418e-01 2.255652427673339844e+00 -3.732413768768310547e+00
6.303358078002929688e-01 2.254909753799438477e+00 -3.741850852966308594e+00
6.372691988945007324e-01 2.246579408645629883e+00 -3.744928121566772461e+00
6.449828147888183594e-01 2.229559898376464844e+00 -3.740959882736206055e+00
6.535080671310424805e-01 2.202844142913818359e+00 -3.729016780853271484e+00
6.628679633140563965e-01 2.165451049804687500e+00 -3.708174467086791992e+00
6.730720400810241699e-01 2.116446018218994141e+00 -3.677524566650390625e+00
6.841171979904174805e-01 2.054968357086181641e+00 -3.636198997497558594e+00
6.974211931228637695e-01 1.978226065635681152e+00 -3.582707405090332031e+00
7.141058444976806641e-01 1.883936285972595215e+00 -3.515762567520141602e+00
7.251486182212829590e-01 1.769841909408569336e+00 -3.454219818115234375e+00
7.352779507637023926e-01 1.638223171234130859e+00 -3.384676933288574219e+00
7.485293745994567871e-01 1.463835239410400391e+00 -3.311489105224609375e+00
7.633699178695678711e-01 1.251707077026367188e+00 -3.183366537094116211e+00
7.721043229103088379e-01 1.022660136222839355e+00 -2.999417781829833984e+00
7.819444537162780762e-01 7.692460417747497559e-01 -2.798059940338134766e+00
9.186293482780456543e-01 2.282471954822540283e-01 -2.653193473815917969e+00
1.130426883697509766e+00 -5.258835554122924805e-01 -2.420885562896728516e+00
1.215339183807373047e+00 -1.365696549415588379e+00 -2.158007144927978516e+00
1.164657711982727051e+00 -2.177222728729248047e+00 -1.939061522483825684e+00
1.136268019676208496e+00 -2.888415336608886719e+00 -1.709242820739746094e+00
1.125997424125671387e+00 -3.199858665466308594e+00 -1.543986558914184570e+00
1.112442374229431152e+00 -3.282376527786254883e+00 -1.465250968933105469e+00
1.113252997398376465e+00 -3.313131093978881836e+00 -1.424320220947265625e+00
1.115795135498046875e+00 -3.311001062393188477e+00 -1.430405497550964355e+00
1.108245730400085449e+00 -3.286578893661499023e+00 -1.430843710899353027e+00
1.099182724952697754e+00 -3.262819290161132812e+00 -1.435235023498535156e+00
1.085991621017456055e+00 -3.229568004608154297e+00 -1.436337232589721680e+00
1.067752718925476074e+00 -3.183560848236083984e+00 -1.431795954704284668e+00
1.044281244277954102e+00 -3.124320983886718750e+00 -1.421294212341308594e+00
1.009359002113342285e+00 -3.024219274520874023e+00 -1.386065959930419922e+00
9.603486061096191406e-01 -2.885933399200439453e+00 -1.326773643493652344e+00
8.864781856536865234e-01 -2.712394475936889648e+00 -1.244229674339294434e+00
7.994059324264526367e-01 -2.511004447937011719e+00 -1.149553537368774414e+00
7.112402319908142090e-01 -2.291005849838256836e+00 -1.041314721107482910e+00
6.209739446640014648e-01 -2.039528131484985352e+00 -9.245172142982482910e-01
5.535293817520141602e-01 -1.881652832031250000e+00 -8.165711164474487305e-01
4.795228838920593262e-01 -1.719947934150695801e+00 -7.209038138389587402e-01
4.059579670429229736e-01 -1.541113376617431641e+00 -6.264317035675048828e-01
3.351795375347137451e-01 -1.343483686447143555e+00 -5.371508002281188965e-01
2.935921549797058105e-01 -1.222247958183288574e+00 -5.617502927780151367e-01
2.712551057338714600e-01 -1.148353695869445801e+00 -6.011779904365539551e-01
2.482357919216156006e-01 -1.092067122459411621e+00 -6.294437646865844727e-01
2.250084280967712402e-01 -1.035825848579406738e+00 -6.565698981285095215e-01
2.016920447349548340e-01 -9.800652265548706055e-01 -6.824395656585693359e-01
1.784062981605529785e-01 -9.252066016197204590e-01 -7.069476246833801270e-01
1.602275967597961426e-01 -8.689078092575073242e-01 -7.275531888008117676e-01
1.459966301918029785e-01 -8.211969733238220215e-01 -7.486408948898315430e-01
1.345549672842025757e-01 -7.915165424346923828e-01 -7.632436156272888184e-01
1.188044846057891846e-01 -7.512543201446533203e-01 -7.782783508300781250e-01
8.265246450901031494e-02 -6.806684732437133789e-01 -8.011089563369750977e-01
3.610949590802192688e-02 -6.052392721176147461e-01 -8.305295109748840332e-01
-9.529866278171539307e-03 -5.283564329147338867e-01 -8.614434003829956055e-01
-6.081509962677955627e-02 -4.439691305160522461e-01 -8.958883285522460938e-01
-1.166544482111930847e-01 -3.403833210468292236e-01 -9.407676458358764648e-01
-1.760217696428298950e-01 -2.460477203130722046e-01 -9.899424314498901367e-01
-2.335691303014755249e-01 -1.614695638418197632e-01 -1.039940834045410156e+00
-2.857044637203216553e-01 -8.333551138639450073e-02 -1.086480498313903809e+00
-3.343956768512725830e-01 -9.151451289653778076e-03 -1.129256725311279297e+00
-3.794501423835754395e-01 6.070550158619880676e-02 -1.168114423751831055e+00
-4.207136332988739014e-01 1.259095370769500732e-01 -1.202940583229064941e+00
-4.580679237842559814e-01 1.861814558506011963e-01 -1.233664035797119141e+00
-4.914295971393585205e-01 2.412915080785751343e-01 -1.260250449180603027e+00
-5.235189795494079590e-01 2.929942607879638672e-01 -1.283739447593688965e+00
-5.675354003906250000e-01 3.885067105293273926e-01 -1.318401575088500977e+00
-6.202398538589477539e-01 5.218082666397094727e-01 -1.366180419921875000e+00
-6.746417284011840820e-01 7.011514306068420410e-01 -1.432117938995361328e+00
-7.170478105545043945e-01 8.568008542060852051e-01 -1.487101078033447266e+00
-7.504999637603759766e-01 9.901090860366821289e-01 -1.532021760940551758e+00
-7.751569747924804688e-01 1.100944995880126953e+00 -1.567036747932434082e+00
-7.891794443130493164e-01 1.185013651847839355e+00 -1.591466307640075684e+00
-7.956072688102722168e-01 1.248455643653869629e+00 -1.606917381286621094e+00
-7.949608564376831055e-01 1.292144894599914551e+00 -1.613925218582153320e+00
-7.878498435020446777e-01 1.317231774330139160e+00 -1.613132238388061523e+00
-7.749781012535095215e-01 1.325157284736633301e+00 -1.605293869972229004e+00
-7.571382522583007812e-01 1.317642331123352051e+00 -1.591271758079528809e+00
-7.352076172828674316e-01 1.296682238578796387e+00 -1.572026610374450684e+00
-7.101421356201171875e-01 1.264534354209899902e+00 -1.548612713813781738e+00
-6.829689145088195801e-01 1.223697781562805176e+00 -1.522165775299072266e+00
-6.547710299491882324e-01 1.176886081695556641e+00 -1.493889570236206055e+00
-6.266749501228332520e-01 1.126986861228942871e+00 -1.465037941932678223e+00
-5.998311638832092285e-01 1.077023267745971680e+00 -1.436895251274108887e+00
-5.753967761993408203e-01 1.030101180076599121e+00 -1.410756707191467285e+00
-5.545045733451843262e-01 9.893394708633422852e-01 -1.387893438339233398e+00
-5.382462143898010254e-01 9.578176140785217285e-01 -1.369535565376281738e+00
-5.276387929916381836e-01 9.384928345680236816e-01 -1.356834292411804199e+00
-5.236023068428039551e-01 9.341357946395874023e-01 -1.350839018821716309e+00
-5.269318222999572754e-01 9.472540020942687988e-01 -1.352465271949768066e+00
-5.382698178291320801e-01 9.800151586532592773e-01 -1.362466812133789062e+00
-5.580842494964599609e-01 1.034182906150817871e+00 -1.381409764289855957e+00
-5.866523385047912598e-01 1.111059427261352539e+00 -1.409655451774597168e+00
-6.240391135215759277e-01 1.211427330970764160e+00 -1.447338581085205078e+00
-6.700904965400695801e-01 1.335511922836303711e+00 -1.494357466697692871e+00
-7.244272828102111816e-01 1.482958436012268066e+00 -1.550367951393127441e+00
-7.864480614662170410e-01 1.652817964553833008e+00 -1.614785909652709961e+00
-8.553349375724792480e-01 1.843557119369506836e+00 -1.686793446540832520e+00
-9.300702214241027832e-01 2.053075790405273438e+00 -1.765355229377746582e+00
-1.009454965591430664e+00 2.278752565383911133e+00 -1.849238991737365723e+00
-1.084686517715454102e+00 2.501061677932739258e+00 -1.932012557983398438e+00
-1.125385522842407227e+00 2.709912776947021484e+00 -2.046764135360717773e+00
-1.152317523956298828e+00 2.931124925613403320e+00 -2.200853586196899414e+00
-1.181666016578674316e+00 3.171812772750854492e+00 -2.368522405624389648e+00
-1.212149620056152344e+00 3.442460060119628906e+00 -2.556337833404541016e+00
-1.232978701591491699e+00 3.689493417739868164e+00 -2.725756168365478516e+00
-1.246876358985900879e+00 3.936565876007080078e+00 -2.893208503723144531e+00
-1.254414916038513184e+00 4.162130832672119141e+00 -3.044603824615478516e+00
-1.255811691284179688e+00 4.353319168090820312e+00 -3.171491146087646484e+00
-1.254026174545288086e+00 4.504301071166992188e+00 -3.270864486694335938e+00
-1.253748297691345215e+00 4.632149219512939453e+00 -3.355366468429565430e+00
-1.244360804557800293e+00 4.726968765258789062e+00 -3.415399074554443359e+00
-1.225940346717834473e+00 4.787922859191894531e+00 -3.450430870056152344e+00
-1.197760224342346191e+00 4.815022945404052734e+00 -3.460260629653930664e+00
-1.148887276649475098e+00 4.795116901397705078e+00 -3.433045148849487305e+00
-1.083201289176940918e+00 4.733168601989746094e+00 -3.373183250427246094e+00
-1.010514616966247559e+00 4.641552925109863281e+00 -3.291681766510009766e+00
-9.336062073707580566e-01 4.527845382690429688e+00 -3.194351911544799805e+00
-8.552379608154296875e-01 4.399788856506347656e+00 -3.087109327316284180e+00
-7.874364256858825684e-01 4.268857002258300781e+00 -2.981001138687133789e+00
-7.173859477043151855e-01 4.120917797088623047e+00 -2.862995147705078125e+00
-6.472373008728027344e-01 3.979823827743530273e+00 -2.791551113128662109e+00
-5.854504704475402832e-01 3.848394632339477539e+00 -2.769873857498168945e+00
-5.166957974433898926e-01 3.684398412704467773e+00 -2.729167699813842773e+00
-4.494329392910003662e-01 3.522760391235351562e+00 -2.687030076980590820e+00
-3.685287535190582275e-01 3.336628675460815430e+00 -2.668207168579101562e+00
-2.917245030403137207e-01 3.158749818801879883e+00 -2.649044752120971680e+00
-2.199419438838958740e-01 2.991662979125976562e+00 -2.630339860916137695e+00
-1.654232293367385864e-01 2.860632896423339844e+00 -2.611715316772460938e+00
-1.131555587053298950e-01 2.731451272964477539e+00 -2.596258401870727539e+00
-6.107342243194580078e-02 2.600205183029174805e+00 -2.584797382354736328e+00
-1.267939805984497070e-02 2.484378337860107422e+00 -2.579681873321533203e+00
2.357559278607368469e-02 2.411483287811279297e+00 -2.594393253326416016e+00
5.340870097279548645e-02 2.356241464614868164e+00 -2.614356517791748047e+00
8.068697154521942139e-02 2.307622432708740234e+00 -2.634948253631591797e+00
1.047596186399459839e-01 2.265360593795776367e+00 -2.654098272323608398e+00
1.262498944997787476e-01 2.228107690811157227e+00 -2.671932935714721680e+00
1.464537233114242554e-01 2.193856954574584961e+00 -2.689649105072021484e+00
1.657713204622268677e-01 2.161032438278198242e+00 -2.706547498703002930e+00
1.846122443675994873e-01 2.127906560897827148e+00 -2.721793413162231445e+00
2.033784389495849609e-01 2.092652797698974609e+00 -2.734440326690673828e+00
2.224555909633636475e-01 2.053388833999633789e+00 -2.743443965911865234e+00
2.421994805335998535e-01 2.008229494094848633e+00 -2.747690200805664062e+00
2.629245817661285400e-01 1.955340266227722168e+00 -2.746023178100585938e+00
2.848945260047912598e-01 1.892986059188842773e+00 -2.737270832061767578e+00
3.068920373916625977e-01 1.818626165390014648e+00 -2.724089145660400391e+00
3.263943791389465332e-01 1.728309512138366699e+00 -2.713349819183349609e+00
3.473314344882965088e-01 1.624644398689270020e+00 -2.690329551696777344e+00
3.665852248668670654e-01 1.511249065399169922e+00 -2.654882669448852539e+00
3.928783833980560303e-01 1.361832618713378906e+00 -2.588917732238769531e+00
4.224488735198974609e-01 1.187288641929626465e+00 -2.503100872039794922e+00
4.482845067977905273e-01 1.005482077598571777e+00 -2.369726657867431641e+00
4.724840521812438965e-01 8.029719591140747070e-01 -2.203904390335083008e+00
5.767112374305725098e-01 4.714533686637878418e-01 -2.049165725708007812e+00
7.536020874977111816e-01 -1.077025309205055237e-01 -1.870329380035400391e+00
9.233808517456054688e-01 -8.670276403427124023e-01 -1.653980731964111328e+00
9.390456080436706543e-01 -1.646749377250671387e+00 -1.440130591392517090e+00
9.064708352088928223e-01 -2.371849060058593750e+00 -1.246546149253845215e+00
8.624856472015380859e-01 -2.688706874847412109e+00 -1.137337446212768555e+00
8.778073191642761230e-01 -2.748002290725708008e+00 -1.118305921554565430e+00
8.989535570144653320e-01 -2.778341531753540039e+00 -1.151910185813903809e+00
9.082010984420776367e-01 -2.785827398300170898e+00 -1.180080056190490723e+00
9.018363952636718750e-01 -2.760843038558959961e+00 -1.185827612876892090e+00
8.755205869674682617e-01 -2.701425552368164062e+00 -1.165482044219970703e+00
8.404979109764099121e-01 -2.625648975372314453e+00 -1.135647296905517578e+00
7.984347939491271973e-01 -2.534636497497558594e+00 -1.097701191902160645e+00
7.517927289009094238e-01 -2.425633192062377930e+00 -1.047416210174560547e+00
7.051531672477722168e-01 -2.304199218750000000e+00 -9.788777828216552734e-01
6.585767269134521484e-01 -2.169767618179321289e+00 -8.986824154853820801e-01
6.213551759719848633e-01 -2.021685361862182617e+00 -8.061079978942871094e-01
5.486041903495788574e-01 -1.856592059135437012e+00 -7.465138435363769531e-01
4.712594747543334961e-01 -1.697597384452819824e+00 -6.832150220870971680e-01
4.092818498611450195e-01 -1.541694164276123047e+00 -6.154751777648925781e-01
3.447442352771759033e-01 -1.375884890556335449e+00 -5.431675910949707031e-01
2.968546748161315918e-01 -1.241962790489196777e+00 -5.254639387130737305e-01
2.693710923194885254e-01 -1.164649963378906250e+00 -5.748028755187988281e-01
2.411281168460845947e-01 -1.101794004440307617e+00 -6.146100759506225586e-01
2.168816626071929932e-01 -1.051220655441284180e+00 -6.442154645919799805e-01
1.946496367454528809e-01 -1.006036996841430664e+00 -6.683703660964965820e-01
1.726552844047546387e-01 -9.600607752799987793e-01 -6.913739442825317383e-01
1.525576710700988770e-01 -9.133349061012268066e-01 -7.122813463211059570e-01
1.366888135671615601e-01 -8.656332492828369141e-01 -7.297773361206054688e-01
1.279577165842056274e-01 -8.190104961395263672e-01 -7.428132891654968262e-01
1.152214407920837402e-01 -7.759769558906555176e-01 -7.593660950660705566e-01
7.917724549770355225e-02 -7.057231068611145020e-01 -7.846216559410095215e-01
4.435530677437782288e-02 -6.341990828514099121e-01 -8.117406368255615234e-01
2.381160855293273926e-03 -5.628579258918762207e-01 -8.421580791473388672e-01
-3.834986686706542969e-02 -4.952911436557769775e-01 -8.705336451530456543e-01
-7.910738140344619751e-02 -4.155974090099334717e-01 -9.057108163833618164e-01
-1.266338378190994263e-01 -3.330385982990264893e-01 -9.426051974296569824e-01
-1.706400811672210693e-01 -2.546275258064270020e-01 -9.769669771194458008e-01
-2.166634500026702881e-01 -1.878196150064468384e-01 -1.015992522239685059e+00
-2.576855123043060303e-01 -1.271566748619079590e-01 -1.052484750747680664e+00
-2.951300740242004395e-01 -7.072323560714721680e-02 -1.086427330970764160e+00
-3.304408490657806396e-01 -1.665934547781944275e-02 -1.117879748344421387e+00
-3.625816702842712402e-01 3.444539383053779602e-02 -1.146591782569885254e+00
-3.920154869556427002e-01 8.306615799665451050e-02 -1.172805070877075195e+00
-4.196837544441223145e-01 1.300331503152847290e-01 -1.196924209594726562e+00
-4.460207223892211914e-01 1.758441627025604248e-01 -1.219200849533081055e+00
-4.774266183376312256e-01 2.275709211826324463e-01 -1.242852449417114258e+00
-5.253234505653381348e-01 3.330664634704589844e-01 -1.281820058822631836e+00
-5.864321589469909668e-01 4.928666949272155762e-01 -1.341632366180419922e+00
-6.672584414482116699e-01 7.268873453140258789e-01 -1.431361675262451172e+00
-7.501280307769775391e-01 9.671753644943237305e-01 -1.522356152534484863e+00
-8.353803753852844238e-01 1.214515089988708496e+00 -1.614938259124755859e+00
-9.214435219764709473e-01 1.465633034706115723e+00 -1.708497524261474609e+00
-1.009335041046142578e+00 1.723570823669433594e+00 -1.804463028907775879e+00
-1.116186499595642090e+00 2.083806276321411133e+00 -1.944004774093627930e+00
-1.221897125244140625e+00 2.444101572036743164e+00 -2.083731651306152344e+00
-1.329500913619995117e+00 2.812269210815429688e+00 -2.225422620773315430e+00
