6.355182826519012451e-02 1.356670558452606201e-01 -1.672324687242507935e-01
1.303953826427459717e-01 1.196921616792678833e-01 1.151172295212745667e-01
1.350873410701751709e-01 1.171527430415153503e-01 1.193971335887908936e-01
6.115913391113281250e-02 1.425182670354843140e-01 -1.615688800811767578e-01
5.593219399452209473e-02 1.453733742237091064e-01 -1.586281806230545044e-01
-1.342799961566925049e-01 -9.242784976959228516e-02 -1.470104604959487915e-01
1.384697556495666504e-01 1.233250871300697327e-01 1.083244755864143372e-01
1.426735520362854004e-01 1.212404370307922363e-01 1.043152585625648499e-01
5.798548460006713867e-02 1.483379304409027100e-01 -1.567691117525100708e-01
1.770505309104919434e-02 8.215095847845077515e-02 -1.662932485342025757e-01
1.747871041297912598e-01 -1.211806833744049072e-01 -6.486860662698745728e-02
1.293685734272003174e-01 1.212967932224273682e-01 1.109648719429969788e-01
5.867744982242584229e-02 1.460213214159011841e-01 -1.595608592033386230e-01
1.289059221744537354e-01 1.609064638614654541e-02 -1.338581442832946777e-01
-1.390448063611984253e-01 -9.373190999031066895e-02 -1.480995714664459229e-01
1.359230875968933105e-01 1.177226603031158447e-01 1.187472864985466003e-01
1.675693988800048828e-01 9.432334452867507935e-02 9.689315408468246460e-02
5.992619693279266357e-02 1.425267904996871948e-01 -1.638397574424743652e-01
1.756596267223358154e-01 -1.255291402339935303e-01 -5.796502903103828430e-02
1.612240076065063477e-01 5.887925252318382263e-02 1.204959228634834290e-01
5.578073859214782715e-02 1.467627137899398804e-01 -1.569484770298004150e-01
5.495136976242065430e-02 1.459481716156005859e-01 -1.566817909479141235e-01
-1.384733617305755615e-02 1.278195381164550781e-01 -1.118878722190856934e-01
-9.602461755275726318e-02 -1.269589662551879883e-01 1.658364236354827881e-01
5.731135606765747070e-02 1.468986570835113525e-01 -1.596139222383499146e-01
-4.973292350769042969e-02 -6.180638074874877930e-02 3.537680953741073608e-02
-1.080487668514251709e-02 3.606773912906646729e-02 -1.723098903894424438e-01
-9.852519631385803223e-02 4.122023284435272217e-02 1.549822390079498291e-01
-1.501342356204986572e-01 8.297466486692428589e-02 5.978580936789512634e-02
6.063275039196014404e-02 1.447690725326538086e-01 -1.604550927877426147e-01
4.753524065017700195e-02 3.798326104879379272e-02 -1.575877219438552856e-01
-1.397626847028732300e-01 -6.693944334983825684e-02 -1.365678608417510986e-01
1.325682997703552246e-01 1.203664168715476990e-01 1.143044680356979370e-01
-1.868971884250640869e-01 1.973821669816970825e-01 6.419022381305694580e-02
6.880168616771697998e-02 1.261918842792510986e-01 -1.725472956895828247e-01
1.735467910766601562e-01 -1.170529425144195557e-01 -7.369930297136306763e-02
-1.578899323940277100e-01 -7.998366653919219971e-02 1.562992483377456665e-01
1.363801956176757812e-01 1.169882342219352722e-01 1.182788237929344177e-01
1.364054977893829346e-01 1.197861060500144958e-01 1.149847730994224548e-01
6.464444100856781006e-02 1.396390795707702637e-01 -1.675113588571548462e-01
5.548378825187683105e-02 1.464853435754776001e-01 -1.592247039079666138e-01
5.232597887516021729e-02 1.489112824201583862e-01 -1.566875129938125610e-01
1.321442425251007080e-01 1.175402998924255371e-01 1.177775785326957703e-01
-3.290938585996627808e-02 3.721505403518676758e-03 -1.720283180475234985e-01
-1.336615681648254395e-01 -9.066823124885559082e-02 -1.356273144483566284e-01
5.283705890178680420e-02 1.482719630002975464e-01 -1.543571799993515015e-01
1.369225978851318359e-01 1.148525476455688477e-01 1.212018355727195740e-01
5.144727230072021484e-02 1.520022600889205933e-01 -1.540635675191879272e-01
1.636007130146026611e-01 -1.076825112104415894e-01 -5.820073932409286499e-02
-1.861640214920043945e-01 1.601390093564987183e-01 8.111181855201721191e-02
-7.589303702116012573e-02 7.815584540367126465e-04 -1.512558609247207642e-01
5.860240757465362549e-02 1.447016000747680664e-01 -1.599950045347213745e-01
-1.557002514600753784e-01 -4.301558434963226318e-02 -8.730962872505187988e-02
1.772084832191467285e-01 -6.336615979671478271e-02 5.083073675632476807e-02
1.731325387954711914e-01 -1.175707727670669556e-01 -6.959810853004455566e-02
1.637978553771972656e-01 8.534274250268936157e-02 1.008504554629325867e-01
5.990330874919891357e-02 1.424226313829421997e-01 -1.609468609094619751e-01
1.340482234954833984e-01 1.199785992503166199e-01 1.156119108200073242e-01
5.608509480953216553e-02 1.444125175476074219e-01 -1.588075011968612671e-01
1.757746636867523193e-01 -1.286271810531616211e-01 -6.790267676115036011e-02
2.407497167587280273e-02 1.826797723770141602e-01 -1.138116195797920227e-01
-1.338948011398315430e-01 -8.791172504425048828e-02 -1.490771472454071045e-01
-1.338233500719070435e-01 -9.584778547286987305e-02 -1.460508108139038086e-01
1.351325809955596924e-01 1.173450052738189697e-01 1.183340474963188171e-01
5.036081373691558838e-02 1.382930427789688110e-01 -1.606029868125915527e-01
1.378153562545776367e-01 1.170372813940048218e-01 1.199276372790336609e-01
1.294010877609252930e-01 1.193211451172828674e-01 1.151012703776359558e-01
-1.054248064756393433e-01 2.283852398395538330e-01 1.675748080015182495e-02
-2.011402994394302368e-01 2.507095336914062500e-01 5.631578341126441956e-02
5.569180846214294434e-02 1.476384550333023071e-01 -1.589365601539611816e-01
6.039614975452423096e-02 1.427649408578872681e-01 -1.618904918432235718e-01
-1.647474318742752075e-01 -8.982598781585693359e-03 -6.955429166555404663e-02
5.803047120571136475e-02 1.427164375782012939e-01 -1.614565402269363403e-01
-1.328926235437393188e-01 6.107375025749206543e-02 1.025024354457855225e-01
1.707839667797088623e-01 -1.089960038661956787e-01 -6.009345874190330505e-02
3.368367254734039307e-02 -1.342062503099441528e-01 4.472157917916774750e-03
5.621489882469177246e-02 1.454680860042572021e-01 -1.608252972364425659e-01
6.488716602325439453e-02 1.373416185379028320e-01 -1.661415845155715942e-01
2.713485062122344971e-02 1.169512718915939331e-01 -1.538799852132797241e-01
-1.943004876375198364e-01 2.402973473072052002e-01 5.315283685922622681e-02
1.748164296150207520e-01 -1.211124062538146973e-01 -6.248928233981132507e-02
5.858054757118225098e-02 1.432698071002960205e-01 -1.610125601291656494e-01
1.334376037120819092e-01 1.183714419603347778e-01 1.159220710396766663e-01
1.313067078590393066e-01 1.194941401481628418e-01 1.136868521571159363e-01
-1.714358031749725342e-01 -3.347675502300262451e-02 1.115462109446525574e-01
1.767603754997253418e-01 -1.222177892923355103e-01 -6.661053001880645752e-02
5.993321537971496582e-02 1.432519704103469849e-01 -1.616915613412857056e-01
1.279720664024353027e-01 1.334812343120574951e-01 8.665225654840469360e-02
5.588752031326293945e-02 1.460403501987457275e-01 -1.570621132850646973e-01
-1.322461068630218506e-01 -7.289877533912658691e-02 -1.473212093114852905e-01
1.342594623565673828e-01 1.196110099554061890e-01 1.149734705686569214e-01
-1.246230527758598328e-01 -8.774605393409729004e-02 -1.545912772417068481e-01
1.320735514163970947e-01 1.202811971306800842e-01 1.139882206916809082e-01
-1.993725448846817017e-01 2.319178134202957153e-01 4.971553757786750793e-02
-3.631250560283660889e-02 1.928026378154754639e-01 -7.987373322248458862e-02
1.352964937686920166e-01 1.172951012849807739e-01 1.196386292576789856e-01
1.309031844139099121e-01 1.183264702558517456e-01 1.163558289408683777e-01
6.222900748252868652e-02 1.440228521823883057e-01 -1.621470600366592407e-01
1.550342142581939697e-01 9.565982967615127563e-02 1.078206375241279602e-01
1.330677568912506104e-01 1.193244978785514832e-01 1.144952103495597839e-01
-5.177499353885650635e-02 -1.535570472478866577e-01 7.811619341373443604e-02
1.348729729652404785e-01 1.180086210370063782e-01 1.173340454697608948e-01
1.711828410625457764e-01 -1.241942495107650757e-01 -5.687301978468894958e-02
1.327272355556488037e-01 1.196492537856101990e-01 1.170762181282043457e-01
1.351355910301208496e-01 1.169588118791580200e-01 1.202514022588729858e-01
3.167639672756195068e-02 1.657790243625640869e-01 -1.236527711153030396e-01
5.829802155494689941e-02 1.459616273641586304e-01 -1.589533835649490356e-01
1.331591606140136719e-01 1.173863783478736877e-01 1.187624409794807434e-01
1.715730130672454834e-01 -1.163096427917480469e-01 -6.213720142841339111e-02
5.282694101333618164e-02 1.475586593151092529e-01 -1.544202268123626709e-01
1.467311382293701172e-01 1.023374199867248535e-01 1.101671010255813599e-01
2.605196833610534668e-02 -2.440759986639022827e-01 2.332564443349838257e-01
5.483829975128173828e-02 1.503632813692092896e-01 -1.551898717880249023e-01
2.803410589694976807e-02 -1.085616052150726318e-01 2.897487953305244446e-02
9.665916860103607178e-02 1.116258800029754639e-01 1.253937333822250366e-01
1.731712222099304199e-01 -1.190391927957534790e-01 -6.752626597881317139e-02
5.722817778587341309e-02 1.455938369035720825e-01 -1.591206192970275879e-01
5.673567950725555420e-02 1.461887657642364502e-01 -1.591306179761886597e-01
-1.948919296264648438e-01 2.374876588582992554e-01 5.229713395237922668e-02
1.320376098155975342e-01 1.177075877785682678e-01 1.177205070853233337e-01
5.250459909439086914e-02 1.483890265226364136e-01 -1.544172465801239014e-01
1.324433982372283936e-01 1.199954971671104431e-01 1.145902425050735474e-01
1.310581266880035400e-01 1.183278188109397888e-01 1.156554967164993286e-01
5.518960952758789062e-02 1.456126272678375244e-01 -1.631820648908615112e-01
1.361443996429443359e-01 1.174414530396461487e-01 1.186905577778816223e-01
1.329318284988403320e-01 1.190712004899978638e-01 1.163136735558509827e-01
3.214448690414428711e-03 -1.535659879446029663e-01 1.512900441884994507e-01
-3.764223307371139526e-02 -1.534449607133865356e-01 1.559615880250930786e-01
5.777660012245178223e-02 1.432088017463684082e-01 -1.622946858406066895e-01
1.340868771076202393e-01 1.169282048940658569e-01 1.184129044413566589e-01
1.259385645389556885e-01 1.207297444343566895e-01 1.120858415961265564e-01
1.329603493213653564e-01 1.229728311300277710e-01 1.088179424405097961e-01
-2.065717577934265137e-01 2.071971893310546875e-01 4.011000320315361023e-02
1.362570226192474365e-01 1.143823191523551941e-01 1.226634606719017029e-01
6.065806746482849121e-02 1.460617184638977051e-01 -1.602478623390197754e-01
5.975750088691711426e-02 1.433714628219604492e-01 -1.621166020631790161e-01
2.844646573066711426e-02 8.641993999481201172e-02 -1.665105670690536499e-01
1.326997280120849609e-01 1.182633712887763977e-01 1.179981753230094910e-01
6.057232618331909180e-02 1.466328501701354980e-01 -1.595090329647064209e-01
1.703027188777923584e-01 -1.159065812826156616e-01 -6.252241134643554688e-02
1.328288912773132324e-01 1.200990304350852966e-01 1.147268787026405334e-01
1.310512721538543701e-01 1.176872849464416504e-01 1.169568672776222229e-01
5.668376386165618896e-02 1.502407491207122803e-01 -1.594454795122146606e-01
1.634016931056976318e-01 5.997370555996894836e-02 7.350066304206848145e-02
5.935785174369812012e-02 1.415548771619796753e-01 -1.623455137014389038e-01
-2.513945102691650391e-03 8.923869580030441284e-02 -1.480719745159149170e-01
1.391984820365905762e-01 1.212730407714843750e-01 1.121973320841789246e-01
-1.505609303712844849e-01 -8.694699406623840332e-02 1.333013027906417847e-01
5.674825608730316162e-02 1.443179249763488770e-01 -1.581506133079528809e-01
5.767807364463806152e-02 1.472231745719909668e-01 -1.589419096708297729e-01
1.791398525238037109e-01 -1.302581727504730225e-01 -6.170495972037315369e-02
3.898955881595611572e-02 8.847312629222869873e-02 -1.713216602802276611e-01
5.944988131523132324e-02 1.441999375820159912e-01 -1.591522991657257080e-01
1.364366412162780762e-01 1.196402162313461304e-01 1.160917058587074280e-01
5.852116644382476807e-02 1.401680707931518555e-01 -1.641869544982910156e-01
1.342399716377258301e-01 1.195726320147514343e-01 1.143286824226379395e-01
5.939318239688873291e-02 1.469703614711761475e-01 -1.592280417680740356e-01
1.333397030830383301e-01 1.192728728055953979e-01 1.155561432242393494e-01
1.691860556602478027e-01 -1.145074814558029175e-01 -6.088954582810401917e-02
5.883586406707763672e-02 1.420539617538452148e-01 -1.623979657888412476e-01
1.309030950069427490e-01 1.188745796680450439e-01 1.164715811610221863e-01
6.048606336116790771e-02 1.443681418895721436e-01 -1.612524539232254028e-01
5.695791542530059814e-02 1.446078568696975708e-01 -1.603501737117767334e-01
2.957054972648620605e-02 -2.403024882078170776e-01 2.331869155168533325e-01
1.763746738433837891e-01 -1.247653514146804810e-01 -5.850494280457496643e-02
5.638879537582397461e-02 1.529732048511505127e-01 -1.513817310333251953e-01
-1.845104247331619263e-01 2.269310057163238525e-01 4.799627140164375305e-02
1.634284853935241699e-03 -2.387270778417587280e-01 2.492543905973434448e-01
-1.299520730972290039e-01 -9.872816503047943115e-02 -1.572274565696716309e-01
7.858596742153167725e-02 1.136900931596755981e-01 -1.826725602149963379e-01
1.246934235095977783e-01 1.213373839855194092e-01 1.108663752675056458e-01
1.362247467041015625e-01 1.184510737657546997e-01 1.181117817759513855e-01
-1.092948988080024719e-01 -4.615698754787445068e-02 -1.504034250974655151e-01
1.322849690914154053e-01 1.171695068478584290e-01 1.194011196494102478e-01
5.162462592124938965e-02 1.516720503568649292e-01 -1.508282274007797241e-01
1.702234745025634766e-01 -1.182306408882141113e-01 -5.392440780997276306e-02
-6.952784955501556396e-02 -1.851966232061386108e-02 -1.540236920118331909e-01
1.324594616889953613e-01 1.200205609202384949e-01 1.161124259233474731e-01
1.345522701740264893e-01 1.173548474907875061e-01 1.175212264060974121e-01
1.340190470218658447e-01 1.158366724848747253e-01 1.201872676610946655e-01
1.766983270645141602e-01 7.665720582008361816e-02 7.076659053564071655e-02
1.568931043148040771e-01 -9.627647697925567627e-02 -3.709816932678222656e-02
1.319555938243865967e-01 1.191544309258460999e-01 1.158097982406616211e-01
1.373233199119567871e-01 1.187719479203224182e-01 1.180919781327247620e-01
-8.046410232782363892e-02 -1.631429791450500488e-02 -1.548586338758468628e-01
1.332992613315582275e-01 1.183426082134246826e-01 1.182160377502441406e-01
1.945893466472625732e-02 -1.537016183137893677e-01 -1.494820229709148407e-03
1.149002015590667725e-01 1.293577253818511963e-01 9.554656594991683960e-02
1.378129720687866211e-01 1.186094731092453003e-01 1.189907118678092957e-01
1.474514305591583252e-01 6.995499134063720703e-02 9.858817607164382935e-02
-1.405826956033706665e-01 -8.701828122138977051e-02 -1.471707373857498169e-01
-2.010229974985122681e-01 2.466418743133544922e-01 5.535034090280532837e-02
1.355655193328857422e-01 1.196402087807655334e-01 1.166260242462158203e-01
5.614511668682098389e-02 1.456082165241241455e-01 -1.564604938030242920e-01
1.337825059890747070e-01 1.190988942980766296e-01 1.165266782045364380e-01
1.336229443550109863e-01 1.189116090536117554e-01 1.160165667533874512e-01
1.307931542396545410e-01 1.207404360175132751e-01 1.124396622180938721e-01
1.337590813636779785e-01 1.176709458231925964e-01 1.181273087859153748e-01
5.690284073352813721e-02 1.457362473011016846e-01 -1.590995043516159058e-01
1.327734589576721191e-01 1.182124465703964233e-01 1.180003881454467773e-01
5.788414180278778076e-02 1.465111076831817627e-01 -1.588082611560821533e-01
5.898220837116241455e-02 1.434295028448104858e-01 -1.611748486757278442e-01
1.321753859519958496e-01 1.188395693898200989e-01 1.149168983101844788e-01
1.762851774692535400e-01 -1.227778047323226929e-01 -6.505314260721206665e-02
1.360643506050109863e-01 1.171675622463226318e-01 1.190399602055549622e-01
6.127229332923889160e-02 1.429273933172225952e-01 -1.612941771745681763e-01
1.731937527656555176e-01 -1.112338155508041382e-01 -6.017310544848442078e-02
-1.883414536714553833e-01 1.865701079368591309e-01 2.863663062453269958e-02
6.044551730155944824e-02 1.408439874649047852e-01 -1.629554778337478638e-01
1.544235646724700928e-02 -2.578094601631164551e-01 2.667829394340515137e-01
1.316490471363067627e-01 1.177882403135299683e-01 1.181407943367958069e-01
5.956788361072540283e-02 1.426338702440261841e-01 -1.616397798061370850e-01
5.828274786472320557e-02 1.435525715351104736e-01 -1.598862707614898682e-01
1.322424709796905518e-01 1.212385073304176331e-01 1.115526929497718811e-01
1.338014006614685059e-01 1.177339702844619751e-01 1.179330646991729736e-01
1.353525519371032715e-01 1.154460012912750244e-01 1.213714703917503357e-01
1.124235987663269043e-01 1.297913342714309692e-01 9.552528709173202515e-02
1.319905519485473633e-01 1.179896816611289978e-01 1.176761314272880554e-01
-4.104867577552795410e-03 7.085673511028289795e-02 -1.574036628007888794e-01
-2.280440926551818848e-02 3.816030174493789673e-02 -1.605801582336425781e-01
1.328816413879394531e-01 1.170475259423255920e-01 1.188914254307746887e-01
1.679641902446746826e-01 8.623015880584716797e-02 9.507078677415847778e-02
1.324552297592163086e-01 1.207997724413871765e-01 1.138881668448448181e-01
1.329509019851684570e-01 1.192602664232254028e-01 1.148864701390266418e-01
5.565464496612548828e-02 1.468494385480880737e-01 -1.616616100072860718e-01
5.819344520568847656e-02 1.259302049875259399e-01 -1.670835763216018677e-01
-1.909052133560180664e-01 2.363130897283554077e-01 4.919003322720527649e-02
-1.357921361923217773e-01 -9.611888229846954346e-02 -1.505682468414306641e-01
1.078299880027770996e-01 3.388995677232742310e-02 8.277866244316101074e-02
4.103702306747436523e-02 1.710864901542663574e-01 9.201451390981674194e-02
6.338682770729064941e-02 1.484968811273574829e-01 -1.591836363077163696e-01
6.018465757369995117e-02 1.431556046009063721e-01 -1.622100621461868286e-01
-1.310734897851943970e-01 -9.046250581741333008e-02 -1.505299359560012817e-01
1.648821234703063965e-01 1.005510613322257996e-01 1.182836517691612244e-01
1.354534327983856201e-01 1.192607060074806213e-01 1.160274818539619446e-01
1.382662951946258545e-01 1.171432435512542725e-01 1.175261363387107849e-01
5.774037539958953857e-02 1.457870751619338989e-01 -1.581500917673110962e-01
1.345486938953399658e-01 1.167285591363906860e-01 1.190104335546493530e-01
5.788479745388031006e-02 1.460087746381759644e-01 -1.594706922769546509e-01
1.704984605312347412e-01 -1.061567962169647217e-01 -5.773967131972312927e-02
1.605017781257629395e-01 -1.057587563991546631e-01 -4.274602979421615601e-02
1.362245678901672363e-01 1.183935850858688354e-01 1.173363849520683289e-01
6.160314381122589111e-02 1.436016559600830078e-01 -1.623355895280838013e-01
5.523678660392761230e-02 1.528705209493637085e-01 -1.524604260921478271e-01
5.544416606426239014e-02 1.486280411481857300e-01 -1.578075438737869263e-01
1.336698830127716064e-01 1.198651194572448730e-01 1.156531646847724915e-01
5.534079670906066895e-02 1.496934294700622559e-01 -1.557480990886688232e-01
1.467342972755432129e-01 9.440143406391143799e-02 1.100619956851005554e-01
-8.886200189590454102e-02 -1.445104181766510010e-02 -1.416301876306533813e-01
5.901356041431427002e-02 1.471407264471054077e-01 -1.599996238946914673e-01
-4.408446699380874634e-02 2.753069996833801270e-02 -1.518653780221939087e-01
6.016694009304046631e-02 1.409794390201568604e-01 -1.641281992197036743e-01
1.262663602828979492e-01 1.205092966556549072e-01 1.114272475242614746e-01
1.360341608524322510e-01 1.168564260005950928e-01 1.180182173848152161e-01
5.879755318164825439e-02 1.489307135343551636e-01 -1.568830311298370361e-01
-1.084318980574607849e-01 -1.103968322277069092e-01 8.836623281240463257e-02
4.050870239734649658e-02 1.234781965613365173e-01 -1.590926051139831543e-01
4.591329395771026611e-02 1.295194327831268311e-01 -1.594624370336532593e-01
1.668086349964141846e-01 -1.178762465715408325e-01 -4.513159766793251038e-02
5.438239872455596924e-02 1.494984328746795654e-01 -1.519202142953872681e-01
1.707385778427124023e-01 -1.187760084867477417e-01 -5.351863056421279907e-02
6.120222806930541992e-02 1.462221890687942505e-01 -1.606673449277877808e-01
-7.939497381448745728e-02 1.944665014743804932e-01 6.919538229703903198e-02
1.367102265357971191e-01 1.176267042756080627e-01 1.184348091483116150e-01
1.536487340927124023e-01 1.081435158848762512e-01 1.201042756438255310e-01
-1.424845606088638306e-01 -8.136223256587982178e-02 -1.392372101545333862e-01
1.332426071166992188e-01 1.217089071869850159e-01 1.124926283955574036e-01
1.661681532859802246e-01 -1.128931641578674316e-01 -4.947181418538093567e-02
1.530160307884216309e-01 -4.752030968666076660e-02 3.799310885369777679e-03
5.601067841053009033e-02 1.429545581340789795e-01 -1.596749275922775269e-01
1.371766328811645508e-01 1.178550273180007935e-01 1.202967986464500427e-01
1.198485493659973145e-03 -2.201464325189590454e-01 1.648195534944534302e-01
2.309580147266387939e-02 -2.471036165952682495e-01 2.207763344049453735e-01
-1.284935772418975830e-01 -6.191711127758026123e-02 9.365176409482955933e-02
5.818028748035430908e-02 1.458273828029632568e-01 -1.596085280179977417e-01
1.327809393405914307e-01 1.186449602246284485e-01 1.148317083716392517e-01
1.330904662609100342e-01 1.173340305685997009e-01 1.176505759358406067e-01
5.668289959430694580e-02 1.423632800579071045e-01 -1.619265675544738770e-01
5.855758488178253174e-02 1.471289098262786865e-01 -1.591126024723052979e-01
5.700138211250305176e-02 1.450992077589035034e-01 -1.573992669582366943e-01
1.623514592647552490e-01 -1.109510362148284912e-01 -4.424992576241493225e-02
1.616390645503997803e-01 -1.076826155185699463e-01 -5.033730342984199524e-02
1.347508728504180908e-01 1.168307736515998840e-01 1.200487092137336731e-01
5.517907440662384033e-02 1.476510465145111084e-01 -1.572479754686355591e-01
-2.143320143222808838e-01 2.056568711996078491e-01 3.971025347709655762e-02
5.098466575145721436e-02 1.516015529632568359e-01 -1.509416252374649048e-01
1.374444067478179932e-01 1.189926564693450928e-01 1.163344085216522217e-01
6.395485997200012207e-02 1.412321925163269043e-01 -1.655242890119552612e-01
3.961086273193359375e-02 1.385819911956787109e-01 -1.444807052612304688e-01
1.676229834556579590e-01 5.606412887573242188e-04 2.927988395094871521e-02
5.674739181995391846e-02 1.489038318395614624e-01 -1.559534072875976562e-01
-4.777546972036361694e-02 1.279377192258834839e-02 -1.620313227176666260e-01
-1.997626572847366333e-01 2.241068482398986816e-01 4.618927091360092163e-02
1.327370703220367432e-01 1.157515943050384521e-01 1.211257055401802063e-01
-2.171963900327682495e-01 2.165986001491546631e-01 4.539035633206367493e-02
1.246130168437957764e-01 1.175165027379989624e-01 1.164418607950210571e-01
1.339345276355743408e-01 1.202565208077430725e-01 1.139708235859870911e-01
5.750170350074768066e-02 1.454663276672363281e-01 -1.581396460533142090e-01
1.532993018627166748e-01 -8.813957870006561279e-02 -7.079160213470458984e-02
1.326794326305389404e-01 1.212225779891014099e-01 1.132618188858032227e-01
1.440733969211578369e-01 1.078612282872200012e-01 1.104219183325767517e-01
6.391842663288116455e-02 1.443843394517898560e-01 -1.661811470985412598e-01
1.336038112640380859e-01 1.199208423495292664e-01 1.152278110384941101e-01
1.340861618518829346e-01 1.169056072831153870e-01 1.174817159771919250e-01
1.338911652565002441e-01 1.188597306609153748e-01 1.167599931359291077e-01
1.699303984642028809e-01 -1.174150109291076660e-01 -5.789056420326232910e-02
1.346537470817565918e-01 1.194301247596740723e-01 1.152360364794731140e-01
1.327945291996002197e-01 1.164355203509330750e-01 1.199678778648376465e-01
1.669194996356964111e-01 1.509662717580795288e-02 3.734845295548439026e-02
1.317938566207885742e-01 1.204057484865188599e-01 1.131584867835044861e-01
5.593073368072509766e-02 1.489493548870086670e-01 -1.559198349714279175e-01
1.355400681495666504e-01 1.137559935450553894e-01 1.218897327780723572e-01
5.520421266555786133e-02 1.472434252500534058e-01 -1.600790768861770630e-01
-2.118727862834930420e-01 2.729527652263641357e-01 6.612062454223632812e-02
1.708776354789733887e-01 -1.153335124254226685e-01 -6.472216546535491943e-02
6.201019883155822754e-02 -1.462086290121078491e-01 1.868135295808315277e-03
1.814221441745758057e-01 -3.251540660858154297e-02 3.181416913866996765e-02
5.584703385829925537e-02 1.527828723192214966e-01 -1.545622348785400391e-01
2.592484652996063232e-02 1.479496359825134277e-01 9.921517968177795410e-02
1.101688742637634277e-01 -1.247261166572570801e-01 1.926943361759185791e-01
5.324204266071319580e-02 1.490177214145660400e-01 -1.557332426309585571e-01
5.458006262779235840e-02 1.465470939874649048e-01 -1.589130610227584839e-01
1.698380410671234131e-01 -1.183614730834960938e-01 -5.176223441958427429e-02
1.277413964271545410e-01 1.145382970571517944e-01 1.201915591955184937e-01
5.773484706878662109e-02 1.483949273824691772e-01 -1.565174758434295654e-01
1.404317915439605713e-01 1.256459951400756836e-01 1.024532541632652283e-01
1.344591081142425537e-01 1.171734556555747986e-01 1.176143065094947815e-01
-1.443870663642883301e-01 7.535800337791442871e-02 6.668803840875625610e-02
-1.347888410091400146e-01 -9.140120446681976318e-02 -1.507131010293960571e-01
1.322551071643829346e-01 1.195468157529830933e-01 1.156962290406227112e-01
5.772814154624938965e-02 1.443798840045928955e-01 -1.606651544570922852e-01
1.367592811584472656e-01 1.164994686841964722e-01 1.189329698681831360e-01
4.953059554100036621e-02 1.524304002523422241e-01 -1.575124412775039673e-01
5.844821035861968994e-02 1.427959203720092773e-01 -1.595236808061599731e-01
5.634541809558868408e-02 1.470341384410858154e-01 -1.567661315202713013e-01
6.033658981323242188e-03 -1.505777090787887573e-01 2.441481500864028931e-02
1.851218640804290771e-01 -1.190360933542251587e-01 -7.276096940040588379e-02
-1.056919991970062256e-02 -1.348456740379333496e-01 2.252700924873352051e-01
5.765452980995178223e-02 1.438050419092178345e-01 -1.600420325994491577e-01
-2.039024084806442261e-01 4.805436730384826660e-02 8.391528576612472534e-02
1.332101225852966309e-01 1.210705935955047607e-01 1.132319048047065735e-01
1.438793838024139404e-01 1.151056662201881409e-01 1.245393082499504089e-01
1.313837468624114990e-01 1.210366711020469666e-01 1.133131235837936401e-01
1.362266838550567627e-01 1.172701418399810791e-01 1.190198361873626709e-01
5.488041043281555176e-02 1.450797319412231445e-01 -1.586756110191345215e-01
1.742285490036010742e-01 -1.228184252977371216e-01 -5.724877864122390747e-02
1.324941515922546387e-01 1.191217005252838135e-01 1.150277331471443176e-01
1.390964388847351074e-01 1.166212037205696106e-01 1.198963522911071777e-01
-1.312317848205566406e-01 -9.741866588592529297e-02 -1.502625495195388794e-01
1.089491546154022217e-01 1.298630386590957642e-01 9.507840871810913086e-02
4.635107517242431641e-02 -1.773063689470291138e-01 2.110211998224258423e-01
5.069079995155334473e-02 1.466501951217651367e-01 -1.615923196077346802e-01
1.311254799365997314e-01 1.180597096681594849e-01 1.174626275897026062e-01
5.940121412277221680e-02 1.446664780378341675e-01 -1.611615568399429321e-01
5.759444832801818848e-02 1.431015133857727051e-01 -1.594067513942718506e-01
5.561482906341552734e-02 1.499701440334320068e-01 -1.613624095916748047e-01
1.699087917804718018e-01 -1.127156466245651245e-01 -6.876958161592483521e-02
-1.388956904411315918e-01 -8.824361860752105713e-02 -1.463596671819686890e-01
1.335740387439727783e-01 1.179342046380043030e-01 1.178074404597282410e-01
1.348513066768646240e-01 1.209358274936676025e-01 1.150853708386421204e-01
-1.351969391107559204e-01 -8.697657287120819092e-02 -1.516937464475631714e-01
1.723284125328063965e-01 -1.199661195278167725e-01 -5.811476334929466248e-02
-3.331716358661651611e-02 4.643722623586654663e-02 -1.594910025596618652e-01
-2.602951228618621826e-02 3.592681884765625000e-02 -1.597992181777954102e-01
1.347553133964538574e-01 1.187576800584793091e-01 1.156930923461914062e-01
1.310989558696746826e-01 1.190240681171417236e-01 1.151883974671363831e-01
1.308966875076293945e-01 1.183496415615081787e-01 1.160177960991859436e-01
3.718180954456329346e-02 1.456350535154342651e-01 -1.392806023359298706e-01
1.326148808002471924e-01 1.182621493935585022e-01 1.172446683049201965e-01
1.375409364700317383e-01 1.158887892961502075e-01 1.212921664118766785e-01
5.994871258735656738e-02 1.426309943199157715e-01 -1.605505794286727905e-01
-2.794637531042098999e-02 1.810271292924880981e-02 -1.695708781480789185e-01
-1.494227200746536255e-01 -5.189000070095062256e-02 -9.687118232250213623e-02
5.972316861152648926e-02 1.445700377225875854e-01 -1.597327142953872681e-01
-9.697796404361724854e-02 -2.522474527359008789e-02 -1.500966250896453857e-01
-1.131325513124465942e-01 -6.245304644107818604e-02 -1.494349688291549683e-01
-1.239579841494560242e-01 -2.424159646034240723e-02 -1.274017542600631714e-01
1.349223852157592773e-01 1.189191415905952454e-01 1.166166588664054871e-01
1.314871907234191895e-01 1.196713298559188843e-01 1.143129244446754456e-01
5.802834033966064453e-02 1.450881958007812500e-01 -1.600888818502426147e-01
1.307137012481689453e-01 1.203696578741073608e-01 1.141557022929191589e-01
1.327340006828308105e-01 1.184682026505470276e-01 1.171901524066925049e-01
1.722586750984191895e-01 -1.178813576698303223e-01 -6.215831637382507324e-02
1.358114778995513916e-01 1.182702109217643738e-01 1.181016787886619568e-01
3.984820842742919922e-02 9.233853220939636230e-02 -1.720648258924484253e-01
5.814507603645324707e-02 1.469627767801284790e-01 -1.578821986913681030e-01
5.857804417610168457e-02 1.456092447042465210e-01 -1.588794738054275513e-01
1.344926655292510986e-01 1.204176321625709534e-01 1.159052476286888123e-01
6.431630253791809082e-02 1.421230435371398926e-01 -1.621396094560623169e-01
1.274901926517486572e-01 1.211928799748420715e-01 1.118936762213706970e-01
-1.016333997249603271e-01 -1.046049594879150391e-01 9.485217928886413574e-02
-1.229720860719680786e-01 1.600865274667739868e-01 -2.419286966323852539e-02
6.267857551574707031e-02 1.345517933368682861e-01 -1.662142574787139893e-01
1.675274968147277832e-01 -1.104578971862792969e-01 -5.359445512294769287e-02
1.327193975448608398e-01 1.190253198146820068e-01 1.157644093036651611e-01
1.340989470481872559e-01 1.179902628064155579e-01 1.169720813632011414e-01
1.689896881580352783e-01 -1.136206090450286865e-01 -6.076460704207420349e-02
1.362012326717376709e-01 1.196136400103569031e-01 1.172316297888755798e-01
1.329720318317413330e-01 1.171214133501052856e-01 1.188471391797065735e-01
-8.659183979034423828e-03 1.921841204166412354e-01 -9.601471573114395142e-02
5.557031929492950439e-02 1.459575891494750977e-01 -1.583502441644668579e-01
-2.542316168546676636e-02 4.418638348579406738e-02 -1.550228148698806763e-01
1.713334918022155762e-01 9.004390984773635864e-02 9.646105021238327026e-02
1.540263593196868896e-01 2.812030911445617676e-02 6.971003115177154541e-02
1.923893988132476807e-01 6.131865084171295166e-02 8.211117237806320190e-02
5.738450586795806885e-02 1.470939069986343384e-01 -1.598969250917434692e-01
5.604428052902221680e-02 1.443681716918945312e-01 -1.614556163549423218e-01
1.295326650142669678e-01 1.188808605074882507e-01 1.158630028367042542e-01
-8.643727004528045654e-02 1.760586500167846680e-01 1.065497845411300659e-01
1.122239232063293457e-01 1.002237871289253235e-01 1.093245968222618103e-01
1.369072198867797852e-01 1.190308183431625366e-01 1.176625415682792664e-01
6.030383706092834473e-02 1.417497545480728149e-01 -1.648876816034317017e-01
1.347848474979400635e-01 1.178015694022178650e-01 1.158820986747741699e-01
5.242080986499786377e-02 1.504565924406051636e-01 -1.542947739362716675e-01
1.472049057483673096e-01 1.118271946907043457e-01 1.097685173153877258e-01
1.353266835212707520e-01 1.175584793090820312e-01 1.195181757211685181e-01
1.323785781860351562e-01 1.197033822536468506e-01 1.149959489703178406e-01
1.652903556823730469e-01 -1.111970096826553345e-01 -5.614792555570602417e-02
1.748584210872650146e-01 -1.260343641042709351e-01 -5.777208134531974792e-02
1.378538906574249268e-01 1.147314980626106262e-01 1.166011467576026917e-01
2.024352550506591797e-03 1.670517623424530029e-01 9.471230953931808472e-02
1.729811131954193115e-01 -1.189412176609039307e-01 -6.424845755100250244e-02
1.702561974525451660e-02 9.514223039150238037e-02 -1.588216423988342285e-01
1.314767003059387207e-01 1.200999319553375244e-01 1.153912246227264404e-01
1.312452852725982666e-01 1.190885379910469055e-01 1.163091287016868591e-01
-1.812115907669067383e-01 -3.716257214546203613e-02 1.388512402772903442e-01
-1.492772847414016724e-01 7.338702678680419922e-02 6.557565927505493164e-02
1.355311572551727295e-01 1.163198351860046387e-01 1.194729283452033997e-01
1.330519020557403564e-01 1.204421520233154297e-01 1.137771382927894592e-01
4.688665270805358887e-02 1.121830269694328308e-01 -1.647924482822418213e-01
1.766378581523895264e-01 1.080560162663459778e-01 8.973546326160430908e-02
2.580951154232025146e-02 -5.095803737640380859e-02 1.047286912798881531e-01
-7.569203525781631470e-02 -3.487467765808105469e-04 -1.454793661832809448e-01
1.357862353324890137e-01 1.183166503906250000e-01 1.171321049332618713e-01
1.748000383377075195e-01 2.348023653030395508e-02 5.674719065427780151e-02
1.725783050060272217e-01 -1.160954385995864868e-01 -7.260038703680038452e-02
1.342551410198211670e-01 1.171522289514541626e-01 1.193473115563392639e-01
9.461194276809692383e-03 -2.456276267766952515e-01 2.378221452236175537e-01
5.762164294719696045e-02 1.473395228385925293e-01 -1.576490849256515503e-01
1.326013505458831787e-01 1.170608699321746826e-01 1.193658187985420227e-01
-2.413175255060195923e-02 -1.914016455411911011e-01 1.652812361717224121e-01
-1.473843306303024292e-01 1.689938902854919434e-01 1.003749743103981018e-01
1.350278854370117188e-01 1.181461140513420105e-01 1.179488897323608398e-01
5.514828860759735107e-02 1.445277035236358643e-01 -1.584076434373855591e-01
1.311548054218292236e-01 1.194978803396224976e-01 1.159038469195365906e-01
