5.672531723976135254e-01 7.322678565979003906e-01 4.719018340110778809e-01
5.704106688499450684e-01 7.299370169639587402e-01 4.746685624122619629e-01
5.719661116600036621e-01 7.270830273628234863e-01 4.758349955081939697e-01
5.692628622055053711e-01 7.260060906410217285e-01 4.741825461387634277e-01
5.666164755821228027e-01 7.260798811912536621e-01 4.731969237327575684e-01
5.636638402938842773e-01 7.260894775390625000e-01 4.719090759754180908e-01
5.575653910636901855e-01 7.240419983863830566e-01 4.696666598320007324e-01
5.536295771598815918e-01 7.182876467704772949e-01 4.671243429183959961e-01
5.499848723411560059e-01 7.126354575157165527e-01 4.645183682441711426e-01
5.462875366210937500e-01 7.071031928062438965e-01 4.617427587509155273e-01
5.424311757087707520e-01 7.016458511352539062e-01 4.587455987930297852e-01
5.386435389518737793e-01 6.961283683776855469e-01 4.555515646934509277e-01
5.349079966545104980e-01 6.904949545860290527e-01 4.521321058273315430e-01
5.312161445617675781e-01 6.846976876258850098e-01 4.484630823135375977e-01
5.275777578353881836e-01 6.772531867027282715e-01 4.458488225936889648e-01
5.236784219741821289e-01 6.694197654724121094e-01 4.431011080741882324e-01
5.175296664237976074e-01 6.626403927803039551e-01 4.394664764404296875e-01
5.133711695671081543e-01 6.532554030418395996e-01 4.355651140213012695e-01
5.098804235458374023e-01 6.432814598083496094e-01 4.315058887004852295e-01
5.074460506439208984e-01 6.331132650375366211e-01 4.272603988647460938e-01
5.058868527412414551e-01 6.215931773185729980e-01 4.224409759044647217e-01
5.047429203987121582e-01 6.100979447364807129e-01 4.181634187698364258e-01
5.022129416465759277e-01 6.010912060737609863e-01 4.178213477134704590e-01
5.006628036499023438e-01 5.917367339134216309e-01 4.174113869667053223e-01
5.009241104125976562e-01 5.825656652450561523e-01 4.170554280281066895e-01
5.011681318283081055e-01 5.752010345458984375e-01 4.157963991165161133e-01
5.017623901367187500e-01 5.677881836891174316e-01 4.143049120903015137e-01
5.108074545860290527e-01 5.503078699111938477e-01 4.000270068645477295e-01
5.220811367034912109e-01 5.307481288909912109e-01 3.828059434890747070e-01
5.342156887054443359e-01 5.109983682632446289e-01 3.648931384086608887e-01
5.478492975234985352e-01 4.904457926750183105e-01 3.455282449722290039e-01
5.630137324333190918e-01 4.692197442054748535e-01 3.247750997543334961e-01
5.788926482200622559e-01 4.481421411037445068e-01 3.036251962184906006e-01
5.948600769042968750e-01 4.272225499153137207e-01 2.824325859546661377e-01
6.100288033485412598e-01 4.074365794658660889e-01 2.610251307487487793e-01
6.230489015579223633e-01 3.893273472785949707e-01 2.395632714033126831e-01
6.368710398674011230e-01 3.723160028457641602e-01 2.181819975376129150e-01
6.501715779304504395e-01 3.656627237796783447e-01 1.998595595359802246e-01
6.625244021415710449e-01 3.624992072582244873e-01 1.844315677881240845e-01
6.748036146163940430e-01 3.629782795906066895e-01 1.730129122734069824e-01
6.812740564346313477e-01 3.628400862216949463e-01 1.651129126548767090e-01
6.860577464103698730e-01 3.641171157360076904e-01 1.589065194129943848e-01
6.909753084182739258e-01 3.669184744358062744e-01 1.531613022089004517e-01
6.965241432189941406e-01 3.746035099029541016e-01 1.498232930898666382e-01
6.964979767799377441e-01 3.719332218170166016e-01 1.445246636867523193e-01
6.948940157890319824e-01 3.683779239654541016e-01 1.394992172718048096e-01
6.903635263442993164e-01 3.675690889358520508e-01 1.358506381511688232e-01
6.825971007347106934e-01 3.573175966739654541e-01 1.315689682960510254e-01
6.744754314422607422e-01 3.448908925056457520e-01 1.244181320071220398e-01
6.562637686729431152e-01 3.296379446983337402e-01 1.151358932256698608e-01
6.347886919975280762e-01 3.079660534858703613e-01 1.027711778879165649e-01
6.078295707702636719e-01 2.860724031925201416e-01 9.159354120492935181e-02
5.811223387718200684e-01 2.637629508972167969e-01 7.968843728303909302e-02
5.477377772331237793e-01 2.442927062511444092e-01 6.690289825201034546e-02
5.147584080696105957e-01 2.230671048164367676e-01 5.073685571551322937e-02
4.789944589138031006e-01 2.072552740573883057e-01 4.063453897833824158e-02
4.452424943447113037e-01 1.938059031963348389e-01 3.214439377188682556e-02
4.171043932437896729e-01 1.899850666522979736e-01 2.904544398188591003e-02
3.886089622974395752e-01 1.884126663208007812e-01 2.818695083260536194e-02
3.606605529785156250e-01 1.906815022230148315e-01 2.977221831679344177e-02
3.383085429668426514e-01 1.944176405668258667e-01 3.347427025437355042e-02
3.189947307109832764e-01 2.023576349020004272e-01 4.031684622168540955e-02
3.001594245433807373e-01 2.112346589565277100e-01 4.755350574851036072e-02
2.822899222373962402e-01 2.201689779758453369e-01 5.486822500824928284e-02
2.655317187309265137e-01 2.290902584791183472e-01 6.221805885434150696e-02
2.448409497737884521e-01 2.404714077711105347e-01 6.732796877622604370e-02
2.280619740486145020e-01 2.505563497543334961e-01 7.140163332223892212e-02
2.152087241411209106e-01 2.626184225082397461e-01 7.629112899303436279e-02
2.036931812763214111e-01 2.768023014068603516e-01 8.247879147529602051e-02
1.934813559055328369e-01 2.915410399436950684e-01 8.939486742019653320e-02
1.818912178277969360e-01 3.074231147766113281e-01 9.827120602130889893e-02
1.708275079727172852e-01 3.242789506912231445e-01 1.084750592708587646e-01
1.619595736265182495e-01 3.412593007087707520e-01 1.190309226512908936e-01
1.547331660985946655e-01 3.594228923320770264e-01 1.301693618297576904e-01
1.510810703039169312e-01 3.857913315296173096e-01 1.458181291818618774e-01
1.542180925607681274e-01 4.160895943641662598e-01 1.654764115810394287e-01
1.663858294486999512e-01 4.464719593524932861e-01 1.889172047376632690e-01
1.810145676136016846e-01 4.773120284080505371e-01 2.128266692161560059e-01
1.973516196012496948e-01 5.059550404548645020e-01 2.368887215852737427e-01
2.199700027704238892e-01 5.400744676589965820e-01 2.668776810169219971e-01
2.449051290750503540e-01 5.676931142807006836e-01 2.940692305564880371e-01
2.712850868701934814e-01 5.939671397209167480e-01 3.173556029796600342e-01
2.966605722904205322e-01 6.194087862968444824e-01 3.369410037994384766e-01
3.227194249629974365e-01 6.431243419647216797e-01 3.545619547367095947e-01
3.520973026752471924e-01 6.623876690864562988e-01 3.677805662155151367e-01
3.850709795951843262e-01 6.764480471611022949e-01 3.757494688034057617e-01
4.181243479251861572e-01 6.884853243827819824e-01 3.819063603878021240e-01
4.501513540744781494e-01 6.957630515098571777e-01 3.883492946624755859e-01
4.788057506084442139e-01 7.009336948394775391e-01 3.937343060970306396e-01
5.056377649307250977e-01 7.019239068031311035e-01 3.968190252780914307e-01
5.300515294075012207e-01 7.019239664077758789e-01 3.991280198097229004e-01
5.527006387710571289e-01 7.000336050987243652e-01 3.993069529533386230e-01
5.737321972846984863e-01 6.956054568290710449e-01 3.966550230979919434e-01
5.928366780281066895e-01 6.888902187347412109e-01 3.913357257843017578e-01
6.066994071006774902e-01 6.860757470130920410e-01 3.846502602100372314e-01
6.177405714988708496e-01 6.821062564849853516e-01 3.759083747863769531e-01
6.264653801918029785e-01 6.768000721931457520e-01 3.651958703994750977e-01
6.325305104255676270e-01 6.709498763084411621e-01 3.537164330482482910e-01
6.357164978981018066e-01 6.652205586433410645e-01 3.424802720546722412e-01
6.364601254463195801e-01 6.590556502342224121e-01 3.306650519371032715e-01
6.348852515220642090e-01 6.526516079902648926e-01 3.185723721981048584e-01
6.311643719673156738e-01 6.462077498435974121e-01 3.065041005611419678e-01
6.250073909759521484e-01 6.382146477699279785e-01 2.947783172130584717e-01
6.162433624267578125e-01 6.282188296318054199e-01 2.840174138545989990e-01
6.045134067535400391e-01 6.179733872413635254e-01 2.748076617717742920e-01
5.914313197135925293e-01 6.088185906410217285e-01 2.668181359767913818e-01
5.778384208679199219e-01 5.999373197555541992e-01 2.608168423175811768e-01
5.641637444496154785e-01 5.924438834190368652e-01 2.560821175575256348e-01
5.508348345756530762e-01 5.865004658699035645e-01 2.526916265487670898e-01
5.382613539695739746e-01 5.822256803512573242e-01 2.506869733333587646e-01
5.268276929855346680e-01 5.796913504600524902e-01 2.500719726085662842e-01
5.168814063072204590e-01 5.789210796356201172e-01 2.508132159709930420e-01
5.087268948554992676e-01 5.798903703689575195e-01 2.528410553932189941e-01
5.026167631149291992e-01 5.825275778770446777e-01 2.560517191886901855e-01
4.987473487854003906e-01 5.867151021957397461e-01 2.603095173835754395e-01
4.972528517246246338e-01 5.922937989234924316e-01 2.654510140419006348e-01
4.972994029521942139e-01 5.989675521850585938e-01 2.717383801937103271e-01
4.976509511470794678e-01 6.084151864051818848e-01 2.798334956169128418e-01
5.004848241806030273e-01 6.180589199066162109e-01 2.880872189998626709e-01
5.057516694068908691e-01 6.275841593742370605e-01 2.962281405925750732e-01
5.133364200592041016e-01 6.366759538650512695e-01 3.039868474006652832e-01
5.224844813346862793e-01 6.454183459281921387e-01 3.112343847751617432e-01
5.323326587677001953e-01 6.539459824562072754e-01 3.178686499595642090e-01
5.437042713165283203e-01 6.612461209297180176e-01 3.234126865863800049e-01
5.563129186630249023e-01 6.670562624931335449e-01 3.276598751544952393e-01
5.697584748268127441e-01 6.711607575416564941e-01 3.305084407329559326e-01
5.854501128196716309e-01 6.730931997299194336e-01 3.319717943668365479e-01
6.038876771926879883e-01 6.725764274597167969e-01 3.319970667362213135e-01
6.219562888145446777e-01 6.697415113449096680e-01 3.304139375686645508e-01
6.382130980491638184e-01 6.665057539939880371e-01 3.284063935279846191e-01
6.521996855735778809e-01 6.641566157341003418e-01 3.249162137508392334e-01
6.644489169120788574e-01 6.601718664169311523e-01 3.196088969707489014e-01
6.746444106101989746e-01 6.545683741569519043e-01 3.125297129154205322e-01
6.825112700462341309e-01 6.473996043205261230e-01 3.037629723548889160e-01
6.881766915321350098e-01 6.375189423561096191e-01 2.923395037651062012e-01
6.909272074699401855e-01 6.269299387931823730e-01 2.800694704055786133e-01
6.905948519706726074e-01 6.159468889236450195e-01 2.672771811485290527e-01
6.871156692504882812e-01 6.042720079421997070e-01 2.545967400074005127e-01
6.808679699897766113e-01 5.907641053199768066e-01 2.410312443971633911e-01
6.718930602073669434e-01 5.759590268135070801e-01 2.265149652957916260e-01
6.601362824440002441e-01 5.605935454368591309e-01 2.117500603199005127e-01
6.453420519828796387e-01 5.440172553062438965e-01 1.971390247344970703e-01
6.270914077758789062e-01 5.251266360282897949e-01 1.831729859113693237e-01
6.064851880073547363e-01 5.065924525260925293e-01 1.700438857078552246e-01
5.844859480857849121e-01 4.884370565414428711e-01 1.578141003847122192e-01
5.651121735572814941e-01 4.710537791252136230e-01 1.473927050828933716e-01
5.450187325477600098e-01 4.541981816291809082e-01 1.375010758638381958e-01
5.244846940040588379e-01 4.380930960178375244e-01 1.282736212015151978e-01
5.028435587882995605e-01 4.237337708473205566e-01 1.204248592257499695e-01
4.767152965068817139e-01 4.104291498661041260e-01 1.136030107736587524e-01
4.498098790645599365e-01 3.962323069572448730e-01 1.069784462451934814e-01
4.248646199703216553e-01 3.831946253776550293e-01 1.019273474812507629e-01
4.019247889518737793e-01 3.729512691497802734e-01 9.974381327629089355e-02
3.805093169212341309e-01 3.669429421424865723e-01 1.007460728287696838e-01
3.544502854347229004e-01 3.722237050533294678e-01 1.044870540499687195e-01
3.303141593933105469e-01 3.795644342899322510e-01 1.096014827489852905e-01
3.084185421466827393e-01 3.888639807701110840e-01 1.160208284854888916e-01
2.890533208847045898e-01 3.999990820884704590e-01 1.236608102917671204e-01
2.724776566028594971e-01 4.128289520740509033e-01 1.324240863323211670e-01
2.589175105094909668e-01 4.271963834762573242e-01 1.422013044357299805e-01
2.482323497533798218e-01 4.430243968963623047e-01 1.530644297599792480e-01
2.412712574005126953e-01 4.618068337440490723e-01 1.669252514839172363e-01
2.389838099479675293e-01 4.833706021308898926e-01 1.834956407546997070e-01
2.414421439170837402e-01 5.053329467773437500e-01 2.007719427347183228e-01
2.468920201063156128e-01 5.293856263160705566e-01 2.201464325189590454e-01
2.549880743026733398e-01 5.504661798477172852e-01 2.385364174842834473e-01
2.672726213932037354e-01 5.698060393333435059e-01 2.561552524566650391e-01
2.816236615180969238e-01 5.896417498588562012e-01 2.726162075996398926e-01
2.965310513973236084e-01 6.106424927711486816e-01 2.873048782348632812e-01
3.148692548274993896e-01 6.308830380439758301e-01 3.012844622135162354e-01
3.349644243717193604e-01 6.500470042228698730e-01 3.152996003627777100e-01
3.547103703022003174e-01 6.703795790672302246e-01 3.291816413402557373e-01
3.767926990985870361e-01 6.897938847541809082e-01 3.421675860881805420e-01
4.012247025966644287e-01 7.080082893371582031e-01 3.541146814823150635e-01
4.260291755199432373e-01 7.245905995368957520e-01 3.659724593162536621e-01
4.519558250904083252e-01 7.396352887153625488e-01 3.770940899848937988e-01
4.799850285053253174e-01 7.528187632560729980e-01 3.867259025573730469e-01
5.099741816520690918e-01 7.639629840850830078e-01 3.947716951370239258e-01
5.412306189537048340e-01 7.736057043075561523e-01 4.014405012130737305e-01
5.725246071815490723e-01 7.805756926536560059e-01 4.063637256622314453e-01
6.026198267936706543e-01 7.894786000251770020e-01 4.127757251262664795e-01
6.365548968315124512e-01 7.974013090133666992e-01 4.190559983253479004e-01
6.703785061836242676e-01 8.042917847633361816e-01 4.242398738861083984e-01
7.031317949295043945e-01 8.119131922721862793e-01 4.299427866935729980e-01
7.324277758598327637e-01 8.182477951049804688e-01 4.359360337257385254e-01
7.560765147209167480e-01 8.113943338394165039e-01 4.365103244781494141e-01
7.750114202499389648e-01 8.055627942085266113e-01 4.369253516197204590e-01
7.921561598777770996e-01 8.003327250480651855e-01 4.368831217288970947e-01
8.088768124580383301e-01 7.945892214775085449e-01 4.358181357383728027e-01
8.250911831855773926e-01 7.884247303009033203e-01 4.338366091251373291e-01
8.388848900794982910e-01 7.795622944831848145e-01 4.299329817295074463e-01
8.494266867637634277e-01 7.618866562843322754e-01 4.194201827049255371e-01
8.564944863319396973e-01 7.462385892868041992e-01 4.101792573928833008e-01
8.611666560173034668e-01 7.332846522331237793e-01 4.027552008628845215e-01
8.651840686798095703e-01 7.214962840080261230e-01 3.957187533378601074e-01
8.685004711151123047e-01 7.108908891677856445e-01 3.891527354717254639e-01
8.696889877319335938e-01 7.006792426109313965e-01 3.825936317443847656e-01
8.677995800971984863e-01 6.940850615501403809e-01 3.802499473094940186e-01
8.650775551795959473e-01 6.886764168739318848e-01 3.782745301723480225e-01
8.611072897911071777e-01 6.834943890571594238e-01 3.760808110237121582e-01
8.560073971748352051e-01 6.780942082405090332e-01 3.740728795528411865e-01
8.507356643676757812e-01 6.730085015296936035e-01 3.720246851444244385e-01
8.475371003150939941e-01 6.658154129981994629e-01 3.662609457969665527e-01
8.438751101493835449e-01 6.592069864273071289e-01 3.604643642902374268e-01
8.395478129386901855e-01 6.532918810844421387e-01 3.554271459579467773e-01
8.343883156776428223e-01 6.477783322334289551e-01 3.520941138267517090e-01
8.281631469726562500e-01 6.409258246421813965e-01 3.478651046752929688e-01
8.213855624198913574e-01 6.345958113670349121e-01 3.442616164684295654e-01
8.140665888786315918e-01 6.287260651588439941e-01 3.412412703037261963e-01
8.062244057655334473e-01 6.232530474662780762e-01 3.387561440467834473e-01
7.978820204734802246e-01 6.181110143661499023e-01 3.367527723312377930e-01
7.890679240226745605e-01 6.132348179817199707e-01 3.351745009422302246e-01
7.804908156394958496e-01 6.080735325813293457e-01 3.339036405086517334e-01
7.720976471900939941e-01 6.026293039321899414e-01 3.328869640827178955e-01
7.633345723152160645e-01 5.972676277160644531e-01 3.321132659912109375e-01
7.541626691818237305e-01 5.920287966728210449e-01 3.316462039947509766e-01
7.443090081214904785e-01 5.872560143470764160e-01 3.319696784019470215e-01
7.339951992034912109e-01 5.826146602630615234e-01 3.325095176696777344e-01
7.228441834449768066e-01 5.766935944557189941e-01 3.323333859443664551e-01
7.115563750267028809e-01 5.696479678153991699e-01 3.314705491065979004e-01
7.002125382423400879e-01 5.624511837959289551e-01 3.305402994155883789e-01
6.888386607170104980e-01 5.551022887229919434e-01 3.295184075832366943e-01
6.774576902389526367e-01 5.476040244102478027e-01 3.283825814723968506e-01
6.660918593406677246e-01 5.399616360664367676e-01 3.271140158176422119e-01
6.547593474388122559e-01 5.321853160858154297e-01 3.256976604461669922e-01
6.434757709503173828e-01 5.242874026298522949e-01 3.241213262081146240e-01
6.322551369667053223e-01 5.162842869758605957e-01 3.223770558834075928e-01
6.211065649986267090e-01 5.081954598426818848e-01 3.204604387283325195e-01
6.100381016731262207e-01 5.000438094139099121e-01 3.183712065219879150e-01
5.990546345710754395e-01 4.918548166751861572e-01 3.161129355430603027e-01
5.877251029014587402e-01 4.839391410350799561e-01 3.139129877090454102e-01
5.759362578392028809e-01 4.760733842849731445e-01 3.118118047714233398e-01
5.628693699836730957e-01 4.678971767425537109e-01 3.100928068161010742e-01
5.442452430725097656e-01 4.617650508880615234e-01 3.060072958469390869e-01
5.256655812263488770e-01 4.558703303337097168e-01 3.017615973949432373e-01
5.074042081832885742e-01 4.501239657402038574e-01 2.974833548069000244e-01
4.897634088993072510e-01 4.447879791259765625e-01 2.934420406818389893e-01
4.730319678783416748e-01 4.401144981384277344e-01 2.898992896080017090e-01
4.566857516765594482e-01 4.356573522090911865e-01 2.863854765892028809e-01
4.407496154308319092e-01 4.314439892768859863e-01 2.829287648200988770e-01
4.258352220058441162e-01 4.279977977275848389e-01 2.797116637229919434e-01
4.114355742931365967e-01 4.248937964439392090e-01 2.766220271587371826e-01
3.974795043468475342e-01 4.220743179321289062e-01 2.736617326736450195e-01
3.839894831180572510e-01 4.195593595504760742e-01 2.708550989627838135e-01
3.709858655929565430e-01 4.173635244369506836e-01 2.682236135005950928e-01
3.584855496883392334e-01 4.154955148696899414e-01 2.657850682735443115e-01
3.465013206005096436e-01 4.139579534530639648e-01 2.635526061058044434e-01
3.350411951541900635e-01 4.127455949783325195e-01 2.615344524383544922e-01
3.241097033023834229e-01 4.118467271327972412e-01 2.597338557243347168e-01
3.151527047157287598e-01 4.094197750091552734e-01 2.558813691139221191e-01
3.071314096450805664e-01 4.067351818084716797e-01 2.515828609466552734e-01
2.954468727111816406e-01 4.021272957324981689e-01 2.455032467842102051e-01
2.821774184703826904e-01 3.966650366783142090e-01 2.386448532342910767e-01
2.691732943058013916e-01 3.916274309158325195e-01 2.320187687873840332e-01
2.567128837108612061e-01 3.868290185928344727e-01 2.256467342376708984e-01
2.449374347925186157e-01 3.821308016777038574e-01 2.196163684129714966e-01
2.336748540401458740e-01 3.775157630443572998e-01 2.138254642486572266e-01
2.227669954299926758e-01 3.733114898204803467e-01 2.086758017539978027e-01
2.119392454624176025e-01 3.689711093902587891e-01 2.041078060865402222e-01
2.009932696819305420e-01 3.638342618942260742e-01 1.994127333164215088e-01
1.902396678924560547e-01 3.585875928401947021e-01 1.947869509458541870e-01
1.796619445085525513e-01 3.532072305679321289e-01 1.902149021625518799e-01
1.692012697458267212e-01 3.476488888263702393e-01 1.856705993413925171e-01
1.588645130395889282e-01 3.422344624996185303e-01 1.808819323778152466e-01
1.487387269735336304e-01 3.377386927604675293e-01 1.752710938453674316e-01
1.385882496833801270e-01 3.329874575138092041e-01 1.696135699748992920e-01
1.283791512250900269e-01 3.279695510864257812e-01 1.638910770416259766e-01
1.207476854324340820e-01 3.228542804718017578e-01 1.597708761692047119e-01
1.143680959939956665e-01 3.175577223300933838e-01 1.564190387725830078e-01
1.079675555229187012e-01 3.120042681694030762e-01 1.530355513095855713e-01
1.015389040112495422e-01 3.062072098255157471e-01 1.496188640594482422e-01
9.516572952270507812e-02 3.014697432518005371e-01 1.465987116098403931e-01
8.889587223529815674e-02 2.985514104366302490e-01 1.442229598760604858e-01
8.260008692741394043e-02 2.955557703971862793e-01 1.418534517288208008e-01
7.634526491165161133e-02 2.924734354019165039e-01 1.395293474197387695e-01
7.013760507106781006e-02 2.893225550651550293e-01 1.372537016868591309e-01
6.388885527849197388e-02 2.861619591712951660e-01 1.349726915359497070e-01
5.761074647307395935e-02 2.830102741718292236e-01 1.326922327280044556e-01
5.336399003863334656e-02 2.781598567962646484e-01 1.307644397020339966e-01
5.021481961011886597e-02 2.725845277309417725e-01 1.290897876024246216e-01
4.705898836255073547e-02 2.670218050479888916e-01 1.273959875106811523e-01
4.385291039943695068e-02 2.615659832954406738e-01 1.256864964962005615e-01
4.060481488704681396e-02 2.562386691570281982e-01 1.239666417241096497e-01
3.732353448867797852e-02 2.510606646537780762e-01 1.222422719001770020e-01
3.401765599846839905e-02 2.460499107837677002e-01 1.205192580819129944e-01
3.150648251175880432e-02 2.417758554220199585e-01 1.195464804768562317e-01
2.948246151208877563e-02 2.396299988031387329e-01 1.206776797771453857e-01
2.680370211601257324e-02 2.380744069814682007e-01 1.221499890089035034e-01
2.376592159271240234e-02 2.361081093549728394e-01 1.228702068328857422e-01
2.060650661587715149e-02 2.340685278177261353e-01 1.231496930122375488e-01
1.744692027568817139e-02 2.322158664464950562e-01 1.234740167856216431e-01
1.475919783115386963e-02 2.304456681013107300e-01 1.238818466663360596e-01
1.271329820156097412e-02 2.287310808897018433e-01 1.243844479322433472e-01
1.067407056689262390e-02 2.271410077810287476e-01 1.248520314693450928e-01
8.653130382299423218e-03 2.256628721952438354e-01 1.252861618995666504e-01
6.661437451839447021e-03 2.242818772792816162e-01 1.256878525018692017e-01
4.709038883447647095e-03 2.229824960231781006e-01 1.260576546192169189e-01
2.805292606353759766e-03 2.217486053705215454e-01 1.263954341411590576e-01
9.581968188285827637e-04 2.205631583929061890e-01 1.267003715038299561e-01
-8.252747356891632080e-04 2.194095551967620850e-01 1.269709467887878418e-01
-2.519197762012481689e-03 2.182009220123291016e-01 1.271797120571136475e-01
-4.161808639764785767e-03 2.170696556568145752e-01 1.273768842220306396e-01
-5.743954330682754517e-03 2.159802913665771484e-01 1.275514215230941772e-01
-7.229562848806381226e-03 2.148000299930572510e-01 1.276566982269287109e-01
-8.609283715486526489e-03 2.135964184999465942e-01 1.277971714735031128e-01
-9.877584874629974365e-03 2.123958915472030640e-01 1.279789060354232788e-01
-1.106710359454154968e-02 2.111363410949707031e-01 1.281147897243499756e-01
-1.218164339661598206e-02 2.098134011030197144e-01 1.281993985176086426e-01
-1.322607696056365967e-02 2.084253281354904175e-01 1.282278448343276978e-01
-1.418395340442657471e-02 2.070374041795730591e-01 1.282070428133010864e-01
-1.447569206357002258e-02 2.073514759540557861e-01 1.284331977367401123e-01
-1.473034173250198364e-02 2.075704634189605713e-01 1.285852342844009399e-01
-1.495555788278579712e-02 2.077017426490783691e-01 1.286614239215850830e-01
-1.515932381153106689e-02 2.077543735504150391e-01 1.286608874797821045e-01
-1.534819602966308594e-02 2.077222466468811035e-01 1.285694390535354614e-01
-1.552795991301536560e-02 2.075934857130050659e-01 1.283676773309707642e-01
-1.571174710988998413e-02 2.074322104454040527e-01 1.281037926673889160e-01
-1.601786911487579346e-02 2.073940932750701904e-01 1.279792189598083496e-01
-1.635168120265007019e-02 2.073637247085571289e-01 1.278181821107864380e-01
-1.667840033769607544e-02 2.073029130697250366e-01 1.275534629821777344e-01
-1.701657474040985107e-02 2.073277980089187622e-01 1.271980255842208862e-01
-1.736585423350334167e-02 2.074071168899536133e-01 1.267566978931427002e-01
-1.772689819335937500e-02 2.075231522321701050e-01 1.262359768152236938e-01
-1.810327544808387756e-02 2.076881229877471924e-01 1.256441473960876465e-01
-1.851958408951759338e-02 2.079015970230102539e-01 1.250024586915969849e-01
-1.897347345948219299e-02 2.081183493137359619e-01 1.245156228542327881e-01
-1.945586130023002625e-02 2.084034681320190430e-01 1.240000724792480469e-01
-1.996796950697898865e-02 2.087700664997100830e-01 1.234352216124534607e-01
-2.062238380312919617e-02 2.093671709299087524e-01 1.230300366878509521e-01
-2.133265510201454163e-02 2.100892215967178345e-01 1.226404309272766113e-01
-2.207334712147712708e-02 2.109077572822570801e-01 1.222313269972801208e-01
-2.284104004502296448e-02 2.118211388587951660e-01 1.218071207404136658e-01
-2.363194897770881653e-02 2.128268480300903320e-01 1.213717609643936157e-01
-2.442756667733192444e-02 2.139339298009872437e-01 1.209170445799827576e-01
-2.523409947752952576e-02 2.151274383068084717e-01 1.204541623592376709e-01
-2.605191245675086975e-02 2.163966000080108643e-01 1.199890226125717163e-01
-2.687695249915122986e-02 2.177337408065795898e-01 1.195235773921012878e-01
-2.770539000630378723e-02 2.191303670406341553e-01 1.190591156482696533e-01
-2.853354439139366150e-02 2.205775380134582520e-01 1.185964792966842651e-01
-2.935809269547462463e-02 2.220659255981445312e-01 1.181359589099884033e-01
-3.017588332295417786e-02 2.235862314701080322e-01 1.176775842905044556e-01
-3.098439797759056091e-02 2.251292765140533447e-01 1.172208786010742188e-01
-3.178132697939872742e-02 2.266862094402313232e-01 1.167654022574424744e-01
-3.283283486962318420e-02 2.286999672651290894e-01 1.167637854814529419e-01
-3.392576053738594055e-02 2.308060377836227417e-01 1.168563216924667358e-01
-3.497671708464622498e-02 2.328583896160125732e-01 1.169021353125572205e-01
-3.598527982831001282e-02 2.348510026931762695e-01 1.169001162052154541e-01
-3.695189580321311951e-02 2.367795854806900024e-01 1.168501451611518860e-01
-3.787757828831672668e-02 2.386411577463150024e-01 1.167527586221694946e-01
-3.876391425728797913e-02 2.404343187808990479e-01 1.166091710329055786e-01
-3.961302712559700012e-02 2.421586215496063232e-01 1.164214462041854858e-01
-4.014408960938453674e-02 2.431644499301910400e-01 1.159314736723899841e-01
-4.060288146138191223e-02 2.440115660429000854e-01 1.153664737939834595e-01
-4.106247052550315857e-02 2.448636293411254883e-01 1.147949397563934326e-01
-4.148687049746513367e-02 2.456932961940765381e-01 1.142350733280181885e-01
-4.182909801602363586e-02 2.464641928672790527e-01 1.137082204222679138e-01
-4.218092933297157288e-02 2.472494095563888550e-01 1.131881251931190491e-01
-4.254220798611640930e-02 2.480489015579223633e-01 1.126791611313819885e-01
-4.291238263249397278e-02 2.488617002964019775e-01 1.121851205825805664e-01
-4.329026117920875549e-02 2.496859729290008545e-01 1.117088273167610168e-01
-4.366539791226387024e-02 2.505221068859100342e-01 1.112511530518531799e-01
-4.397794976830482483e-02 2.514397501945495605e-01 1.109447851777076721e-01
-4.424566403031349182e-02 2.524211704730987549e-01 1.107760220766067505e-01
-4.452110454440116882e-02 2.533873021602630615e-01 1.106063574552536011e-01
-4.480186477303504944e-02 2.543320953845977783e-01 1.104320511221885681e-01
-4.508524015545845032e-02 2.552490234375000000e-01 1.102484166622161865e-01
-4.536851122975349426e-02 2.561314105987548828e-01 1.100496649742126465e-01
-4.564872756600379944e-02 2.569727003574371338e-01 1.098294854164123535e-01
-4.592314735054969788e-02 2.577663958072662354e-01 1.095808148384094238e-01
-4.618902876973152161e-02 2.585067749023437500e-01 1.092961803078651428e-01
-4.641076549887657166e-02 2.592417895793914795e-01 1.090313941240310669e-01
-4.659968987107276917e-02 2.599447667598724365e-01 1.087527424097061157e-01
-4.677325859665870667e-02 2.605802416801452637e-01 1.084158122539520264e-01
-4.711071029305458069e-02 2.613581717014312744e-01 1.080159693956375122e-01
-4.756354913115501404e-02 2.622423171997070312e-01 1.076058819890022278e-01
-4.798178747296333313e-02 2.630399167537689209e-01 1.071293652057647705e-01
-4.836166277527809143e-02 2.637479305267333984e-01 1.065830439329147339e-01
-4.855591431260108948e-02 2.639897763729095459e-01 1.057913228869438171e-01
-4.864687100052833557e-02 2.639851868152618408e-01 1.048561111092567444e-01
-4.870178177952766418e-02 2.639140188694000244e-01 1.038617566227912903e-01
-4.872151091694831848e-02 2.637827098369598389e-01 1.028136834502220154e-01
-4.870753362774848938e-02 2.635986804962158203e-01 1.017189323902130127e-01
-4.866167530417442322e-02 2.633696496486663818e-01 1.005862206220626831e-01
-4.858658835291862488e-02 2.631042599678039551e-01 9.942575544118881226e-02
-4.848517104983329773e-02 2.628116011619567871e-01 9.824936091899871826e-02
-4.836087301373481750e-02 2.625010311603546143e-01 9.707020223140716553e-02
-4.821740463376045227e-02 2.621822059154510498e-01 9.590237587690353394e-02
-4.805869981646537781e-02 2.618649303913116455e-01 9.476087987422943115e-02
-4.788890853524208069e-02 2.615586817264556885e-01 9.366127103567123413e-02
-4.775202646851539612e-02 2.612768411636352539e-01 9.271323680877685547e-02
-4.767644777894020081e-02 2.610307335853576660e-01 9.198918938636779785e-02
-4.761636629700660706e-02 2.608326077461242676e-01 9.134463965892791748e-02
-4.760713502764701843e-02 2.607160806655883789e-01 9.075810015201568604e-02
-4.760273918509483337e-02 2.606495022773742676e-01 9.028681367635726929e-02
-4.760377481579780579e-02 2.606375217437744141e-01 8.994004875421524048e-02
-4.761068895459175110e-02 2.606834173202514648e-01 8.972522616386413574e-02
-4.762361571192741394e-02 2.607891559600830078e-01 8.964727818965911865e-02
-4.764244332909584045e-02 2.609555721282958984e-01 8.970914781093597412e-02
-4.766703024506568909e-02 2.611820697784423828e-01 8.991105109453201294e-02
-4.799881950020790100e-02 2.618758380413055420e-01 9.041225165128707886e-02
-4.843444749712944031e-02 2.627587616443634033e-01 9.109955281019210815e-02
-4.889816418290138245e-02 2.637246549129486084e-01 9.192565083503723145e-02
-4.922975227236747742e-02 2.647044658660888672e-01 9.306182712316513062e-02
-4.951987043023109436e-02 2.657290399074554443e-01 9.438448399305343628e-02
-4.977342858910560608e-02 2.668054401874542236e-01 9.586875140666961670e-02
-5.002825334668159485e-02 2.679153084754943848e-01 9.744544327259063721e-02
-5.028172209858894348e-02 2.690450251102447510e-01 9.909304231405258179e-02
-5.053163692355155945e-02 2.701812982559204102e-01 1.007892861962318420e-01
-5.077547952532768250e-02 2.713100016117095947e-01 1.025112196803092957e-01
-5.101328715682029724e-02 2.724198698997497559e-01 1.042343974113464355e-01
-5.130958184599876404e-02 2.735531926155090332e-01 1.058784797787666321e-01
-5.159587040543556213e-02 2.746425867080688477e-01 1.074806898832321167e-01
-5.194275453686714172e-02 2.759748697280883789e-01 1.093129068613052368e-01
-5.227668955922126770e-02 2.772496938705444336e-01 1.110767051577568054e-01
-5.258846655488014221e-02 2.784288823604583740e-01 1.127294972538948059e-01
-5.287615582346916199e-02 2.795037925243377686e-01 1.142575070261955261e-01
-5.313796922564506531e-02 2.804673612117767334e-01 1.156495213508605957e-01
-5.337272956967353821e-02 2.813141942024230957e-01 1.168966293334960938e-01
-5.357920005917549133e-02 2.820405960083007812e-01 1.179921329021453857e-01
-5.375664308667182922e-02 2.826442420482635498e-01 1.189314424991607666e-01
-5.390435829758644104e-02 2.831245064735412598e-01 1.197121888399124146e-01
-5.402169749140739441e-02 2.834819853305816650e-01 1.203337162733078003e-01
-5.410820618271827698e-02 2.837185263633728027e-01 1.207971274852752686e-01
-5.416345223784446716e-02 2.838373184204101562e-01 1.211051940917968750e-01
-5.418695136904716492e-02 2.838422656059265137e-01 1.212619543075561523e-01
-5.417825654149055481e-02 2.837384343147277832e-01 1.212727576494216919e-01
-5.413692817091941833e-02 2.835317850112915039e-01 1.211438328027725220e-01
-5.406259372830390930e-02 2.832290530204772949e-01 1.208826452493667603e-01
-5.395482853055000305e-02 2.828375995159149170e-01 1.204971522092819214e-01
-5.381345376372337341e-02 2.823656201362609863e-01 1.199962496757507324e-01
-5.363826826214790344e-02 2.818219363689422607e-01 1.193892806768417358e-01
-5.342945829033851624e-02 2.812158167362213135e-01 1.186861395835876465e-01
-5.318740382790565491e-02 2.805573940277099609e-01 1.178972423076629639e-01
-5.291293188929557800e-02 2.798569798469543457e-01 1.170332208275794983e-01
-5.260707065463066101e-02 2.791253626346588135e-01 1.161050349473953247e-01
-5.227152630686759949e-02 2.783736884593963623e-01 1.151238828897476196e-01
-5.187081918120384216e-02 2.775152027606964111e-01 1.140555441379547119e-01
-5.128580704331398010e-02 2.762449979782104492e-01 1.127649322152137756e-01
-5.067517980933189392e-02 2.749779522418975830e-01 1.114501580595970154e-01
-5.002196505665779114e-02 2.737318873405456543e-01 1.102103367447853088e-01
-4.933631792664527893e-02 2.725187838077545166e-01 1.090376526117324829e-01
-4.864040389657020569e-02 2.713469862937927246e-01 1.078752577304840088e-01
-4.793993011116981506e-02 2.702262103557586670e-01 1.067318618297576904e-01
-4.719736799597740173e-02 2.693539857864379883e-01 1.056360080838203430e-01
-4.642805829644203186e-02 2.689371705055236816e-01 1.045850440859794617e-01
-4.567047581076622009e-02 2.686050832271575928e-01 1.035737693309783936e-01
-4.492910578846931458e-02 2.683593034744262695e-01 1.026076674461364746e-01
-4.420812055468559265e-02 2.681995928287506104e-01 1.016915142536163330e-01
-4.351109638810157776e-02 2.681237459182739258e-01 1.008293703198432922e-01
-4.284131899476051331e-02 2.681281566619873047e-01 1.000244989991188049e-01
-4.215930029749870300e-02 2.681998312473297119e-01 9.942060708999633789e-02
-4.119164869189262390e-02 2.680783569812774658e-01 9.915050864219665527e-02
-4.009095951914787292e-02 2.677151560783386230e-01 9.894272685050964355e-02
-3.905908390879631042e-02 2.674463391304016113e-01 9.876535832881927490e-02
-3.809983655810356140e-02 2.672680020332336426e-01 9.861639887094497681e-02
-3.721618279814720154e-02 2.671758830547332764e-01 9.849342703819274902e-02
-3.641008958220481873e-02 2.671658396720886230e-01 9.839449077844619751e-02
-3.568297252058982849e-02 2.672333121299743652e-01 9.831707924604415894e-02
-3.503526374697685242e-02 2.673741877079010010e-01 9.825918823480606079e-02
-3.446694090962409973e-02 2.675847709178924561e-01 9.821854531764984131e-02
-3.397716209292411804e-02 2.678613960742950439e-01 9.819335490465164185e-02
-3.349645063281059265e-02 2.682076394557952881e-01 9.816383570432662964e-02
-3.300875797867774963e-02 2.686224579811096191e-01 9.812466055154800415e-02
-3.260004892945289612e-02 2.690958678722381592e-01 9.809745103120803833e-02
-3.227037563920021057e-02 2.696266174316406250e-01 9.808167815208435059e-02
-3.201965615153312683e-02 2.702137231826782227e-01 9.807714074850082397e-02
-3.184716776013374329e-02 2.708571553230285645e-01 9.808394312858581543e-02
-3.175207599997520447e-02 2.715569734573364258e-01 9.810246527194976807e-02
-3.173271194100379944e-02 2.723141312599182129e-01 9.813348203897476196e-02
-3.178714588284492493e-02 2.731297612190246582e-01 9.817817807197570801e-02
-3.191260620951652527e-02 2.740051150321960449e-01 9.823769330978393555e-02
-3.210549429059028625e-02 2.749418020248413086e-01 9.831380844116210938e-02
-3.235140815377235413e-02 2.760733366012573242e-01 9.845442324876785278e-02
